2000 0.8076923076923077 0.453125
4000 1.5576923076923077 0.515625
6000 3.0 0.453125
8000 2.6346153846153846 0.4375
10000 3.5961538461538463 0.46875
12000 3.673076923076923 0.46875
14000 4.288461538461538 0.5
16000 4.961538461538462 0.484375
18000 5.3076923076923075 0.46875
20000 5.9423076923076925 0.5
22000 6.1923076923076925 0.515625
24000 6.538461538461538 0.421875
26000 6.596153846153846 0.515625
28000 6.596153846153846 0.5
30000 6.596153846153846 0.453125
32000 6.615384615384615 0.46875
34000 6.961538461538462 0.484375
36000 7.019230769230769 0.515625
38000 6.9423076923076925 0.484375
40000 6.9423076923076925 0.5
42000 6.9423076923076925 0.5
44000 6.9423076923076925 0.515625
46000 7.0576923076923075 0.515625
48000 7.0576923076923075 0.546875
50000 7.0576923076923075 0.53125
52000 7.0576923076923075 0.484375
54000 7.076923076923077 0.515625
56000 7.076923076923077 0.5625
58000 7.076923076923077 0.515625
60000 7.076923076923077 0.328125
62000 7.076923076923077 0.40625
64000 7.076923076923077 0.546875
66000 7.076923076923077 0.53125
68000 7.076923076923077 0.515625
70000 7.076923076923077 0.546875
72000 7.096153846153846 0.5625
74000 7.230769230769231 0.53125
76000 7.230769230769231 0.515625
78000 7.3076923076923075 0.59375
80000 7.326923076923077 0.53125
82000 7.326923076923077 0.53125
84000 7.3076923076923075 0.578125
86000 7.3076923076923075 0.578125
88000 7.3076923076923075 0.59375
90000 7.3076923076923075 0.578125
92000 7.3076923076923075 0.515625
94000 7.3076923076923075 0.59375
96000 7.173076923076923 0.5
98000 7.153846153846154 0.53125
100000 7.134615384615385 0.53125
102000 7.173076923076923 0.5625
104000 7.173076923076923 0.625
106000 7.173076923076923 0.546875
108000 7.211538461538462 0.609375
110000 7.211538461538462 0.609375
112000 7.211538461538462 0.5625
114000 7.211538461538462 0.53125
116000 7.326923076923077 0.578125
118000 7.326923076923077 0.609375
120000 7.326923076923077 0.578125
122000 7.326923076923077 0.5625
124000 7.480769230769231 0.609375
126000 7.480769230769231 0.578125
128000 7.480769230769231 0.59375
130000 7.461538461538462 0.59375
132000 7.480769230769231 0.578125
134000 7.461538461538462 0.5625
136000 7.346153846153846 0.546875
138000 7.403846153846154 0.578125
140000 7.403846153846154 0.546875
142000 7.3076923076923075 0.5625
144000 7.423076923076923 0.578125
146000 7.384615384615385 0.546875
148000 7.346153846153846 0.5625
150000 7.384615384615385 0.5625
152000 7.461538461538462 0.578125
154000 7.384615384615385 0.515625
156000 7.403846153846154 0.53125
158000 7.403846153846154 0.53125
160000 7.423076923076923 0.546875
162000 7.384615384615385 0.546875
164000 7.403846153846154 0.609375
166000 7.461538461538462 0.53125
168000 7.403846153846154 0.578125
170000 7.4423076923076925 0.609375
172000 7.4423076923076925 0.609375
174000 7.519230769230769 0.59375
176000 7.403846153846154 0.484375
178000 7.5576923076923075 0.53125
180000 7.5576923076923075 0.515625
182000 7.4423076923076925 0.59375
184000 7.538461538461538 0.59375
186000 7.519230769230769 0.5625
188000 7.538461538461538 0.5625
190000 7.576923076923077 0.5625
192000 7.576923076923077 0.5625
194000 7.634615384615385 0.515625
196000 7.615384615384615 0.59375
198000 7.615384615384615 0.578125
200000 7.615384615384615 0.5625
202000 7.653846153846154 0.53125
204000 7.634615384615385 0.59375
206000 7.653846153846154 0.515625
208000 7.634615384615385 0.59375
210000 7.673076923076923 0.59375
212000 7.673076923076923 0.53125
214000 7.634615384615385 0.609375
216000 7.596153846153846 0.609375
218000 7.673076923076923 0.546875
220000 7.730769230769231 0.59375
222000 7.6923076923076925 0.609375
224000 7.6923076923076925 0.5625
226000 7.6923076923076925 0.59375
228000 7.596153846153846 0.53125
230000 7.480769230769231 0.578125
232000 7.653846153846154 0.578125
234000 7.596153846153846 0.625
236000 7.673076923076923 0.5625
238000 7.480769230769231 0.609375
240000 7.653846153846154 0.625
242000 7.673076923076923 0.578125
244000 7.6923076923076925 0.53125
246000 7.653846153846154 0.609375
248000 7.615384615384615 0.578125
250000 7.615384615384615 0.53125
252000 7.673076923076923 0.578125
254000 7.673076923076923 0.578125
256000 7.673076923076923 0.546875
258000 7.6923076923076925 0.546875
260000 7.673076923076923 0.53125
262000 7.673076923076923 0.609375
264000 7.634615384615385 0.5625
266000 7.634615384615385 0.59375
268000 7.5576923076923075 0.609375
270000 7.5576923076923075 0.578125
272000 7.615384615384615 0.515625
274000 7.653846153846154 0.546875
276000 7.653846153846154 0.5625
278000 7.596153846153846 0.578125
280000 7.615384615384615 0.609375
282000 7.634615384615385 0.5625
284000 7.634615384615385 0.578125
286000 7.673076923076923 0.578125
288000 7.653846153846154 0.578125
290000 7.634615384615385 0.625
292000 7.653846153846154 0.5625
294000 7.634615384615385 0.609375
296000 7.576923076923077 0.578125
298000 7.5576923076923075 0.578125
300000 7.461538461538462 0.609375
302000 7.596153846153846 0.59375
304000 7.653846153846154 0.59375
306000 7.5576923076923075 0.640625
308000 7.596153846153846 0.5625
310000 7.576923076923077 0.609375
312000 7.615384615384615 0.5625
314000 7.634615384615385 0.578125
316000 7.653846153846154 0.59375
318000 7.634615384615385 0.59375
320000 7.615384615384615 0.546875
322000 7.576923076923077 0.546875
324000 7.5576923076923075 0.53125
326000 7.576923076923077 0.53125
328000 7.576923076923077 0.5625
330000 7.615384615384615 0.625
332000 7.576923076923077 0.609375
334000 7.5576923076923075 0.515625
336000 7.538461538461538 0.53125
338000 7.5576923076923075 0.59375
340000 7.615384615384615 0.515625
342000 7.615384615384615 0.59375
344000 7.653846153846154 0.578125
346000 7.673076923076923 0.59375
348000 7.596153846153846 0.59375
350000 7.673076923076923 0.578125
352000 7.653846153846154 0.5625
354000 7.6923076923076925 0.5625
356000 7.673076923076923 0.546875
358000 7.634615384615385 0.5625
360000 7.673076923076923 0.515625
362000 7.6923076923076925 0.578125
364000 7.653846153846154 0.546875
366000 7.615384615384615 0.59375
368000 7.634615384615385 0.578125
370000 7.634615384615385 0.546875
372000 7.615384615384615 0.484375
374000 7.596153846153846 0.609375
376000 7.615384615384615 0.59375
378000 7.576923076923077 0.578125
380000 7.576923076923077 0.515625
382000 7.634615384615385 0.53125
384000 7.653846153846154 0.609375
386000 7.653846153846154 0.5625
388000 7.596153846153846 0.578125
390000 7.653846153846154 0.59375
392000 7.653846153846154 0.5625
394000 7.6923076923076925 0.5625
396000 7.711538461538462 0.578125
398000 7.673076923076923 0.578125
400000 7.673076923076923 0.546875
402000 7.596153846153846 0.53125
404000 7.673076923076923 0.578125
406000 7.634615384615385 0.5625
408000 7.5 0.546875
410000 7.519230769230769 0.5
412000 7.519230769230769 0.53125
414000 7.615384615384615 0.5625
416000 7.5 0.546875
418000 7.615384615384615 0.5625
420000 7.653846153846154 0.53125
422000 7.634615384615385 0.5625
424000 7.634615384615385 0.5625
426000 7.634615384615385 0.5625
428000 7.634615384615385 0.5625
430000 7.634615384615385 0.59375
432000 7.673076923076923 0.53125
434000 7.596153846153846 0.546875
436000 7.519230769230769 0.515625
438000 7.653846153846154 0.53125
440000 7.634615384615385 0.515625
442000 7.5576923076923075 0.546875
444000 7.653846153846154 0.5625
446000 7.596153846153846 0.53125
448000 7.615384615384615 0.5
450000 7.596153846153846 0.609375
452000 7.538461538461538 0.578125
454000 7.615384615384615 0.515625
456000 7.538461538461538 0.53125
458000 7.596153846153846 0.625
460000 7.519230769230769 0.609375
462000 7.5 0.625
464000 7.519230769230769 0.640625
466000 7.538461538461538 0.59375
468000 7.519230769230769 0.640625
470000 7.634615384615385 0.59375
472000 7.634615384615385 0.640625
474000 7.653846153846154 0.578125
476000 7.673076923076923 0.5625
478000 7.576923076923077 0.59375
480000 7.615384615384615 0.5625
482000 7.576923076923077 0.703125
484000 7.5576923076923075 0.578125
486000 7.519230769230769 0.578125
488000 7.5576923076923075 0.640625
490000 7.5 0.515625
492000 7.5576923076923075 0.578125
494000 7.519230769230769 0.578125
496000 7.5576923076923075 0.609375
498000 7.538461538461538 0.578125
500000 7.5576923076923075 0.390625
