2000 0.7307692307692307 -0.75 129.5 0.02403846153846154 135.46153846153845 45.30769230769231 0.0 45.30769230769231 0.6563581000082195
4000 4.846153846153846 4.826923076923077 124.98076923076923 0.27403846153846156 135.46153846153845 45.30769230769231 0.0 45.30769230769231 0.8872851000633091
6000 5.519230769230769 5.423076923076923 125.0576923076923 0.2644230769230769 135.46153846153845 45.30769230769231 0.0 45.30769230769231 0.9222739001270384
8000 5.673076923076923 5.673076923076923 124.25 0.29647435897435903 135.46153846153845 45.30769230769231 0.0 45.30769230769231 1.2044002001639456
10000 5.846153846153846 5.846153846153846 124.13461538461539 0.3076923076923077 135.46153846153845 45.30769230769231 0.0 45.30769230769231 1.0549754998646677
12000 5.846153846153846 5.846153846153846 124.13461538461539 0.3076923076923077 135.46153846153845 45.30769230769231 0.0 45.30769230769231 1.0613498999737203
14000 7.153846153846154 7.153846153846154 123.5 0.3525641025641026 135.46153846153845 45.30769230769231 0.0 45.30769230769231 1.0712916001211852
16000 17.346153846153847 17.346153846153847 122.09615384615384 0.4118589743589744 135.46153846153845 45.30769230769231 0.0 45.30769230769231 1.2663414000999182
18000 17.346153846153847 17.346153846153847 122.09615384615384 0.4118589743589744 135.46153846153845 45.30769230769231 0.0 45.30769230769231 1.158662499859929
20000 17.346153846153847 17.346153846153847 122.09615384615384 0.4118589743589744 135.46153846153845 45.30769230769231 0.0 45.30769230769231 1.0999783999286592
22000 17.346153846153847 17.346153846153847 122.09615384615384 0.4118589743589744 135.46153846153845 45.30769230769231 0.0 45.30769230769231 1.2334702000953257
24000 35.11538461538461 35.11538461538461 120.8076923076923 0.46153846153846156 135.46153846153845 45.30769230769231 0.0 45.30769230769231 1.1328378999605775
26000 35.11538461538461 35.11538461538461 120.8076923076923 0.46153846153846156 135.46153846153845 45.30769230769231 0.0 45.30769230769231 1.2520812000147998
28000 35.11538461538461 35.11538461538461 120.8076923076923 0.46153846153846156 135.46153846153845 45.30769230769231 0.0 45.30769230769231 1.0998080000281334
30000 35.11538461538461 35.11538461538461 120.8076923076923 0.46153846153846156 135.46153846153845 45.30769230769231 0.0 45.30769230769231 1.1013041001278907
32000 35.11538461538461 35.11538461538461 120.8076923076923 0.46153846153846156 135.46153846153845 45.30769230769231 0.0 45.30769230769231 1.2163186999969184
34000 35.11538461538461 34.55769230769231 120.8076923076923 0.46153846153846156 135.46153846153845 45.30769230769231 0.0 45.30769230769231 1.3806956999469548
36000 67.51923076923077 67.51923076923077 118.76923076923077 0.5240384615384616 135.46153846153845 45.30769230769231 0.019230769230769232 45.28846153846154 1.1741918998304754
38000 35.05769230769231 35.05769230769231 120.25 0.4166666666666667 135.46153846153845 45.30769230769231 0.019230769230769232 45.28846153846154 1.2001924999058247
40000 35.19230769230769 14.115384615384615 121.15384615384616 0.4358974358974358 135.46153846153845 45.30769230769231 0.019230769230769232 45.28846153846154 1.1129521999973804
42000 35.19230769230769 14.115384615384615 121.15384615384616 0.4358974358974358 135.46153846153845 45.30769230769231 0.019230769230769232 45.28846153846154 1.1158292999025434
44000 35.19230769230769 14.115384615384615 121.15384615384616 0.4358974358974358 135.46153846153845 45.30769230769231 0.019230769230769232 45.28846153846154 1.155670000007376
46000 35.19230769230769 14.115384615384615 121.15384615384616 0.4358974358974358 135.46153846153845 45.30769230769231 0.019230769230769232 45.28846153846154 1.0708747999742627
48000 35.19230769230769 14.115384615384615 121.15384615384616 0.4358974358974358 135.46153846153845 45.30769230769231 0.019230769230769232 45.28846153846154 1.1430654001887888
50000 35.19230769230769 14.115384615384615 121.15384615384616 0.4358974358974358 135.46153846153845 45.30769230769231 0.019230769230769232 45.28846153846154 1.158413999946788
52000 35.19230769230769 14.115384615384615 121.15384615384616 0.4358974358974358 135.46153846153845 45.30769230769231 0.019230769230769232 45.28846153846154 1.1774919999297708
54000 35.19230769230769 14.115384615384615 121.15384615384616 0.4358974358974358 135.46153846153845 45.30769230769231 0.019230769230769232 45.28846153846154 1.1295426001306623
56000 35.19230769230769 14.115384615384615 121.15384615384616 0.4358974358974358 135.46153846153845 45.30769230769231 0.019230769230769232 45.28846153846154 1.1990004000253975
58000 50.84615384615385 50.84615384615385 119.57692307692308 0.4967948717948717 135.46153846153845 45.30769230769231 0.019230769230769232 45.28846153846154 1.1967087998054922
60000 50.84615384615385 50.84615384615385 119.57692307692308 0.4967948717948717 135.46153846153845 45.30769230769231 0.019230769230769232 45.28846153846154 1.1481337998993695
62000 50.84615384615385 50.84615384615385 119.57692307692308 0.4967948717948717 135.46153846153845 45.30769230769231 0.019230769230769232 45.28846153846154 1.1909231999889016
64000 50.84615384615385 50.84615384615385 119.57692307692308 0.4967948717948717 135.46153846153845 45.30769230769231 0.019230769230769232 45.28846153846154 1.1665876999031752
66000 50.84615384615385 50.84615384615385 119.57692307692308 0.4967948717948717 135.46153846153845 45.30769230769231 0.019230769230769232 45.28846153846154 1.1206992999650538
68000 50.84615384615385 50.84615384615385 119.57692307692308 0.4967948717948717 135.46153846153845 45.30769230769231 0.019230769230769232 45.28846153846154 1.1955250999890268
70000 50.84615384615385 50.84615384615385 119.57692307692308 0.4967948717948717 135.46153846153845 45.30769230769231 0.019230769230769232 45.28846153846154 1.1733729999978095
72000 50.84615384615385 50.84615384615385 119.57692307692308 0.4967948717948717 135.46153846153845 45.30769230769231 0.019230769230769232 45.28846153846154 1.182790799997747
74000 50.84615384615385 50.84615384615385 119.57692307692308 0.4967948717948717 135.46153846153845 45.30769230769231 0.019230769230769232 45.28846153846154 1.203305099857971
76000 50.84615384615385 50.84615384615385 119.57692307692308 0.4967948717948717 135.46153846153845 45.30769230769231 0.019230769230769232 45.28846153846154 1.187093999935314
78000 50.84615384615385 50.84615384615385 119.57692307692308 0.4967948717948717 135.46153846153845 45.30769230769231 0.019230769230769232 45.28846153846154 1.1240012999624014
80000 50.84615384615385 50.84615384615385 119.57692307692308 0.4967948717948717 135.46153846153845 45.30769230769231 0.019230769230769232 45.28846153846154 1.2161798998713493
82000 50.84615384615385 50.84615384615385 119.57692307692308 0.4967948717948717 135.46153846153845 45.30769230769231 0.019230769230769232 45.28846153846154 1.2554808999411762
84000 50.84615384615385 50.84615384615385 119.57692307692308 0.4967948717948717 135.46153846153845 45.30769230769231 0.019230769230769232 45.28846153846154 1.2215692999307066
86000 50.84615384615385 50.84615384615385 119.57692307692308 0.4967948717948717 135.46153846153845 45.30769230769231 0.019230769230769232 45.28846153846154 1.1828479000832886
88000 50.84615384615385 50.84615384615385 119.57692307692308 0.4967948717948717 135.46153846153845 45.30769230769231 0.019230769230769232 45.28846153846154 1.2283652999904007
90000 50.84615384615385 50.84615384615385 119.57692307692308 0.4967948717948717 135.46153846153845 45.30769230769231 0.019230769230769232 45.28846153846154 1.216497799847275
92000 50.84615384615385 50.84615384615385 119.57692307692308 0.4967948717948717 135.46153846153845 45.30769230769231 0.019230769230769232 45.28846153846154 1.2261268000584096
94000 50.84615384615385 50.84615384615385 119.57692307692308 0.4967948717948717 135.46153846153845 45.30769230769231 0.019230769230769232 45.28846153846154 1.24971739994362
96000 50.84615384615385 50.84615384615385 119.57692307692308 0.4967948717948717 135.46153846153845 45.30769230769231 0.019230769230769232 45.28846153846154 1.204070300096646
98000 50.84615384615385 50.84615384615385 119.57692307692308 0.4967948717948717 135.46153846153845 45.30769230769231 0.019230769230769232 45.28846153846154 1.240886399988085
100000 50.84615384615385 50.84615384615385 119.57692307692308 0.4967948717948717 135.46153846153845 45.30769230769231 0.019230769230769232 45.28846153846154 1.2488106000237167
102000 50.84615384615385 50.84615384615385 119.57692307692308 0.4967948717948717 135.46153846153845 45.30769230769231 0.019230769230769232 45.28846153846154 1.1573110001627356
104000 50.84615384615385 50.84615384615385 119.57692307692308 0.4967948717948717 135.46153846153845 45.30769230769231 0.019230769230769232 45.28846153846154 1.1665936999488622
106000 50.84615384615385 50.84615384615385 119.57692307692308 0.4967948717948717 135.46153846153845 45.30769230769231 0.019230769230769232 45.28846153846154 1.1528909001499414
108000 50.84615384615385 50.84615384615385 119.57692307692308 0.4967948717948717 135.46153846153845 45.30769230769231 0.019230769230769232 45.28846153846154 1.2011859000194818
110000 50.84615384615385 50.84615384615385 119.57692307692308 0.4967948717948717 135.46153846153845 45.30769230769231 0.019230769230769232 45.28846153846154 1.1782798999920487
112000 50.84615384615385 50.84615384615385 119.57692307692308 0.4967948717948717 135.46153846153845 45.30769230769231 0.019230769230769232 45.28846153846154 1.1406906000338495
114000 50.84615384615385 50.84615384615385 119.57692307692308 0.4967948717948717 135.46153846153845 45.30769230769231 0.019230769230769232 45.28846153846154 1.1656392000149935
116000 50.84615384615385 50.84615384615385 119.57692307692308 0.4967948717948717 135.46153846153845 45.30769230769231 0.019230769230769232 45.28846153846154 1.164710900047794
118000 50.84615384615385 50.84615384615385 119.57692307692308 0.4967948717948717 135.46153846153845 45.30769230769231 0.019230769230769232 45.28846153846154 1.1403960001189262
120000 50.84615384615385 50.84615384615385 119.57692307692308 0.4967948717948717 135.46153846153845 45.30769230769231 0.019230769230769232 45.28846153846154 1.2216687998734415
122000 50.84615384615385 50.84615384615385 119.57692307692308 0.4967948717948717 135.46153846153845 45.30769230769231 0.019230769230769232 45.28846153846154 1.2076922000851482
124000 50.84615384615385 50.84615384615385 119.57692307692308 0.4967948717948717 135.46153846153845 45.30769230769231 0.019230769230769232 45.28846153846154 1.1989204999990761
126000 50.84615384615385 50.84615384615385 119.57692307692308 0.4967948717948717 135.46153846153845 45.30769230769231 0.019230769230769232 45.28846153846154 1.2150415000505745
128000 50.84615384615385 50.84615384615385 119.57692307692308 0.4967948717948717 135.46153846153845 45.30769230769231 0.019230769230769232 45.28846153846154 1.2385629999917
130000 50.84615384615385 50.84615384615385 119.57692307692308 0.4967948717948717 135.46153846153845 45.30769230769231 0.019230769230769232 45.28846153846154 1.2006797001231462
132000 50.84615384615385 50.84615384615385 119.57692307692308 0.4967948717948717 135.46153846153845 45.30769230769231 0.019230769230769232 45.28846153846154 1.1961944000795484
134000 50.84615384615385 50.84615384615385 119.57692307692308 0.4967948717948717 135.46153846153845 45.30769230769231 0.019230769230769232 45.28846153846154 1.1806491001043469
136000 50.84615384615385 50.84615384615385 119.57692307692308 0.4967948717948717 135.46153846153845 45.30769230769231 0.019230769230769232 45.28846153846154 1.1860545999370515
138000 50.84615384615385 50.84615384615385 119.57692307692308 0.4967948717948717 135.46153846153845 45.30769230769231 0.019230769230769232 45.28846153846154 1.2714398000389338
140000 50.84615384615385 50.84615384615385 119.57692307692308 0.4967948717948717 135.46153846153845 45.30769230769231 0.019230769230769232 45.28846153846154 1.283587499987334
142000 50.84615384615385 50.84615384615385 119.57692307692308 0.4967948717948717 135.46153846153845 45.30769230769231 0.019230769230769232 45.28846153846154 1.184253399958834
144000 50.84615384615385 50.84615384615385 119.57692307692308 0.4967948717948717 135.46153846153845 45.30769230769231 0.019230769230769232 45.28846153846154 1.1311858999542892
146000 50.84615384615385 50.84615384615385 119.57692307692308 0.4967948717948717 135.46153846153845 45.30769230769231 0.019230769230769232 45.28846153846154 1.165951200062409
148000 50.84615384615385 50.84615384615385 119.57692307692308 0.4967948717948717 135.46153846153845 45.30769230769231 0.019230769230769232 45.28846153846154 1.206274500116706
150000 50.84615384615385 50.84615384615385 119.57692307692308 0.4967948717948717 135.46153846153845 45.30769230769231 0.019230769230769232 45.28846153846154 1.1799556000623852
152000 50.84615384615385 50.84615384615385 119.57692307692308 0.4967948717948717 135.46153846153845 45.30769230769231 0.019230769230769232 45.28846153846154 1.1405370000284165
154000 50.84615384615385 50.84615384615385 119.57692307692308 0.4967948717948717 135.46153846153845 45.30769230769231 0.019230769230769232 45.28846153846154 1.1630096000153571
156000 50.84615384615385 50.84615384615385 119.57692307692308 0.4967948717948717 135.46153846153845 45.30769230769231 0.019230769230769232 45.28846153846154 1.1968916999176145
158000 50.84615384615385 50.84615384615385 119.57692307692308 0.4967948717948717 135.46153846153845 45.30769230769231 0.019230769230769232 45.28846153846154 1.2654665999580175
160000 50.84615384615385 50.84615384615385 119.57692307692308 0.4967948717948717 135.46153846153845 45.30769230769231 0.019230769230769232 45.28846153846154 1.2107335000764579
162000 50.84615384615385 50.84615384615385 119.57692307692308 0.4967948717948717 135.46153846153845 45.30769230769231 0.019230769230769232 45.28846153846154 1.2353611998260021
164000 50.84615384615385 50.84615384615385 119.57692307692308 0.4967948717948717 135.46153846153845 45.30769230769231 0.019230769230769232 45.28846153846154 1.1867213998921216
166000 50.84615384615385 50.84615384615385 119.57692307692308 0.4967948717948717 135.46153846153845 45.30769230769231 0.019230769230769232 45.28846153846154 1.2465867998544127
168000 50.84615384615385 50.84615384615385 119.57692307692308 0.4967948717948717 135.46153846153845 45.30769230769231 0.019230769230769232 45.28846153846154 1.1829363000579178
170000 50.84615384615385 50.84615384615385 119.57692307692308 0.4967948717948717 135.46153846153845 45.30769230769231 0.019230769230769232 45.28846153846154 1.170379500137642
172000 50.84615384615385 50.84615384615385 119.57692307692308 0.4967948717948717 135.46153846153845 45.30769230769231 0.019230769230769232 45.28846153846154 1.2272846999112517
174000 50.84615384615385 50.84615384615385 119.57692307692308 0.4967948717948717 135.46153846153845 45.30769230769231 0.019230769230769232 45.28846153846154 1.1685321000404656
176000 50.84615384615385 50.84615384615385 119.57692307692308 0.4967948717948717 135.46153846153845 45.30769230769231 0.019230769230769232 45.28846153846154 1.1517992001026869
178000 50.84615384615385 50.84615384615385 119.57692307692308 0.4967948717948717 135.46153846153845 45.30769230769231 0.019230769230769232 45.28846153846154 1.2176094001624733
180000 50.84615384615385 50.84615384615385 119.57692307692308 0.4967948717948717 135.46153846153845 45.30769230769231 0.019230769230769232 45.28846153846154 1.1691924999468029
182000 50.84615384615385 50.84615384615385 119.57692307692308 0.4967948717948717 135.46153846153845 45.30769230769231 0.019230769230769232 45.28846153846154 1.206514999968931
184000 50.84615384615385 50.84615384615385 119.57692307692308 0.4967948717948717 135.46153846153845 45.30769230769231 0.019230769230769232 45.28846153846154 1.1973779001273215
186000 50.84615384615385 50.84615384615385 119.57692307692308 0.4967948717948717 135.46153846153845 45.30769230769231 0.019230769230769232 45.28846153846154 1.2203550999984145
188000 50.84615384615385 50.84615384615385 119.57692307692308 0.4967948717948717 135.46153846153845 45.30769230769231 0.019230769230769232 45.28846153846154 1.1848645999561995
190000 50.84615384615385 50.84615384615385 119.57692307692308 0.4967948717948717 135.46153846153845 45.30769230769231 0.019230769230769232 45.28846153846154 1.0954019001219422
192000 50.84615384615385 50.84615384615385 119.57692307692308 0.4967948717948717 135.46153846153845 45.30769230769231 0.019230769230769232 45.28846153846154 1.1317752001341432
194000 50.84615384615385 50.84615384615385 119.57692307692308 0.4967948717948717 135.46153846153845 45.30769230769231 0.019230769230769232 45.28846153846154 1.1774130000267178
196000 50.84615384615385 50.84615384615385 119.57692307692308 0.4967948717948717 135.46153846153845 45.30769230769231 0.019230769230769232 45.28846153846154 1.1743928999640048
198000 50.84615384615385 50.84615384615385 119.57692307692308 0.4967948717948717 135.46153846153845 45.30769230769231 0.019230769230769232 45.28846153846154 1.1552913999184966
200000 50.84615384615385 50.84615384615385 119.57692307692308 0.4967948717948717 135.46153846153845 45.30769230769231 0.019230769230769232 45.28846153846154 1.165991999907419
202000 50.84615384615385 50.84615384615385 119.57692307692308 0.4967948717948717 135.46153846153845 45.30769230769231 0.019230769230769232 45.28846153846154 1.1119504999369383
204000 50.84615384615385 50.84615384615385 119.57692307692308 0.4967948717948717 135.46153846153845 45.30769230769231 0.019230769230769232 45.28846153846154 1.213824599981308
206000 50.84615384615385 50.84615384615385 119.57692307692308 0.4967948717948717 135.46153846153845 45.30769230769231 0.019230769230769232 45.28846153846154 1.1669484998565167
208000 50.84615384615385 50.84615384615385 119.57692307692308 0.4967948717948717 135.46153846153845 45.30769230769231 0.019230769230769232 45.28846153846154 1.1122162002138793
210000 50.84615384615385 50.84615384615385 119.57692307692308 0.4967948717948717 135.46153846153845 45.30769230769231 0.019230769230769232 45.28846153846154 1.1509458001237363
212000 50.84615384615385 50.84615384615385 119.57692307692308 0.4967948717948717 135.46153846153845 45.30769230769231 0.019230769230769232 45.28846153846154 1.207610699813813
214000 50.84615384615385 50.84615384615385 119.57692307692308 0.4967948717948717 135.46153846153845 45.30769230769231 0.019230769230769232 45.28846153846154 1.1614812999032438
216000 50.84615384615385 50.84615384615385 119.57692307692308 0.4967948717948717 135.46153846153845 45.30769230769231 0.019230769230769232 45.28846153846154 1.145312099950388
218000 50.84615384615385 50.84615384615385 119.57692307692308 0.4967948717948717 135.46153846153845 45.30769230769231 0.019230769230769232 45.28846153846154 1.163464899873361
220000 50.84615384615385 50.84615384615385 119.57692307692308 0.4967948717948717 135.46153846153845 45.30769230769231 0.019230769230769232 45.28846153846154 1.123454699991271
222000 50.84615384615385 50.84615384615385 119.57692307692308 0.4967948717948717 135.46153846153845 45.30769230769231 0.019230769230769232 45.28846153846154 1.239270499907434
224000 50.84615384615385 50.84615384615385 119.57692307692308 0.4967948717948717 135.46153846153845 45.30769230769231 0.019230769230769232 45.28846153846154 1.1562311998568475
226000 50.84615384615385 50.84615384615385 119.57692307692308 0.4967948717948717 135.46153846153845 45.30769230769231 0.019230769230769232 45.28846153846154 1.1880906999576837
228000 50.84615384615385 50.84615384615385 119.57692307692308 0.4967948717948717 135.46153846153845 45.30769230769231 0.019230769230769232 45.28846153846154 1.1494214001577348
230000 50.84615384615385 50.84615384615385 119.57692307692308 0.4967948717948717 135.46153846153845 45.30769230769231 0.019230769230769232 45.28846153846154 1.1882652998901904
232000 50.84615384615385 50.84615384615385 119.57692307692308 0.4967948717948717 135.46153846153845 45.30769230769231 0.019230769230769232 45.28846153846154 1.2515604000072926
234000 50.84615384615385 50.84615384615385 119.57692307692308 0.4967948717948717 135.46153846153845 45.30769230769231 0.019230769230769232 45.28846153846154 1.1798482001759112
236000 50.84615384615385 50.84615384615385 119.57692307692308 0.4967948717948717 135.46153846153845 45.30769230769231 0.019230769230769232 45.28846153846154 1.1462942999787629
238000 50.84615384615385 50.84615384615385 119.57692307692308 0.4967948717948717 135.46153846153845 45.30769230769231 0.019230769230769232 45.28846153846154 1.105716200079769
240000 50.84615384615385 50.84615384615385 119.57692307692308 0.4967948717948717 135.46153846153845 45.30769230769231 0.019230769230769232 45.28846153846154 1.1970029999502003
242000 50.84615384615385 50.84615384615385 119.57692307692308 0.4967948717948717 135.46153846153845 45.30769230769231 0.019230769230769232 45.28846153846154 1.2114993000868708
244000 50.84615384615385 50.84615384615385 119.57692307692308 0.4967948717948717 135.46153846153845 45.30769230769231 0.019230769230769232 45.28846153846154 1.1408645999617875
246000 50.84615384615385 50.84615384615385 119.57692307692308 0.4967948717948717 135.46153846153845 45.30769230769231 0.019230769230769232 45.28846153846154 1.1989935000892729
248000 50.84615384615385 50.84615384615385 119.57692307692308 0.4967948717948717 135.46153846153845 45.30769230769231 0.019230769230769232 45.28846153846154 1.1773146998602897
250000 50.84615384615385 50.84615384615385 119.57692307692308 0.4967948717948717 135.46153846153845 45.30769230769231 0.019230769230769232 45.28846153846154 1.1486117001622915
252000 50.84615384615385 50.84615384615385 119.57692307692308 0.4967948717948717 135.46153846153845 45.30769230769231 0.019230769230769232 45.28846153846154 1.2361500998958945
254000 50.84615384615385 50.84615384615385 119.57692307692308 0.4967948717948717 135.46153846153845 45.30769230769231 0.019230769230769232 45.28846153846154 1.128337999805808
256000 50.84615384615385 50.84615384615385 119.57692307692308 0.4967948717948717 135.46153846153845 45.30769230769231 0.019230769230769232 45.28846153846154 1.1363823001738638
258000 50.84615384615385 50.84615384615385 119.57692307692308 0.4967948717948717 135.46153846153845 45.30769230769231 0.019230769230769232 45.28846153846154 1.176848700037226
260000 50.84615384615385 50.84615384615385 119.57692307692308 0.4967948717948717 135.46153846153845 45.30769230769231 0.019230769230769232 45.28846153846154 1.2638754001818597
262000 50.84615384615385 50.84615384615385 119.57692307692308 0.4967948717948717 135.46153846153845 45.30769230769231 0.019230769230769232 45.28846153846154 1.1794660999439657
264000 50.84615384615385 50.84615384615385 119.57692307692308 0.4967948717948717 135.46153846153845 45.30769230769231 0.019230769230769232 45.28846153846154 1.157781699905172
266000 50.84615384615385 50.84615384615385 119.57692307692308 0.4967948717948717 135.46153846153845 45.30769230769231 0.019230769230769232 45.28846153846154 1.2050617998465896
268000 50.84615384615385 50.84615384615385 119.57692307692308 0.4967948717948717 135.46153846153845 45.30769230769231 0.019230769230769232 45.28846153846154 1.1670047999359667
270000 50.84615384615385 50.84615384615385 119.57692307692308 0.4967948717948717 135.46153846153845 45.30769230769231 0.019230769230769232 45.28846153846154 1.2061417999211699
272000 50.84615384615385 50.84615384615385 119.57692307692308 0.4967948717948717 135.46153846153845 45.30769230769231 0.019230769230769232 45.28846153846154 1.3653138999361545
274000 50.84615384615385 50.84615384615385 119.57692307692308 0.4967948717948717 135.46153846153845 45.30769230769231 0.019230769230769232 45.28846153846154 1.1573103999253362
276000 50.84615384615385 50.84615384615385 119.57692307692308 0.4967948717948717 135.46153846153845 45.30769230769231 0.019230769230769232 45.28846153846154 1.195835500024259
278000 50.84615384615385 50.84615384615385 119.57692307692308 0.4967948717948717 135.46153846153845 45.30769230769231 0.019230769230769232 45.28846153846154 1.2607295999769121
280000 50.84615384615385 50.84615384615385 119.57692307692308 0.4967948717948717 135.46153846153845 45.30769230769231 0.019230769230769232 45.28846153846154 1.206149100093171
282000 50.84615384615385 50.84615384615385 119.57692307692308 0.4967948717948717 135.46153846153845 45.30769230769231 0.019230769230769232 45.28846153846154 1.2152577999513596
284000 50.84615384615385 50.84615384615385 119.57692307692308 0.4967948717948717 135.46153846153845 45.30769230769231 0.019230769230769232 45.28846153846154 1.203479099785909
286000 50.84615384615385 50.84615384615385 119.57692307692308 0.4967948717948717 135.46153846153845 45.30769230769231 0.019230769230769232 45.28846153846154 1.164957599947229
288000 50.84615384615385 50.84615384615385 119.57692307692308 0.4967948717948717 135.46153846153845 45.30769230769231 0.019230769230769232 45.28846153846154 1.2142443000338972
290000 50.84615384615385 50.84615384615385 119.57692307692308 0.4967948717948717 135.46153846153845 45.30769230769231 0.019230769230769232 45.28846153846154 1.2220079998951405
292000 50.84615384615385 50.84615384615385 119.57692307692308 0.4967948717948717 135.46153846153845 45.30769230769231 0.019230769230769232 45.28846153846154 1.1418138998560607
294000 50.84615384615385 50.84615384615385 119.57692307692308 0.4967948717948717 135.46153846153845 45.30769230769231 0.019230769230769232 45.28846153846154 1.2157689998857677
296000 50.84615384615385 50.84615384615385 119.57692307692308 0.4967948717948717 135.46153846153845 45.30769230769231 0.019230769230769232 45.28846153846154 1.1456840999890119
298000 50.84615384615385 50.84615384615385 119.57692307692308 0.4967948717948717 135.46153846153845 45.30769230769231 0.019230769230769232 45.28846153846154 1.2062196000479162
300000 50.84615384615385 50.84615384615385 119.57692307692308 0.4967948717948717 135.46153846153845 45.30769230769231 0.019230769230769232 45.28846153846154 1.1896842001006007
302000 50.84615384615385 50.84615384615385 119.57692307692308 0.4967948717948717 135.46153846153845 45.30769230769231 0.019230769230769232 45.28846153846154 1.1665207999758422
304000 50.84615384615385 50.84615384615385 119.57692307692308 0.4967948717948717 135.46153846153845 45.30769230769231 0.019230769230769232 45.28846153846154 1.1953010999131948
306000 50.84615384615385 50.84615384615385 119.57692307692308 0.4967948717948717 135.46153846153845 45.30769230769231 0.019230769230769232 45.28846153846154 1.3912444999441504
308000 50.84615384615385 50.84615384615385 119.57692307692308 0.4967948717948717 135.46153846153845 45.30769230769231 0.019230769230769232 45.28846153846154 1.247371699893847
310000 50.84615384615385 50.84615384615385 119.57692307692308 0.4967948717948717 135.46153846153845 45.30769230769231 0.019230769230769232 45.28846153846154 1.1942710999865085
312000 50.84615384615385 50.84615384615385 119.57692307692308 0.4967948717948717 135.46153846153845 45.30769230769231 0.019230769230769232 45.28846153846154 1.1971256998367608
314000 50.84615384615385 50.84615384615385 119.57692307692308 0.4967948717948717 135.46153846153845 45.30769230769231 0.019230769230769232 45.28846153846154 1.1474050001706928
316000 50.84615384615385 50.84615384615385 119.57692307692308 0.4967948717948717 135.46153846153845 45.30769230769231 0.019230769230769232 45.28846153846154 1.141942499903962
318000 50.84615384615385 50.84615384615385 119.57692307692308 0.4967948717948717 135.46153846153845 45.30769230769231 0.019230769230769232 45.28846153846154 1.202238299883902
320000 50.84615384615385 50.84615384615385 119.57692307692308 0.4967948717948717 135.46153846153845 45.30769230769231 0.019230769230769232 45.28846153846154 1.2553167999722064
322000 50.84615384615385 50.84615384615385 119.57692307692308 0.4967948717948717 135.46153846153845 45.30769230769231 0.019230769230769232 45.28846153846154 1.2767409000080079
324000 50.84615384615385 50.84615384615385 119.57692307692308 0.4967948717948717 135.46153846153845 45.30769230769231 0.019230769230769232 45.28846153846154 1.1188576000276953
326000 50.84615384615385 50.84615384615385 119.57692307692308 0.4967948717948717 135.46153846153845 45.30769230769231 0.019230769230769232 45.28846153846154 1.2460897001437843
328000 50.84615384615385 50.84615384615385 119.57692307692308 0.4967948717948717 135.46153846153845 45.30769230769231 0.019230769230769232 45.28846153846154 1.188595499843359
330000 50.84615384615385 50.84615384615385 119.57692307692308 0.4967948717948717 135.46153846153845 45.30769230769231 0.019230769230769232 45.28846153846154 1.1781863998621702
332000 50.84615384615385 50.84615384615385 119.57692307692308 0.4967948717948717 135.46153846153845 45.30769230769231 0.019230769230769232 45.28846153846154 1.2390314999502152
334000 50.84615384615385 50.84615384615385 119.57692307692308 0.4967948717948717 135.46153846153845 45.30769230769231 0.019230769230769232 45.28846153846154 1.1860539000481367
336000 50.84615384615385 50.84615384615385 119.57692307692308 0.4967948717948717 135.46153846153845 45.30769230769231 0.019230769230769232 45.28846153846154 1.021596800070256
338000 50.84615384615385 50.84615384615385 119.57692307692308 0.4967948717948717 135.46153846153845 45.30769230769231 0.019230769230769232 45.28846153846154 1.1650574998930097
340000 50.84615384615385 50.84615384615385 119.57692307692308 0.4967948717948717 135.46153846153845 45.30769230769231 0.019230769230769232 45.28846153846154 1.138325700070709
342000 50.84615384615385 50.84615384615385 119.57692307692308 0.4967948717948717 135.46153846153845 45.30769230769231 0.019230769230769232 45.28846153846154 1.1548517998307943
344000 50.84615384615385 50.84615384615385 119.57692307692308 0.4967948717948717 135.46153846153845 45.30769230769231 0.019230769230769232 45.28846153846154 1.2195310001261532
346000 50.84615384615385 50.84615384615385 119.57692307692308 0.4967948717948717 135.46153846153845 45.30769230769231 0.019230769230769232 45.28846153846154 1.193241700064391
348000 50.84615384615385 50.84615384615385 119.57692307692308 0.4967948717948717 135.46153846153845 45.30769230769231 0.019230769230769232 45.28846153846154 1.2285599999595433
350000 50.84615384615385 50.84615384615385 119.57692307692308 0.4967948717948717 135.46153846153845 45.30769230769231 0.019230769230769232 45.28846153846154 1.3121054000221193
352000 50.84615384615385 50.84615384615385 119.57692307692308 0.4967948717948717 135.46153846153845 45.30769230769231 0.019230769230769232 45.28846153846154 1.261662800097838
354000 50.84615384615385 50.84615384615385 119.57692307692308 0.4967948717948717 135.46153846153845 45.30769230769231 0.019230769230769232 45.28846153846154 1.3070839000865817
356000 50.84615384615385 50.84615384615385 119.57692307692308 0.4967948717948717 135.46153846153845 45.30769230769231 0.019230769230769232 45.28846153846154 1.2175661001820117
358000 50.84615384615385 50.84615384615385 119.57692307692308 0.4967948717948717 135.46153846153845 45.30769230769231 0.019230769230769232 45.28846153846154 1.1572139000054449
360000 50.84615384615385 50.84615384615385 119.57692307692308 0.4967948717948717 135.46153846153845 45.30769230769231 0.019230769230769232 45.28846153846154 1.2252448999788612
362000 50.84615384615385 50.84615384615385 119.57692307692308 0.4967948717948717 135.46153846153845 45.30769230769231 0.019230769230769232 45.28846153846154 1.15631669992581
364000 50.84615384615385 50.84615384615385 119.57692307692308 0.4967948717948717 135.46153846153845 45.30769230769231 0.019230769230769232 45.28846153846154 1.1634088000282645
366000 50.84615384615385 50.84615384615385 119.57692307692308 0.4967948717948717 135.46153846153845 45.30769230769231 0.019230769230769232 45.28846153846154 1.2146658001001924
368000 50.84615384615385 50.84615384615385 119.57692307692308 0.4967948717948717 135.46153846153845 45.30769230769231 0.019230769230769232 45.28846153846154 1.1385560999624431
370000 50.84615384615385 50.84615384615385 119.57692307692308 0.4967948717948717 135.46153846153845 45.30769230769231 0.019230769230769232 45.28846153846154 1.227219199994579
372000 50.84615384615385 50.84615384615385 119.57692307692308 0.4967948717948717 135.46153846153845 45.30769230769231 0.019230769230769232 45.28846153846154 1.1364404999185354
374000 50.84615384615385 50.84615384615385 119.57692307692308 0.4967948717948717 135.46153846153845 45.30769230769231 0.019230769230769232 45.28846153846154 1.1650964999571443
376000 50.84615384615385 50.84615384615385 119.57692307692308 0.4967948717948717 135.46153846153845 45.30769230769231 0.019230769230769232 45.28846153846154 1.2041903999634087
378000 50.84615384615385 50.84615384615385 119.57692307692308 0.4967948717948717 135.46153846153845 45.30769230769231 0.019230769230769232 45.28846153846154 1.2068068000953645
380000 50.84615384615385 50.84615384615385 119.57692307692308 0.4967948717948717 135.46153846153845 45.30769230769231 0.019230769230769232 45.28846153846154 1.1571051999926567
382000 50.84615384615385 50.84615384615385 119.57692307692308 0.4967948717948717 135.46153846153845 45.30769230769231 0.019230769230769232 45.28846153846154 1.2173540000803769
384000 50.84615384615385 50.84615384615385 119.57692307692308 0.4967948717948717 135.46153846153845 45.30769230769231 0.019230769230769232 45.28846153846154 1.2108788001351058
386000 50.84615384615385 50.84615384615385 119.57692307692308 0.4967948717948717 135.46153846153845 45.30769230769231 0.019230769230769232 45.28846153846154 1.1956474999897182
388000 50.84615384615385 50.84615384615385 119.57692307692308 0.4967948717948717 135.46153846153845 45.30769230769231 0.019230769230769232 45.28846153846154 1.153190400218591
390000 50.84615384615385 50.84615384615385 119.57692307692308 0.4967948717948717 135.46153846153845 45.30769230769231 0.019230769230769232 45.28846153846154 1.2754712998867035
392000 50.84615384615385 50.84615384615385 119.57692307692308 0.4967948717948717 135.46153846153845 45.30769230769231 0.019230769230769232 45.28846153846154 1.2113421000540257
394000 50.84615384615385 50.84615384615385 119.57692307692308 0.4967948717948717 135.46153846153845 45.30769230769231 0.019230769230769232 45.28846153846154 1.366147099994123
396000 50.84615384615385 50.84615384615385 119.57692307692308 0.4967948717948717 135.46153846153845 45.30769230769231 0.019230769230769232 45.28846153846154 1.3088968000374734
398000 50.84615384615385 50.84615384615385 119.57692307692308 0.4967948717948717 135.46153846153845 45.30769230769231 0.019230769230769232 45.28846153846154 1.1797169998753816
400000 50.84615384615385 50.84615384615385 119.57692307692308 0.4967948717948717 135.46153846153845 45.30769230769231 0.019230769230769232 45.28846153846154 1.1909590000286698
402000 50.84615384615385 50.84615384615385 119.57692307692308 0.4967948717948717 135.46153846153845 45.30769230769231 0.019230769230769232 45.28846153846154 1.1270241001620889
404000 50.84615384615385 50.84615384615385 119.57692307692308 0.4967948717948717 135.46153846153845 45.30769230769231 0.019230769230769232 45.28846153846154 1.1332755000330508
406000 50.84615384615385 50.84615384615385 119.57692307692308 0.4967948717948717 135.46153846153845 45.30769230769231 0.019230769230769232 45.28846153846154 1.1512490001041442
408000 50.84615384615385 50.84615384615385 119.57692307692308 0.4967948717948717 135.46153846153845 45.30769230769231 0.019230769230769232 45.28846153846154 1.1803474000189453
410000 50.84615384615385 50.84615384615385 119.57692307692308 0.4967948717948717 135.46153846153845 45.30769230769231 0.019230769230769232 45.28846153846154 1.2398863001726568
412000 50.84615384615385 50.84615384615385 119.57692307692308 0.4967948717948717 135.46153846153845 45.30769230769231 0.019230769230769232 45.28846153846154 1.3595900000073016
414000 50.84615384615385 50.84615384615385 119.57692307692308 0.4967948717948717 135.46153846153845 45.30769230769231 0.019230769230769232 45.28846153846154 1.2766247000545263
416000 50.84615384615385 50.84615384615385 119.57692307692308 0.4967948717948717 135.46153846153845 45.30769230769231 0.019230769230769232 45.28846153846154 1.1909433000255376
418000 50.84615384615385 50.84615384615385 119.57692307692308 0.4967948717948717 135.46153846153845 45.30769230769231 0.019230769230769232 45.28846153846154 1.2584718000143766
420000 50.84615384615385 50.84615384615385 119.57692307692308 0.4967948717948717 135.46153846153845 45.30769230769231 0.019230769230769232 45.28846153846154 1.1419526000972837
422000 50.84615384615385 50.84615384615385 119.57692307692308 0.4967948717948717 135.46153846153845 45.30769230769231 0.019230769230769232 45.28846153846154 1.180709999985993
424000 50.84615384615385 50.84615384615385 119.57692307692308 0.4967948717948717 135.46153846153845 45.30769230769231 0.019230769230769232 45.28846153846154 1.3344461999367923
426000 50.84615384615385 50.84615384615385 119.57692307692308 0.4967948717948717 135.46153846153845 45.30769230769231 0.019230769230769232 45.28846153846154 1.2188119001220912
428000 50.84615384615385 50.84615384615385 119.57692307692308 0.4967948717948717 135.46153846153845 45.30769230769231 0.019230769230769232 45.28846153846154 1.2272121999412775
430000 50.84615384615385 50.84615384615385 119.57692307692308 0.4967948717948717 135.46153846153845 45.30769230769231 0.019230769230769232 45.28846153846154 1.1662507001310587
432000 50.84615384615385 50.84615384615385 119.57692307692308 0.4967948717948717 135.46153846153845 45.30769230769231 0.019230769230769232 45.28846153846154 1.1856994999106973
434000 50.84615384615385 50.84615384615385 119.57692307692308 0.4967948717948717 135.46153846153845 45.30769230769231 0.019230769230769232 45.28846153846154 1.2091240999288857
436000 50.84615384615385 50.84615384615385 119.57692307692308 0.4967948717948717 135.46153846153845 45.30769230769231 0.019230769230769232 45.28846153846154 1.3728171000257134
438000 50.84615384615385 50.84615384615385 119.57692307692308 0.4967948717948717 135.46153846153845 45.30769230769231 0.019230769230769232 45.28846153846154 1.2091957998927683
440000 50.84615384615385 50.84615384615385 119.57692307692308 0.4967948717948717 135.46153846153845 45.30769230769231 0.019230769230769232 45.28846153846154 1.2247701999731362
442000 50.84615384615385 50.84615384615385 119.57692307692308 0.4967948717948717 135.46153846153845 45.30769230769231 0.019230769230769232 45.28846153846154 1.19104989990592
444000 50.84615384615385 50.84615384615385 119.57692307692308 0.4967948717948717 135.46153846153845 45.30769230769231 0.019230769230769232 45.28846153846154 1.2192271000239998
446000 50.84615384615385 50.84615384615385 119.57692307692308 0.4967948717948717 135.46153846153845 45.30769230769231 0.019230769230769232 45.28846153846154 1.2095358001533896
448000 50.84615384615385 50.84615384615385 119.57692307692308 0.4967948717948717 135.46153846153845 45.30769230769231 0.019230769230769232 45.28846153846154 1.1818293000105768
450000 50.84615384615385 50.84615384615385 119.57692307692308 0.4967948717948717 135.46153846153845 45.30769230769231 0.019230769230769232 45.28846153846154 1.2492377001326531
452000 50.84615384615385 50.84615384615385 119.57692307692308 0.4967948717948717 135.46153846153845 45.30769230769231 0.019230769230769232 45.28846153846154 1.1727191999088973
454000 50.84615384615385 50.84615384615385 119.57692307692308 0.4967948717948717 135.46153846153845 45.30769230769231 0.019230769230769232 45.28846153846154 1.1573598999530077
456000 50.84615384615385 50.84615384615385 119.57692307692308 0.4967948717948717 135.46153846153845 45.30769230769231 0.019230769230769232 45.28846153846154 1.179040899965912
458000 50.84615384615385 50.84615384615385 119.57692307692308 0.4967948717948717 135.46153846153845 45.30769230769231 0.019230769230769232 45.28846153846154 1.2324951000045985
460000 50.84615384615385 50.84615384615385 119.57692307692308 0.4967948717948717 135.46153846153845 45.30769230769231 0.019230769230769232 45.28846153846154 1.207363799912855
462000 50.84615384615385 50.84615384615385 119.57692307692308 0.4967948717948717 135.46153846153845 45.30769230769231 0.019230769230769232 45.28846153846154 1.2372103000525385
464000 50.84615384615385 50.84615384615385 119.57692307692308 0.4967948717948717 135.46153846153845 45.30769230769231 0.019230769230769232 45.28846153846154 1.1864800001494586
466000 50.84615384615385 50.84615384615385 119.57692307692308 0.4967948717948717 135.46153846153845 45.30769230769231 0.019230769230769232 45.28846153846154 1.2088111999910325
468000 50.84615384615385 50.84615384615385 119.57692307692308 0.4967948717948717 135.46153846153845 45.30769230769231 0.019230769230769232 45.28846153846154 1.1385897998698056
470000 50.84615384615385 50.84615384615385 119.57692307692308 0.4967948717948717 135.46153846153845 45.30769230769231 0.019230769230769232 45.28846153846154 1.1696000001393259
472000 50.84615384615385 50.84615384615385 119.57692307692308 0.4967948717948717 135.46153846153845 45.30769230769231 0.019230769230769232 45.28846153846154 1.1757209999486804
474000 50.84615384615385 50.84615384615385 119.57692307692308 0.4967948717948717 135.46153846153845 45.30769230769231 0.019230769230769232 45.28846153846154 1.1800762000493705
476000 50.84615384615385 50.84615384615385 119.57692307692308 0.4967948717948717 135.46153846153845 45.30769230769231 0.019230769230769232 45.28846153846154 1.2897789999842644
478000 50.84615384615385 50.84615384615385 119.57692307692308 0.4967948717948717 135.46153846153845 45.30769230769231 0.019230769230769232 45.28846153846154 1.1709845000877976
480000 50.84615384615385 50.84615384615385 119.57692307692308 0.4967948717948717 135.46153846153845 45.30769230769231 0.019230769230769232 45.28846153846154 1.141726000001654
482000 50.84615384615385 50.84615384615385 119.57692307692308 0.4967948717948717 135.46153846153845 45.30769230769231 0.019230769230769232 45.28846153846154 1.117634399794042
484000 50.84615384615385 50.84615384615385 119.57692307692308 0.4967948717948717 135.46153846153845 45.30769230769231 0.019230769230769232 45.28846153846154 1.1248721000738442
486000 50.84615384615385 50.84615384615385 119.57692307692308 0.4967948717948717 135.46153846153845 45.30769230769231 0.019230769230769232 45.28846153846154 1.169531499966979
488000 50.84615384615385 50.84615384615385 119.57692307692308 0.4967948717948717 135.46153846153845 45.30769230769231 0.019230769230769232 45.28846153846154 1.244423900032416
490000 50.84615384615385 50.84615384615385 119.57692307692308 0.4967948717948717 135.46153846153845 45.30769230769231 0.019230769230769232 45.28846153846154 1.2059619999490678
492000 50.84615384615385 50.84615384615385 119.57692307692308 0.4967948717948717 135.46153846153845 45.30769230769231 0.019230769230769232 45.28846153846154 1.2453000000678003
494000 50.84615384615385 50.84615384615385 119.57692307692308 0.4967948717948717 135.46153846153845 45.30769230769231 0.019230769230769232 45.28846153846154 1.2226563999429345
496000 50.84615384615385 50.84615384615385 119.57692307692308 0.4967948717948717 135.46153846153845 45.30769230769231 0.019230769230769232 45.28846153846154 1.251495499862358
498000 50.84615384615385 50.84615384615385 119.57692307692308 0.4967948717948717 135.46153846153845 45.30769230769231 0.019230769230769232 45.28846153846154 1.2447945999447256
500000 50.84615384615385 50.84615384615385 119.57692307692308 0.4967948717948717 135.46153846153845 45.30769230769231 0.019230769230769232 45.28846153846154 1.2296174000948668
