2000 3.1296296296296298 2.2777777777777777 128.22222222222223 0.14660493827160495 135.5185185185185 45.333333333333336 0.0 45.333333333333336 1.0218467998784035
4000 3.3518518518518516 2.4814814814814814 127.01851851851852 0.19598765432098764 135.5185185185185 45.333333333333336 0.0 45.333333333333336 1.090535799972713
6000 10.61111111111111 5.111111111111111 124.0 0.3395061728395061 135.5185185185185 45.333333333333336 0.0 45.333333333333336 1.1221342999488115
8000 8.62962962962963 8.574074074074074 124.37037037037037 0.3626543209876544 135.5185185185185 45.333333333333336 0.0 45.333333333333336 1.1160472000483423
10000 12.537037037037036 12.537037037037036 123.42592592592592 0.4104938271604939 135.5185185185185 45.333333333333336 0.0 45.333333333333336 1.1781001000199467
12000 12.203703703703704 12.203703703703704 123.5 0.4104938271604939 135.5185185185185 45.333333333333336 0.0 45.333333333333336 1.181884199846536
14000 15.5 15.5 122.24074074074075 0.4506172839506173 135.5185185185185 45.333333333333336 0.018518518518518517 45.31481481481482 1.2417898999992758
16000 12.11111111111111 4.185185185185185 123.22222222222223 0.3780864197530864 135.5185185185185 45.333333333333336 0.018518518518518517 45.31481481481482 1.1992333000525832
18000 15.185185185185185 7.2592592592592595 123.0925925925926 0.38888888888888884 135.5185185185185 45.333333333333336 0.018518518518518517 45.31481481481482 1.1591545001138002
20000 15.185185185185185 7.2592592592592595 123.0925925925926 0.38888888888888884 135.5185185185185 45.333333333333336 0.018518518518518517 45.31481481481482 1.2234986000694335
22000 15.185185185185185 7.2592592592592595 123.0925925925926 0.38888888888888884 135.5185185185185 45.333333333333336 0.018518518518518517 45.31481481481482 1.1507487001363188
24000 22.962962962962962 22.962962962962962 121.83333333333333 0.4429012345679012 135.5185185185185 45.333333333333336 0.018518518518518517 45.31481481481482 1.1756174999754876
26000 22.962962962962962 22.962962962962962 121.83333333333333 0.4429012345679012 135.5185185185185 45.333333333333336 0.018518518518518517 45.31481481481482 1.2050037998706102
28000 39.0 39.0 120.85185185185185 0.49691358024691357 135.5185185185185 45.333333333333336 0.0 45.333333333333336 1.3325581999961287
30000 39.0 39.0 120.85185185185185 0.49691358024691357 135.5185185185185 45.333333333333336 0.0 45.333333333333336 1.2598372001666576
32000 136.9814814814815 136.9814814814815 117.94444444444444 0.595679012345679 135.5185185185185 45.333333333333336 0.0 45.333333333333336 1.2079458001535386
34000 136.9814814814815 136.9814814814815 117.94444444444444 0.595679012345679 135.5185185185185 45.333333333333336 0.0 45.333333333333336 1.3362231000792235
36000 136.9814814814815 136.9814814814815 117.94444444444444 0.595679012345679 135.5185185185185 45.333333333333336 0.0 45.333333333333336 1.234641700051725
38000 136.9814814814815 136.9814814814815 117.94444444444444 0.595679012345679 135.5185185185185 45.333333333333336 0.0 45.333333333333336 1.2210184000432491
40000 136.9814814814815 136.9814814814815 117.94444444444444 0.595679012345679 135.5185185185185 45.333333333333336 0.0 45.333333333333336 1.267130499938503
42000 136.9814814814815 136.9814814814815 117.94444444444444 0.595679012345679 135.5185185185185 45.333333333333336 0.0 45.333333333333336 1.3720975001342595
44000 136.9814814814815 136.9814814814815 117.94444444444444 0.595679012345679 135.5185185185185 45.333333333333336 0.0 45.333333333333336 1.2641877001151443
46000 136.9814814814815 136.9814814814815 117.94444444444444 0.595679012345679 135.5185185185185 45.333333333333336 0.0 45.333333333333336 1.3059827000834048
48000 136.9814814814815 136.9814814814815 117.94444444444444 0.595679012345679 135.5185185185185 45.333333333333336 0.0 45.333333333333336 1.1761616000439972
50000 136.9814814814815 136.9814814814815 117.94444444444444 0.595679012345679 135.5185185185185 45.333333333333336 0.0 45.333333333333336 1.2490572999231517
52000 136.9814814814815 136.9814814814815 117.94444444444444 0.595679012345679 135.5185185185185 45.333333333333336 0.0 45.333333333333336 1.2508650999516249
54000 136.9814814814815 136.9814814814815 117.94444444444444 0.595679012345679 135.5185185185185 45.333333333333336 0.0 45.333333333333336 1.2993606000673026
56000 136.9814814814815 136.9814814814815 117.94444444444444 0.595679012345679 135.5185185185185 45.333333333333336 0.0 45.333333333333336 1.2835860000923276
58000 136.9814814814815 136.9814814814815 117.94444444444444 0.595679012345679 135.5185185185185 45.333333333333336 0.0 45.333333333333336 1.1968038999475539
60000 136.9814814814815 136.9814814814815 117.94444444444444 0.595679012345679 135.5185185185185 45.333333333333336 0.0 45.333333333333336 1.222376000136137
62000 126.18518518518519 49.51851851851852 118.38888888888889 0.5910493827160495 135.5185185185185 45.333333333333336 0.0 45.333333333333336 1.2496336000040174
64000 126.18518518518519 49.51851851851852 118.38888888888889 0.5910493827160495 135.5185185185185 45.333333333333336 0.0 45.333333333333336 1.272467200178653
66000 126.18518518518519 49.51851851851852 118.38888888888889 0.5910493827160495 135.5185185185185 45.333333333333336 0.0 45.333333333333336 1.2113828998990357
68000 126.18518518518519 49.51851851851852 118.38888888888889 0.5910493827160495 135.5185185185185 45.333333333333336 0.0 45.333333333333336 1.273718599928543
70000 126.18518518518519 49.51851851851852 118.38888888888889 0.5910493827160495 135.5185185185185 45.333333333333336 0.0 45.333333333333336 1.2391973999328911
72000 126.18518518518519 49.51851851851852 118.38888888888889 0.5910493827160495 135.5185185185185 45.333333333333336 0.0 45.333333333333336 1.291266200132668
74000 126.18518518518519 49.51851851851852 118.38888888888889 0.5910493827160495 135.5185185185185 45.333333333333336 0.0 45.333333333333336 1.2413725999649614
76000 126.18518518518519 49.51851851851852 118.38888888888889 0.5910493827160495 135.5185185185185 45.333333333333336 0.0 45.333333333333336 1.2613981000613421
78000 126.18518518518519 49.51851851851852 118.38888888888889 0.5910493827160495 135.5185185185185 45.333333333333336 0.0 45.333333333333336 1.2649223001208156
80000 126.18518518518519 49.51851851851852 118.38888888888889 0.5910493827160495 135.5185185185185 45.333333333333336 0.0 45.333333333333336 1.5032999000977725
82000 126.18518518518519 49.51851851851852 118.38888888888889 0.5910493827160495 135.5185185185185 45.333333333333336 0.0 45.333333333333336 1.220326199894771
84000 126.18518518518519 49.51851851851852 118.38888888888889 0.5910493827160495 135.5185185185185 45.333333333333336 0.0 45.333333333333336 1.2688505998812616
86000 126.18518518518519 49.51851851851852 118.38888888888889 0.5910493827160495 135.5185185185185 45.333333333333336 0.0 45.333333333333336 1.232738499995321
88000 136.9814814814815 136.9814814814815 117.94444444444444 0.595679012345679 135.5185185185185 45.333333333333336 0.0 45.333333333333336 1.354265799978748
90000 136.9814814814815 136.9814814814815 117.94444444444444 0.595679012345679 135.5185185185185 45.333333333333336 0.0 45.333333333333336 1.185873999958858
92000 136.9814814814815 136.9814814814815 117.94444444444444 0.595679012345679 135.5185185185185 45.333333333333336 0.0 45.333333333333336 1.1362705000210553
94000 136.9814814814815 136.9814814814815 117.94444444444444 0.595679012345679 135.5185185185185 45.333333333333336 0.0 45.333333333333336 1.2762249999213964
96000 136.9814814814815 136.9814814814815 117.94444444444444 0.595679012345679 135.5185185185185 45.333333333333336 0.0 45.333333333333336 1.3716574001591653
98000 126.18518518518519 49.51851851851852 118.38888888888889 0.5910493827160495 135.5185185185185 45.333333333333336 0.0 45.333333333333336 1.1872170001734048
100000 136.9814814814815 136.9814814814815 117.94444444444444 0.595679012345679 135.5185185185185 45.333333333333336 0.0 45.333333333333336 1.2478920000139624
102000 136.9814814814815 136.9814814814815 117.94444444444444 0.595679012345679 135.5185185185185 45.333333333333336 0.0 45.333333333333336 1.2409739000722766
104000 136.9814814814815 136.9814814814815 117.94444444444444 0.595679012345679 135.5185185185185 45.333333333333336 0.0 45.333333333333336 1.1870462000370026
106000 136.9814814814815 136.9814814814815 117.94444444444444 0.595679012345679 135.5185185185185 45.333333333333336 0.0 45.333333333333336 1.3205874999985099
108000 136.9814814814815 136.9814814814815 117.94444444444444 0.595679012345679 135.5185185185185 45.333333333333336 0.0 45.333333333333336 1.219111300073564
110000 136.9814814814815 136.9814814814815 117.94444444444444 0.595679012345679 135.5185185185185 45.333333333333336 0.0 45.333333333333336 1.2026559000369161
112000 136.9814814814815 136.9814814814815 117.94444444444444 0.595679012345679 135.5185185185185 45.333333333333336 0.0 45.333333333333336 1.1826840001158416
114000 136.9814814814815 136.9814814814815 117.94444444444444 0.595679012345679 135.5185185185185 45.333333333333336 0.0 45.333333333333336 1.198603699915111
116000 136.9814814814815 136.9814814814815 117.94444444444444 0.595679012345679 135.5185185185185 45.333333333333336 0.0 45.333333333333336 1.2350213001482189
118000 136.9814814814815 136.9814814814815 117.94444444444444 0.595679012345679 135.5185185185185 45.333333333333336 0.0 45.333333333333336 1.2769941000733525
120000 136.9814814814815 136.9814814814815 117.94444444444444 0.595679012345679 135.5185185185185 45.333333333333336 0.0 45.333333333333336 1.2592422000598162
122000 136.9814814814815 136.9814814814815 117.94444444444444 0.595679012345679 135.5185185185185 45.333333333333336 0.0 45.333333333333336 1.401588600128889
124000 165.90740740740742 165.90740740740742 116.9074074074074 0.5478395061728394 135.5185185185185 45.333333333333336 0.0 45.333333333333336 1.24139149999246
126000 136.9814814814815 136.9814814814815 117.94444444444444 0.595679012345679 135.5185185185185 45.333333333333336 0.0 45.333333333333336 1.299436999950558
128000 136.9814814814815 136.9814814814815 117.94444444444444 0.595679012345679 135.5185185185185 45.333333333333336 0.0 45.333333333333336 1.207801500102505
130000 165.90740740740742 165.90740740740742 116.9074074074074 0.5478395061728394 135.5185185185185 45.333333333333336 0.0 45.333333333333336 1.251163300126791
132000 165.90740740740742 165.90740740740742 116.9074074074074 0.5478395061728394 135.5185185185185 45.333333333333336 0.0 45.333333333333336 1.3277688000816852
134000 165.90740740740742 165.90740740740742 116.9074074074074 0.5478395061728394 135.5185185185185 45.333333333333336 0.0 45.333333333333336 2.088515599956736
136000 165.90740740740742 165.90740740740742 116.9074074074074 0.5478395061728394 135.5185185185185 45.333333333333336 0.0 45.333333333333336 1.1963331999722868
138000 165.90740740740742 165.90740740740742 116.9074074074074 0.5478395061728394 135.5185185185185 45.333333333333336 0.0 45.333333333333336 1.2238584000151604
140000 165.90740740740742 165.90740740740742 116.9074074074074 0.5478395061728394 135.5185185185185 45.333333333333336 0.0 45.333333333333336 1.2146747999358922
142000 165.90740740740742 165.90740740740742 116.9074074074074 0.5478395061728394 135.5185185185185 45.333333333333336 0.0 45.333333333333336 1.1849547000601888
144000 165.90740740740742 165.90740740740742 116.9074074074074 0.5478395061728394 135.5185185185185 45.333333333333336 0.0 45.333333333333336 1.212770099984482
146000 165.90740740740742 165.90740740740742 116.9074074074074 0.5478395061728394 135.5185185185185 45.333333333333336 0.0 45.333333333333336 1.3149158000014722
148000 165.90740740740742 165.90740740740742 116.9074074074074 0.5478395061728394 135.5185185185185 45.333333333333336 0.0 45.333333333333336 1.2553240999113768
150000 165.90740740740742 165.90740740740742 116.9074074074074 0.5478395061728394 135.5185185185185 45.333333333333336 0.0 45.333333333333336 1.2119365001562983
152000 165.90740740740742 165.90740740740742 116.9074074074074 0.5478395061728394 135.5185185185185 45.333333333333336 0.0 45.333333333333336 1.216327799949795
154000 165.90740740740742 165.90740740740742 116.9074074074074 0.5478395061728394 135.5185185185185 45.333333333333336 0.0 45.333333333333336 1.2053429000079632
156000 165.90740740740742 165.90740740740742 116.9074074074074 0.5478395061728394 135.5185185185185 45.333333333333336 0.0 45.333333333333336 1.3132547000423074
158000 165.90740740740742 165.90740740740742 116.9074074074074 0.5478395061728394 135.5185185185185 45.333333333333336 0.0 45.333333333333336 1.2314605000428855
160000 165.90740740740742 165.90740740740742 116.9074074074074 0.5478395061728394 135.5185185185185 45.333333333333336 0.0 45.333333333333336 1.2467212998308241
162000 165.90740740740742 165.90740740740742 116.9074074074074 0.5478395061728394 135.5185185185185 45.333333333333336 0.0 45.333333333333336 1.2363644000142813
164000 165.90740740740742 165.90740740740742 116.9074074074074 0.5478395061728394 135.5185185185185 45.333333333333336 0.0 45.333333333333336 1.2524315000046045
166000 165.90740740740742 165.90740740740742 116.9074074074074 0.5478395061728394 135.5185185185185 45.333333333333336 0.0 45.333333333333336 1.2069960001390427
168000 165.90740740740742 165.90740740740742 116.9074074074074 0.5478395061728394 135.5185185185185 45.333333333333336 0.0 45.333333333333336 1.2177230000961572
170000 165.90740740740742 165.90740740740742 116.9074074074074 0.5478395061728394 135.5185185185185 45.333333333333336 0.0 45.333333333333336 1.1449732999317348
172000 165.90740740740742 165.90740740740742 116.9074074074074 0.5478395061728394 135.5185185185185 45.333333333333336 0.0 45.333333333333336 1.2342492998577654
174000 165.90740740740742 165.90740740740742 116.9074074074074 0.5478395061728394 135.5185185185185 45.333333333333336 0.0 45.333333333333336 1.1757606000173837
176000 165.90740740740742 165.90740740740742 116.9074074074074 0.5478395061728394 135.5185185185185 45.333333333333336 0.0 45.333333333333336 1.19669030001387
178000 165.90740740740742 165.90740740740742 116.9074074074074 0.5478395061728394 135.5185185185185 45.333333333333336 0.0 45.333333333333336 1.2182320000138134
180000 165.90740740740742 165.90740740740742 116.9074074074074 0.5478395061728394 135.5185185185185 45.333333333333336 0.0 45.333333333333336 1.2809673000592738
182000 165.90740740740742 165.90740740740742 116.9074074074074 0.5478395061728394 135.5185185185185 45.333333333333336 0.0 45.333333333333336 1.1919821000192314
184000 165.90740740740742 165.90740740740742 116.9074074074074 0.5478395061728394 135.5185185185185 45.333333333333336 0.0 45.333333333333336 1.1853296000044793
186000 165.90740740740742 165.90740740740742 116.9074074074074 0.5478395061728394 135.5185185185185 45.333333333333336 0.0 45.333333333333336 1.2045014000032097
188000 165.90740740740742 165.90740740740742 116.9074074074074 0.5478395061728394 135.5185185185185 45.333333333333336 0.0 45.333333333333336 1.1711550001055002
190000 165.90740740740742 165.90740740740742 116.9074074074074 0.5478395061728394 135.5185185185185 45.333333333333336 0.0 45.333333333333336 1.270266299834475
192000 165.90740740740742 165.90740740740742 116.9074074074074 0.5478395061728394 135.5185185185185 45.333333333333336 0.0 45.333333333333336 1.1764339001383632
194000 165.90740740740742 165.90740740740742 116.9074074074074 0.5478395061728394 135.5185185185185 45.333333333333336 0.0 45.333333333333336 1.1637540999799967
196000 165.90740740740742 165.90740740740742 116.9074074074074 0.5478395061728394 135.5185185185185 45.333333333333336 0.0 45.333333333333336 1.111109800171107
198000 165.90740740740742 165.90740740740742 116.9074074074074 0.5478395061728394 135.5185185185185 45.333333333333336 0.0 45.333333333333336 1.2249181000515819
200000 165.90740740740742 165.90740740740742 116.9074074074074 0.5478395061728394 135.5185185185185 45.333333333333336 0.0 45.333333333333336 1.2309395000338554
202000 165.90740740740742 165.90740740740742 116.9074074074074 0.5478395061728394 135.5185185185185 45.333333333333336 0.0 45.333333333333336 1.1966347000561655
204000 165.90740740740742 165.90740740740742 116.9074074074074 0.5478395061728394 135.5185185185185 45.333333333333336 0.0 45.333333333333336 1.1862848999444395
206000 165.90740740740742 165.90740740740742 116.9074074074074 0.5478395061728394 135.5185185185185 45.333333333333336 0.0 45.333333333333336 1.2161997999064624
208000 165.90740740740742 165.90740740740742 116.9074074074074 0.5478395061728394 135.5185185185185 45.333333333333336 0.0 45.333333333333336 1.1853185000363737
210000 165.90740740740742 165.90740740740742 116.9074074074074 0.5478395061728394 135.5185185185185 45.333333333333336 0.0 45.333333333333336 1.2013600999489427
212000 165.90740740740742 165.90740740740742 116.9074074074074 0.5478395061728394 135.5185185185185 45.333333333333336 0.0 45.333333333333336 1.1713308000471443
214000 165.90740740740742 165.90740740740742 116.9074074074074 0.5478395061728394 135.5185185185185 45.333333333333336 0.0 45.333333333333336 1.2093386999331415
216000 165.90740740740742 165.90740740740742 116.9074074074074 0.5478395061728394 135.5185185185185 45.333333333333336 0.0 45.333333333333336 1.2373460000380874
218000 165.90740740740742 165.90740740740742 116.9074074074074 0.5478395061728394 135.5185185185185 45.333333333333336 0.0 45.333333333333336 1.2022591999266297
220000 165.90740740740742 165.90740740740742 116.9074074074074 0.5478395061728394 135.5185185185185 45.333333333333336 0.0 45.333333333333336 1.2901524000335485
222000 165.90740740740742 165.90740740740742 116.9074074074074 0.5478395061728394 135.5185185185185 45.333333333333336 0.0 45.333333333333336 1.1908820997923613
224000 165.90740740740742 165.90740740740742 116.9074074074074 0.5478395061728394 135.5185185185185 45.333333333333336 0.0 45.333333333333336 1.2058071999344975
226000 165.90740740740742 165.90740740740742 116.9074074074074 0.5478395061728394 135.5185185185185 45.333333333333336 0.0 45.333333333333336 1.257418500026688
228000 165.90740740740742 165.90740740740742 116.9074074074074 0.5478395061728394 135.5185185185185 45.333333333333336 0.0 45.333333333333336 1.2997632001060992
230000 165.90740740740742 165.90740740740742 116.9074074074074 0.5478395061728394 135.5185185185185 45.333333333333336 0.0 45.333333333333336 1.1979948999360204
232000 165.90740740740742 165.90740740740742 116.9074074074074 0.5478395061728394 135.5185185185185 45.333333333333336 0.0 45.333333333333336 1.202898200135678
234000 165.90740740740742 165.90740740740742 116.9074074074074 0.5478395061728394 135.5185185185185 45.333333333333336 0.0 45.333333333333336 1.2497429999057204
236000 165.90740740740742 165.90740740740742 116.9074074074074 0.5478395061728394 135.5185185185185 45.333333333333336 0.0 45.333333333333336 1.2481362000107765
238000 165.90740740740742 165.90740740740742 116.9074074074074 0.5478395061728394 135.5185185185185 45.333333333333336 0.0 45.333333333333336 1.2102699000388384
240000 165.90740740740742 165.90740740740742 116.9074074074074 0.5478395061728394 135.5185185185185 45.333333333333336 0.0 45.333333333333336 1.2766739001963288
242000 165.90740740740742 165.90740740740742 116.9074074074074 0.5478395061728394 135.5185185185185 45.333333333333336 0.0 45.333333333333336 1.1894322999287397
244000 165.90740740740742 165.90740740740742 116.9074074074074 0.5478395061728394 135.5185185185185 45.333333333333336 0.0 45.333333333333336 1.1723036000039428
246000 165.90740740740742 165.90740740740742 116.9074074074074 0.5478395061728394 135.5185185185185 45.333333333333336 0.0 45.333333333333336 1.421301799826324
248000 165.90740740740742 165.90740740740742 116.9074074074074 0.5478395061728394 135.5185185185185 45.333333333333336 0.0 45.333333333333336 1.1927026000339538
250000 165.90740740740742 165.90740740740742 116.9074074074074 0.5478395061728394 135.5185185185185 45.333333333333336 0.0 45.333333333333336 1.1951603000052273
252000 165.90740740740742 165.90740740740742 116.9074074074074 0.5478395061728394 135.5185185185185 45.333333333333336 0.0 45.333333333333336 1.2497207999695092
254000 165.90740740740742 165.90740740740742 116.9074074074074 0.5478395061728394 135.5185185185185 45.333333333333336 0.0 45.333333333333336 1.268301700009033
256000 165.90740740740742 165.90740740740742 116.9074074074074 0.5478395061728394 135.5185185185185 45.333333333333336 0.0 45.333333333333336 1.2639719999860972
258000 165.90740740740742 165.90740740740742 116.9074074074074 0.5478395061728394 135.5185185185185 45.333333333333336 0.0 45.333333333333336 1.2312950000632554
260000 165.90740740740742 165.90740740740742 116.9074074074074 0.5478395061728394 135.5185185185185 45.333333333333336 0.0 45.333333333333336 1.2724222000688314
262000 165.90740740740742 165.90740740740742 116.9074074074074 0.5478395061728394 135.5185185185185 45.333333333333336 0.0 45.333333333333336 1.2173872001003474
264000 165.90740740740742 165.90740740740742 116.9074074074074 0.5478395061728394 135.5185185185185 45.333333333333336 0.0 45.333333333333336 1.2068568000104278
266000 165.90740740740742 165.90740740740742 116.9074074074074 0.5478395061728394 135.5185185185185 45.333333333333336 0.0 45.333333333333336 1.2718515999149531
268000 165.90740740740742 165.90740740740742 116.9074074074074 0.5478395061728394 135.5185185185185 45.333333333333336 0.0 45.333333333333336 1.2995293999556452
270000 165.90740740740742 165.90740740740742 116.9074074074074 0.5478395061728394 135.5185185185185 45.333333333333336 0.0 45.333333333333336 1.2931605000048876
272000 165.90740740740742 165.90740740740742 116.9074074074074 0.5478395061728394 135.5185185185185 45.333333333333336 0.0 45.333333333333336 1.2736458000726998
274000 165.90740740740742 165.90740740740742 116.9074074074074 0.5478395061728394 135.5185185185185 45.333333333333336 0.0 45.333333333333336 1.188029000069946
276000 165.90740740740742 165.90740740740742 116.9074074074074 0.5478395061728394 135.5185185185185 45.333333333333336 0.0 45.333333333333336 1.1667641999665648
278000 165.90740740740742 165.90740740740742 116.9074074074074 0.5478395061728394 135.5185185185185 45.333333333333336 0.0 45.333333333333336 1.2285616002045572
280000 165.90740740740742 165.90740740740742 116.9074074074074 0.5478395061728394 135.5185185185185 45.333333333333336 0.0 45.333333333333336 1.3178342001046985
282000 165.90740740740742 165.90740740740742 116.9074074074074 0.5478395061728394 135.5185185185185 45.333333333333336 0.0 45.333333333333336 1.494618499884382
284000 165.90740740740742 165.90740740740742 116.9074074074074 0.5478395061728394 135.5185185185185 45.333333333333336 0.0 45.333333333333336 1.2514941999688745
286000 165.90740740740742 165.90740740740742 116.9074074074074 0.5478395061728394 135.5185185185185 45.333333333333336 0.0 45.333333333333336 1.3747593997977674
288000 165.90740740740742 165.90740740740742 116.9074074074074 0.5478395061728394 135.5185185185185 45.333333333333336 0.0 45.333333333333336 1.2221143001224846
290000 165.90740740740742 165.90740740740742 116.9074074074074 0.5478395061728394 135.5185185185185 45.333333333333336 0.0 45.333333333333336 1.2434942000545561
292000 165.90740740740742 165.90740740740742 116.9074074074074 0.5478395061728394 135.5185185185185 45.333333333333336 0.0 45.333333333333336 1.2700124999973923
294000 165.90740740740742 165.90740740740742 116.9074074074074 0.5478395061728394 135.5185185185185 45.333333333333336 0.0 45.333333333333336 1.2441700999625027
296000 165.90740740740742 165.90740740740742 116.9074074074074 0.5478395061728394 135.5185185185185 45.333333333333336 0.0 45.333333333333336 1.1942505000624806
298000 165.90740740740742 165.90740740740742 116.9074074074074 0.5478395061728394 135.5185185185185 45.333333333333336 0.0 45.333333333333336 1.294127400033176
300000 165.90740740740742 165.90740740740742 116.9074074074074 0.5478395061728394 135.5185185185185 45.333333333333336 0.0 45.333333333333336 1.2709472998976707
302000 165.90740740740742 165.90740740740742 116.9074074074074 0.5478395061728394 135.5185185185185 45.333333333333336 0.0 45.333333333333336 1.2089614998549223
304000 165.90740740740742 165.90740740740742 116.9074074074074 0.5478395061728394 135.5185185185185 45.333333333333336 0.0 45.333333333333336 1.195205699885264
306000 165.90740740740742 165.90740740740742 116.9074074074074 0.5478395061728394 135.5185185185185 45.333333333333336 0.0 45.333333333333336 1.2552690000738949
308000 165.90740740740742 165.90740740740742 116.9074074074074 0.5478395061728394 135.5185185185185 45.333333333333336 0.0 45.333333333333336 1.1813574000261724
310000 165.90740740740742 165.90740740740742 116.9074074074074 0.5478395061728394 135.5185185185185 45.333333333333336 0.0 45.333333333333336 1.3505359999835491
312000 165.90740740740742 165.90740740740742 116.9074074074074 0.5478395061728394 135.5185185185185 45.333333333333336 0.0 45.333333333333336 1.2799413001630455
314000 165.90740740740742 165.90740740740742 116.9074074074074 0.5478395061728394 135.5185185185185 45.333333333333336 0.0 45.333333333333336 1.2221956998109818
316000 165.90740740740742 165.90740740740742 116.9074074074074 0.5478395061728394 135.5185185185185 45.333333333333336 0.0 45.333333333333336 1.336139300139621
318000 165.90740740740742 165.90740740740742 116.9074074074074 0.5478395061728394 135.5185185185185 45.333333333333336 0.0 45.333333333333336 1.1951108002103865
320000 165.90740740740742 165.90740740740742 116.9074074074074 0.5478395061728394 135.5185185185185 45.333333333333336 0.0 45.333333333333336 1.310208800015971
322000 165.90740740740742 165.90740740740742 116.9074074074074 0.5478395061728394 135.5185185185185 45.333333333333336 0.0 45.333333333333336 1.3789349999278784
324000 165.90740740740742 165.90740740740742 116.9074074074074 0.5478395061728394 135.5185185185185 45.333333333333336 0.0 45.333333333333336 1.2775699999183416
326000 165.90740740740742 165.90740740740742 116.9074074074074 0.5478395061728394 135.5185185185185 45.333333333333336 0.0 45.333333333333336 1.217050600098446
328000 165.90740740740742 165.90740740740742 116.9074074074074 0.5478395061728394 135.5185185185185 45.333333333333336 0.0 45.333333333333336 1.1748738999012858
330000 165.90740740740742 165.90740740740742 116.9074074074074 0.5478395061728394 135.5185185185185 45.333333333333336 0.0 45.333333333333336 1.2448952000122517
332000 165.90740740740742 165.90740740740742 116.9074074074074 0.5478395061728394 135.5185185185185 45.333333333333336 0.0 45.333333333333336 1.2795887999236584
334000 165.90740740740742 165.90740740740742 116.9074074074074 0.5478395061728394 135.5185185185185 45.333333333333336 0.0 45.333333333333336 1.2236499001737684
336000 165.90740740740742 165.90740740740742 116.9074074074074 0.5478395061728394 135.5185185185185 45.333333333333336 0.0 45.333333333333336 1.2895307999569923
338000 165.90740740740742 165.90740740740742 116.9074074074074 0.5478395061728394 135.5185185185185 45.333333333333336 0.0 45.333333333333336 1.3028343000914901
340000 165.90740740740742 165.90740740740742 116.9074074074074 0.5478395061728394 135.5185185185185 45.333333333333336 0.0 45.333333333333336 1.4222764000296593
342000 165.90740740740742 165.90740740740742 116.9074074074074 0.5478395061728394 135.5185185185185 45.333333333333336 0.0 45.333333333333336 1.1983426997903734
344000 165.90740740740742 165.90740740740742 116.9074074074074 0.5478395061728394 135.5185185185185 45.333333333333336 0.0 45.333333333333336 1.1924203999806195
346000 165.90740740740742 165.90740740740742 116.9074074074074 0.5478395061728394 135.5185185185185 45.333333333333336 0.0 45.333333333333336 1.2537880998570472
348000 165.90740740740742 165.90740740740742 116.9074074074074 0.5478395061728394 135.5185185185185 45.333333333333336 0.0 45.333333333333336 1.2642786998767406
350000 165.90740740740742 165.90740740740742 116.9074074074074 0.5478395061728394 135.5185185185185 45.333333333333336 0.0 45.333333333333336 1.2177694998681545
352000 165.90740740740742 165.90740740740742 116.9074074074074 0.5478395061728394 135.5185185185185 45.333333333333336 0.0 45.333333333333336 1.220794799970463
354000 165.90740740740742 165.90740740740742 116.9074074074074 0.5478395061728394 135.5185185185185 45.333333333333336 0.0 45.333333333333336 1.1885902001522481
356000 165.90740740740742 165.90740740740742 116.9074074074074 0.5478395061728394 135.5185185185185 45.333333333333336 0.0 45.333333333333336 1.424190599936992
358000 165.90740740740742 165.90740740740742 116.9074074074074 0.5478395061728394 135.5185185185185 45.333333333333336 0.0 45.333333333333336 1.2081996998749673
360000 165.90740740740742 165.90740740740742 116.9074074074074 0.5478395061728394 135.5185185185185 45.333333333333336 0.0 45.333333333333336 1.2050377998966724
362000 165.90740740740742 165.90740740740742 116.9074074074074 0.5478395061728394 135.5185185185185 45.333333333333336 0.0 45.333333333333336 1.19578339997679
364000 165.90740740740742 165.90740740740742 116.9074074074074 0.5478395061728394 135.5185185185185 45.333333333333336 0.0 45.333333333333336 1.2241109998431057
366000 165.90740740740742 165.90740740740742 116.9074074074074 0.5478395061728394 135.5185185185185 45.333333333333336 0.0 45.333333333333336 1.2379571001511067
368000 165.90740740740742 165.90740740740742 116.9074074074074 0.5478395061728394 135.5185185185185 45.333333333333336 0.0 45.333333333333336 1.2434851999860257
370000 165.90740740740742 165.90740740740742 116.9074074074074 0.5478395061728394 135.5185185185185 45.333333333333336 0.0 45.333333333333336 1.2439015998970717
372000 165.90740740740742 165.90740740740742 116.9074074074074 0.5478395061728394 135.5185185185185 45.333333333333336 0.0 45.333333333333336 1.3196758998092264
374000 165.90740740740742 165.90740740740742 116.9074074074074 0.5478395061728394 135.5185185185185 45.333333333333336 0.0 45.333333333333336 1.245280999923125
376000 165.90740740740742 165.90740740740742 116.9074074074074 0.5478395061728394 135.5185185185185 45.333333333333336 0.0 45.333333333333336 1.1980961998924613
378000 165.90740740740742 165.90740740740742 116.9074074074074 0.5478395061728394 135.5185185185185 45.333333333333336 0.0 45.333333333333336 1.2811734001152217
380000 165.90740740740742 165.90740740740742 116.9074074074074 0.5478395061728394 135.5185185185185 45.333333333333336 0.0 45.333333333333336 1.2432059000711888
382000 165.90740740740742 165.90740740740742 116.9074074074074 0.5478395061728394 135.5185185185185 45.333333333333336 0.0 45.333333333333336 1.3047334000002593
384000 165.90740740740742 165.90740740740742 116.9074074074074 0.5478395061728394 135.5185185185185 45.333333333333336 0.0 45.333333333333336 1.2208063998259604
386000 165.90740740740742 165.90740740740742 116.9074074074074 0.5478395061728394 135.5185185185185 45.333333333333336 0.0 45.333333333333336 1.2036176000256091
388000 165.90740740740742 165.90740740740742 116.9074074074074 0.5478395061728394 135.5185185185185 45.333333333333336 0.0 45.333333333333336 1.3198528999928385
390000 165.90740740740742 165.90740740740742 116.9074074074074 0.5478395061728394 135.5185185185185 45.333333333333336 0.0 45.333333333333336 1.3403733000159264
392000 165.90740740740742 165.90740740740742 116.9074074074074 0.5478395061728394 135.5185185185185 45.333333333333336 0.0 45.333333333333336 1.2382687001954764
394000 165.90740740740742 165.90740740740742 116.9074074074074 0.5478395061728394 135.5185185185185 45.333333333333336 0.0 45.333333333333336 1.1982881999574602
396000 165.90740740740742 165.90740740740742 116.9074074074074 0.5478395061728394 135.5185185185185 45.333333333333336 0.0 45.333333333333336 1.159516500076279
398000 165.90740740740742 165.90740740740742 116.9074074074074 0.5478395061728394 135.5185185185185 45.333333333333336 0.0 45.333333333333336 1.2573995001148432
400000 165.90740740740742 165.90740740740742 116.9074074074074 0.5478395061728394 135.5185185185185 45.333333333333336 0.0 45.333333333333336 1.3752881998661906
402000 165.90740740740742 165.90740740740742 116.9074074074074 0.5478395061728394 135.5185185185185 45.333333333333336 0.0 45.333333333333336 1.2580391000956297
404000 165.90740740740742 165.90740740740742 116.9074074074074 0.5478395061728394 135.5185185185185 45.333333333333336 0.0 45.333333333333336 1.3900142000056803
406000 165.90740740740742 165.90740740740742 116.9074074074074 0.5478395061728394 135.5185185185185 45.333333333333336 0.0 45.333333333333336 1.3500949998851866
408000 165.90740740740742 165.90740740740742 116.9074074074074 0.5478395061728394 135.5185185185185 45.333333333333336 0.0 45.333333333333336 1.2556209999602288
410000 165.90740740740742 165.90740740740742 116.9074074074074 0.5478395061728394 135.5185185185185 45.333333333333336 0.0 45.333333333333336 1.20451489998959
412000 165.90740740740742 165.90740740740742 116.9074074074074 0.5478395061728394 135.5185185185185 45.333333333333336 0.0 45.333333333333336 1.2661812000442296
414000 165.90740740740742 165.90740740740742 116.9074074074074 0.5478395061728394 135.5185185185185 45.333333333333336 0.0 45.333333333333336 1.3138156000059098
416000 165.90740740740742 165.90740740740742 116.9074074074074 0.5478395061728394 135.5185185185185 45.333333333333336 0.0 45.333333333333336 1.24316280009225
418000 165.90740740740742 165.90740740740742 116.9074074074074 0.5478395061728394 135.5185185185185 45.333333333333336 0.0 45.333333333333336 1.1389409999828786
420000 165.90740740740742 165.90740740740742 116.9074074074074 0.5478395061728394 135.5185185185185 45.333333333333336 0.0 45.333333333333336 1.2588036998640746
422000 165.90740740740742 165.90740740740742 116.9074074074074 0.5478395061728394 135.5185185185185 45.333333333333336 0.0 45.333333333333336 1.27311410009861
424000 165.90740740740742 165.90740740740742 116.9074074074074 0.5478395061728394 135.5185185185185 45.333333333333336 0.0 45.333333333333336 1.234601499978453
426000 165.90740740740742 165.90740740740742 116.9074074074074 0.5478395061728394 135.5185185185185 45.333333333333336 0.0 45.333333333333336 1.248106500133872
428000 165.90740740740742 165.90740740740742 116.9074074074074 0.5478395061728394 135.5185185185185 45.333333333333336 0.0 45.333333333333336 1.2697074001189321
430000 165.90740740740742 165.90740740740742 116.9074074074074 0.5478395061728394 135.5185185185185 45.333333333333336 0.0 45.333333333333336 1.224924199981615
432000 165.90740740740742 165.90740740740742 116.9074074074074 0.5478395061728394 135.5185185185185 45.333333333333336 0.0 45.333333333333336 1.2196116000413895
434000 165.90740740740742 165.90740740740742 116.9074074074074 0.5478395061728394 135.5185185185185 45.333333333333336 0.0 45.333333333333336 1.217523300088942
436000 165.90740740740742 165.90740740740742 116.9074074074074 0.5478395061728394 135.5185185185185 45.333333333333336 0.0 45.333333333333336 1.259907699888572
438000 165.90740740740742 165.90740740740742 116.9074074074074 0.5478395061728394 135.5185185185185 45.333333333333336 0.0 45.333333333333336 1.2505884000565857
440000 165.90740740740742 165.90740740740742 116.9074074074074 0.5478395061728394 135.5185185185185 45.333333333333336 0.0 45.333333333333336 1.2467524998355657
442000 165.90740740740742 165.90740740740742 116.9074074074074 0.5478395061728394 135.5185185185185 45.333333333333336 0.0 45.333333333333336 1.2716706001665443
444000 165.90740740740742 165.90740740740742 116.9074074074074 0.5478395061728394 135.5185185185185 45.333333333333336 0.0 45.333333333333336 1.2660745999310166
446000 165.90740740740742 165.90740740740742 116.9074074074074 0.5478395061728394 135.5185185185185 45.333333333333336 0.0 45.333333333333336 1.2116347001865506
448000 165.90740740740742 165.90740740740742 116.9074074074074 0.5478395061728394 135.5185185185185 45.333333333333336 0.0 45.333333333333336 1.2762809998821467
450000 165.90740740740742 165.90740740740742 116.9074074074074 0.5478395061728394 135.5185185185185 45.333333333333336 0.0 45.333333333333336 1.2495363000780344
452000 165.90740740740742 165.90740740740742 116.9074074074074 0.5478395061728394 135.5185185185185 45.333333333333336 0.0 45.333333333333336 1.2745439999271184
454000 165.90740740740742 165.90740740740742 116.9074074074074 0.5478395061728394 135.5185185185185 45.333333333333336 0.0 45.333333333333336 1.1958147999830544
456000 165.90740740740742 165.90740740740742 116.9074074074074 0.5478395061728394 135.5185185185185 45.333333333333336 0.0 45.333333333333336 1.2621365999802947
458000 165.90740740740742 165.90740740740742 116.9074074074074 0.5478395061728394 135.5185185185185 45.333333333333336 0.0 45.333333333333336 1.218488500220701
460000 165.90740740740742 165.90740740740742 116.9074074074074 0.5478395061728394 135.5185185185185 45.333333333333336 0.0 45.333333333333336 1.141550000058487
462000 165.90740740740742 165.90740740740742 116.9074074074074 0.5478395061728394 135.5185185185185 45.333333333333336 0.0 45.333333333333336 1.2719393000006676
464000 165.90740740740742 165.90740740740742 116.9074074074074 0.5478395061728394 135.5185185185185 45.333333333333336 0.0 45.333333333333336 1.2984964998904616
466000 165.90740740740742 165.90740740740742 116.9074074074074 0.5478395061728394 135.5185185185185 45.333333333333336 0.0 45.333333333333336 1.2607658000197262
468000 165.90740740740742 165.90740740740742 116.9074074074074 0.5478395061728394 135.5185185185185 45.333333333333336 0.0 45.333333333333336 1.3547309001442045
470000 165.90740740740742 165.90740740740742 116.9074074074074 0.5478395061728394 135.5185185185185 45.333333333333336 0.0 45.333333333333336 1.2148239999078214
472000 165.90740740740742 165.90740740740742 116.9074074074074 0.5478395061728394 135.5185185185185 45.333333333333336 0.0 45.333333333333336 1.1459013998974115
474000 165.90740740740742 165.90740740740742 116.9074074074074 0.5478395061728394 135.5185185185185 45.333333333333336 0.0 45.333333333333336 1.2003832999616861
476000 165.90740740740742 165.90740740740742 116.9074074074074 0.5478395061728394 135.5185185185185 45.333333333333336 0.0 45.333333333333336 1.1679225000552833
478000 165.90740740740742 165.90740740740742 116.9074074074074 0.5478395061728394 135.5185185185185 45.333333333333336 0.0 45.333333333333336 1.2311096999328583
480000 165.90740740740742 165.90740740740742 116.9074074074074 0.5478395061728394 135.5185185185185 45.333333333333336 0.0 45.333333333333336 1.2409584000706673
482000 165.90740740740742 165.90740740740742 116.9074074074074 0.5478395061728394 135.5185185185185 45.333333333333336 0.0 45.333333333333336 1.2450827998109162
484000 165.90740740740742 165.90740740740742 116.9074074074074 0.5478395061728394 135.5185185185185 45.333333333333336 0.0 45.333333333333336 1.2717832999769598
486000 165.90740740740742 165.90740740740742 116.9074074074074 0.5478395061728394 135.5185185185185 45.333333333333336 0.0 45.333333333333336 1.2262444000225514
488000 165.90740740740742 165.90740740740742 116.9074074074074 0.5478395061728394 135.5185185185185 45.333333333333336 0.0 45.333333333333336 1.3623726998921484
490000 165.90740740740742 165.90740740740742 116.9074074074074 0.5478395061728394 135.5185185185185 45.333333333333336 0.0 45.333333333333336 1.234918000176549
492000 165.90740740740742 165.90740740740742 116.9074074074074 0.5478395061728394 135.5185185185185 45.333333333333336 0.0 45.333333333333336 1.381717799929902
494000 165.90740740740742 165.90740740740742 116.9074074074074 0.5478395061728394 135.5185185185185 45.333333333333336 0.0 45.333333333333336 1.0376697999890894
496000 165.90740740740742 165.90740740740742 116.9074074074074 0.5478395061728394 135.5185185185185 45.333333333333336 0.0 45.333333333333336 1.088372099911794
498000 165.90740740740742 165.90740740740742 116.9074074074074 0.5478395061728394 135.5185185185185 45.333333333333336 0.0 45.333333333333336 1.0603093998506665
500000 165.90740740740742 165.90740740740742 116.9074074074074 0.5478395061728394 135.5185185185185 45.333333333333336 0.0 45.333333333333336 0.9975950000807643
