2000 6.592592592592593 5.518518518518518 127.44444444444444 0.15586419753086422 135.5185185185185 45.333333333333336 0.0 45.333333333333336 0.910549399908632
4000 6.87037037037037 5.333333333333333 126.11111111111111 0.19598765432098764 135.5185185185185 45.333333333333336 0.0 45.333333333333336 0.9617049000225961
6000 15.037037037037036 5.833333333333333 123.57407407407408 0.3101851851851852 135.5185185185185 45.333333333333336 0.0 45.333333333333336 1.2132156000006944
8000 16.037037037037038 15.981481481481481 123.66666666666667 0.33024691358024694 135.5185185185185 45.333333333333336 0.0 45.333333333333336 1.149778899969533
10000 20.85185185185185 20.85185185185185 122.83333333333333 0.37808641975308643 135.5185185185185 45.333333333333336 0.0 45.333333333333336 1.2591979000717402
12000 20.48148148148148 20.48148148148148 122.92592592592592 0.37808641975308643 135.5185185185185 45.333333333333336 0.0 45.333333333333336 1.1489740998949856
14000 23.166666666666668 23.166666666666668 121.74074074074075 0.4274691358024691 135.5185185185185 45.333333333333336 0.018518518518518517 45.31481481481482 1.1552293999120593
16000 18.555555555555557 7.277777777777778 122.74074074074075 0.35493827160493824 135.5185185185185 45.333333333333336 0.018518518518518517 45.31481481481482 1.1803343000356108
18000 22.037037037037038 10.75925925925926 122.5925925925926 0.3657407407407407 135.5185185185185 45.333333333333336 0.018518518518518517 45.31481481481482 1.4743053000420332
20000 22.037037037037038 10.75925925925926 122.5925925925926 0.3657407407407407 135.5185185185185 45.333333333333336 0.018518518518518517 45.31481481481482 1.215427199844271
22000 22.037037037037038 10.75925925925926 122.5925925925926 0.3657407407407407 135.5185185185185 45.333333333333336 0.018518518518518517 45.31481481481482 1.2035139000508934
24000 32.77777777777778 32.77777777777778 121.29629629629629 0.4012345679012345 135.5185185185185 45.333333333333336 0.018518518518518517 45.31481481481482 1.13440000009723
26000 32.77777777777778 32.77777777777778 121.29629629629629 0.4012345679012345 135.5185185185185 45.333333333333336 0.018518518518518517 45.31481481481482 1.1468023001216352
28000 54.7037037037037 54.7037037037037 120.33333333333333 0.44907407407407407 135.5185185185185 45.333333333333336 0.0 45.333333333333336 1.1990414999891073
30000 54.7037037037037 54.7037037037037 120.33333333333333 0.44907407407407407 135.5185185185185 45.333333333333336 0.0 45.333333333333336 1.3193314999807626
32000 184.46296296296296 184.46296296296296 117.46296296296296 0.5478395061728395 135.5185185185185 45.333333333333336 0.0 45.333333333333336 1.2215695998165756
34000 184.46296296296296 184.46296296296296 117.46296296296296 0.5478395061728395 135.5185185185185 45.333333333333336 0.0 45.333333333333336 1.1618591002188623
36000 184.46296296296296 184.46296296296296 117.46296296296296 0.5478395061728395 135.5185185185185 45.333333333333336 0.0 45.333333333333336 1.3929779001045972
38000 184.46296296296296 184.46296296296296 117.46296296296296 0.5478395061728395 135.5185185185185 45.333333333333336 0.0 45.333333333333336 1.3941589000169188
40000 184.46296296296296 184.46296296296296 117.46296296296296 0.5478395061728395 135.5185185185185 45.333333333333336 0.0 45.333333333333336 1.242645800113678
42000 184.46296296296296 184.46296296296296 117.46296296296296 0.5478395061728395 135.5185185185185 45.333333333333336 0.0 45.333333333333336 1.2368680001236498
44000 184.46296296296296 184.46296296296296 117.46296296296296 0.5478395061728395 135.5185185185185 45.333333333333336 0.0 45.333333333333336 1.2953635999001563
46000 184.46296296296296 184.46296296296296 117.46296296296296 0.5478395061728395 135.5185185185185 45.333333333333336 0.0 45.333333333333336 1.2132981999311596
48000 184.46296296296296 184.46296296296296 117.46296296296296 0.5478395061728395 135.5185185185185 45.333333333333336 0.0 45.333333333333336 1.2070935000665486
50000 184.46296296296296 184.46296296296296 117.46296296296296 0.5478395061728395 135.5185185185185 45.333333333333336 0.0 45.333333333333336 1.1953060000669211
52000 184.46296296296296 184.46296296296296 117.46296296296296 0.5478395061728395 135.5185185185185 45.333333333333336 0.0 45.333333333333336 1.2426940000150353
54000 184.46296296296296 184.46296296296296 117.46296296296296 0.5478395061728395 135.5185185185185 45.333333333333336 0.0 45.333333333333336 1.194160900078714
56000 184.46296296296296 184.46296296296296 117.46296296296296 0.5478395061728395 135.5185185185185 45.333333333333336 0.0 45.333333333333336 1.1515019999351352
58000 184.46296296296296 184.46296296296296 117.46296296296296 0.5478395061728395 135.5185185185185 45.333333333333336 0.0 45.333333333333336 1.1974787001963705
60000 184.46296296296296 184.46296296296296 117.46296296296296 0.5478395061728395 135.5185185185185 45.333333333333336 0.0 45.333333333333336 1.2613633999135345
62000 166.46296296296296 51.25925925925926 118.0 0.5432098765432098 135.5185185185185 45.333333333333336 0.0 45.333333333333336 1.1936288999859244
64000 166.46296296296296 51.25925925925926 118.0 0.5432098765432098 135.5185185185185 45.333333333333336 0.0 45.333333333333336 1.3079067000653595
66000 166.46296296296296 51.25925925925926 118.0 0.5432098765432098 135.5185185185185 45.333333333333336 0.0 45.333333333333336 1.2702555998694152
68000 166.46296296296296 51.25925925925926 118.0 0.5432098765432098 135.5185185185185 45.333333333333336 0.0 45.333333333333336 1.2826827000826597
70000 166.46296296296296 51.25925925925926 118.0 0.5432098765432098 135.5185185185185 45.333333333333336 0.0 45.333333333333336 1.249188099987805
72000 166.46296296296296 51.25925925925926 118.0 0.5432098765432098 135.5185185185185 45.333333333333336 0.0 45.333333333333336 1.277262199902907
74000 166.46296296296296 51.25925925925926 118.0 0.5432098765432098 135.5185185185185 45.333333333333336 0.0 45.333333333333336 1.2655205000191927
76000 166.46296296296296 51.25925925925926 118.0 0.5432098765432098 135.5185185185185 45.333333333333336 0.0 45.333333333333336 1.2382084000855684
78000 166.46296296296296 51.25925925925926 118.0 0.5432098765432098 135.5185185185185 45.333333333333336 0.0 45.333333333333336 1.18985589989461
80000 166.46296296296296 51.25925925925926 118.0 0.5432098765432098 135.5185185185185 45.333333333333336 0.0 45.333333333333336 1.2169590999837965
82000 166.46296296296296 51.25925925925926 118.0 0.5432098765432098 135.5185185185185 45.333333333333336 0.0 45.333333333333336 1.2049021001439542
84000 166.46296296296296 51.25925925925926 118.0 0.5432098765432098 135.5185185185185 45.333333333333336 0.0 45.333333333333336 1.3483116999268532
86000 166.46296296296296 51.25925925925926 118.0 0.5432098765432098 135.5185185185185 45.333333333333336 0.0 45.333333333333336 1.2266916998196393
88000 184.46296296296296 184.46296296296296 117.46296296296296 0.5478395061728395 135.5185185185185 45.333333333333336 0.0 45.333333333333336 1.2087631998583674
90000 184.46296296296296 184.46296296296296 117.46296296296296 0.5478395061728395 135.5185185185185 45.333333333333336 0.0 45.333333333333336 1.312029300024733
92000 184.46296296296296 184.46296296296296 117.46296296296296 0.5478395061728395 135.5185185185185 45.333333333333336 0.0 45.333333333333336 1.257624699966982
94000 184.46296296296296 184.46296296296296 117.46296296296296 0.5478395061728395 135.5185185185185 45.333333333333336 0.0 45.333333333333336 1.2232315000146627
96000 184.46296296296296 184.46296296296296 117.46296296296296 0.5478395061728395 135.5185185185185 45.333333333333336 0.0 45.333333333333336 1.3452063999138772
98000 166.46296296296296 51.25925925925926 118.0 0.5432098765432098 135.5185185185185 45.333333333333336 0.0 45.333333333333336 1.2848408001009375
100000 184.46296296296296 184.46296296296296 117.46296296296296 0.5478395061728395 135.5185185185185 45.333333333333336 0.0 45.333333333333336 1.230321800103411
102000 184.46296296296296 184.46296296296296 117.46296296296296 0.5478395061728395 135.5185185185185 45.333333333333336 0.0 45.333333333333336 1.2285901999566704
104000 184.46296296296296 184.46296296296296 117.46296296296296 0.5478395061728395 135.5185185185185 45.333333333333336 0.0 45.333333333333336 1.3056329998653382
106000 184.46296296296296 184.46296296296296 117.46296296296296 0.5478395061728395 135.5185185185185 45.333333333333336 0.0 45.333333333333336 1.204240399878472
108000 184.46296296296296 184.46296296296296 117.46296296296296 0.5478395061728395 135.5185185185185 45.333333333333336 0.0 45.333333333333336 1.2142115000169724
110000 184.46296296296296 184.46296296296296 117.46296296296296 0.5478395061728395 135.5185185185185 45.333333333333336 0.0 45.333333333333336 1.1397875000257045
112000 184.46296296296296 184.46296296296296 117.46296296296296 0.5478395061728395 135.5185185185185 45.333333333333336 0.0 45.333333333333336 1.2207025999668986
114000 184.46296296296296 184.46296296296296 117.46296296296296 0.5478395061728395 135.5185185185185 45.333333333333336 0.0 45.333333333333336 1.1582705001346767
116000 184.46296296296296 184.46296296296296 117.46296296296296 0.5478395061728395 135.5185185185185 45.333333333333336 0.0 45.333333333333336 1.1809677998535335
118000 184.46296296296296 184.46296296296296 117.46296296296296 0.5478395061728395 135.5185185185185 45.333333333333336 0.0 45.333333333333336 1.2549598000478
120000 184.46296296296296 184.46296296296296 117.46296296296296 0.5478395061728395 135.5185185185185 45.333333333333336 0.0 45.333333333333336 1.2423000999260694
122000 184.46296296296296 184.46296296296296 117.46296296296296 0.5478395061728395 135.5185185185185 45.333333333333336 0.0 45.333333333333336 1.468931300099939
124000 220.24074074074073 220.24074074074073 116.51851851851852 0.5108024691358024 135.5185185185185 45.333333333333336 0.0 45.333333333333336 1.2788873000536114
126000 184.46296296296296 184.46296296296296 117.46296296296296 0.5478395061728395 135.5185185185185 45.333333333333336 0.0 45.333333333333336 1.1927144001238048
128000 184.46296296296296 184.46296296296296 117.46296296296296 0.5478395061728395 135.5185185185185 45.333333333333336 0.0 45.333333333333336 1.2462975999806076
130000 220.24074074074073 220.24074074074073 116.51851851851852 0.5108024691358024 135.5185185185185 45.333333333333336 0.0 45.333333333333336 1.2142332999501377
132000 220.24074074074073 220.24074074074073 116.51851851851852 0.5108024691358024 135.5185185185185 45.333333333333336 0.0 45.333333333333336 1.2581664000172168
134000 220.24074074074073 220.24074074074073 116.51851851851852 0.5108024691358024 135.5185185185185 45.333333333333336 0.0 45.333333333333336 1.2606095999944955
136000 220.24074074074073 220.24074074074073 116.51851851851852 0.5108024691358024 135.5185185185185 45.333333333333336 0.0 45.333333333333336 1.2898733001202345
138000 220.24074074074073 220.24074074074073 116.51851851851852 0.5108024691358024 135.5185185185185 45.333333333333336 0.0 45.333333333333336 1.3216665999498218
140000 220.24074074074073 220.24074074074073 116.51851851851852 0.5108024691358024 135.5185185185185 45.333333333333336 0.0 45.333333333333336 1.2779859001748264
142000 220.24074074074073 220.24074074074073 116.51851851851852 0.5108024691358024 135.5185185185185 45.333333333333336 0.0 45.333333333333336 1.2045676000416279
144000 220.24074074074073 220.24074074074073 116.51851851851852 0.5108024691358024 135.5185185185185 45.333333333333336 0.0 45.333333333333336 1.2144460000563413
146000 220.24074074074073 220.24074074074073 116.51851851851852 0.5108024691358024 135.5185185185185 45.333333333333336 0.0 45.333333333333336 1.2136197001673281
148000 220.24074074074073 220.24074074074073 116.51851851851852 0.5108024691358024 135.5185185185185 45.333333333333336 0.0 45.333333333333336 1.2245563000906259
150000 220.24074074074073 220.24074074074073 116.51851851851852 0.5108024691358024 135.5185185185185 45.333333333333336 0.0 45.333333333333336 1.2516423999331892
152000 220.24074074074073 220.24074074074073 116.51851851851852 0.5108024691358024 135.5185185185185 45.333333333333336 0.0 45.333333333333336 1.2458246999885887
154000 220.24074074074073 220.24074074074073 116.51851851851852 0.5108024691358024 135.5185185185185 45.333333333333336 0.0 45.333333333333336 1.1929536000825465
156000 220.24074074074073 220.24074074074073 116.51851851851852 0.5108024691358024 135.5185185185185 45.333333333333336 0.0 45.333333333333336 1.2134071001783013
158000 220.24074074074073 220.24074074074073 116.51851851851852 0.5108024691358024 135.5185185185185 45.333333333333336 0.0 45.333333333333336 1.2003694998566061
160000 220.24074074074073 220.24074074074073 116.51851851851852 0.5108024691358024 135.5185185185185 45.333333333333336 0.0 45.333333333333336 1.3537593001965433
162000 220.24074074074073 220.24074074074073 116.51851851851852 0.5108024691358024 135.5185185185185 45.333333333333336 0.0 45.333333333333336 1.2207188000902534
164000 220.24074074074073 220.24074074074073 116.51851851851852 0.5108024691358024 135.5185185185185 45.333333333333336 0.0 45.333333333333336 1.2008208998013288
166000 220.24074074074073 220.24074074074073 116.51851851851852 0.5108024691358024 135.5185185185185 45.333333333333336 0.0 45.333333333333336 1.2253205999732018
168000 220.24074074074073 220.24074074074073 116.51851851851852 0.5108024691358024 135.5185185185185 45.333333333333336 0.0 45.333333333333336 1.2546979999169707
170000 220.24074074074073 220.24074074074073 116.51851851851852 0.5108024691358024 135.5185185185185 45.333333333333336 0.0 45.333333333333336 1.2225748000200838
172000 220.24074074074073 220.24074074074073 116.51851851851852 0.5108024691358024 135.5185185185185 45.333333333333336 0.0 45.333333333333336 1.2605181999970227
174000 220.24074074074073 220.24074074074073 116.51851851851852 0.5108024691358024 135.5185185185185 45.333333333333336 0.0 45.333333333333336 1.180358599871397
176000 220.24074074074073 220.24074074074073 116.51851851851852 0.5108024691358024 135.5185185185185 45.333333333333336 0.0 45.333333333333336 1.19704580004327
178000 220.24074074074073 220.24074074074073 116.51851851851852 0.5108024691358024 135.5185185185185 45.333333333333336 0.0 45.333333333333336 1.2473152000457048
180000 220.24074074074073 220.24074074074073 116.51851851851852 0.5108024691358024 135.5185185185185 45.333333333333336 0.0 45.333333333333336 1.2373422000091523
182000 220.24074074074073 220.24074074074073 116.51851851851852 0.5108024691358024 135.5185185185185 45.333333333333336 0.0 45.333333333333336 1.2037275999318808
184000 220.24074074074073 220.24074074074073 116.51851851851852 0.5108024691358024 135.5185185185185 45.333333333333336 0.0 45.333333333333336 1.173314199782908
186000 220.24074074074073 220.24074074074073 116.51851851851852 0.5108024691358024 135.5185185185185 45.333333333333336 0.0 45.333333333333336 1.1819923999719322
188000 220.24074074074073 220.24074074074073 116.51851851851852 0.5108024691358024 135.5185185185185 45.333333333333336 0.0 45.333333333333336 1.182597199920565
190000 220.24074074074073 220.24074074074073 116.51851851851852 0.5108024691358024 135.5185185185185 45.333333333333336 0.0 45.333333333333336 1.2028310999739915
192000 220.24074074074073 220.24074074074073 116.51851851851852 0.5108024691358024 135.5185185185185 45.333333333333336 0.0 45.333333333333336 1.1810618999879807
194000 220.24074074074073 220.24074074074073 116.51851851851852 0.5108024691358024 135.5185185185185 45.333333333333336 0.0 45.333333333333336 1.2371946999337524
196000 220.24074074074073 220.24074074074073 116.51851851851852 0.5108024691358024 135.5185185185185 45.333333333333336 0.0 45.333333333333336 1.2330511000473052
198000 220.24074074074073 220.24074074074073 116.51851851851852 0.5108024691358024 135.5185185185185 45.333333333333336 0.0 45.333333333333336 1.2421810999512672
200000 220.24074074074073 220.24074074074073 116.51851851851852 0.5108024691358024 135.5185185185185 45.333333333333336 0.0 45.333333333333336 1.1592339999042451
202000 220.24074074074073 220.24074074074073 116.51851851851852 0.5108024691358024 135.5185185185185 45.333333333333336 0.0 45.333333333333336 1.19075519987382
204000 220.24074074074073 220.24074074074073 116.51851851851852 0.5108024691358024 135.5185185185185 45.333333333333336 0.0 45.333333333333336 1.1569352000951767
206000 220.24074074074073 220.24074074074073 116.51851851851852 0.5108024691358024 135.5185185185185 45.333333333333336 0.0 45.333333333333336 1.199322999920696
208000 220.24074074074073 220.24074074074073 116.51851851851852 0.5108024691358024 135.5185185185185 45.333333333333336 0.0 45.333333333333336 1.2155249000061303
210000 220.24074074074073 220.24074074074073 116.51851851851852 0.5108024691358024 135.5185185185185 45.333333333333336 0.0 45.333333333333336 1.227041499922052
212000 220.24074074074073 220.24074074074073 116.51851851851852 0.5108024691358024 135.5185185185185 45.333333333333336 0.0 45.333333333333336 1.18123700004071
214000 220.24074074074073 220.24074074074073 116.51851851851852 0.5108024691358024 135.5185185185185 45.333333333333336 0.0 45.333333333333336 1.1897551000583917
216000 220.24074074074073 220.24074074074073 116.51851851851852 0.5108024691358024 135.5185185185185 45.333333333333336 0.0 45.333333333333336 1.1837373001035303
218000 220.24074074074073 220.24074074074073 116.51851851851852 0.5108024691358024 135.5185185185185 45.333333333333336 0.0 45.333333333333336 1.1990681998431683
220000 220.24074074074073 220.24074074074073 116.51851851851852 0.5108024691358024 135.5185185185185 45.333333333333336 0.0 45.333333333333336 1.1886984999291599
222000 220.24074074074073 220.24074074074073 116.51851851851852 0.5108024691358024 135.5185185185185 45.333333333333336 0.0 45.333333333333336 1.217774299904704
224000 220.24074074074073 220.24074074074073 116.51851851851852 0.5108024691358024 135.5185185185185 45.333333333333336 0.0 45.333333333333336 1.2585354999173433
226000 220.24074074074073 220.24074074074073 116.51851851851852 0.5108024691358024 135.5185185185185 45.333333333333336 0.0 45.333333333333336 1.2404048999305815
228000 220.24074074074073 220.24074074074073 116.51851851851852 0.5108024691358024 135.5185185185185 45.333333333333336 0.0 45.333333333333336 1.1940160999074578
230000 220.24074074074073 220.24074074074073 116.51851851851852 0.5108024691358024 135.5185185185185 45.333333333333336 0.0 45.333333333333336 1.3029666000511497
232000 220.24074074074073 220.24074074074073 116.51851851851852 0.5108024691358024 135.5185185185185 45.333333333333336 0.0 45.333333333333336 1.1826317000668496
234000 220.24074074074073 220.24074074074073 116.51851851851852 0.5108024691358024 135.5185185185185 45.333333333333336 0.0 45.333333333333336 1.1911378998775035
236000 220.24074074074073 220.24074074074073 116.51851851851852 0.5108024691358024 135.5185185185185 45.333333333333336 0.0 45.333333333333336 1.3126385998912156
238000 220.24074074074073 220.24074074074073 116.51851851851852 0.5108024691358024 135.5185185185185 45.333333333333336 0.0 45.333333333333336 1.2806369001045823
240000 220.24074074074073 220.24074074074073 116.51851851851852 0.5108024691358024 135.5185185185185 45.333333333333336 0.0 45.333333333333336 1.1924121999181807
242000 220.24074074074073 220.24074074074073 116.51851851851852 0.5108024691358024 135.5185185185185 45.333333333333336 0.0 45.333333333333336 1.2055665999650955
244000 220.24074074074073 220.24074074074073 116.51851851851852 0.5108024691358024 135.5185185185185 45.333333333333336 0.0 45.333333333333336 1.1665676000993699
246000 220.24074074074073 220.24074074074073 116.51851851851852 0.5108024691358024 135.5185185185185 45.333333333333336 0.0 45.333333333333336 1.2131270000245422
248000 220.24074074074073 220.24074074074073 116.51851851851852 0.5108024691358024 135.5185185185185 45.333333333333336 0.0 45.333333333333336 1.241338999941945
250000 220.24074074074073 220.24074074074073 116.51851851851852 0.5108024691358024 135.5185185185185 45.333333333333336 0.0 45.333333333333336 1.220273100072518
252000 220.24074074074073 220.24074074074073 116.51851851851852 0.5108024691358024 135.5185185185185 45.333333333333336 0.0 45.333333333333336 1.203688100213185
254000 220.24074074074073 220.24074074074073 116.51851851851852 0.5108024691358024 135.5185185185185 45.333333333333336 0.0 45.333333333333336 1.2193370999302715
256000 220.24074074074073 220.24074074074073 116.51851851851852 0.5108024691358024 135.5185185185185 45.333333333333336 0.0 45.333333333333336 1.193724700016901
258000 220.24074074074073 220.24074074074073 116.51851851851852 0.5108024691358024 135.5185185185185 45.333333333333336 0.0 45.333333333333336 1.2338950999546796
260000 220.24074074074073 220.24074074074073 116.51851851851852 0.5108024691358024 135.5185185185185 45.333333333333336 0.0 45.333333333333336 1.308736199978739
262000 220.24074074074073 220.24074074074073 116.51851851851852 0.5108024691358024 135.5185185185185 45.333333333333336 0.0 45.333333333333336 1.223370400024578
264000 220.24074074074073 220.24074074074073 116.51851851851852 0.5108024691358024 135.5185185185185 45.333333333333336 0.0 45.333333333333336 1.2440404000226408
266000 220.24074074074073 220.24074074074073 116.51851851851852 0.5108024691358024 135.5185185185185 45.333333333333336 0.0 45.333333333333336 1.2217393999453634
268000 220.24074074074073 220.24074074074073 116.51851851851852 0.5108024691358024 135.5185185185185 45.333333333333336 0.0 45.333333333333336 1.2245052000507712
270000 220.24074074074073 220.24074074074073 116.51851851851852 0.5108024691358024 135.5185185185185 45.333333333333336 0.0 45.333333333333336 1.271371099865064
272000 220.24074074074073 220.24074074074073 116.51851851851852 0.5108024691358024 135.5185185185185 45.333333333333336 0.0 45.333333333333336 1.3753682000096887
274000 220.24074074074073 220.24074074074073 116.51851851851852 0.5108024691358024 135.5185185185185 45.333333333333336 0.0 45.333333333333336 1.248153200140223
276000 220.24074074074073 220.24074074074073 116.51851851851852 0.5108024691358024 135.5185185185185 45.333333333333336 0.0 45.333333333333336 1.2400562998373061
278000 220.24074074074073 220.24074074074073 116.51851851851852 0.5108024691358024 135.5185185185185 45.333333333333336 0.0 45.333333333333336 1.2519503999501467
280000 220.24074074074073 220.24074074074073 116.51851851851852 0.5108024691358024 135.5185185185185 45.333333333333336 0.0 45.333333333333336 1.2656626999378204
282000 220.24074074074073 220.24074074074073 116.51851851851852 0.5108024691358024 135.5185185185185 45.333333333333336 0.0 45.333333333333336 1.2036554000806063
284000 220.24074074074073 220.24074074074073 116.51851851851852 0.5108024691358024 135.5185185185185 45.333333333333336 0.0 45.333333333333336 1.2829655001405627
286000 220.24074074074073 220.24074074074073 116.51851851851852 0.5108024691358024 135.5185185185185 45.333333333333336 0.0 45.333333333333336 1.2253777999430895
288000 220.24074074074073 220.24074074074073 116.51851851851852 0.5108024691358024 135.5185185185185 45.333333333333336 0.0 45.333333333333336 1.2259593999478966
290000 220.24074074074073 220.24074074074073 116.51851851851852 0.5108024691358024 135.5185185185185 45.333333333333336 0.0 45.333333333333336 1.4197831999044865
292000 220.24074074074073 220.24074074074073 116.51851851851852 0.5108024691358024 135.5185185185185 45.333333333333336 0.0 45.333333333333336 1.2424049000255764
294000 220.24074074074073 220.24074074074073 116.51851851851852 0.5108024691358024 135.5185185185185 45.333333333333336 0.0 45.333333333333336 1.2548571999650449
296000 220.24074074074073 220.24074074074073 116.51851851851852 0.5108024691358024 135.5185185185185 45.333333333333336 0.0 45.333333333333336 1.227308499859646
298000 220.24074074074073 220.24074074074073 116.51851851851852 0.5108024691358024 135.5185185185185 45.333333333333336 0.0 45.333333333333336 1.2266995999962091
300000 220.24074074074073 220.24074074074073 116.51851851851852 0.5108024691358024 135.5185185185185 45.333333333333336 0.0 45.333333333333336 1.2331655998714268
302000 220.24074074074073 220.24074074074073 116.51851851851852 0.5108024691358024 135.5185185185185 45.333333333333336 0.0 45.333333333333336 1.2459179998841137
304000 220.24074074074073 220.24074074074073 116.51851851851852 0.5108024691358024 135.5185185185185 45.333333333333336 0.0 45.333333333333336 1.271705600200221
306000 220.24074074074073 220.24074074074073 116.51851851851852 0.5108024691358024 135.5185185185185 45.333333333333336 0.0 45.333333333333336 1.2188032001722604
308000 220.24074074074073 220.24074074074073 116.51851851851852 0.5108024691358024 135.5185185185185 45.333333333333336 0.0 45.333333333333336 1.2138616000302136
310000 220.24074074074073 220.24074074074073 116.51851851851852 0.5108024691358024 135.5185185185185 45.333333333333336 0.0 45.333333333333336 1.1981383999809623
312000 220.24074074074073 220.24074074074073 116.51851851851852 0.5108024691358024 135.5185185185185 45.333333333333336 0.0 45.333333333333336 1.163909199880436
314000 220.24074074074073 220.24074074074073 116.51851851851852 0.5108024691358024 135.5185185185185 45.333333333333336 0.0 45.333333333333336 1.4399135999847203
316000 220.24074074074073 220.24074074074073 116.51851851851852 0.5108024691358024 135.5185185185185 45.333333333333336 0.0 45.333333333333336 1.3126741000451148
318000 220.24074074074073 220.24074074074073 116.51851851851852 0.5108024691358024 135.5185185185185 45.333333333333336 0.0 45.333333333333336 1.2107140999287367
320000 220.24074074074073 220.24074074074073 116.51851851851852 0.5108024691358024 135.5185185185185 45.333333333333336 0.0 45.333333333333336 1.3720083001535386
322000 220.24074074074073 220.24074074074073 116.51851851851852 0.5108024691358024 135.5185185185185 45.333333333333336 0.0 45.333333333333336 1.25054969987832
324000 220.24074074074073 220.24074074074073 116.51851851851852 0.5108024691358024 135.5185185185185 45.333333333333336 0.0 45.333333333333336 1.2578094000928104
326000 220.24074074074073 220.24074074074073 116.51851851851852 0.5108024691358024 135.5185185185185 45.333333333333336 0.0 45.333333333333336 1.2691899999044836
328000 220.24074074074073 220.24074074074073 116.51851851851852 0.5108024691358024 135.5185185185185 45.333333333333336 0.0 45.333333333333336 1.220874800113961
330000 220.24074074074073 220.24074074074073 116.51851851851852 0.5108024691358024 135.5185185185185 45.333333333333336 0.0 45.333333333333336 1.2036230999510735
332000 220.24074074074073 220.24074074074073 116.51851851851852 0.5108024691358024 135.5185185185185 45.333333333333336 0.0 45.333333333333336 1.1643701998982579
334000 220.24074074074073 220.24074074074073 116.51851851851852 0.5108024691358024 135.5185185185185 45.333333333333336 0.0 45.333333333333336 1.2076039998792112
336000 220.24074074074073 220.24074074074073 116.51851851851852 0.5108024691358024 135.5185185185185 45.333333333333336 0.0 45.333333333333336 1.2406309000216424
338000 220.24074074074073 220.24074074074073 116.51851851851852 0.5108024691358024 135.5185185185185 45.333333333333336 0.0 45.333333333333336 1.267057899851352
340000 220.24074074074073 220.24074074074073 116.51851851851852 0.5108024691358024 135.5185185185185 45.333333333333336 0.0 45.333333333333336 1.1857518998440355
342000 220.24074074074073 220.24074074074073 116.51851851851852 0.5108024691358024 135.5185185185185 45.333333333333336 0.0 45.333333333333336 1.2562550001312047
344000 220.24074074074073 220.24074074074073 116.51851851851852 0.5108024691358024 135.5185185185185 45.333333333333336 0.0 45.333333333333336 1.2931062998250127
346000 220.24074074074073 220.24074074074073 116.51851851851852 0.5108024691358024 135.5185185185185 45.333333333333336 0.0 45.333333333333336 1.2950246999971569
348000 220.24074074074073 220.24074074074073 116.51851851851852 0.5108024691358024 135.5185185185185 45.333333333333336 0.0 45.333333333333336 1.1131660998798907
350000 220.24074074074073 220.24074074074073 116.51851851851852 0.5108024691358024 135.5185185185185 45.333333333333336 0.0 45.333333333333336 1.2534558000043035
352000 220.24074074074073 220.24074074074073 116.51851851851852 0.5108024691358024 135.5185185185185 45.333333333333336 0.0 45.333333333333336 1.2737555000931025
354000 220.24074074074073 220.24074074074073 116.51851851851852 0.5108024691358024 135.5185185185185 45.333333333333336 0.0 45.333333333333336 1.292725299950689
356000 220.24074074074073 220.24074074074073 116.51851851851852 0.5108024691358024 135.5185185185185 45.333333333333336 0.0 45.333333333333336 1.1745913999620825
358000 220.24074074074073 220.24074074074073 116.51851851851852 0.5108024691358024 135.5185185185185 45.333333333333336 0.0 45.333333333333336 1.2646113000810146
360000 220.24074074074073 220.24074074074073 116.51851851851852 0.5108024691358024 135.5185185185185 45.333333333333336 0.0 45.333333333333336 1.2884054000023752
362000 220.24074074074073 220.24074074074073 116.51851851851852 0.5108024691358024 135.5185185185185 45.333333333333336 0.0 45.333333333333336 1.1986994999460876
364000 220.24074074074073 220.24074074074073 116.51851851851852 0.5108024691358024 135.5185185185185 45.333333333333336 0.0 45.333333333333336 1.2589058000594378
366000 220.24074074074073 220.24074074074073 116.51851851851852 0.5108024691358024 135.5185185185185 45.333333333333336 0.0 45.333333333333336 1.1968731998931617
368000 220.24074074074073 220.24074074074073 116.51851851851852 0.5108024691358024 135.5185185185185 45.333333333333336 0.0 45.333333333333336 1.184936200035736
370000 220.24074074074073 220.24074074074073 116.51851851851852 0.5108024691358024 135.5185185185185 45.333333333333336 0.0 45.333333333333336 1.2499207998625934
372000 220.24074074074073 220.24074074074073 116.51851851851852 0.5108024691358024 135.5185185185185 45.333333333333336 0.0 45.333333333333336 1.2108958000317216
374000 220.24074074074073 220.24074074074073 116.51851851851852 0.5108024691358024 135.5185185185185 45.333333333333336 0.0 45.333333333333336 1.2011262001469731
376000 220.24074074074073 220.24074074074073 116.51851851851852 0.5108024691358024 135.5185185185185 45.333333333333336 0.0 45.333333333333336 1.2180300001055002
378000 220.24074074074073 220.24074074074073 116.51851851851852 0.5108024691358024 135.5185185185185 45.333333333333336 0.0 45.333333333333336 1.4016128999646753
380000 220.24074074074073 220.24074074074073 116.51851851851852 0.5108024691358024 135.5185185185185 45.333333333333336 0.0 45.333333333333336 1.2607631999999285
382000 220.24074074074073 220.24074074074073 116.51851851851852 0.5108024691358024 135.5185185185185 45.333333333333336 0.0 45.333333333333336 1.2811687998473644
384000 220.24074074074073 220.24074074074073 116.51851851851852 0.5108024691358024 135.5185185185185 45.333333333333336 0.0 45.333333333333336 1.176856999984011
386000 220.24074074074073 220.24074074074073 116.51851851851852 0.5108024691358024 135.5185185185185 45.333333333333336 0.0 45.333333333333336 1.1455141000915319
388000 220.24074074074073 220.24074074074073 116.51851851851852 0.5108024691358024 135.5185185185185 45.333333333333336 0.0 45.333333333333336 1.2578802001662552
390000 220.24074074074073 220.24074074074073 116.51851851851852 0.5108024691358024 135.5185185185185 45.333333333333336 0.0 45.333333333333336 1.196853700093925
392000 220.24074074074073 220.24074074074073 116.51851851851852 0.5108024691358024 135.5185185185185 45.333333333333336 0.0 45.333333333333336 1.2870652000419796
394000 220.24074074074073 220.24074074074073 116.51851851851852 0.5108024691358024 135.5185185185185 45.333333333333336 0.0 45.333333333333336 1.3098945999518037
396000 220.24074074074073 220.24074074074073 116.51851851851852 0.5108024691358024 135.5185185185185 45.333333333333336 0.0 45.333333333333336 1.2396864001639187
398000 220.24074074074073 220.24074074074073 116.51851851851852 0.5108024691358024 135.5185185185185 45.333333333333336 0.0 45.333333333333336 1.2265085999388248
400000 220.24074074074073 220.24074074074073 116.51851851851852 0.5108024691358024 135.5185185185185 45.333333333333336 0.0 45.333333333333336 1.2261310000903904
402000 220.24074074074073 220.24074074074073 116.51851851851852 0.5108024691358024 135.5185185185185 45.333333333333336 0.0 45.333333333333336 1.2274688000325114
404000 220.24074074074073 220.24074074074073 116.51851851851852 0.5108024691358024 135.5185185185185 45.333333333333336 0.0 45.333333333333336 1.2211788999848068
406000 220.24074074074073 220.24074074074073 116.51851851851852 0.5108024691358024 135.5185185185185 45.333333333333336 0.0 45.333333333333336 1.232219000114128
408000 220.24074074074073 220.24074074074073 116.51851851851852 0.5108024691358024 135.5185185185185 45.333333333333336 0.0 45.333333333333336 1.3629014000762254
410000 220.24074074074073 220.24074074074073 116.51851851851852 0.5108024691358024 135.5185185185185 45.333333333333336 0.0 45.333333333333336 1.3391283000819385
412000 220.24074074074073 220.24074074074073 116.51851851851852 0.5108024691358024 135.5185185185185 45.333333333333336 0.0 45.333333333333336 1.198879900155589
414000 220.24074074074073 220.24074074074073 116.51851851851852 0.5108024691358024 135.5185185185185 45.333333333333336 0.0 45.333333333333336 1.2157011998351663
416000 220.24074074074073 220.24074074074073 116.51851851851852 0.5108024691358024 135.5185185185185 45.333333333333336 0.0 45.333333333333336 1.2460040000732988
418000 220.24074074074073 220.24074074074073 116.51851851851852 0.5108024691358024 135.5185185185185 45.333333333333336 0.0 45.333333333333336 1.219473399920389
420000 220.24074074074073 220.24074074074073 116.51851851851852 0.5108024691358024 135.5185185185185 45.333333333333336 0.0 45.333333333333336 1.2568864000495523
422000 220.24074074074073 220.24074074074073 116.51851851851852 0.5108024691358024 135.5185185185185 45.333333333333336 0.0 45.333333333333336 1.261942100012675
424000 220.24074074074073 220.24074074074073 116.51851851851852 0.5108024691358024 135.5185185185185 45.333333333333336 0.0 45.333333333333336 1.4407760000322014
426000 220.24074074074073 220.24074074074073 116.51851851851852 0.5108024691358024 135.5185185185185 45.333333333333336 0.0 45.333333333333336 1.2550423999782652
428000 220.24074074074073 220.24074074074073 116.51851851851852 0.5108024691358024 135.5185185185185 45.333333333333336 0.0 45.333333333333336 1.2461143999826163
430000 220.24074074074073 220.24074074074073 116.51851851851852 0.5108024691358024 135.5185185185185 45.333333333333336 0.0 45.333333333333336 1.252650300040841
432000 220.24074074074073 220.24074074074073 116.51851851851852 0.5108024691358024 135.5185185185185 45.333333333333336 0.0 45.333333333333336 1.2158101999666542
434000 220.24074074074073 220.24074074074073 116.51851851851852 0.5108024691358024 135.5185185185185 45.333333333333336 0.0 45.333333333333336 1.278166800038889
436000 220.24074074074073 220.24074074074073 116.51851851851852 0.5108024691358024 135.5185185185185 45.333333333333336 0.0 45.333333333333336 1.236522600054741
438000 220.24074074074073 220.24074074074073 116.51851851851852 0.5108024691358024 135.5185185185185 45.333333333333336 0.0 45.333333333333336 1.2054836000315845
440000 220.24074074074073 220.24074074074073 116.51851851851852 0.5108024691358024 135.5185185185185 45.333333333333336 0.0 45.333333333333336 1.1859152999240905
442000 220.24074074074073 220.24074074074073 116.51851851851852 0.5108024691358024 135.5185185185185 45.333333333333336 0.0 45.333333333333336 1.2282014999072999
444000 220.24074074074073 220.24074074074073 116.51851851851852 0.5108024691358024 135.5185185185185 45.333333333333336 0.0 45.333333333333336 1.212549899937585
446000 220.24074074074073 220.24074074074073 116.51851851851852 0.5108024691358024 135.5185185185185 45.333333333333336 0.0 45.333333333333336 1.2057278000283986
448000 220.24074074074073 220.24074074074073 116.51851851851852 0.5108024691358024 135.5185185185185 45.333333333333336 0.0 45.333333333333336 1.2525229998864233
450000 220.24074074074073 220.24074074074073 116.51851851851852 0.5108024691358024 135.5185185185185 45.333333333333336 0.0 45.333333333333336 1.2366084998939186
452000 220.24074074074073 220.24074074074073 116.51851851851852 0.5108024691358024 135.5185185185185 45.333333333333336 0.0 45.333333333333336 1.2462839998770505
454000 220.24074074074073 220.24074074074073 116.51851851851852 0.5108024691358024 135.5185185185185 45.333333333333336 0.0 45.333333333333336 1.3614121000282466
456000 220.24074074074073 220.24074074074073 116.51851851851852 0.5108024691358024 135.5185185185185 45.333333333333336 0.0 45.333333333333336 1.256054800003767
458000 220.24074074074073 220.24074074074073 116.51851851851852 0.5108024691358024 135.5185185185185 45.333333333333336 0.0 45.333333333333336 1.361979499924928
460000 220.24074074074073 220.24074074074073 116.51851851851852 0.5108024691358024 135.5185185185185 45.333333333333336 0.0 45.333333333333336 1.1775358999148011
462000 220.24074074074073 220.24074074074073 116.51851851851852 0.5108024691358024 135.5185185185185 45.333333333333336 0.0 45.333333333333336 1.270914699882269
464000 220.24074074074073 220.24074074074073 116.51851851851852 0.5108024691358024 135.5185185185185 45.333333333333336 0.0 45.333333333333336 1.2383024001028389
466000 220.24074074074073 220.24074074074073 116.51851851851852 0.5108024691358024 135.5185185185185 45.333333333333336 0.0 45.333333333333336 1.1672330000437796
468000 220.24074074074073 220.24074074074073 116.51851851851852 0.5108024691358024 135.5185185185185 45.333333333333336 0.0 45.333333333333336 1.2251458999235183
470000 220.24074074074073 220.24074074074073 116.51851851851852 0.5108024691358024 135.5185185185185 45.333333333333336 0.0 45.333333333333336 1.3870434002019465
472000 220.24074074074073 220.24074074074073 116.51851851851852 0.5108024691358024 135.5185185185185 45.333333333333336 0.0 45.333333333333336 1.2899786999914795
474000 220.24074074074073 220.24074074074073 116.51851851851852 0.5108024691358024 135.5185185185185 45.333333333333336 0.0 45.333333333333336 1.321419500047341
476000 220.24074074074073 220.24074074074073 116.51851851851852 0.5108024691358024 135.5185185185185 45.333333333333336 0.0 45.333333333333336 1.1640713000670075
478000 220.24074074074073 220.24074074074073 116.51851851851852 0.5108024691358024 135.5185185185185 45.333333333333336 0.0 45.333333333333336 1.2603710999246687
480000 220.24074074074073 220.24074074074073 116.51851851851852 0.5108024691358024 135.5185185185185 45.333333333333336 0.0 45.333333333333336 1.1690157998818904
482000 220.24074074074073 220.24074074074073 116.51851851851852 0.5108024691358024 135.5185185185185 45.333333333333336 0.0 45.333333333333336 1.2071690999437124
484000 220.24074074074073 220.24074074074073 116.51851851851852 0.5108024691358024 135.5185185185185 45.333333333333336 0.0 45.333333333333336 1.2271636999212205
486000 220.24074074074073 220.24074074074073 116.51851851851852 0.5108024691358024 135.5185185185185 45.333333333333336 0.0 45.333333333333336 1.2671312000602484
488000 220.24074074074073 220.24074074074073 116.51851851851852 0.5108024691358024 135.5185185185185 45.333333333333336 0.0 45.333333333333336 1.2384617999196053
490000 220.24074074074073 220.24074074074073 116.51851851851852 0.5108024691358024 135.5185185185185 45.333333333333336 0.0 45.333333333333336 1.2575375000014901
492000 220.24074074074073 220.24074074074073 116.51851851851852 0.5108024691358024 135.5185185185185 45.333333333333336 0.0 45.333333333333336 1.2366690998896956
494000 220.24074074074073 220.24074074074073 116.51851851851852 0.5108024691358024 135.5185185185185 45.333333333333336 0.0 45.333333333333336 1.2711275999899954
496000 220.24074074074073 220.24074074074073 116.51851851851852 0.5108024691358024 135.5185185185185 45.333333333333336 0.0 45.333333333333336 1.2807205999270082
498000 220.24074074074073 220.24074074074073 116.51851851851852 0.5108024691358024 135.5185185185185 45.333333333333336 0.0 45.333333333333336 1.2113524000160396
500000 220.24074074074073 220.24074074074073 116.51851851851852 0.5108024691358024 135.5185185185185 45.333333333333336 0.0 45.333333333333336 1.2020777000579983
