2000 5.153846153846154 3.730769230769231 99.9423076923077 0.28685897435897434 135.8653846153846 45.28846153846154 1.4615384615384615 43.82692307692308 0.5519577001687139
4000 3.519230769230769 3.519230769230769 104.59615384615384 0.17948717948717946 135.8653846153846 45.28846153846154 1.1153846153846154 44.17307692307692 0.6136586000211537
6000 3.7884615384615383 3.7884615384615383 110.59615384615384 0.1474358974358974 135.8653846153846 45.28846153846154 1.2307692307692308 44.05769230769231 0.7811222998425364
8000 4.884615384615385 4.884615384615385 102.17307692307692 0.2868589743589744 135.8653846153846 45.28846153846154 1.1346153846153846 44.15384615384615 1.09639640012756
10000 6.3076923076923075 6.3076923076923075 97.84615384615384 0.3205128205128205 135.8653846153846 45.28846153846154 1.1153846153846154 44.17307692307692 1.0954545000568032
12000 6.846153846153846 6.846153846153846 96.90384615384616 0.3253205128205128 135.8653846153846 45.28846153846154 1.1153846153846154 44.17307692307692 1.014923800015822
14000 17.057692307692307 17.057692307692307 88.65384615384616 0.4182692307692308 135.8653846153846 45.28846153846154 1.1153846153846154 44.17307692307692 1.3214466001372784
16000 27.846153846153847 27.846153846153847 88.65384615384616 0.41025641025641024 135.8653846153846 45.28846153846154 1.1923076923076923 44.09615384615385 1.0768718998879194
18000 26.75 26.75 88.8076923076923 0.41025641025641024 135.8653846153846 45.28846153846154 1.1153846153846154 44.17307692307692 1.1074463999830186
20000 27.846153846153847 27.846153846153847 88.65384615384616 0.41025641025641024 135.8653846153846 45.28846153846154 1.1923076923076923 44.09615384615385 1.1387080999556929
22000 27.692307692307693 27.692307692307693 85.09615384615384 0.4535256410256411 135.8653846153846 45.28846153846154 1.1153846153846154 44.17307692307692 1.2184131001122296
24000 27.692307692307693 27.692307692307693 85.09615384615384 0.4535256410256411 135.8653846153846 45.28846153846154 1.1153846153846154 44.17307692307692 1.06504140002653
26000 27.692307692307693 27.692307692307693 85.09615384615384 0.4535256410256411 135.8653846153846 45.28846153846154 1.1153846153846154 44.17307692307692 1.152675800025463
28000 27.692307692307693 27.692307692307693 85.09615384615384 0.4535256410256411 135.8653846153846 45.28846153846154 1.1153846153846154 44.17307692307692 1.1003395000007004
30000 27.692307692307693 27.692307692307693 85.09615384615384 0.4535256410256411 135.8653846153846 45.28846153846154 1.1153846153846154 44.17307692307692 1.0974679000210017
32000 64.48076923076923 64.48076923076923 78.92307692307692 0.5224358974358975 135.8653846153846 45.28846153846154 1.1153846153846154 44.17307692307692 1.1521036999765784
34000 64.75 64.75 78.84615384615384 0.5224358974358975 135.8653846153846 45.28846153846154 1.1153846153846154 44.17307692307692 1.171586599899456
36000 64.75 64.75 78.84615384615384 0.5224358974358975 135.8653846153846 45.28846153846154 1.1153846153846154 44.17307692307692 1.141649299999699
38000 64.75 64.75 78.84615384615384 0.5224358974358975 135.8653846153846 45.28846153846154 1.1153846153846154 44.17307692307692 1.2330298000015318
40000 64.75 64.75 78.84615384615384 0.5224358974358975 135.8653846153846 45.28846153846154 1.1153846153846154 44.17307692307692 1.1418873998336494
42000 65.5 65.5 78.76923076923077 0.5224358974358975 135.8653846153846 45.28846153846154 1.1153846153846154 44.17307692307692 1.3437048001214862
44000 65.5 65.5 78.76923076923077 0.5224358974358975 135.8653846153846 45.28846153846154 1.1153846153846154 44.17307692307692 1.289989999961108
46000 97.61538461538461 97.61538461538461 71.82692307692308 0.5608974358974359 135.8653846153846 45.28846153846154 1.1153846153846154 44.17307692307692 1.1401081001386046
48000 97.61538461538461 97.61538461538461 71.82692307692308 0.5608974358974359 135.8653846153846 45.28846153846154 1.1153846153846154 44.17307692307692 1.2416615998372436
50000 97.61538461538461 97.61538461538461 71.82692307692308 0.5608974358974359 135.8653846153846 45.28846153846154 1.1153846153846154 44.17307692307692 1.0913251000456512
52000 97.61538461538461 97.61538461538461 71.82692307692308 0.5608974358974359 135.8653846153846 45.28846153846154 1.1153846153846154 44.17307692307692 1.2445788001641631
54000 97.61538461538461 97.61538461538461 71.82692307692308 0.5608974358974359 135.8653846153846 45.28846153846154 1.1153846153846154 44.17307692307692 1.2135483999736607
56000 97.61538461538461 97.61538461538461 71.82692307692308 0.5608974358974359 135.8653846153846 45.28846153846154 1.1153846153846154 44.17307692307692 1.1975427998695523
58000 97.61538461538461 97.61538461538461 71.82692307692308 0.5608974358974359 135.8653846153846 45.28846153846154 1.1153846153846154 44.17307692307692 1.170454400125891
60000 97.61538461538461 97.61538461538461 71.82692307692308 0.5608974358974359 135.8653846153846 45.28846153846154 1.1153846153846154 44.17307692307692 1.1608132999390364
62000 97.61538461538461 97.61538461538461 71.82692307692308 0.5608974358974359 135.8653846153846 45.28846153846154 1.1153846153846154 44.17307692307692 1.1747431000694633
64000 97.61538461538461 97.61538461538461 71.82692307692308 0.5608974358974359 135.8653846153846 45.28846153846154 1.1153846153846154 44.17307692307692 1.1413271001074463
66000 97.61538461538461 97.61538461538461 71.82692307692308 0.5608974358974359 135.8653846153846 45.28846153846154 1.1153846153846154 44.17307692307692 1.1548362001776695
68000 97.61538461538461 97.61538461538461 71.82692307692308 0.5608974358974359 135.8653846153846 45.28846153846154 1.1153846153846154 44.17307692307692 1.2319696999620646
70000 97.61538461538461 97.61538461538461 71.82692307692308 0.5608974358974359 135.8653846153846 45.28846153846154 1.1153846153846154 44.17307692307692 1.1850405998993665
72000 183.32692307692307 183.32692307692307 70.38461538461539 0.6153846153846154 135.8653846153846 45.28846153846154 3.0 42.28846153846154 1.2014780000317842
74000 183.32692307692307 183.32692307692307 70.38461538461539 0.6153846153846154 135.8653846153846 45.28846153846154 3.0 42.28846153846154 1.2262605000287294
76000 183.32692307692307 183.32692307692307 70.38461538461539 0.6153846153846154 135.8653846153846 45.28846153846154 3.0 42.28846153846154 1.260889100143686
78000 183.32692307692307 183.32692307692307 70.38461538461539 0.6153846153846154 135.8653846153846 45.28846153846154 3.0 42.28846153846154 1.1895844000391662
80000 183.32692307692307 183.32692307692307 70.38461538461539 0.6153846153846154 135.8653846153846 45.28846153846154 3.0 42.28846153846154 1.1441385000944138
82000 183.32692307692307 183.32692307692307 70.38461538461539 0.6153846153846154 135.8653846153846 45.28846153846154 3.0 42.28846153846154 1.1572684000711888
84000 183.32692307692307 183.32692307692307 70.38461538461539 0.6153846153846154 135.8653846153846 45.28846153846154 3.0 42.28846153846154 1.1334761998150498
86000 183.32692307692307 183.32692307692307 70.38461538461539 0.6153846153846154 135.8653846153846 45.28846153846154 3.0 42.28846153846154 1.2075112001039088
88000 183.32692307692307 183.32692307692307 70.38461538461539 0.6153846153846154 135.8653846153846 45.28846153846154 3.0 42.28846153846154 1.2563386000692844
90000 183.32692307692307 183.32692307692307 70.38461538461539 0.6153846153846154 135.8653846153846 45.28846153846154 3.0 42.28846153846154 1.1731046000495553
92000 183.32692307692307 183.32692307692307 70.38461538461539 0.6153846153846154 135.8653846153846 45.28846153846154 3.0 42.28846153846154 1.1868241999763995
94000 183.32692307692307 183.32692307692307 70.38461538461539 0.6153846153846154 135.8653846153846 45.28846153846154 3.0 42.28846153846154 1.195876199984923
96000 183.32692307692307 183.32692307692307 70.38461538461539 0.6153846153846154 135.8653846153846 45.28846153846154 3.0 42.28846153846154 1.1479613999836147
98000 183.32692307692307 183.32692307692307 70.38461538461539 0.6153846153846154 135.8653846153846 45.28846153846154 3.0 42.28846153846154 1.2204822001513094
100000 183.32692307692307 183.32692307692307 70.38461538461539 0.6153846153846154 135.8653846153846 45.28846153846154 3.0 42.28846153846154 1.1819841000251472
102000 183.32692307692307 183.32692307692307 70.38461538461539 0.6153846153846154 135.8653846153846 45.28846153846154 3.0 42.28846153846154 1.326734800124541
104000 183.32692307692307 183.32692307692307 70.38461538461539 0.6153846153846154 135.8653846153846 45.28846153846154 3.0 42.28846153846154 1.120440399972722
106000 183.32692307692307 183.32692307692307 70.38461538461539 0.6153846153846154 135.8653846153846 45.28846153846154 3.0 42.28846153846154 1.1603649000171572
108000 183.32692307692307 183.32692307692307 70.38461538461539 0.6153846153846154 135.8653846153846 45.28846153846154 3.0 42.28846153846154 1.1802163000684232
110000 183.32692307692307 183.32692307692307 70.38461538461539 0.6153846153846154 135.8653846153846 45.28846153846154 3.0 42.28846153846154 1.1686253999359906
112000 183.32692307692307 183.32692307692307 70.38461538461539 0.6153846153846154 135.8653846153846 45.28846153846154 3.0 42.28846153846154 1.1876542998943478
114000 183.32692307692307 183.32692307692307 70.38461538461539 0.6153846153846154 135.8653846153846 45.28846153846154 3.0 42.28846153846154 1.174885000102222
116000 183.32692307692307 183.32692307692307 70.38461538461539 0.6153846153846154 135.8653846153846 45.28846153846154 3.0 42.28846153846154 1.1171838999725878
118000 183.32692307692307 183.32692307692307 70.38461538461539 0.6153846153846154 135.8653846153846 45.28846153846154 3.0 42.28846153846154 1.1492494998965412
120000 183.32692307692307 183.32692307692307 70.38461538461539 0.6153846153846154 135.8653846153846 45.28846153846154 3.0 42.28846153846154 1.1928163999691606
122000 183.32692307692307 183.32692307692307 70.38461538461539 0.6153846153846154 135.8653846153846 45.28846153846154 3.0 42.28846153846154 1.2236589998938143
124000 183.32692307692307 183.32692307692307 70.38461538461539 0.6153846153846154 135.8653846153846 45.28846153846154 3.0 42.28846153846154 1.3871182999573648
126000 183.32692307692307 183.32692307692307 70.38461538461539 0.6153846153846154 135.8653846153846 45.28846153846154 3.0 42.28846153846154 1.2634419999085367
128000 183.32692307692307 183.32692307692307 70.38461538461539 0.6153846153846154 135.8653846153846 45.28846153846154 3.0 42.28846153846154 1.0947387998457998
130000 183.32692307692307 183.32692307692307 70.38461538461539 0.6153846153846154 135.8653846153846 45.28846153846154 3.0 42.28846153846154 1.1975297001190484
132000 183.32692307692307 183.32692307692307 70.38461538461539 0.6153846153846154 135.8653846153846 45.28846153846154 3.0 42.28846153846154 1.2045828001573682
134000 183.32692307692307 183.32692307692307 70.38461538461539 0.6153846153846154 135.8653846153846 45.28846153846154 3.0 42.28846153846154 1.0981970001012087
136000 183.32692307692307 183.32692307692307 70.38461538461539 0.6153846153846154 135.8653846153846 45.28846153846154 3.0 42.28846153846154 1.1531352999154478
138000 183.32692307692307 183.32692307692307 70.38461538461539 0.6153846153846154 135.8653846153846 45.28846153846154 3.0 42.28846153846154 1.195417599985376
140000 183.32692307692307 183.32692307692307 70.38461538461539 0.6153846153846154 135.8653846153846 45.28846153846154 3.0 42.28846153846154 1.2094124001450837
142000 183.32692307692307 183.32692307692307 70.38461538461539 0.6153846153846154 135.8653846153846 45.28846153846154 3.0 42.28846153846154 1.1791609998326749
144000 183.32692307692307 183.32692307692307 70.38461538461539 0.6153846153846154 135.8653846153846 45.28846153846154 3.0 42.28846153846154 1.1765539001207799
146000 183.32692307692307 183.32692307692307 70.38461538461539 0.6153846153846154 135.8653846153846 45.28846153846154 3.0 42.28846153846154 1.1943602999672294
148000 183.32692307692307 183.32692307692307 70.38461538461539 0.6153846153846154 135.8653846153846 45.28846153846154 3.0 42.28846153846154 1.1695394001435488
150000 183.32692307692307 183.32692307692307 70.38461538461539 0.6153846153846154 135.8653846153846 45.28846153846154 3.0 42.28846153846154 1.2506960998289287
152000 183.32692307692307 183.32692307692307 70.38461538461539 0.6153846153846154 135.8653846153846 45.28846153846154 3.0 42.28846153846154 1.1847693999297917
154000 183.32692307692307 183.32692307692307 70.38461538461539 0.6153846153846154 135.8653846153846 45.28846153846154 3.0 42.28846153846154 1.1652247000019997
156000 183.32692307692307 183.32692307692307 70.38461538461539 0.6153846153846154 135.8653846153846 45.28846153846154 3.0 42.28846153846154 1.15425999998115
158000 183.32692307692307 183.32692307692307 70.38461538461539 0.6153846153846154 135.8653846153846 45.28846153846154 3.0 42.28846153846154 1.1650314999278635
160000 183.32692307692307 183.32692307692307 70.38461538461539 0.6153846153846154 135.8653846153846 45.28846153846154 3.0 42.28846153846154 1.2160016000270844
162000 183.32692307692307 183.32692307692307 70.38461538461539 0.6153846153846154 135.8653846153846 45.28846153846154 3.0 42.28846153846154 1.1415536000858992
164000 183.32692307692307 183.32692307692307 70.38461538461539 0.6153846153846154 135.8653846153846 45.28846153846154 3.0 42.28846153846154 1.168196399929002
166000 183.32692307692307 183.32692307692307 70.38461538461539 0.6153846153846154 135.8653846153846 45.28846153846154 3.0 42.28846153846154 1.1799134998582304
168000 183.32692307692307 183.32692307692307 70.38461538461539 0.6153846153846154 135.8653846153846 45.28846153846154 3.0 42.28846153846154 1.197494599968195
170000 183.32692307692307 183.32692307692307 70.38461538461539 0.6153846153846154 135.8653846153846 45.28846153846154 3.0 42.28846153846154 1.1675611000973731
172000 183.32692307692307 183.32692307692307 70.38461538461539 0.6153846153846154 135.8653846153846 45.28846153846154 3.0 42.28846153846154 1.2021746998652816
174000 183.32692307692307 183.32692307692307 70.38461538461539 0.6153846153846154 135.8653846153846 45.28846153846154 3.0 42.28846153846154 1.1500366998370737
176000 183.32692307692307 183.32692307692307 70.38461538461539 0.6153846153846154 135.8653846153846 45.28846153846154 3.0 42.28846153846154 1.1457978000398725
178000 183.32692307692307 183.32692307692307 70.38461538461539 0.6153846153846154 135.8653846153846 45.28846153846154 3.0 42.28846153846154 1.1894868002273142
180000 183.32692307692307 183.32692307692307 70.38461538461539 0.6153846153846154 135.8653846153846 45.28846153846154 3.0 42.28846153846154 1.1642368000466377
182000 183.32692307692307 183.32692307692307 70.38461538461539 0.6153846153846154 135.8653846153846 45.28846153846154 3.0 42.28846153846154 1.2188944001682103
184000 183.32692307692307 183.32692307692307 70.38461538461539 0.6153846153846154 135.8653846153846 45.28846153846154 3.0 42.28846153846154 1.122990199830383
186000 183.32692307692307 183.32692307692307 70.38461538461539 0.6153846153846154 135.8653846153846 45.28846153846154 3.0 42.28846153846154 1.1423632998485118
188000 183.32692307692307 183.32692307692307 70.38461538461539 0.6153846153846154 135.8653846153846 45.28846153846154 3.0 42.28846153846154 1.1301426999270916
190000 183.32692307692307 183.32692307692307 70.38461538461539 0.6153846153846154 135.8653846153846 45.28846153846154 3.0 42.28846153846154 1.1351149000693113
192000 183.32692307692307 183.32692307692307 70.38461538461539 0.6153846153846154 135.8653846153846 45.28846153846154 3.0 42.28846153846154 1.1719889000523835
194000 183.32692307692307 183.32692307692307 70.38461538461539 0.6153846153846154 135.8653846153846 45.28846153846154 3.0 42.28846153846154 1.1797667001374066
196000 183.32692307692307 183.32692307692307 70.38461538461539 0.6153846153846154 135.8653846153846 45.28846153846154 3.0 42.28846153846154 1.1612848998047411
198000 183.32692307692307 183.32692307692307 70.38461538461539 0.6153846153846154 135.8653846153846 45.28846153846154 3.0 42.28846153846154 1.095665100030601
200000 183.32692307692307 183.32692307692307 70.38461538461539 0.6153846153846154 135.8653846153846 45.28846153846154 3.0 42.28846153846154 1.25595170003362
202000 183.32692307692307 183.32692307692307 70.38461538461539 0.6153846153846154 135.8653846153846 45.28846153846154 3.0 42.28846153846154 1.1717950999736786
204000 183.32692307692307 183.32692307692307 70.38461538461539 0.6153846153846154 135.8653846153846 45.28846153846154 3.0 42.28846153846154 1.1303879001643509
206000 183.32692307692307 183.32692307692307 70.38461538461539 0.6153846153846154 135.8653846153846 45.28846153846154 3.0 42.28846153846154 1.1598035998176783
208000 183.32692307692307 183.32692307692307 70.38461538461539 0.6153846153846154 135.8653846153846 45.28846153846154 3.0 42.28846153846154 1.1508068998809904
210000 183.32692307692307 183.32692307692307 70.38461538461539 0.6153846153846154 135.8653846153846 45.28846153846154 3.0 42.28846153846154 1.1667183998506516
212000 183.32692307692307 183.32692307692307 70.38461538461539 0.6153846153846154 135.8653846153846 45.28846153846154 3.0 42.28846153846154 1.181144000031054
214000 183.32692307692307 183.32692307692307 70.38461538461539 0.6153846153846154 135.8653846153846 45.28846153846154 3.0 42.28846153846154 1.1762859001755714
216000 183.32692307692307 183.32692307692307 70.38461538461539 0.6153846153846154 135.8653846153846 45.28846153846154 3.0 42.28846153846154 1.1795684001408517
218000 183.32692307692307 183.32692307692307 70.38461538461539 0.6153846153846154 135.8653846153846 45.28846153846154 3.0 42.28846153846154 1.133832999970764
220000 183.32692307692307 183.32692307692307 70.38461538461539 0.6153846153846154 135.8653846153846 45.28846153846154 3.0 42.28846153846154 1.1067877998575568
222000 183.32692307692307 183.32692307692307 70.38461538461539 0.6153846153846154 135.8653846153846 45.28846153846154 3.0 42.28846153846154 1.2183450998272747
224000 183.32692307692307 183.32692307692307 70.38461538461539 0.6153846153846154 135.8653846153846 45.28846153846154 3.0 42.28846153846154 1.1980228000320494
226000 183.32692307692307 183.32692307692307 70.38461538461539 0.6153846153846154 135.8653846153846 45.28846153846154 3.0 42.28846153846154 1.1447123000398278
228000 183.32692307692307 183.32692307692307 70.38461538461539 0.6153846153846154 135.8653846153846 45.28846153846154 3.0 42.28846153846154 1.217692500213161
230000 183.32692307692307 183.32692307692307 70.38461538461539 0.6153846153846154 135.8653846153846 45.28846153846154 3.0 42.28846153846154 1.1852764999493957
232000 183.32692307692307 183.32692307692307 70.38461538461539 0.6153846153846154 135.8653846153846 45.28846153846154 3.0 42.28846153846154 1.1628598999232054
234000 183.32692307692307 183.32692307692307 70.38461538461539 0.6153846153846154 135.8653846153846 45.28846153846154 3.0 42.28846153846154 1.182514499872923
236000 189.71153846153845 189.71153846153845 71.42307692307692 0.6410256410256411 135.8653846153846 45.28846153846154 3.0 42.28846153846154 1.2400752000976354
238000 189.71153846153845 189.71153846153845 71.42307692307692 0.6410256410256411 135.8653846153846 45.28846153846154 3.0 42.28846153846154 1.1521598999388516
240000 189.71153846153845 189.71153846153845 71.42307692307692 0.6410256410256411 135.8653846153846 45.28846153846154 3.0 42.28846153846154 1.1505438999738544
242000 189.71153846153845 189.71153846153845 71.42307692307692 0.6410256410256411 135.8653846153846 45.28846153846154 3.0 42.28846153846154 1.1243159000296146
244000 189.71153846153845 189.71153846153845 71.42307692307692 0.6410256410256411 135.8653846153846 45.28846153846154 3.0 42.28846153846154 1.19117909995839
246000 189.71153846153845 189.71153846153845 71.42307692307692 0.6410256410256411 135.8653846153846 45.28846153846154 3.0 42.28846153846154 1.1653921001125127
248000 189.71153846153845 189.71153846153845 71.42307692307692 0.6410256410256411 135.8653846153846 45.28846153846154 3.0 42.28846153846154 1.1435750999953598
250000 189.71153846153845 189.71153846153845 71.42307692307692 0.6410256410256411 135.8653846153846 45.28846153846154 3.0 42.28846153846154 1.1458866999018937
252000 189.71153846153845 189.71153846153845 71.42307692307692 0.6410256410256411 135.8653846153846 45.28846153846154 3.0 42.28846153846154 1.1350455000065267
254000 189.71153846153845 189.71153846153845 71.42307692307692 0.6410256410256411 135.8653846153846 45.28846153846154 3.0 42.28846153846154 1.1676938999444246
256000 189.71153846153845 189.71153846153845 71.42307692307692 0.6410256410256411 135.8653846153846 45.28846153846154 3.0 42.28846153846154 1.177524499827996
258000 189.71153846153845 189.71153846153845 71.42307692307692 0.6410256410256411 135.8653846153846 45.28846153846154 3.0 42.28846153846154 1.1961799999698997
260000 189.71153846153845 189.71153846153845 71.42307692307692 0.6410256410256411 135.8653846153846 45.28846153846154 3.0 42.28846153846154 1.2155121001414955
262000 191.48076923076923 191.48076923076923 71.38461538461539 0.6410256410256411 135.8653846153846 45.28846153846154 3.1923076923076925 42.09615384615385 1.2038606000132859
264000 191.48076923076923 191.48076923076923 71.38461538461539 0.6410256410256411 135.8653846153846 45.28846153846154 3.1923076923076925 42.09615384615385 1.1759691999759525
266000 191.48076923076923 191.48076923076923 71.38461538461539 0.6410256410256411 135.8653846153846 45.28846153846154 3.1923076923076925 42.09615384615385 1.2639711000956595
268000 191.48076923076923 191.48076923076923 71.38461538461539 0.6410256410256411 135.8653846153846 45.28846153846154 3.1923076923076925 42.09615384615385 1.2841041998472065
270000 191.48076923076923 191.48076923076923 71.38461538461539 0.6410256410256411 135.8653846153846 45.28846153846154 3.1923076923076925 42.09615384615385 1.238351099891588
272000 191.48076923076923 191.48076923076923 71.38461538461539 0.6410256410256411 135.8653846153846 45.28846153846154 3.1923076923076925 42.09615384615385 1.1703987000510097
274000 191.48076923076923 191.48076923076923 71.38461538461539 0.6410256410256411 135.8653846153846 45.28846153846154 3.1923076923076925 42.09615384615385 1.2549391000065953
276000 191.48076923076923 191.48076923076923 71.38461538461539 0.6410256410256411 135.8653846153846 45.28846153846154 3.1923076923076925 42.09615384615385 1.29940430005081
278000 191.48076923076923 191.48076923076923 71.38461538461539 0.6410256410256411 135.8653846153846 45.28846153846154 3.1923076923076925 42.09615384615385 1.1679905999917537
280000 191.48076923076923 191.48076923076923 71.38461538461539 0.6410256410256411 135.8653846153846 45.28846153846154 3.1923076923076925 42.09615384615385 1.184960399987176
282000 191.48076923076923 191.48076923076923 71.38461538461539 0.6410256410256411 135.8653846153846 45.28846153846154 3.1923076923076925 42.09615384615385 1.2265959999058396
284000 191.48076923076923 191.48076923076923 71.38461538461539 0.6410256410256411 135.8653846153846 45.28846153846154 3.1923076923076925 42.09615384615385 1.167311100056395
286000 191.48076923076923 191.48076923076923 71.38461538461539 0.6410256410256411 135.8653846153846 45.28846153846154 3.1923076923076925 42.09615384615385 1.3858467999380082
288000 191.48076923076923 191.48076923076923 71.38461538461539 0.6410256410256411 135.8653846153846 45.28846153846154 3.1923076923076925 42.09615384615385 1.201484200078994
290000 191.48076923076923 191.48076923076923 71.38461538461539 0.6410256410256411 135.8653846153846 45.28846153846154 3.1923076923076925 42.09615384615385 1.1686013999860734
292000 191.48076923076923 191.48076923076923 71.38461538461539 0.6410256410256411 135.8653846153846 45.28846153846154 3.1923076923076925 42.09615384615385 1.1458841999992728
294000 191.48076923076923 191.48076923076923 71.38461538461539 0.6410256410256411 135.8653846153846 45.28846153846154 3.1923076923076925 42.09615384615385 1.1612809000071138
296000 191.48076923076923 191.48076923076923 71.38461538461539 0.6410256410256411 135.8653846153846 45.28846153846154 3.1923076923076925 42.09615384615385 1.1789804000873119
298000 191.48076923076923 191.48076923076923 71.38461538461539 0.6410256410256411 135.8653846153846 45.28846153846154 3.1923076923076925 42.09615384615385 1.1485633000265807
300000 246.98076923076923 246.98076923076923 70.09615384615384 0.6362179487179487 135.8653846153846 45.28846153846154 5.596153846153846 39.69230769230769 1.215287199942395
302000 246.98076923076923 246.98076923076923 70.09615384615384 0.6362179487179487 135.8653846153846 45.28846153846154 5.596153846153846 39.69230769230769 1.1431732000783086
304000 246.98076923076923 246.98076923076923 70.09615384615384 0.6362179487179487 135.8653846153846 45.28846153846154 5.596153846153846 39.69230769230769 1.084569500060752
306000 246.98076923076923 246.98076923076923 70.09615384615384 0.6362179487179487 135.8653846153846 45.28846153846154 5.596153846153846 39.69230769230769 1.1043688000645489
308000 246.98076923076923 246.98076923076923 70.09615384615384 0.6362179487179487 135.8653846153846 45.28846153846154 5.596153846153846 39.69230769230769 1.399156500119716
310000 246.98076923076923 246.98076923076923 70.09615384615384 0.6362179487179487 135.8653846153846 45.28846153846154 5.596153846153846 39.69230769230769 1.1926165998447686
312000 246.98076923076923 246.98076923076923 70.09615384615384 0.6362179487179487 135.8653846153846 45.28846153846154 5.596153846153846 39.69230769230769 1.1661015001591295
314000 246.98076923076923 246.98076923076923 70.09615384615384 0.6362179487179487 135.8653846153846 45.28846153846154 5.596153846153846 39.69230769230769 1.3171612001024187
316000 246.98076923076923 246.98076923076923 70.09615384615384 0.6362179487179487 135.8653846153846 45.28846153846154 5.596153846153846 39.69230769230769 1.1085610000882298
318000 246.98076923076923 246.98076923076923 70.09615384615384 0.6362179487179487 135.8653846153846 45.28846153846154 5.596153846153846 39.69230769230769 1.1800927999429405
320000 246.98076923076923 246.98076923076923 70.09615384615384 0.6362179487179487 135.8653846153846 45.28846153846154 5.596153846153846 39.69230769230769 1.2059316001832485
322000 246.98076923076923 246.98076923076923 70.09615384615384 0.6362179487179487 135.8653846153846 45.28846153846154 5.596153846153846 39.69230769230769 1.2053278998937458
324000 246.98076923076923 246.98076923076923 70.09615384615384 0.6362179487179487 135.8653846153846 45.28846153846154 5.596153846153846 39.69230769230769 1.2256738001015037
326000 246.98076923076923 246.98076923076923 70.09615384615384 0.6362179487179487 135.8653846153846 45.28846153846154 5.596153846153846 39.69230769230769 1.1410558000206947
328000 246.98076923076923 246.98076923076923 70.09615384615384 0.6362179487179487 135.8653846153846 45.28846153846154 5.596153846153846 39.69230769230769 1.2260016000363976
330000 246.98076923076923 246.98076923076923 70.09615384615384 0.6362179487179487 135.8653846153846 45.28846153846154 5.596153846153846 39.69230769230769 1.1938815999310464
332000 246.98076923076923 246.98076923076923 70.09615384615384 0.6362179487179487 135.8653846153846 45.28846153846154 5.596153846153846 39.69230769230769 1.1911798999644816
334000 246.98076923076923 246.98076923076923 70.09615384615384 0.6362179487179487 135.8653846153846 45.28846153846154 5.596153846153846 39.69230769230769 1.2177422000095248
336000 246.98076923076923 246.98076923076923 70.09615384615384 0.6362179487179487 135.8653846153846 45.28846153846154 5.596153846153846 39.69230769230769 1.1772135999053717
338000 246.98076923076923 246.98076923076923 70.09615384615384 0.6362179487179487 135.8653846153846 45.28846153846154 5.596153846153846 39.69230769230769 1.1943562999367714
340000 246.98076923076923 246.98076923076923 70.09615384615384 0.6362179487179487 135.8653846153846 45.28846153846154 5.596153846153846 39.69230769230769 1.153607200132683
342000 246.98076923076923 246.98076923076923 70.09615384615384 0.6362179487179487 135.8653846153846 45.28846153846154 5.596153846153846 39.69230769230769 1.2077990998513997
344000 246.98076923076923 246.98076923076923 70.09615384615384 0.6362179487179487 135.8653846153846 45.28846153846154 5.596153846153846 39.69230769230769 1.1915936002042145
346000 246.98076923076923 246.98076923076923 70.09615384615384 0.6362179487179487 135.8653846153846 45.28846153846154 5.596153846153846 39.69230769230769 1.223232900025323
348000 246.98076923076923 246.98076923076923 70.09615384615384 0.6362179487179487 135.8653846153846 45.28846153846154 5.596153846153846 39.69230769230769 1.1415380998514593
350000 246.98076923076923 246.98076923076923 70.09615384615384 0.6362179487179487 135.8653846153846 45.28846153846154 5.596153846153846 39.69230769230769 1.2842126998584718
352000 246.98076923076923 246.98076923076923 70.09615384615384 0.6362179487179487 135.8653846153846 45.28846153846154 5.596153846153846 39.69230769230769 1.2804023001808673
354000 246.98076923076923 246.98076923076923 70.09615384615384 0.6362179487179487 135.8653846153846 45.28846153846154 5.596153846153846 39.69230769230769 1.1358173000626266
356000 246.98076923076923 246.98076923076923 70.09615384615384 0.6362179487179487 135.8653846153846 45.28846153846154 5.596153846153846 39.69230769230769 1.1618234999477863
358000 246.98076923076923 246.98076923076923 70.09615384615384 0.6362179487179487 135.8653846153846 45.28846153846154 5.596153846153846 39.69230769230769 1.1318132001906633
360000 246.98076923076923 246.98076923076923 70.09615384615384 0.6362179487179487 135.8653846153846 45.28846153846154 5.596153846153846 39.69230769230769 1.1680024999659508
362000 246.98076923076923 246.98076923076923 70.09615384615384 0.6362179487179487 135.8653846153846 45.28846153846154 5.596153846153846 39.69230769230769 1.1901168001350015
364000 246.98076923076923 246.98076923076923 70.09615384615384 0.6362179487179487 135.8653846153846 45.28846153846154 5.596153846153846 39.69230769230769 1.2129049999639392
366000 246.98076923076923 246.98076923076923 70.09615384615384 0.6362179487179487 135.8653846153846 45.28846153846154 5.596153846153846 39.69230769230769 1.081113399937749
368000 246.98076923076923 246.98076923076923 70.09615384615384 0.6362179487179487 135.8653846153846 45.28846153846154 5.596153846153846 39.69230769230769 1.1983030999545008
370000 246.98076923076923 246.98076923076923 70.09615384615384 0.6362179487179487 135.8653846153846 45.28846153846154 5.596153846153846 39.69230769230769 1.2012406999710947
372000 246.98076923076923 246.98076923076923 70.09615384615384 0.6362179487179487 135.8653846153846 45.28846153846154 5.596153846153846 39.69230769230769 1.1957709998823702
374000 246.98076923076923 246.98076923076923 70.09615384615384 0.6362179487179487 135.8653846153846 45.28846153846154 5.596153846153846 39.69230769230769 1.2462428000289947
376000 246.98076923076923 246.98076923076923 70.09615384615384 0.6362179487179487 135.8653846153846 45.28846153846154 5.596153846153846 39.69230769230769 1.232766899978742
378000 246.98076923076923 246.98076923076923 70.09615384615384 0.6362179487179487 135.8653846153846 45.28846153846154 5.596153846153846 39.69230769230769 1.2231753000523895
380000 246.98076923076923 246.98076923076923 70.09615384615384 0.6362179487179487 135.8653846153846 45.28846153846154 5.596153846153846 39.69230769230769 1.1063377999234945
382000 246.98076923076923 246.98076923076923 70.09615384615384 0.6362179487179487 135.8653846153846 45.28846153846154 5.596153846153846 39.69230769230769 1.2716989000327885
384000 246.98076923076923 246.98076923076923 70.09615384615384 0.6362179487179487 135.8653846153846 45.28846153846154 5.596153846153846 39.69230769230769 1.3243420000653714
386000 246.98076923076923 246.98076923076923 70.09615384615384 0.6362179487179487 135.8653846153846 45.28846153846154 5.596153846153846 39.69230769230769 1.1923904998693615
388000 246.98076923076923 246.98076923076923 70.09615384615384 0.6362179487179487 135.8653846153846 45.28846153846154 5.596153846153846 39.69230769230769 1.208960099844262
390000 246.98076923076923 246.98076923076923 70.09615384615384 0.6362179487179487 135.8653846153846 45.28846153846154 5.596153846153846 39.69230769230769 1.224855000153184
392000 246.98076923076923 246.98076923076923 70.09615384615384 0.6362179487179487 135.8653846153846 45.28846153846154 5.596153846153846 39.69230769230769 1.1399813999887556
394000 246.98076923076923 246.98076923076923 70.09615384615384 0.6362179487179487 135.8653846153846 45.28846153846154 5.596153846153846 39.69230769230769 1.1964249999728054
396000 246.98076923076923 246.98076923076923 70.09615384615384 0.6362179487179487 135.8653846153846 45.28846153846154 5.596153846153846 39.69230769230769 1.2814569000620395
398000 246.98076923076923 246.98076923076923 70.09615384615384 0.6362179487179487 135.8653846153846 45.28846153846154 5.596153846153846 39.69230769230769 1.3042773001361638
400000 246.98076923076923 246.98076923076923 70.09615384615384 0.6362179487179487 135.8653846153846 45.28846153846154 5.596153846153846 39.69230769230769 1.1963611000683159
402000 246.98076923076923 246.98076923076923 70.09615384615384 0.6362179487179487 135.8653846153846 45.28846153846154 5.596153846153846 39.69230769230769 1.2135890000499785
404000 246.98076923076923 246.98076923076923 70.09615384615384 0.6362179487179487 135.8653846153846 45.28846153846154 5.596153846153846 39.69230769230769 1.1617825999855995
406000 246.98076923076923 246.98076923076923 70.09615384615384 0.6362179487179487 135.8653846153846 45.28846153846154 5.596153846153846 39.69230769230769 1.202760900137946
408000 246.98076923076923 246.98076923076923 70.09615384615384 0.6362179487179487 135.8653846153846 45.28846153846154 5.596153846153846 39.69230769230769 1.1887061998713762
410000 246.98076923076923 246.98076923076923 70.09615384615384 0.6362179487179487 135.8653846153846 45.28846153846154 5.596153846153846 39.69230769230769 1.1255416001658887
412000 246.98076923076923 246.98076923076923 70.09615384615384 0.6362179487179487 135.8653846153846 45.28846153846154 5.596153846153846 39.69230769230769 1.2352124999742955
414000 246.98076923076923 246.98076923076923 70.09615384615384 0.6362179487179487 135.8653846153846 45.28846153846154 5.596153846153846 39.69230769230769 1.1777999999467283
416000 246.98076923076923 246.98076923076923 70.09615384615384 0.6362179487179487 135.8653846153846 45.28846153846154 5.596153846153846 39.69230769230769 1.1700393001083285
418000 246.98076923076923 246.98076923076923 70.09615384615384 0.6362179487179487 135.8653846153846 45.28846153846154 5.596153846153846 39.69230769230769 1.2440251999069005
420000 246.98076923076923 246.98076923076923 70.09615384615384 0.6362179487179487 135.8653846153846 45.28846153846154 5.596153846153846 39.69230769230769 1.2081307999324054
422000 246.98076923076923 246.98076923076923 70.09615384615384 0.6362179487179487 135.8653846153846 45.28846153846154 5.596153846153846 39.69230769230769 1.2160694999620318
424000 246.98076923076923 246.98076923076923 70.09615384615384 0.6362179487179487 135.8653846153846 45.28846153846154 5.596153846153846 39.69230769230769 1.1826290001627058
426000 246.98076923076923 246.98076923076923 70.09615384615384 0.6362179487179487 135.8653846153846 45.28846153846154 5.596153846153846 39.69230769230769 1.196250000037253
428000 246.98076923076923 246.98076923076923 70.09615384615384 0.6362179487179487 135.8653846153846 45.28846153846154 5.596153846153846 39.69230769230769 1.2197455000132322
430000 246.98076923076923 246.98076923076923 70.09615384615384 0.6362179487179487 135.8653846153846 45.28846153846154 5.596153846153846 39.69230769230769 1.1341844000853598
432000 246.98076923076923 246.98076923076923 70.09615384615384 0.6362179487179487 135.8653846153846 45.28846153846154 5.596153846153846 39.69230769230769 1.172717799898237
434000 246.98076923076923 246.98076923076923 70.09615384615384 0.6362179487179487 135.8653846153846 45.28846153846154 5.596153846153846 39.69230769230769 1.2237267000600696
436000 246.98076923076923 246.98076923076923 70.09615384615384 0.6362179487179487 135.8653846153846 45.28846153846154 5.596153846153846 39.69230769230769 1.210549300070852
438000 246.98076923076923 246.98076923076923 70.09615384615384 0.6362179487179487 135.8653846153846 45.28846153846154 5.596153846153846 39.69230769230769 1.219151800032705
440000 246.98076923076923 246.98076923076923 70.09615384615384 0.6362179487179487 135.8653846153846 45.28846153846154 5.596153846153846 39.69230769230769 1.254244799958542
442000 246.98076923076923 246.98076923076923 70.09615384615384 0.6362179487179487 135.8653846153846 45.28846153846154 5.596153846153846 39.69230769230769 1.1792070001829416
444000 246.98076923076923 246.98076923076923 70.09615384615384 0.6362179487179487 135.8653846153846 45.28846153846154 5.596153846153846 39.69230769230769 1.2799674000125378
446000 246.98076923076923 246.98076923076923 70.09615384615384 0.6362179487179487 135.8653846153846 45.28846153846154 5.596153846153846 39.69230769230769 1.259693100117147
448000 246.98076923076923 246.98076923076923 70.09615384615384 0.6362179487179487 135.8653846153846 45.28846153846154 5.596153846153846 39.69230769230769 1.0821302998811007
450000 246.98076923076923 246.98076923076923 70.09615384615384 0.6362179487179487 135.8653846153846 45.28846153846154 5.596153846153846 39.69230769230769 1.2086191000416875
452000 246.98076923076923 246.98076923076923 70.09615384615384 0.6362179487179487 135.8653846153846 45.28846153846154 5.596153846153846 39.69230769230769 1.188364899950102
454000 246.98076923076923 246.98076923076923 70.09615384615384 0.6362179487179487 135.8653846153846 45.28846153846154 5.596153846153846 39.69230769230769 1.1644454000052065
456000 246.98076923076923 246.98076923076923 70.09615384615384 0.6362179487179487 135.8653846153846 45.28846153846154 5.596153846153846 39.69230769230769 1.3869407998863608
458000 246.98076923076923 246.98076923076923 70.09615384615384 0.6362179487179487 135.8653846153846 45.28846153846154 5.596153846153846 39.69230769230769 1.1830302998423576
460000 246.98076923076923 246.98076923076923 70.09615384615384 0.6362179487179487 135.8653846153846 45.28846153846154 5.596153846153846 39.69230769230769 1.301156200002879
462000 246.98076923076923 246.98076923076923 70.09615384615384 0.6362179487179487 135.8653846153846 45.28846153846154 5.596153846153846 39.69230769230769 1.2104731001891196
464000 246.98076923076923 246.98076923076923 70.09615384615384 0.6362179487179487 135.8653846153846 45.28846153846154 5.596153846153846 39.69230769230769 1.1502020999323577
466000 246.98076923076923 246.98076923076923 70.09615384615384 0.6362179487179487 135.8653846153846 45.28846153846154 5.596153846153846 39.69230769230769 1.264596699969843
468000 246.98076923076923 246.98076923076923 70.09615384615384 0.6362179487179487 135.8653846153846 45.28846153846154 5.596153846153846 39.69230769230769 1.1260778000578284
470000 246.98076923076923 246.98076923076923 70.09615384615384 0.6362179487179487 135.8653846153846 45.28846153846154 5.596153846153846 39.69230769230769 1.1413006999064237
472000 246.98076923076923 246.98076923076923 70.09615384615384 0.6362179487179487 135.8653846153846 45.28846153846154 5.596153846153846 39.69230769230769 1.1634527000132948
474000 246.98076923076923 246.98076923076923 70.09615384615384 0.6362179487179487 135.8653846153846 45.28846153846154 5.596153846153846 39.69230769230769 1.2185196001082659
476000 246.98076923076923 246.98076923076923 70.09615384615384 0.6362179487179487 135.8653846153846 45.28846153846154 5.596153846153846 39.69230769230769 1.2513214000500739
478000 246.98076923076923 246.98076923076923 70.09615384615384 0.6362179487179487 135.8653846153846 45.28846153846154 5.596153846153846 39.69230769230769 1.2120348000898957
480000 246.98076923076923 246.98076923076923 70.09615384615384 0.6362179487179487 135.8653846153846 45.28846153846154 5.596153846153846 39.69230769230769 1.253735200036317
482000 246.98076923076923 246.98076923076923 70.09615384615384 0.6362179487179487 135.8653846153846 45.28846153846154 5.596153846153846 39.69230769230769 1.2499659000895917
484000 246.98076923076923 246.98076923076923 70.09615384615384 0.6362179487179487 135.8653846153846 45.28846153846154 5.596153846153846 39.69230769230769 1.2500128000974655
486000 246.98076923076923 246.98076923076923 70.09615384615384 0.6362179487179487 135.8653846153846 45.28846153846154 5.596153846153846 39.69230769230769 1.179919600021094
488000 246.98076923076923 246.98076923076923 70.09615384615384 0.6362179487179487 135.8653846153846 45.28846153846154 5.596153846153846 39.69230769230769 0.9778066999278963
490000 246.98076923076923 246.98076923076923 70.09615384615384 0.6362179487179487 135.8653846153846 45.28846153846154 5.596153846153846 39.69230769230769 1.0662772001232952
492000 246.98076923076923 246.98076923076923 70.09615384615384 0.6362179487179487 135.8653846153846 45.28846153846154 5.596153846153846 39.69230769230769 0.7193944999016821
494000 246.98076923076923 246.98076923076923 70.09615384615384 0.6362179487179487 135.8653846153846 45.28846153846154 5.596153846153846 39.69230769230769 0.7499589000362903
496000 246.98076923076923 246.98076923076923 70.09615384615384 0.6362179487179487 135.8653846153846 45.28846153846154 5.596153846153846 39.69230769230769 0.6428354999516159
498000 246.98076923076923 246.98076923076923 70.09615384615384 0.6362179487179487 135.8653846153846 45.28846153846154 5.596153846153846 39.69230769230769 0.6491948999464512
500000 246.98076923076923 246.98076923076923 70.09615384615384 0.6362179487179487 135.8653846153846 45.28846153846154 5.596153846153846 39.69230769230769 0.764647499890998
