2000 1.537037037037037 0.5370370370370371 129.59259259259258 0.044753086419753084 135.5185185185185 45.333333333333336 0.0 45.333333333333336 0.8879216993227601
4000 1.3148148148148149 -0.7592592592592593 128.90740740740742 0.07407407407407407 135.5185185185185 45.333333333333336 0.0 45.333333333333336 1.2166707003489137
6000 4.592592592592593 4.2407407407407405 127.5925925925926 0.12191358024691358 135.5185185185185 45.333333333333336 0.0 45.333333333333336 1.374791800044477
8000 8.25925925925926 7.037037037037037 125.85185185185185 0.21759259259259262 135.5185185185185 45.333333333333336 0.0 45.333333333333336 1.3913890002295375
10000 9.333333333333334 3.111111111111111 124.72222222222223 0.33641975308641975 135.5185185185185 45.333333333333336 0.0 45.333333333333336 1.3810665998607874
12000 12.62962962962963 0.4074074074074074 122.25925925925925 0.3919753086419753 135.5185185185185 45.333333333333336 0.018518518518518517 45.31481481481482 1.4751946991309524
14000 27.74074074074074 27.74074074074074 120.94444444444444 0.4737654320987654 135.5185185185185 45.333333333333336 0.018518518518518517 45.31481481481482 1.6033692006021738
16000 70.61111111111111 65.0925925925926 118.37037037037037 0.48456790123456794 135.5185185185185 45.333333333333336 0.018518518518518517 45.31481481481482 1.6095194993540645
18000 48.24074074074074 42.72222222222222 119.07407407407408 0.5216049382716049 135.5185185185185 45.333333333333336 0.018518518518518517 45.31481481481482 1.5406474992632866
20000 32.74074074074074 27.22222222222222 119.51851851851852 0.5 135.5185185185185 45.333333333333336 0.018518518518518517 45.31481481481482 1.4419138999655843
22000 30.59259259259259 27.22222222222222 120.07407407407408 0.49382716049382713 135.5185185185185 45.333333333333336 0.018518518518518517 45.31481481481482 1.3417020002380013
24000 46.48148148148148 43.111111111111114 119.94444444444444 0.4830246913580247 135.5185185185185 45.333333333333336 0.0 45.333333333333336 1.3335839994251728
26000 46.48148148148148 43.111111111111114 119.94444444444444 0.4830246913580247 135.5185185185185 45.333333333333336 0.0 45.333333333333336 1.3808800000697374
28000 64.05555555555556 60.68518518518518 119.20370370370371 0.5138888888888888 135.5185185185185 45.333333333333336 0.018518518518518517 45.31481481481482 1.4001885000616312
30000 64.05555555555556 60.68518518518518 119.20370370370371 0.5138888888888888 135.5185185185185 45.333333333333336 0.018518518518518517 45.31481481481482 1.6042395001277328
32000 179.77777777777777 176.40740740740742 117.27777777777777 0.5462962962962963 135.5185185185185 45.333333333333336 0.018518518518518517 45.31481481481482 1.6344459000974894
34000 144.5 141.12962962962962 117.53703703703704 0.5925925925925926 135.5185185185185 45.333333333333336 0.018518518518518517 45.31481481481482 1.5185874002054334
36000 151.64814814814815 141.12962962962962 116.70370370370371 0.617283950617284 135.5185185185185 45.333333333333336 0.018518518518518517 45.31481481481482 1.3715121001005173
38000 196.1851851851852 178.57407407407408 116.14814814814815 0.5802469135802468 135.5185185185185 45.333333333333336 0.018518518518518517 45.31481481481482 1.5383427003398538
40000 192.75925925925927 175.14814814814815 116.18518518518519 0.5802469135802468 135.5185185185185 45.333333333333336 0.018518518518518517 45.31481481481482 1.4706552997231483
42000 192.75925925925927 175.14814814814815 116.18518518518519 0.5802469135802468 135.5185185185185 45.333333333333336 0.018518518518518517 45.31481481481482 1.3877566996961832
44000 192.75925925925927 175.14814814814815 116.18518518518519 0.5802469135802468 135.5185185185185 45.333333333333336 0.018518518518518517 45.31481481481482 1.4493577992543578
46000 192.75925925925927 175.14814814814815 116.18518518518519 0.5802469135802468 135.5185185185185 45.333333333333336 0.018518518518518517 45.31481481481482 1.4946277001872659
48000 192.75925925925927 175.14814814814815 116.18518518518519 0.5802469135802468 135.5185185185185 45.333333333333336 0.018518518518518517 45.31481481481482 1.5175038008019328
50000 96.55555555555556 -1.0 118.14814814814815 0.49228395061728386 135.5185185185185 45.333333333333336 0.018518518518518517 45.31481481481482 1.5636440999805927
52000 158.74074074074073 141.12962962962962 116.42592592592592 0.6265432098765432 135.5185185185185 45.333333333333336 0.018518518518518517 45.31481481481482 1.4794220998883247
54000 147.46296296296296 51.74074074074074 117.9074074074074 0.5293209876543209 135.5185185185185 45.333333333333336 0.018518518518518517 45.31481481481482 1.402208199724555
56000 147.46296296296296 51.74074074074074 117.9074074074074 0.5293209876543209 135.5185185185185 45.333333333333336 0.018518518518518517 45.31481481481482 1.5755320005118847
58000 147.46296296296296 51.74074074074074 117.9074074074074 0.5293209876543209 135.5185185185185 45.333333333333336 0.018518518518518517 45.31481481481482 1.3375355005264282
60000 147.46296296296296 51.74074074074074 117.9074074074074 0.5293209876543209 135.5185185185185 45.333333333333336 0.018518518518518517 45.31481481481482 1.4279611995443702
62000 147.46296296296296 51.74074074074074 117.9074074074074 0.5293209876543209 135.5185185185185 45.333333333333336 0.018518518518518517 45.31481481481482 1.3153386991471052
64000 147.46296296296296 51.74074074074074 117.9074074074074 0.5293209876543209 135.5185185185185 45.333333333333336 0.018518518518518517 45.31481481481482 1.352810500189662
66000 147.46296296296296 51.74074074074074 117.9074074074074 0.5293209876543209 135.5185185185185 45.333333333333336 0.018518518518518517 45.31481481481482 1.4314887002110481
68000 147.46296296296296 51.74074074074074 117.9074074074074 0.5293209876543209 135.5185185185185 45.333333333333336 0.018518518518518517 45.31481481481482 1.3542285999283195
70000 147.46296296296296 51.74074074074074 117.9074074074074 0.5293209876543209 135.5185185185185 45.333333333333336 0.018518518518518517 45.31481481481482 1.5146037004888058
72000 161.07407407407408 79.87037037037037 117.75925925925925 0.5293209876543209 135.5185185185185 45.333333333333336 0.018518518518518517 45.31481481481482 1.4117880994454026
74000 215.35185185185185 215.03703703703704 117.4074074074074 0.5401234567901234 135.5185185185185 45.333333333333336 0.018518518518518517 45.31481481481482 1.4128927001729608
76000 147.46296296296296 51.74074074074074 117.9074074074074 0.5293209876543209 135.5185185185185 45.333333333333336 0.018518518518518517 45.31481481481482 1.2987532000988722
78000 147.46296296296296 51.74074074074074 117.9074074074074 0.5293209876543209 135.5185185185185 45.333333333333336 0.018518518518518517 45.31481481481482 1.338663000613451
80000 215.35185185185185 215.03703703703704 117.4074074074074 0.5401234567901234 135.5185185185185 45.333333333333336 0.018518518518518517 45.31481481481482 1.3197419000789523
82000 215.35185185185185 215.03703703703704 117.4074074074074 0.5401234567901234 135.5185185185185 45.333333333333336 0.018518518518518517 45.31481481481482 1.419604199938476
84000 215.35185185185185 215.03703703703704 117.4074074074074 0.5401234567901234 135.5185185185185 45.333333333333336 0.018518518518518517 45.31481481481482 1.3343630004674196
86000 215.35185185185185 215.03703703703704 117.4074074074074 0.5401234567901234 135.5185185185185 45.333333333333336 0.018518518518518517 45.31481481481482 1.4398450003936887
88000 215.35185185185185 215.03703703703704 117.4074074074074 0.5401234567901234 135.5185185185185 45.333333333333336 0.018518518518518517 45.31481481481482 1.5221461998298764
90000 215.35185185185185 215.03703703703704 117.4074074074074 0.5401234567901234 135.5185185185185 45.333333333333336 0.018518518518518517 45.31481481481482 1.3883429002016783
92000 215.35185185185185 215.03703703703704 117.4074074074074 0.5401234567901234 135.5185185185185 45.333333333333336 0.018518518518518517 45.31481481481482 1.4097151001915336
94000 215.35185185185185 215.03703703703704 117.4074074074074 0.5401234567901234 135.5185185185185 45.333333333333336 0.018518518518518517 45.31481481481482 1.392447100020945
96000 215.35185185185185 215.03703703703704 117.4074074074074 0.5401234567901234 135.5185185185185 45.333333333333336 0.018518518518518517 45.31481481481482 1.3499171994626522
98000 215.35185185185185 215.03703703703704 117.4074074074074 0.5401234567901234 135.5185185185185 45.333333333333336 0.018518518518518517 45.31481481481482 1.2835334995761514
100000 215.35185185185185 215.03703703703704 117.4074074074074 0.5401234567901234 135.5185185185185 45.333333333333336 0.018518518518518517 45.31481481481482 1.2898633992299438
102000 215.35185185185185 215.03703703703704 117.4074074074074 0.5401234567901234 135.5185185185185 45.333333333333336 0.018518518518518517 45.31481481481482 1.4382693003863096
104000 215.35185185185185 215.03703703703704 117.4074074074074 0.5401234567901234 135.5185185185185 45.333333333333336 0.018518518518518517 45.31481481481482 1.304654499515891
106000 215.35185185185185 215.03703703703704 117.4074074074074 0.5401234567901234 135.5185185185185 45.333333333333336 0.018518518518518517 45.31481481481482 1.3092587999999523
108000 215.35185185185185 215.03703703703704 117.4074074074074 0.5401234567901234 135.5185185185185 45.333333333333336 0.018518518518518517 45.31481481481482 1.4012426007539034
110000 215.35185185185185 215.03703703703704 117.4074074074074 0.5401234567901234 135.5185185185185 45.333333333333336 0.018518518518518517 45.31481481481482 1.3052147002890706
112000 237.44444444444446 237.44444444444446 116.0925925925926 0.6033950617283951 135.5185185185185 45.333333333333336 0.018518518518518517 45.31481481481482 1.3409492000937462
114000 215.35185185185185 215.03703703703704 117.4074074074074 0.5401234567901234 135.5185185185185 45.333333333333336 0.018518518518518517 45.31481481481482 1.358857199549675
116000 237.44444444444446 237.44444444444446 116.0925925925926 0.6033950617283951 135.5185185185185 45.333333333333336 0.018518518518518517 45.31481481481482 1.4297577999532223
118000 237.44444444444446 237.44444444444446 116.0925925925926 0.6033950617283951 135.5185185185185 45.333333333333336 0.018518518518518517 45.31481481481482 1.388238400220871
120000 237.44444444444446 237.44444444444446 116.0925925925926 0.6033950617283951 135.5185185185185 45.333333333333336 0.018518518518518517 45.31481481481482 1.3780343001708388
122000 237.44444444444446 237.44444444444446 116.0925925925926 0.6033950617283951 135.5185185185185 45.333333333333336 0.018518518518518517 45.31481481481482 1.4851369997486472
124000 237.44444444444446 237.44444444444446 116.0925925925926 0.6033950617283951 135.5185185185185 45.333333333333336 0.018518518518518517 45.31481481481482 1.4481517001986504
126000 237.44444444444446 237.44444444444446 116.0925925925926 0.6033950617283951 135.5185185185185 45.333333333333336 0.018518518518518517 45.31481481481482 1.3513837000355124
128000 237.44444444444446 237.44444444444446 116.0925925925926 0.6033950617283951 135.5185185185185 45.333333333333336 0.018518518518518517 45.31481481481482 1.4509226996451616
130000 237.44444444444446 237.44444444444446 116.0925925925926 0.6033950617283951 135.5185185185185 45.333333333333336 0.018518518518518517 45.31481481481482 1.4291458996012807
132000 237.44444444444446 237.44444444444446 116.0925925925926 0.6033950617283951 135.5185185185185 45.333333333333336 0.018518518518518517 45.31481481481482 1.5403514001518488
134000 237.44444444444446 237.44444444444446 116.0925925925926 0.6033950617283951 135.5185185185185 45.333333333333336 0.018518518518518517 45.31481481481482 1.3736124001443386
136000 237.44444444444446 237.44444444444446 116.0925925925926 0.6033950617283951 135.5185185185185 45.333333333333336 0.018518518518518517 45.31481481481482 1.4293549992144108
138000 237.44444444444446 237.44444444444446 116.0925925925926 0.6033950617283951 135.5185185185185 45.333333333333336 0.018518518518518517 45.31481481481482 1.44615319930017
140000 237.44444444444446 237.44444444444446 116.0925925925926 0.6033950617283951 135.5185185185185 45.333333333333336 0.018518518518518517 45.31481481481482 1.49541059974581
142000 237.44444444444446 237.44444444444446 116.0925925925926 0.6033950617283951 135.5185185185185 45.333333333333336 0.018518518518518517 45.31481481481482 1.3982046004384756
144000 237.44444444444446 237.44444444444446 116.0925925925926 0.6033950617283951 135.5185185185185 45.333333333333336 0.018518518518518517 45.31481481481482 1.5433237003162503
146000 237.44444444444446 237.44444444444446 116.0925925925926 0.6033950617283951 135.5185185185185 45.333333333333336 0.018518518518518517 45.31481481481482 1.3904599994421005
148000 237.44444444444446 237.44444444444446 116.0925925925926 0.6033950617283951 135.5185185185185 45.333333333333336 0.018518518518518517 45.31481481481482 1.4062753999605775
150000 237.44444444444446 237.44444444444446 116.0925925925926 0.6033950617283951 135.5185185185185 45.333333333333336 0.018518518518518517 45.31481481481482 1.3783186003565788
152000 237.44444444444446 237.44444444444446 116.0925925925926 0.6033950617283951 135.5185185185185 45.333333333333336 0.018518518518518517 45.31481481481482 1.4130541002377868
154000 237.44444444444446 237.44444444444446 116.0925925925926 0.6033950617283951 135.5185185185185 45.333333333333336 0.018518518518518517 45.31481481481482 1.3903246000409126
156000 237.44444444444446 237.44444444444446 116.0925925925926 0.6033950617283951 135.5185185185185 45.333333333333336 0.018518518518518517 45.31481481481482 1.3566843997687101
158000 237.44444444444446 237.44444444444446 116.0925925925926 0.6033950617283951 135.5185185185185 45.333333333333336 0.018518518518518517 45.31481481481482 1.4905580999329686
160000 237.44444444444446 237.44444444444446 116.0925925925926 0.6033950617283951 135.5185185185185 45.333333333333336 0.018518518518518517 45.31481481481482 1.3862752998247743
162000 237.44444444444446 237.44444444444446 116.0925925925926 0.6033950617283951 135.5185185185185 45.333333333333336 0.018518518518518517 45.31481481481482 1.3701762007549405
164000 237.44444444444446 237.44444444444446 116.0925925925926 0.6033950617283951 135.5185185185185 45.333333333333336 0.018518518518518517 45.31481481481482 1.4224402997642756
166000 237.44444444444446 237.44444444444446 116.0925925925926 0.6033950617283951 135.5185185185185 45.333333333333336 0.018518518518518517 45.31481481481482 1.4445255007594824
168000 237.44444444444446 237.44444444444446 116.0925925925926 0.6033950617283951 135.5185185185185 45.333333333333336 0.018518518518518517 45.31481481481482 1.3409674996510148
170000 237.44444444444446 237.44444444444446 116.0925925925926 0.6033950617283951 135.5185185185185 45.333333333333336 0.018518518518518517 45.31481481481482 1.5109062995761633
172000 237.44444444444446 237.44444444444446 116.0925925925926 0.6033950617283951 135.5185185185185 45.333333333333336 0.018518518518518517 45.31481481481482 1.3590495996177197
174000 237.44444444444446 237.44444444444446 116.0925925925926 0.6033950617283951 135.5185185185185 45.333333333333336 0.018518518518518517 45.31481481481482 1.4216358996927738
176000 237.44444444444446 237.44444444444446 116.0925925925926 0.6033950617283951 135.5185185185185 45.333333333333336 0.018518518518518517 45.31481481481482 1.43043929990381
178000 237.44444444444446 237.44444444444446 116.0925925925926 0.6033950617283951 135.5185185185185 45.333333333333336 0.018518518518518517 45.31481481481482 1.34947710018605
180000 237.44444444444446 237.44444444444446 116.0925925925926 0.6033950617283951 135.5185185185185 45.333333333333336 0.018518518518518517 45.31481481481482 1.4119102004915476
182000 237.44444444444446 237.44444444444446 116.0925925925926 0.6033950617283951 135.5185185185185 45.333333333333336 0.018518518518518517 45.31481481481482 1.5034498991444707
184000 237.44444444444446 237.44444444444446 116.0925925925926 0.6033950617283951 135.5185185185185 45.333333333333336 0.018518518518518517 45.31481481481482 1.3917581997811794
186000 237.44444444444446 237.44444444444446 116.0925925925926 0.6033950617283951 135.5185185185185 45.333333333333336 0.018518518518518517 45.31481481481482 1.4255657996982336
188000 237.44444444444446 237.44444444444446 116.0925925925926 0.6033950617283951 135.5185185185185 45.333333333333336 0.018518518518518517 45.31481481481482 1.4789970992133021
190000 237.44444444444446 237.44444444444446 116.0925925925926 0.6033950617283951 135.5185185185185 45.333333333333336 0.018518518518518517 45.31481481481482 1.4213975993916392
192000 237.44444444444446 237.44444444444446 116.0925925925926 0.6033950617283951 135.5185185185185 45.333333333333336 0.018518518518518517 45.31481481481482 1.4074536003172398
194000 237.44444444444446 237.44444444444446 116.0925925925926 0.6033950617283951 135.5185185185185 45.333333333333336 0.018518518518518517 45.31481481481482 1.4178166007623076
196000 237.44444444444446 237.44444444444446 116.0925925925926 0.6033950617283951 135.5185185185185 45.333333333333336 0.018518518518518517 45.31481481481482 1.3377638002857566
198000 237.44444444444446 237.44444444444446 116.0925925925926 0.6033950617283951 135.5185185185185 45.333333333333336 0.018518518518518517 45.31481481481482 1.427822600118816
200000 237.44444444444446 237.44444444444446 116.0925925925926 0.6033950617283951 135.5185185185185 45.333333333333336 0.018518518518518517 45.31481481481482 1.390485499985516
202000 237.44444444444446 237.44444444444446 116.0925925925926 0.6033950617283951 135.5185185185185 45.333333333333336 0.018518518518518517 45.31481481481482 1.4038741001859307
204000 237.44444444444446 237.44444444444446 116.0925925925926 0.6033950617283951 135.5185185185185 45.333333333333336 0.018518518518518517 45.31481481481482 1.4693208001554012
206000 237.44444444444446 237.44444444444446 116.0925925925926 0.6033950617283951 135.5185185185185 45.333333333333336 0.018518518518518517 45.31481481481482 1.4146727994084358
208000 237.44444444444446 237.44444444444446 116.0925925925926 0.6033950617283951 135.5185185185185 45.333333333333336 0.018518518518518517 45.31481481481482 1.544803399592638
210000 237.44444444444446 237.44444444444446 116.0925925925926 0.6033950617283951 135.5185185185185 45.333333333333336 0.018518518518518517 45.31481481481482 1.5171424001455307
212000 237.44444444444446 237.44444444444446 116.0925925925926 0.6033950617283951 135.5185185185185 45.333333333333336 0.018518518518518517 45.31481481481482 1.3788169994950294
214000 237.44444444444446 237.44444444444446 116.0925925925926 0.6033950617283951 135.5185185185185 45.333333333333336 0.018518518518518517 45.31481481481482 1.4147216994315386
216000 237.44444444444446 237.44444444444446 116.0925925925926 0.6033950617283951 135.5185185185185 45.333333333333336 0.018518518518518517 45.31481481481482 1.398501900024712
218000 237.44444444444446 237.44444444444446 116.0925925925926 0.6033950617283951 135.5185185185185 45.333333333333336 0.018518518518518517 45.31481481481482 1.437278300523758
220000 237.44444444444446 237.44444444444446 116.0925925925926 0.6033950617283951 135.5185185185185 45.333333333333336 0.018518518518518517 45.31481481481482 1.4355701999738812
222000 237.44444444444446 237.44444444444446 116.0925925925926 0.6033950617283951 135.5185185185185 45.333333333333336 0.018518518518518517 45.31481481481482 1.461052100174129
224000 237.44444444444446 237.44444444444446 116.0925925925926 0.6033950617283951 135.5185185185185 45.333333333333336 0.018518518518518517 45.31481481481482 1.3674296997487545
226000 237.44444444444446 237.44444444444446 116.0925925925926 0.6033950617283951 135.5185185185185 45.333333333333336 0.018518518518518517 45.31481481481482 1.5172637002542615
228000 237.44444444444446 237.44444444444446 116.0925925925926 0.6033950617283951 135.5185185185185 45.333333333333336 0.018518518518518517 45.31481481481482 1.4662934001535177
230000 237.44444444444446 237.44444444444446 116.0925925925926 0.6033950617283951 135.5185185185185 45.333333333333336 0.018518518518518517 45.31481481481482 1.3955431999638677
232000 237.44444444444446 237.44444444444446 116.0925925925926 0.6033950617283951 135.5185185185185 45.333333333333336 0.018518518518518517 45.31481481481482 1.4884578995406628
234000 237.44444444444446 237.44444444444446 116.0925925925926 0.6033950617283951 135.5185185185185 45.333333333333336 0.018518518518518517 45.31481481481482 1.4023575000464916
236000 237.44444444444446 237.44444444444446 116.0925925925926 0.6033950617283951 135.5185185185185 45.333333333333336 0.018518518518518517 45.31481481481482 1.4299552999436855
238000 237.44444444444446 237.44444444444446 116.0925925925926 0.6033950617283951 135.5185185185185 45.333333333333336 0.018518518518518517 45.31481481481482 1.4038073997944593
240000 237.44444444444446 237.44444444444446 116.0925925925926 0.6033950617283951 135.5185185185185 45.333333333333336 0.018518518518518517 45.31481481481482 1.6092074997723103
242000 237.44444444444446 237.44444444444446 116.0925925925926 0.6033950617283951 135.5185185185185 45.333333333333336 0.018518518518518517 45.31481481481482 1.4206622000783682
244000 237.44444444444446 237.44444444444446 116.0925925925926 0.6033950617283951 135.5185185185185 45.333333333333336 0.018518518518518517 45.31481481481482 1.4037134004756808
246000 237.44444444444446 237.44444444444446 116.0925925925926 0.6033950617283951 135.5185185185185 45.333333333333336 0.018518518518518517 45.31481481481482 1.4904004000127316
248000 237.44444444444446 237.44444444444446 116.0925925925926 0.6033950617283951 135.5185185185185 45.333333333333336 0.018518518518518517 45.31481481481482 1.4888773998245597
250000 237.44444444444446 237.44444444444446 116.0925925925926 0.6033950617283951 135.5185185185185 45.333333333333336 0.018518518518518517 45.31481481481482 1.4407742004841566
252000 237.44444444444446 237.44444444444446 116.0925925925926 0.6033950617283951 135.5185185185185 45.333333333333336 0.018518518518518517 45.31481481481482 1.428736500442028
254000 237.44444444444446 237.44444444444446 116.0925925925926 0.6033950617283951 135.5185185185185 45.333333333333336 0.018518518518518517 45.31481481481482 1.4385842997580767
256000 237.44444444444446 237.44444444444446 116.0925925925926 0.6033950617283951 135.5185185185185 45.333333333333336 0.018518518518518517 45.31481481481482 1.3930996004492044
258000 237.44444444444446 237.44444444444446 116.0925925925926 0.6033950617283951 135.5185185185185 45.333333333333336 0.018518518518518517 45.31481481481482 1.395842400379479
260000 237.44444444444446 237.44444444444446 116.0925925925926 0.6033950617283951 135.5185185185185 45.333333333333336 0.018518518518518517 45.31481481481482 1.500318999402225
262000 237.44444444444446 237.44444444444446 116.0925925925926 0.6033950617283951 135.5185185185185 45.333333333333336 0.018518518518518517 45.31481481481482 1.4007353000342846
264000 237.44444444444446 237.44444444444446 116.0925925925926 0.6033950617283951 135.5185185185185 45.333333333333336 0.018518518518518517 45.31481481481482 1.4998973002657294
266000 237.44444444444446 237.44444444444446 116.0925925925926 0.6033950617283951 135.5185185185185 45.333333333333336 0.018518518518518517 45.31481481481482 1.4261721996590495
268000 237.44444444444446 237.44444444444446 116.0925925925926 0.6033950617283951 135.5185185185185 45.333333333333336 0.018518518518518517 45.31481481481482 1.4131548004224896
270000 237.44444444444446 237.44444444444446 116.0925925925926 0.6033950617283951 135.5185185185185 45.333333333333336 0.018518518518518517 45.31481481481482 1.488247899338603
272000 237.44444444444446 237.44444444444446 116.0925925925926 0.6033950617283951 135.5185185185185 45.333333333333336 0.018518518518518517 45.31481481481482 1.4060727003961802
274000 237.44444444444446 237.44444444444446 116.0925925925926 0.6033950617283951 135.5185185185185 45.333333333333336 0.018518518518518517 45.31481481481482 1.4599539004266262
276000 237.44444444444446 237.44444444444446 116.0925925925926 0.6033950617283951 135.5185185185185 45.333333333333336 0.018518518518518517 45.31481481481482 1.4607990998774767
278000 237.44444444444446 237.44444444444446 116.0925925925926 0.6033950617283951 135.5185185185185 45.333333333333336 0.018518518518518517 45.31481481481482 1.354245400056243
280000 237.44444444444446 237.44444444444446 116.0925925925926 0.6033950617283951 135.5185185185185 45.333333333333336 0.018518518518518517 45.31481481481482 1.3846405996009707
282000 237.44444444444446 237.44444444444446 116.0925925925926 0.6033950617283951 135.5185185185185 45.333333333333336 0.018518518518518517 45.31481481481482 1.4040091997012496
284000 237.44444444444446 237.44444444444446 116.0925925925926 0.6033950617283951 135.5185185185185 45.333333333333336 0.018518518518518517 45.31481481481482 1.4155340995639563
286000 237.44444444444446 237.44444444444446 116.0925925925926 0.6033950617283951 135.5185185185185 45.333333333333336 0.018518518518518517 45.31481481481482 1.447117700241506
288000 237.44444444444446 237.44444444444446 116.0925925925926 0.6033950617283951 135.5185185185185 45.333333333333336 0.018518518518518517 45.31481481481482 1.474223899655044
290000 237.44444444444446 237.44444444444446 116.0925925925926 0.6033950617283951 135.5185185185185 45.333333333333336 0.018518518518518517 45.31481481481482 1.43166150059551
292000 237.44444444444446 237.44444444444446 116.0925925925926 0.6033950617283951 135.5185185185185 45.333333333333336 0.018518518518518517 45.31481481481482 1.3524941001087427
294000 237.44444444444446 237.44444444444446 116.0925925925926 0.6033950617283951 135.5185185185185 45.333333333333336 0.018518518518518517 45.31481481481482 1.3896299004554749
296000 237.44444444444446 237.44444444444446 116.0925925925926 0.6033950617283951 135.5185185185185 45.333333333333336 0.018518518518518517 45.31481481481482 1.4030691999942064
298000 237.44444444444446 237.44444444444446 116.0925925925926 0.6033950617283951 135.5185185185185 45.333333333333336 0.018518518518518517 45.31481481481482 1.5251255994662642
300000 237.44444444444446 237.44444444444446 116.0925925925926 0.6033950617283951 135.5185185185185 45.333333333333336 0.018518518518518517 45.31481481481482 1.4085365002974868
302000 237.44444444444446 237.44444444444446 116.0925925925926 0.6033950617283951 135.5185185185185 45.333333333333336 0.018518518518518517 45.31481481481482 1.5016345996409655
304000 237.44444444444446 237.44444444444446 116.0925925925926 0.6033950617283951 135.5185185185185 45.333333333333336 0.018518518518518517 45.31481481481482 1.574291999451816
306000 237.44444444444446 237.44444444444446 116.0925925925926 0.6033950617283951 135.5185185185185 45.333333333333336 0.018518518518518517 45.31481481481482 1.544854300096631
308000 237.44444444444446 237.44444444444446 116.0925925925926 0.6033950617283951 135.5185185185185 45.333333333333336 0.018518518518518517 45.31481481481482 1.4059010995551944
310000 237.44444444444446 237.44444444444446 116.0925925925926 0.6033950617283951 135.5185185185185 45.333333333333336 0.018518518518518517 45.31481481481482 1.4288871996104717
312000 237.44444444444446 237.44444444444446 116.0925925925926 0.6033950617283951 135.5185185185185 45.333333333333336 0.018518518518518517 45.31481481481482 1.466035700403154
314000 237.44444444444446 237.44444444444446 116.0925925925926 0.6033950617283951 135.5185185185185 45.333333333333336 0.018518518518518517 45.31481481481482 1.3933466002345085
316000 237.44444444444446 237.44444444444446 116.0925925925926 0.6033950617283951 135.5185185185185 45.333333333333336 0.018518518518518517 45.31481481481482 1.3403786001726985
318000 237.44444444444446 237.44444444444446 116.0925925925926 0.6033950617283951 135.5185185185185 45.333333333333336 0.018518518518518517 45.31481481481482 1.510126699693501
320000 237.44444444444446 237.44444444444446 116.0925925925926 0.6033950617283951 135.5185185185185 45.333333333333336 0.018518518518518517 45.31481481481482 1.4712040005251765
322000 237.44444444444446 237.44444444444446 116.0925925925926 0.6033950617283951 135.5185185185185 45.333333333333336 0.018518518518518517 45.31481481481482 1.5000447994098067
324000 237.44444444444446 237.44444444444446 116.0925925925926 0.6033950617283951 135.5185185185185 45.333333333333336 0.018518518518518517 45.31481481481482 1.5692619001492858
326000 237.44444444444446 237.44444444444446 116.0925925925926 0.6033950617283951 135.5185185185185 45.333333333333336 0.018518518518518517 45.31481481481482 1.3637628993019462
328000 237.44444444444446 237.44444444444446 116.0925925925926 0.6033950617283951 135.5185185185185 45.333333333333336 0.018518518518518517 45.31481481481482 1.5155543005093932
330000 237.44444444444446 237.44444444444446 116.0925925925926 0.6033950617283951 135.5185185185185 45.333333333333336 0.018518518518518517 45.31481481481482 1.4612207002937794
332000 237.44444444444446 237.44444444444446 116.0925925925926 0.6033950617283951 135.5185185185185 45.333333333333336 0.018518518518518517 45.31481481481482 1.39025520067662
334000 237.44444444444446 237.44444444444446 116.0925925925926 0.6033950617283951 135.5185185185185 45.333333333333336 0.018518518518518517 45.31481481481482 1.488832799717784
336000 237.44444444444446 237.44444444444446 116.0925925925926 0.6033950617283951 135.5185185185185 45.333333333333336 0.018518518518518517 45.31481481481482 1.506432699970901
338000 237.44444444444446 237.44444444444446 116.0925925925926 0.6033950617283951 135.5185185185185 45.333333333333336 0.018518518518518517 45.31481481481482 1.4534165998920798
340000 237.44444444444446 237.44444444444446 116.0925925925926 0.6033950617283951 135.5185185185185 45.333333333333336 0.018518518518518517 45.31481481481482 1.496093200519681
342000 237.44444444444446 237.44444444444446 116.0925925925926 0.6033950617283951 135.5185185185185 45.333333333333336 0.018518518518518517 45.31481481481482 1.4954769993200898
344000 237.44444444444446 237.44444444444446 116.0925925925926 0.6033950617283951 135.5185185185185 45.333333333333336 0.018518518518518517 45.31481481481482 1.5113438004627824
346000 237.44444444444446 237.44444444444446 116.0925925925926 0.6033950617283951 135.5185185185185 45.333333333333336 0.018518518518518517 45.31481481481482 1.3729121005162597
348000 237.44444444444446 237.44444444444446 116.0925925925926 0.6033950617283951 135.5185185185185 45.333333333333336 0.018518518518518517 45.31481481481482 1.591473899781704
350000 237.44444444444446 237.44444444444446 116.0925925925926 0.6033950617283951 135.5185185185185 45.333333333333336 0.018518518518518517 45.31481481481482 1.446349199861288
352000 237.44444444444446 237.44444444444446 116.0925925925926 0.6033950617283951 135.5185185185185 45.333333333333336 0.018518518518518517 45.31481481481482 1.5198325999081135
354000 237.44444444444446 237.44444444444446 116.0925925925926 0.6033950617283951 135.5185185185185 45.333333333333336 0.018518518518518517 45.31481481481482 1.3963299999013543
356000 237.44444444444446 237.44444444444446 116.0925925925926 0.6033950617283951 135.5185185185185 45.333333333333336 0.018518518518518517 45.31481481481482 1.4146640999242663
358000 237.44444444444446 237.44444444444446 116.0925925925926 0.6033950617283951 135.5185185185185 45.333333333333336 0.018518518518518517 45.31481481481482 1.4496620995923877
360000 237.44444444444446 237.44444444444446 116.0925925925926 0.6033950617283951 135.5185185185185 45.333333333333336 0.018518518518518517 45.31481481481482 1.4578440003097057
362000 237.44444444444446 237.44444444444446 116.0925925925926 0.6033950617283951 135.5185185185185 45.333333333333336 0.018518518518518517 45.31481481481482 1.4396583996713161
364000 237.44444444444446 237.44444444444446 116.0925925925926 0.6033950617283951 135.5185185185185 45.333333333333336 0.018518518518518517 45.31481481481482 1.4508887995034456
366000 237.44444444444446 237.44444444444446 116.0925925925926 0.6033950617283951 135.5185185185185 45.333333333333336 0.018518518518518517 45.31481481481482 1.546488099731505
368000 237.44444444444446 237.44444444444446 116.0925925925926 0.6033950617283951 135.5185185185185 45.333333333333336 0.018518518518518517 45.31481481481482 1.3705630004405975
370000 237.44444444444446 237.44444444444446 116.0925925925926 0.6033950617283951 135.5185185185185 45.333333333333336 0.018518518518518517 45.31481481481482 1.5003473004326224
372000 237.44444444444446 237.44444444444446 116.0925925925926 0.6033950617283951 135.5185185185185 45.333333333333336 0.018518518518518517 45.31481481481482 1.4623905001208186
374000 237.44444444444446 237.44444444444446 116.0925925925926 0.6033950617283951 135.5185185185185 45.333333333333336 0.018518518518518517 45.31481481481482 1.4478540001437068
376000 237.44444444444446 237.44444444444446 116.0925925925926 0.6033950617283951 135.5185185185185 45.333333333333336 0.018518518518518517 45.31481481481482 1.4398384997621179
378000 237.44444444444446 237.44444444444446 116.0925925925926 0.6033950617283951 135.5185185185185 45.333333333333336 0.018518518518518517 45.31481481481482 1.4735038997605443
380000 237.44444444444446 237.44444444444446 116.0925925925926 0.6033950617283951 135.5185185185185 45.333333333333336 0.018518518518518517 45.31481481481482 1.3983137998729944
382000 237.44444444444446 237.44444444444446 116.0925925925926 0.6033950617283951 135.5185185185185 45.333333333333336 0.018518518518518517 45.31481481481482 1.4119084002450109
384000 237.44444444444446 237.44444444444446 116.0925925925926 0.6033950617283951 135.5185185185185 45.333333333333336 0.018518518518518517 45.31481481481482 1.4968694001436234
386000 237.44444444444446 237.44444444444446 116.0925925925926 0.6033950617283951 135.5185185185185 45.333333333333336 0.018518518518518517 45.31481481481482 1.4832803001627326
388000 237.44444444444446 237.44444444444446 116.0925925925926 0.6033950617283951 135.5185185185185 45.333333333333336 0.018518518518518517 45.31481481481482 1.4095628000795841
390000 237.44444444444446 237.44444444444446 116.0925925925926 0.6033950617283951 135.5185185185185 45.333333333333336 0.018518518518518517 45.31481481481482 1.470673500560224
392000 237.44444444444446 237.44444444444446 116.0925925925926 0.6033950617283951 135.5185185185185 45.333333333333336 0.018518518518518517 45.31481481481482 1.4591405000537634
394000 237.44444444444446 237.44444444444446 116.0925925925926 0.6033950617283951 135.5185185185185 45.333333333333336 0.018518518518518517 45.31481481481482 1.4053178001195192
396000 237.44444444444446 237.44444444444446 116.0925925925926 0.6033950617283951 135.5185185185185 45.333333333333336 0.018518518518518517 45.31481481481482 1.4314859006553888
398000 237.44444444444446 237.44444444444446 116.0925925925926 0.6033950617283951 135.5185185185185 45.333333333333336 0.018518518518518517 45.31481481481482 1.3740385994315147
400000 237.44444444444446 237.44444444444446 116.0925925925926 0.6033950617283951 135.5185185185185 45.333333333333336 0.018518518518518517 45.31481481481482 1.4089474007487297
402000 237.44444444444446 237.44444444444446 116.0925925925926 0.6033950617283951 135.5185185185185 45.333333333333336 0.018518518518518517 45.31481481481482 1.4427030002698302
404000 237.44444444444446 237.44444444444446 116.0925925925926 0.6033950617283951 135.5185185185185 45.333333333333336 0.018518518518518517 45.31481481481482 1.4943059999495745
406000 237.44444444444446 237.44444444444446 116.0925925925926 0.6033950617283951 135.5185185185185 45.333333333333336 0.018518518518518517 45.31481481481482 1.3688333993777633
408000 237.44444444444446 237.44444444444446 116.0925925925926 0.6033950617283951 135.5185185185185 45.333333333333336 0.018518518518518517 45.31481481481482 1.4592003002762794
410000 237.44444444444446 237.44444444444446 116.0925925925926 0.6033950617283951 135.5185185185185 45.333333333333336 0.018518518518518517 45.31481481481482 1.4660617001354694
412000 237.44444444444446 237.44444444444446 116.0925925925926 0.6033950617283951 135.5185185185185 45.333333333333336 0.018518518518518517 45.31481481481482 1.5315421996638179
414000 237.44444444444446 237.44444444444446 116.0925925925926 0.6033950617283951 135.5185185185185 45.333333333333336 0.018518518518518517 45.31481481481482 1.3781650001183152
416000 237.44444444444446 237.44444444444446 116.0925925925926 0.6033950617283951 135.5185185185185 45.333333333333336 0.018518518518518517 45.31481481481482 1.4472666000947356
418000 237.44444444444446 237.44444444444446 116.0925925925926 0.6033950617283951 135.5185185185185 45.333333333333336 0.018518518518518517 45.31481481481482 1.5312684997916222
420000 237.44444444444446 237.44444444444446 116.0925925925926 0.6033950617283951 135.5185185185185 45.333333333333336 0.018518518518518517 45.31481481481482 1.62928509991616
422000 237.44444444444446 237.44444444444446 116.0925925925926 0.6033950617283951 135.5185185185185 45.333333333333336 0.018518518518518517 45.31481481481482 1.4815996997058392
424000 237.44444444444446 237.44444444444446 116.0925925925926 0.6033950617283951 135.5185185185185 45.333333333333336 0.018518518518518517 45.31481481481482 1.4820973994210362
426000 237.44444444444446 237.44444444444446 116.0925925925926 0.6033950617283951 135.5185185185185 45.333333333333336 0.018518518518518517 45.31481481481482 1.4338126005604863
428000 237.44444444444446 237.44444444444446 116.0925925925926 0.6033950617283951 135.5185185185185 45.333333333333336 0.018518518518518517 45.31481481481482 1.5798710994422436
430000 237.44444444444446 237.44444444444446 116.0925925925926 0.6033950617283951 135.5185185185185 45.333333333333336 0.018518518518518517 45.31481481481482 1.6116922004148364
432000 237.44444444444446 237.44444444444446 116.0925925925926 0.6033950617283951 135.5185185185185 45.333333333333336 0.018518518518518517 45.31481481481482 1.5776570998132229
434000 237.44444444444446 237.44444444444446 116.0925925925926 0.6033950617283951 135.5185185185185 45.333333333333336 0.018518518518518517 45.31481481481482 1.5245516998693347
436000 237.44444444444446 237.44444444444446 116.0925925925926 0.6033950617283951 135.5185185185185 45.333333333333336 0.018518518518518517 45.31481481481482 1.390387499704957
438000 237.44444444444446 237.44444444444446 116.0925925925926 0.6033950617283951 135.5185185185185 45.333333333333336 0.018518518518518517 45.31481481481482 1.488450400531292
440000 237.44444444444446 237.44444444444446 116.0925925925926 0.6033950617283951 135.5185185185185 45.333333333333336 0.018518518518518517 45.31481481481482 1.3920891992747784
442000 237.44444444444446 237.44444444444446 116.0925925925926 0.6033950617283951 135.5185185185185 45.333333333333336 0.018518518518518517 45.31481481481482 1.5051047997549176
444000 237.44444444444446 237.44444444444446 116.0925925925926 0.6033950617283951 135.5185185185185 45.333333333333336 0.018518518518518517 45.31481481481482 1.4778316002339125
446000 237.44444444444446 237.44444444444446 116.0925925925926 0.6033950617283951 135.5185185185185 45.333333333333336 0.018518518518518517 45.31481481481482 1.5331763001158834
448000 237.44444444444446 237.44444444444446 116.0925925925926 0.6033950617283951 135.5185185185185 45.333333333333336 0.018518518518518517 45.31481481481482 1.5837784996256232
450000 237.44444444444446 237.44444444444446 116.0925925925926 0.6033950617283951 135.5185185185185 45.333333333333336 0.018518518518518517 45.31481481481482 1.3564115995541215
452000 237.44444444444446 237.44444444444446 116.0925925925926 0.6033950617283951 135.5185185185185 45.333333333333336 0.018518518518518517 45.31481481481482 1.4018160002306104
454000 237.44444444444446 237.44444444444446 116.0925925925926 0.6033950617283951 135.5185185185185 45.333333333333336 0.018518518518518517 45.31481481481482 1.4438502993434668
456000 237.44444444444446 237.44444444444446 116.0925925925926 0.6033950617283951 135.5185185185185 45.333333333333336 0.018518518518518517 45.31481481481482 1.4086095001548529
458000 237.44444444444446 237.44444444444446 116.0925925925926 0.6033950617283951 135.5185185185185 45.333333333333336 0.018518518518518517 45.31481481481482 1.500453400425613
460000 237.44444444444446 237.44444444444446 116.0925925925926 0.6033950617283951 135.5185185185185 45.333333333333336 0.018518518518518517 45.31481481481482 1.4918737998232245
462000 237.44444444444446 237.44444444444446 116.0925925925926 0.6033950617283951 135.5185185185185 45.333333333333336 0.018518518518518517 45.31481481481482 1.4783805003389716
464000 237.44444444444446 237.44444444444446 116.0925925925926 0.6033950617283951 135.5185185185185 45.333333333333336 0.018518518518518517 45.31481481481482 1.4174483995884657
466000 237.44444444444446 237.44444444444446 116.0925925925926 0.6033950617283951 135.5185185185185 45.333333333333336 0.018518518518518517 45.31481481481482 1.4154262002557516
468000 237.44444444444446 237.44444444444446 116.0925925925926 0.6033950617283951 135.5185185185185 45.333333333333336 0.018518518518518517 45.31481481481482 1.411293400451541
470000 237.44444444444446 237.44444444444446 116.0925925925926 0.6033950617283951 135.5185185185185 45.333333333333336 0.018518518518518517 45.31481481481482 1.4785046000033617
472000 237.44444444444446 237.44444444444446 116.0925925925926 0.6033950617283951 135.5185185185185 45.333333333333336 0.018518518518518517 45.31481481481482 1.344022199511528
474000 237.44444444444446 237.44444444444446 116.0925925925926 0.6033950617283951 135.5185185185185 45.333333333333336 0.018518518518518517 45.31481481481482 1.5641676997765899
476000 237.44444444444446 237.44444444444446 116.0925925925926 0.6033950617283951 135.5185185185185 45.333333333333336 0.018518518518518517 45.31481481481482 1.5152730997651815
478000 237.44444444444446 237.44444444444446 116.0925925925926 0.6033950617283951 135.5185185185185 45.333333333333336 0.018518518518518517 45.31481481481482 1.5377818001434207
480000 237.44444444444446 237.44444444444446 116.0925925925926 0.6033950617283951 135.5185185185185 45.333333333333336 0.018518518518518517 45.31481481481482 1.3814375000074506
482000 237.44444444444446 237.44444444444446 116.0925925925926 0.6033950617283951 135.5185185185185 45.333333333333336 0.018518518518518517 45.31481481481482 1.4828029004856944
484000 237.44444444444446 237.44444444444446 116.0925925925926 0.6033950617283951 135.5185185185185 45.333333333333336 0.018518518518518517 45.31481481481482 1.5316856000572443
486000 237.44444444444446 237.44444444444446 116.0925925925926 0.6033950617283951 135.5185185185185 45.333333333333336 0.018518518518518517 45.31481481481482 1.4037907999008894
488000 237.44444444444446 237.44444444444446 116.0925925925926 0.6033950617283951 135.5185185185185 45.333333333333336 0.018518518518518517 45.31481481481482 1.4329698998481035
490000 237.44444444444446 237.44444444444446 116.0925925925926 0.6033950617283951 135.5185185185185 45.333333333333336 0.018518518518518517 45.31481481481482 1.5092805996537209
492000 237.44444444444446 237.44444444444446 116.0925925925926 0.6033950617283951 135.5185185185185 45.333333333333336 0.018518518518518517 45.31481481481482 1.465204999782145
494000 237.44444444444446 237.44444444444446 116.0925925925926 0.6033950617283951 135.5185185185185 45.333333333333336 0.018518518518518517 45.31481481481482 1.4233711995184422
496000 237.44444444444446 237.44444444444446 116.0925925925926 0.6033950617283951 135.5185185185185 45.333333333333336 0.018518518518518517 45.31481481481482 1.260848299600184
498000 237.44444444444446 237.44444444444446 116.0925925925926 0.6033950617283951 135.5185185185185 45.333333333333336 0.018518518518518517 45.31481481481482 1.313489199616015
500000 237.44444444444446 237.44444444444446 116.0925925925926 0.6033950617283951 135.5185185185185 45.333333333333336 0.018518518518518517 45.31481481481482 1.0945753008127213
