2000 10.01923076923077 10.01923076923077 97.0576923076923 0.32532051282051283 135.8653846153846 45.28846153846154 1.2307692307692308 44.05769230769231 0.7379783000797033
4000 1.1153846153846154 1.1153846153846154 115.11538461538461 0.08333333333333333 135.8653846153846 45.28846153846154 1.1346153846153846 44.15384615384615 0.7239097999408841
6000 11.884615384615385 11.884615384615385 96.36538461538461 0.3237179487179488 135.8653846153846 45.28846153846154 1.1346153846153846 44.15384615384615 0.744922699406743
8000 74.65384615384616 74.65384615384616 82.63461538461539 0.485576923076923 135.8653846153846 45.28846153846154 1.1923076923076923 44.09615384615385 0.8884204002097249
10000 154.76923076923077 154.76923076923077 72.23076923076923 0.6266025641025641 135.8653846153846 45.28846153846154 1.1153846153846154 44.17307692307692 0.9104607002809644
12000 154.76923076923077 154.76923076923077 72.23076923076923 0.6266025641025641 135.8653846153846 45.28846153846154 1.1153846153846154 44.17307692307692 1.018758600577712
14000 154.76923076923077 154.76923076923077 72.23076923076923 0.6266025641025641 135.8653846153846 45.28846153846154 1.1153846153846154 44.17307692307692 1.295545800589025
16000 90.76923076923077 90.76923076923077 76.36538461538461 0.5592948717948717 135.8653846153846 45.28846153846154 1.1153846153846154 44.17307692307692 1.3293078998103738
18000 70.03846153846153 70.03846153846153 79.57692307692308 0.548076923076923 135.8653846153846 45.28846153846154 1.1153846153846154 44.17307692307692 1.3152483003214002
20000 69.73076923076923 69.73076923076923 79.3076923076923 0.5673076923076923 135.8653846153846 45.28846153846154 1.1153846153846154 44.17307692307692 1.3383772000670433
22000 114.3076923076923 114.3076923076923 73.11538461538461 0.5961538461538461 135.8653846153846 45.28846153846154 1.1153846153846154 44.17307692307692 1.4510448994114995
24000 127.5576923076923 127.5576923076923 71.8076923076923 0.6073717948717948 135.8653846153846 45.28846153846154 1.1153846153846154 44.17307692307692 1.3544140998274088
26000 101.0576923076923 101.0576923076923 75.59615384615384 0.578525641025641 135.8653846153846 45.28846153846154 1.1153846153846154 44.17307692307692 1.5039249993860722
28000 101.0576923076923 101.0576923076923 75.59615384615384 0.578525641025641 135.8653846153846 45.28846153846154 1.1153846153846154 44.17307692307692 1.56781189981848
30000 112.4423076923077 112.4423076923077 71.48076923076923 0.6185897435897435 135.8653846153846 45.28846153846154 1.1153846153846154 44.17307692307692 1.4862967999652028
32000 112.4423076923077 112.4423076923077 71.48076923076923 0.6185897435897435 135.8653846153846 45.28846153846154 1.1153846153846154 44.17307692307692 1.3485575998201966
34000 112.4423076923077 112.4423076923077 71.48076923076923 0.6185897435897435 135.8653846153846 45.28846153846154 1.1153846153846154 44.17307692307692 1.4774949001148343
36000 112.4423076923077 112.4423076923077 71.48076923076923 0.6185897435897435 135.8653846153846 45.28846153846154 1.1153846153846154 44.17307692307692 1.4212247999385
38000 112.4423076923077 112.4423076923077 71.48076923076923 0.6185897435897435 135.8653846153846 45.28846153846154 1.1153846153846154 44.17307692307692 1.4155236994847655
40000 141.46153846153845 141.46153846153845 70.25 0.6089743589743589 135.8653846153846 45.28846153846154 1.1153846153846154 44.17307692307692 1.829993899911642
42000 141.46153846153845 141.46153846153845 70.25 0.6089743589743589 135.8653846153846 45.28846153846154 1.1153846153846154 44.17307692307692 1.64784299954772
44000 141.46153846153845 141.46153846153845 70.25 0.6089743589743589 135.8653846153846 45.28846153846154 1.1153846153846154 44.17307692307692 1.5922801000997424
46000 141.46153846153845 141.46153846153845 70.25 0.6089743589743589 135.8653846153846 45.28846153846154 1.1153846153846154 44.17307692307692 1.5867288997396827
48000 165.28846153846155 165.28846153846155 71.36538461538461 0.6266025641025641 135.8653846153846 45.28846153846154 1.1153846153846154 44.17307692307692 1.4619680000469089
50000 162.40384615384616 162.40384615384616 68.23076923076923 0.6314102564102565 135.8653846153846 45.28846153846154 1.1153846153846154 44.17307692307692 1.492998500354588
52000 165.28846153846155 165.28846153846155 71.36538461538461 0.6266025641025641 135.8653846153846 45.28846153846154 1.1153846153846154 44.17307692307692 1.3981790002435446
54000 162.40384615384616 162.40384615384616 68.23076923076923 0.6314102564102565 135.8653846153846 45.28846153846154 1.1153846153846154 44.17307692307692 1.3637359999120235
56000 173.8846153846154 173.8846153846154 66.84615384615384 0.6794871794871795 135.8653846153846 45.28846153846154 1.1153846153846154 44.17307692307692 1.428860199637711
58000 173.8846153846154 173.8846153846154 66.84615384615384 0.6794871794871795 135.8653846153846 45.28846153846154 1.1153846153846154 44.17307692307692 1.38572150003165
60000 173.8846153846154 173.8846153846154 66.84615384615384 0.6794871794871795 135.8653846153846 45.28846153846154 1.1153846153846154 44.17307692307692 1.367884499952197
62000 173.8846153846154 173.8846153846154 66.84615384615384 0.6794871794871795 135.8653846153846 45.28846153846154 1.1153846153846154 44.17307692307692 1.3062770999968052
64000 173.8846153846154 173.8846153846154 66.84615384615384 0.6794871794871795 135.8653846153846 45.28846153846154 1.1153846153846154 44.17307692307692 1.4086150992661715
66000 173.8846153846154 173.8846153846154 66.84615384615384 0.6794871794871795 135.8653846153846 45.28846153846154 1.1153846153846154 44.17307692307692 1.4378639003261924
68000 173.8846153846154 173.8846153846154 66.84615384615384 0.6794871794871795 135.8653846153846 45.28846153846154 1.1153846153846154 44.17307692307692 1.4971537003293633
70000 173.8846153846154 173.8846153846154 66.84615384615384 0.6794871794871795 135.8653846153846 45.28846153846154 1.1153846153846154 44.17307692307692 1.395775499753654
72000 173.8846153846154 173.8846153846154 66.84615384615384 0.6794871794871795 135.8653846153846 45.28846153846154 1.1153846153846154 44.17307692307692 1.5468548005446792
74000 173.8846153846154 173.8846153846154 66.84615384615384 0.6794871794871795 135.8653846153846 45.28846153846154 1.1153846153846154 44.17307692307692 1.4824805008247495
76000 173.8846153846154 173.8846153846154 66.84615384615384 0.6794871794871795 135.8653846153846 45.28846153846154 1.1153846153846154 44.17307692307692 1.4763714000582695
78000 173.8846153846154 173.8846153846154 66.84615384615384 0.6794871794871795 135.8653846153846 45.28846153846154 1.1153846153846154 44.17307692307692 1.4378872998058796
80000 173.8846153846154 173.8846153846154 66.84615384615384 0.6794871794871795 135.8653846153846 45.28846153846154 1.1153846153846154 44.17307692307692 1.437254499644041
82000 173.8846153846154 173.8846153846154 66.84615384615384 0.6794871794871795 135.8653846153846 45.28846153846154 1.1153846153846154 44.17307692307692 1.4213060000911355
84000 173.8846153846154 173.8846153846154 66.84615384615384 0.6794871794871795 135.8653846153846 45.28846153846154 1.1153846153846154 44.17307692307692 1.4201958999037743
86000 173.8846153846154 173.8846153846154 66.84615384615384 0.6794871794871795 135.8653846153846 45.28846153846154 1.1153846153846154 44.17307692307692 1.3252569995820522
88000 173.8846153846154 173.8846153846154 66.84615384615384 0.6794871794871795 135.8653846153846 45.28846153846154 1.1153846153846154 44.17307692307692 1.4070007000118494
90000 173.8846153846154 173.8846153846154 66.84615384615384 0.6794871794871795 135.8653846153846 45.28846153846154 1.1153846153846154 44.17307692307692 1.39817860070616
92000 174.1153846153846 174.1153846153846 66.8076923076923 0.6794871794871795 135.8653846153846 45.28846153846154 1.1153846153846154 44.17307692307692 1.3755075000226498
94000 174.1153846153846 174.1153846153846 66.8076923076923 0.6794871794871795 135.8653846153846 45.28846153846154 1.1153846153846154 44.17307692307692 1.3990511996671557
96000 174.1153846153846 174.1153846153846 66.8076923076923 0.6794871794871795 135.8653846153846 45.28846153846154 1.1153846153846154 44.17307692307692 1.4624701999127865
98000 174.1153846153846 174.1153846153846 66.8076923076923 0.6794871794871795 135.8653846153846 45.28846153846154 1.1153846153846154 44.17307692307692 1.3134743003174663
100000 174.1153846153846 174.1153846153846 66.8076923076923 0.6794871794871795 135.8653846153846 45.28846153846154 1.1153846153846154 44.17307692307692 1.382374600507319
102000 174.1153846153846 174.1153846153846 66.8076923076923 0.6794871794871795 135.8653846153846 45.28846153846154 1.1153846153846154 44.17307692307692 1.4080555997788906
104000 174.1153846153846 174.1153846153846 66.8076923076923 0.6794871794871795 135.8653846153846 45.28846153846154 1.1153846153846154 44.17307692307692 1.4057300994172692
106000 174.1153846153846 174.1153846153846 66.8076923076923 0.6794871794871795 135.8653846153846 45.28846153846154 1.1153846153846154 44.17307692307692 1.4096697000786662
108000 174.1153846153846 174.1153846153846 66.8076923076923 0.6794871794871795 135.8653846153846 45.28846153846154 1.1153846153846154 44.17307692307692 1.4882781999185681
110000 174.1153846153846 174.1153846153846 66.8076923076923 0.6794871794871795 135.8653846153846 45.28846153846154 1.1153846153846154 44.17307692307692 1.4565556002780795
112000 174.1153846153846 174.1153846153846 66.8076923076923 0.6794871794871795 135.8653846153846 45.28846153846154 1.1153846153846154 44.17307692307692 1.485359700396657
114000 174.1153846153846 174.1153846153846 66.8076923076923 0.6794871794871795 135.8653846153846 45.28846153846154 1.1153846153846154 44.17307692307692 1.4132920000702143
116000 174.1153846153846 174.1153846153846 66.8076923076923 0.6794871794871795 135.8653846153846 45.28846153846154 1.1153846153846154 44.17307692307692 1.4139801999554038
118000 174.1153846153846 174.1153846153846 66.8076923076923 0.6794871794871795 135.8653846153846 45.28846153846154 1.1153846153846154 44.17307692307692 1.3489960003644228
120000 174.1153846153846 174.1153846153846 66.8076923076923 0.6794871794871795 135.8653846153846 45.28846153846154 1.1153846153846154 44.17307692307692 1.360401900485158
122000 174.1153846153846 174.1153846153846 66.8076923076923 0.6794871794871795 135.8653846153846 45.28846153846154 1.1153846153846154 44.17307692307692 1.4582781000062823
124000 174.1153846153846 174.1153846153846 66.8076923076923 0.6794871794871795 135.8653846153846 45.28846153846154 1.1153846153846154 44.17307692307692 1.353723700158298
126000 174.1153846153846 174.1153846153846 66.8076923076923 0.6794871794871795 135.8653846153846 45.28846153846154 1.1153846153846154 44.17307692307692 1.4537567999213934
128000 174.1153846153846 174.1153846153846 66.8076923076923 0.6794871794871795 135.8653846153846 45.28846153846154 1.1153846153846154 44.17307692307692 1.3901081997901201
130000 173.5 173.5 66.75 0.6746794871794872 135.8653846153846 45.28846153846154 1.1153846153846154 44.17307692307692 1.3945016004145145
132000 174.1153846153846 174.1153846153846 66.8076923076923 0.6794871794871795 135.8653846153846 45.28846153846154 1.1153846153846154 44.17307692307692 1.3849256997928023
134000 174.1153846153846 174.1153846153846 66.8076923076923 0.6794871794871795 135.8653846153846 45.28846153846154 1.1153846153846154 44.17307692307692 1.408458400517702
136000 174.1153846153846 174.1153846153846 66.8076923076923 0.6794871794871795 135.8653846153846 45.28846153846154 1.1153846153846154 44.17307692307692 1.439538899809122
138000 174.1153846153846 174.1153846153846 66.8076923076923 0.6794871794871795 135.8653846153846 45.28846153846154 1.1153846153846154 44.17307692307692 1.4231223994866014
140000 174.1153846153846 174.1153846153846 66.8076923076923 0.6794871794871795 135.8653846153846 45.28846153846154 1.1153846153846154 44.17307692307692 1.5445787003263831
142000 174.1153846153846 174.1153846153846 66.8076923076923 0.6794871794871795 135.8653846153846 45.28846153846154 1.1153846153846154 44.17307692307692 1.4633772000670433
144000 174.1153846153846 174.1153846153846 66.8076923076923 0.6794871794871795 135.8653846153846 45.28846153846154 1.1153846153846154 44.17307692307692 1.5644517000764608
146000 174.1153846153846 174.1153846153846 66.8076923076923 0.6794871794871795 135.8653846153846 45.28846153846154 1.1153846153846154 44.17307692307692 1.5110152997076511
148000 174.1153846153846 174.1153846153846 66.8076923076923 0.6794871794871795 135.8653846153846 45.28846153846154 1.1153846153846154 44.17307692307692 1.356466700322926
150000 174.1153846153846 174.1153846153846 66.8076923076923 0.6794871794871795 135.8653846153846 45.28846153846154 1.1153846153846154 44.17307692307692 1.4597907001152635
152000 174.1153846153846 174.1153846153846 66.8076923076923 0.6794871794871795 135.8653846153846 45.28846153846154 1.1153846153846154 44.17307692307692 1.3563168998807669
154000 174.1153846153846 174.1153846153846 66.8076923076923 0.6794871794871795 135.8653846153846 45.28846153846154 1.1153846153846154 44.17307692307692 1.5000576004385948
156000 174.1153846153846 174.1153846153846 66.8076923076923 0.6794871794871795 135.8653846153846 45.28846153846154 1.1153846153846154 44.17307692307692 1.4892178000882268
158000 200.75 200.75 65.26923076923077 0.7083333333333334 135.8653846153846 45.28846153846154 1.1153846153846154 44.17307692307692 1.3546112002804875
160000 200.75 200.75 65.26923076923077 0.7083333333333334 135.8653846153846 45.28846153846154 1.1153846153846154 44.17307692307692 1.3471873002126813
162000 200.75 200.75 65.26923076923077 0.7083333333333334 135.8653846153846 45.28846153846154 1.1153846153846154 44.17307692307692 1.401867600157857
164000 200.75 200.75 65.26923076923077 0.7083333333333334 135.8653846153846 45.28846153846154 1.1153846153846154 44.17307692307692 1.3957588002085686
166000 200.75 200.75 65.26923076923077 0.7083333333333334 135.8653846153846 45.28846153846154 1.1153846153846154 44.17307692307692 1.4962612995877862
168000 200.75 200.75 65.26923076923077 0.7083333333333334 135.8653846153846 45.28846153846154 1.1153846153846154 44.17307692307692 1.456068699248135
170000 202.42307692307693 202.42307692307693 65.1923076923077 0.7083333333333334 135.8653846153846 45.28846153846154 1.2307692307692308 44.05769230769231 1.489210800267756
172000 341.0 341.0 64.78846153846153 0.6602564102564104 135.8653846153846 45.28846153846154 6.769230769230769 38.51923076923077 1.4403525004163384
174000 341.0 341.0 64.78846153846153 0.6602564102564104 135.8653846153846 45.28846153846154 6.769230769230769 38.51923076923077 1.3795304000377655
176000 341.0 341.0 64.78846153846153 0.6602564102564104 135.8653846153846 45.28846153846154 6.769230769230769 38.51923076923077 1.3962944000959396
178000 341.0 341.0 64.78846153846153 0.6602564102564104 135.8653846153846 45.28846153846154 6.769230769230769 38.51923076923077 1.3531243996694684
180000 341.0 341.0 64.78846153846153 0.6602564102564104 135.8653846153846 45.28846153846154 6.769230769230769 38.51923076923077 1.4185763001441956
182000 341.0 341.0 64.78846153846153 0.6602564102564104 135.8653846153846 45.28846153846154 6.769230769230769 38.51923076923077 1.5008725002408028
184000 341.0 341.0 64.78846153846153 0.6602564102564104 135.8653846153846 45.28846153846154 6.769230769230769 38.51923076923077 1.4855116996914148
186000 341.0 341.0 64.78846153846153 0.6602564102564104 135.8653846153846 45.28846153846154 6.769230769230769 38.51923076923077 1.5336434999480844
188000 341.0 341.0 64.78846153846153 0.6602564102564104 135.8653846153846 45.28846153846154 6.769230769230769 38.51923076923077 1.4976426996290684
190000 341.0 341.0 64.78846153846153 0.6602564102564104 135.8653846153846 45.28846153846154 6.769230769230769 38.51923076923077 1.6198447002097964
192000 341.0 341.0 64.78846153846153 0.6602564102564104 135.8653846153846 45.28846153846154 6.769230769230769 38.51923076923077 1.4085876997560263
194000 341.0 341.0 64.78846153846153 0.6602564102564104 135.8653846153846 45.28846153846154 6.769230769230769 38.51923076923077 1.4202517000958323
196000 341.0 341.0 64.78846153846153 0.6602564102564104 135.8653846153846 45.28846153846154 6.769230769230769 38.51923076923077 1.4265650995075703
198000 341.0 341.0 64.78846153846153 0.6602564102564104 135.8653846153846 45.28846153846154 6.769230769230769 38.51923076923077 1.3630440002307296
200000 341.0 341.0 64.78846153846153 0.6602564102564104 135.8653846153846 45.28846153846154 6.769230769230769 38.51923076923077 1.4640728998929262
202000 341.0 341.0 64.78846153846153 0.6602564102564104 135.8653846153846 45.28846153846154 6.769230769230769 38.51923076923077 1.4345564004033804
204000 341.0 341.0 64.78846153846153 0.6602564102564104 135.8653846153846 45.28846153846154 6.769230769230769 38.51923076923077 1.421433599665761
206000 341.0 341.0 64.78846153846153 0.6602564102564104 135.8653846153846 45.28846153846154 6.769230769230769 38.51923076923077 1.470312800258398
208000 341.0 341.0 64.78846153846153 0.6602564102564104 135.8653846153846 45.28846153846154 6.769230769230769 38.51923076923077 1.4645183999091387
210000 343.1730769230769 343.1730769230769 64.73076923076923 0.6602564102564104 135.8653846153846 45.28846153846154 6.865384615384615 38.42307692307692 1.4882231000810862
212000 343.1730769230769 343.1730769230769 64.73076923076923 0.6602564102564104 135.8653846153846 45.28846153846154 6.865384615384615 38.42307692307692 1.4849880998954177
214000 343.1730769230769 343.1730769230769 64.73076923076923 0.6602564102564104 135.8653846153846 45.28846153846154 6.865384615384615 38.42307692307692 1.4669824996963143
216000 343.1730769230769 343.1730769230769 64.73076923076923 0.6602564102564104 135.8653846153846 45.28846153846154 6.865384615384615 38.42307692307692 1.481551599688828
218000 343.1730769230769 343.1730769230769 64.73076923076923 0.6602564102564104 135.8653846153846 45.28846153846154 6.865384615384615 38.42307692307692 1.588344699703157
220000 343.1730769230769 343.1730769230769 64.73076923076923 0.6602564102564104 135.8653846153846 45.28846153846154 6.865384615384615 38.42307692307692 1.5335195995867252
222000 343.1730769230769 343.1730769230769 64.73076923076923 0.6602564102564104 135.8653846153846 45.28846153846154 6.865384615384615 38.42307692307692 1.406522599980235
224000 343.1730769230769 343.1730769230769 64.73076923076923 0.6602564102564104 135.8653846153846 45.28846153846154 6.865384615384615 38.42307692307692 1.4296004995703697
226000 343.1730769230769 343.1730769230769 64.73076923076923 0.6602564102564104 135.8653846153846 45.28846153846154 6.865384615384615 38.42307692307692 1.4311387995257974
228000 343.1730769230769 343.1730769230769 64.73076923076923 0.6602564102564104 135.8653846153846 45.28846153846154 6.865384615384615 38.42307692307692 1.408308600075543
230000 343.1730769230769 343.1730769230769 64.73076923076923 0.6602564102564104 135.8653846153846 45.28846153846154 6.865384615384615 38.42307692307692 1.422991800121963
232000 343.1730769230769 343.1730769230769 64.73076923076923 0.6602564102564104 135.8653846153846 45.28846153846154 6.865384615384615 38.42307692307692 1.4122093999758363
234000 343.1730769230769 343.1730769230769 64.73076923076923 0.6602564102564104 135.8653846153846 45.28846153846154 6.865384615384615 38.42307692307692 1.3951569991186261
236000 343.1730769230769 343.1730769230769 64.73076923076923 0.6602564102564104 135.8653846153846 45.28846153846154 6.865384615384615 38.42307692307692 1.439427999779582
238000 343.1730769230769 343.1730769230769 64.73076923076923 0.6602564102564104 135.8653846153846 45.28846153846154 6.865384615384615 38.42307692307692 1.3531006006523967
240000 343.1730769230769 343.1730769230769 64.73076923076923 0.6602564102564104 135.8653846153846 45.28846153846154 6.865384615384615 38.42307692307692 1.4581203991547227
242000 343.1730769230769 343.1730769230769 64.73076923076923 0.6602564102564104 135.8653846153846 45.28846153846154 6.865384615384615 38.42307692307692 1.4777691001072526
244000 343.1730769230769 343.1730769230769 64.73076923076923 0.6602564102564104 135.8653846153846 45.28846153846154 6.865384615384615 38.42307692307692 1.5085723996162415
246000 343.1730769230769 343.1730769230769 64.73076923076923 0.6602564102564104 135.8653846153846 45.28846153846154 6.865384615384615 38.42307692307692 1.5608809003606439
248000 343.1730769230769 343.1730769230769 64.73076923076923 0.6602564102564104 135.8653846153846 45.28846153846154 6.865384615384615 38.42307692307692 1.4419136000797153
250000 343.1730769230769 343.1730769230769 64.73076923076923 0.6602564102564104 135.8653846153846 45.28846153846154 6.865384615384615 38.42307692307692 1.4582226006314158
252000 343.1730769230769 343.1730769230769 64.73076923076923 0.6602564102564104 135.8653846153846 45.28846153846154 6.865384615384615 38.42307692307692 1.4788399999961257
254000 343.1730769230769 343.1730769230769 64.73076923076923 0.6602564102564104 135.8653846153846 45.28846153846154 6.865384615384615 38.42307692307692 1.4609487997367978
256000 343.1730769230769 343.1730769230769 64.73076923076923 0.6602564102564104 135.8653846153846 45.28846153846154 6.865384615384615 38.42307692307692 1.6278822999447584
258000 343.1730769230769 343.1730769230769 64.73076923076923 0.6602564102564104 135.8653846153846 45.28846153846154 6.865384615384615 38.42307692307692 1.3467942997813225
260000 343.1730769230769 343.1730769230769 64.73076923076923 0.6602564102564104 135.8653846153846 45.28846153846154 6.865384615384615 38.42307692307692 1.3453786997124553
262000 343.1730769230769 343.1730769230769 64.73076923076923 0.6602564102564104 135.8653846153846 45.28846153846154 6.865384615384615 38.42307692307692 1.4519324004650116
264000 343.1730769230769 343.1730769230769 64.73076923076923 0.6602564102564104 135.8653846153846 45.28846153846154 6.865384615384615 38.42307692307692 1.3883895995095372
266000 343.1730769230769 343.1730769230769 64.73076923076923 0.6602564102564104 135.8653846153846 45.28846153846154 6.865384615384615 38.42307692307692 1.5006397003307939
268000 343.1730769230769 343.1730769230769 64.73076923076923 0.6602564102564104 135.8653846153846 45.28846153846154 6.865384615384615 38.42307692307692 1.4477984001860023
270000 343.1730769230769 343.1730769230769 64.73076923076923 0.6602564102564104 135.8653846153846 45.28846153846154 6.865384615384615 38.42307692307692 1.3583709998056293
272000 343.1730769230769 343.1730769230769 64.73076923076923 0.6602564102564104 135.8653846153846 45.28846153846154 6.865384615384615 38.42307692307692 1.4788881996646523
274000 343.1730769230769 343.1730769230769 64.73076923076923 0.6602564102564104 135.8653846153846 45.28846153846154 6.865384615384615 38.42307692307692 1.48950030002743
276000 343.1730769230769 343.1730769230769 64.73076923076923 0.6602564102564104 135.8653846153846 45.28846153846154 6.865384615384615 38.42307692307692 1.37586950045079
278000 343.1730769230769 343.1730769230769 64.73076923076923 0.6602564102564104 135.8653846153846 45.28846153846154 6.865384615384615 38.42307692307692 1.3992574997246265
280000 343.1730769230769 343.1730769230769 64.73076923076923 0.6602564102564104 135.8653846153846 45.28846153846154 6.865384615384615 38.42307692307692 1.4413037998601794
282000 343.1730769230769 343.1730769230769 64.73076923076923 0.6602564102564104 135.8653846153846 45.28846153846154 6.865384615384615 38.42307692307692 1.5244115991517901
284000 343.1730769230769 343.1730769230769 64.73076923076923 0.6602564102564104 135.8653846153846 45.28846153846154 6.865384615384615 38.42307692307692 1.3921886999160051
286000 343.1730769230769 343.1730769230769 64.73076923076923 0.6602564102564104 135.8653846153846 45.28846153846154 6.865384615384615 38.42307692307692 1.5317361000925303
288000 343.1730769230769 343.1730769230769 64.73076923076923 0.6602564102564104 135.8653846153846 45.28846153846154 6.865384615384615 38.42307692307692 1.3956172000616789
290000 343.1730769230769 343.1730769230769 64.73076923076923 0.6602564102564104 135.8653846153846 45.28846153846154 6.865384615384615 38.42307692307692 1.4036329006776214
292000 343.1730769230769 343.1730769230769 64.73076923076923 0.6602564102564104 135.8653846153846 45.28846153846154 6.865384615384615 38.42307692307692 1.304097200743854
294000 343.1730769230769 343.1730769230769 64.73076923076923 0.6602564102564104 135.8653846153846 45.28846153846154 6.865384615384615 38.42307692307692 1.4143921993672848
296000 343.1730769230769 343.1730769230769 64.73076923076923 0.6602564102564104 135.8653846153846 45.28846153846154 6.865384615384615 38.42307692307692 1.3854050002992153
298000 343.1730769230769 343.1730769230769 64.73076923076923 0.6602564102564104 135.8653846153846 45.28846153846154 6.865384615384615 38.42307692307692 1.4184707002714276
300000 343.1730769230769 343.1730769230769 64.73076923076923 0.6602564102564104 135.8653846153846 45.28846153846154 6.865384615384615 38.42307692307692 1.4893586998805404
302000 343.1730769230769 343.1730769230769 64.73076923076923 0.6602564102564104 135.8653846153846 45.28846153846154 6.865384615384615 38.42307692307692 1.4881985997781157
304000 343.1730769230769 343.1730769230769 64.73076923076923 0.6602564102564104 135.8653846153846 45.28846153846154 6.865384615384615 38.42307692307692 1.4106457000598311
306000 343.1730769230769 343.1730769230769 64.73076923076923 0.6602564102564104 135.8653846153846 45.28846153846154 6.865384615384615 38.42307692307692 1.3823949005454779
308000 343.1730769230769 343.1730769230769 64.73076923076923 0.6602564102564104 135.8653846153846 45.28846153846154 6.865384615384615 38.42307692307692 1.3702748995274305
310000 343.1730769230769 343.1730769230769 64.73076923076923 0.6602564102564104 135.8653846153846 45.28846153846154 6.865384615384615 38.42307692307692 1.4246879993006587
312000 343.1730769230769 343.1730769230769 64.73076923076923 0.6602564102564104 135.8653846153846 45.28846153846154 6.865384615384615 38.42307692307692 1.4225360006093979
314000 343.1730769230769 343.1730769230769 64.73076923076923 0.6602564102564104 135.8653846153846 45.28846153846154 6.865384615384615 38.42307692307692 1.4806695003062487
316000 343.1730769230769 343.1730769230769 64.73076923076923 0.6602564102564104 135.8653846153846 45.28846153846154 6.865384615384615 38.42307692307692 1.4882567999884486
318000 343.1730769230769 343.1730769230769 64.73076923076923 0.6602564102564104 135.8653846153846 45.28846153846154 6.865384615384615 38.42307692307692 1.4156909994781017
320000 343.1730769230769 343.1730769230769 64.73076923076923 0.6602564102564104 135.8653846153846 45.28846153846154 6.865384615384615 38.42307692307692 1.3834315007552505
322000 343.1730769230769 343.1730769230769 64.73076923076923 0.6602564102564104 135.8653846153846 45.28846153846154 6.865384615384615 38.42307692307692 1.387819099240005
324000 343.1730769230769 343.1730769230769 64.73076923076923 0.6602564102564104 135.8653846153846 45.28846153846154 6.865384615384615 38.42307692307692 1.329097299836576
326000 343.1730769230769 343.1730769230769 64.73076923076923 0.6602564102564104 135.8653846153846 45.28846153846154 6.865384615384615 38.42307692307692 1.38554170075804
328000 343.1730769230769 343.1730769230769 64.73076923076923 0.6602564102564104 135.8653846153846 45.28846153846154 6.865384615384615 38.42307692307692 1.439287199638784
330000 343.1730769230769 343.1730769230769 64.73076923076923 0.6602564102564104 135.8653846153846 45.28846153846154 6.865384615384615 38.42307692307692 1.3149461997672915
332000 343.1730769230769 343.1730769230769 64.73076923076923 0.6602564102564104 135.8653846153846 45.28846153846154 6.865384615384615 38.42307692307692 1.401187900453806
334000 343.1730769230769 343.1730769230769 64.73076923076923 0.6602564102564104 135.8653846153846 45.28846153846154 6.865384615384615 38.42307692307692 1.4152146000415087
336000 343.1730769230769 343.1730769230769 64.73076923076923 0.6602564102564104 135.8653846153846 45.28846153846154 6.865384615384615 38.42307692307692 1.3736759005114436
338000 343.1730769230769 343.1730769230769 64.73076923076923 0.6602564102564104 135.8653846153846 45.28846153846154 6.865384615384615 38.42307692307692 1.509132199920714
340000 343.1730769230769 343.1730769230769 64.73076923076923 0.6602564102564104 135.8653846153846 45.28846153846154 6.865384615384615 38.42307692307692 1.4729554997757077
342000 343.1730769230769 343.1730769230769 64.73076923076923 0.6602564102564104 135.8653846153846 45.28846153846154 6.865384615384615 38.42307692307692 1.4983417997136712
344000 343.1730769230769 343.1730769230769 64.73076923076923 0.6602564102564104 135.8653846153846 45.28846153846154 6.865384615384615 38.42307692307692 1.4244286995381117
346000 343.1730769230769 343.1730769230769 64.73076923076923 0.6602564102564104 135.8653846153846 45.28846153846154 6.865384615384615 38.42307692307692 1.4828901998698711
348000 343.1730769230769 343.1730769230769 64.73076923076923 0.6602564102564104 135.8653846153846 45.28846153846154 6.865384615384615 38.42307692307692 1.5761714996770024
350000 343.1730769230769 343.1730769230769 64.73076923076923 0.6602564102564104 135.8653846153846 45.28846153846154 6.865384615384615 38.42307692307692 1.4928208999335766
352000 343.1730769230769 343.1730769230769 64.73076923076923 0.6602564102564104 135.8653846153846 45.28846153846154 6.865384615384615 38.42307692307692 1.432545899413526
354000 343.1730769230769 343.1730769230769 64.73076923076923 0.6602564102564104 135.8653846153846 45.28846153846154 6.865384615384615 38.42307692307692 1.3914236007258296
356000 343.1730769230769 343.1730769230769 64.73076923076923 0.6602564102564104 135.8653846153846 45.28846153846154 6.865384615384615 38.42307692307692 1.402058900333941
358000 343.1730769230769 343.1730769230769 64.73076923076923 0.6602564102564104 135.8653846153846 45.28846153846154 6.865384615384615 38.42307692307692 1.4070129003375769
360000 343.1730769230769 343.1730769230769 64.73076923076923 0.6602564102564104 135.8653846153846 45.28846153846154 6.865384615384615 38.42307692307692 1.4198877001181245
362000 343.1730769230769 343.1730769230769 64.73076923076923 0.6602564102564104 135.8653846153846 45.28846153846154 6.865384615384615 38.42307692307692 1.4110691994428635
364000 343.1730769230769 343.1730769230769 64.73076923076923 0.6602564102564104 135.8653846153846 45.28846153846154 6.865384615384615 38.42307692307692 1.3999691996723413
366000 343.1730769230769 343.1730769230769 64.73076923076923 0.6602564102564104 135.8653846153846 45.28846153846154 6.865384615384615 38.42307692307692 1.4345059003680944
368000 343.1730769230769 343.1730769230769 64.73076923076923 0.6602564102564104 135.8653846153846 45.28846153846154 6.865384615384615 38.42307692307692 1.369880000129342
370000 343.1730769230769 343.1730769230769 64.73076923076923 0.6602564102564104 135.8653846153846 45.28846153846154 6.865384615384615 38.42307692307692 1.4941178997978568
372000 343.1730769230769 343.1730769230769 64.73076923076923 0.6602564102564104 135.8653846153846 45.28846153846154 6.865384615384615 38.42307692307692 1.373989699408412
374000 343.1730769230769 343.1730769230769 64.73076923076923 0.6602564102564104 135.8653846153846 45.28846153846154 6.865384615384615 38.42307692307692 1.4357318999245763
376000 343.1730769230769 343.1730769230769 64.73076923076923 0.6602564102564104 135.8653846153846 45.28846153846154 6.865384615384615 38.42307692307692 1.460640599951148
378000 343.1730769230769 343.1730769230769 64.73076923076923 0.6602564102564104 135.8653846153846 45.28846153846154 6.865384615384615 38.42307692307692 1.507978499867022
380000 343.1730769230769 343.1730769230769 64.73076923076923 0.6602564102564104 135.8653846153846 45.28846153846154 6.865384615384615 38.42307692307692 1.4720253003761172
382000 343.1730769230769 343.1730769230769 64.73076923076923 0.6602564102564104 135.8653846153846 45.28846153846154 6.865384615384615 38.42307692307692 1.4425756996497512
384000 343.1730769230769 343.1730769230769 64.73076923076923 0.6602564102564104 135.8653846153846 45.28846153846154 6.865384615384615 38.42307692307692 1.3546326998621225
386000 343.1730769230769 343.1730769230769 64.73076923076923 0.6602564102564104 135.8653846153846 45.28846153846154 6.865384615384615 38.42307692307692 1.4773794999346137
388000 343.1730769230769 343.1730769230769 64.73076923076923 0.6602564102564104 135.8653846153846 45.28846153846154 6.865384615384615 38.42307692307692 1.4956881999969482
390000 343.1730769230769 343.1730769230769 64.73076923076923 0.6602564102564104 135.8653846153846 45.28846153846154 6.865384615384615 38.42307692307692 1.4509479003027081
392000 343.1730769230769 343.1730769230769 64.73076923076923 0.6602564102564104 135.8653846153846 45.28846153846154 6.865384615384615 38.42307692307692 1.4738078992813826
394000 343.1730769230769 343.1730769230769 64.73076923076923 0.6602564102564104 135.8653846153846 45.28846153846154 6.865384615384615 38.42307692307692 1.3362065004184842
396000 343.1730769230769 343.1730769230769 64.73076923076923 0.6602564102564104 135.8653846153846 45.28846153846154 6.865384615384615 38.42307692307692 1.414861699566245
398000 343.1730769230769 343.1730769230769 64.73076923076923 0.6602564102564104 135.8653846153846 45.28846153846154 6.865384615384615 38.42307692307692 1.3280573999509215
400000 343.1730769230769 343.1730769230769 64.73076923076923 0.6602564102564104 135.8653846153846 45.28846153846154 6.865384615384615 38.42307692307692 1.40126879978925
402000 343.1730769230769 343.1730769230769 64.73076923076923 0.6602564102564104 135.8653846153846 45.28846153846154 6.865384615384615 38.42307692307692 1.4178007999435067
404000 343.1730769230769 343.1730769230769 64.73076923076923 0.6602564102564104 135.8653846153846 45.28846153846154 6.865384615384615 38.42307692307692 1.407994999550283
406000 343.1730769230769 343.1730769230769 64.73076923076923 0.6602564102564104 135.8653846153846 45.28846153846154 6.865384615384615 38.42307692307692 1.5476628998294473
408000 343.1730769230769 343.1730769230769 64.73076923076923 0.6602564102564104 135.8653846153846 45.28846153846154 6.865384615384615 38.42307692307692 1.340234300121665
410000 343.1730769230769 343.1730769230769 64.73076923076923 0.6602564102564104 135.8653846153846 45.28846153846154 6.865384615384615 38.42307692307692 1.3564995005726814
412000 343.1730769230769 343.1730769230769 64.73076923076923 0.6602564102564104 135.8653846153846 45.28846153846154 6.865384615384615 38.42307692307692 1.3691638000309467
414000 343.1730769230769 343.1730769230769 64.73076923076923 0.6602564102564104 135.8653846153846 45.28846153846154 6.865384615384615 38.42307692307692 1.3911189008504152
416000 343.1730769230769 343.1730769230769 64.73076923076923 0.6602564102564104 135.8653846153846 45.28846153846154 6.865384615384615 38.42307692307692 1.4684322997927666
418000 343.1730769230769 343.1730769230769 64.73076923076923 0.6602564102564104 135.8653846153846 45.28846153846154 6.865384615384615 38.42307692307692 1.49838160071522
420000 343.1730769230769 343.1730769230769 64.73076923076923 0.6602564102564104 135.8653846153846 45.28846153846154 6.865384615384615 38.42307692307692 1.4880373002961278
422000 343.1730769230769 343.1730769230769 64.73076923076923 0.6602564102564104 135.8653846153846 45.28846153846154 6.865384615384615 38.42307692307692 1.4223822997882962
424000 343.1730769230769 343.1730769230769 64.73076923076923 0.6602564102564104 135.8653846153846 45.28846153846154 6.865384615384615 38.42307692307692 1.4311754005029798
426000 343.1730769230769 343.1730769230769 64.73076923076923 0.6602564102564104 135.8653846153846 45.28846153846154 6.865384615384615 38.42307692307692 1.4039941001683474
428000 343.1730769230769 343.1730769230769 64.73076923076923 0.6602564102564104 135.8653846153846 45.28846153846154 6.865384615384615 38.42307692307692 1.506950500421226
430000 343.1730769230769 343.1730769230769 64.73076923076923 0.6602564102564104 135.8653846153846 45.28846153846154 6.865384615384615 38.42307692307692 1.5077972002327442
432000 343.1730769230769 343.1730769230769 64.73076923076923 0.6602564102564104 135.8653846153846 45.28846153846154 6.865384615384615 38.42307692307692 1.4461968000978231
434000 343.1730769230769 343.1730769230769 64.73076923076923 0.6602564102564104 135.8653846153846 45.28846153846154 6.865384615384615 38.42307692307692 1.3589487001299858
436000 343.1730769230769 343.1730769230769 64.73076923076923 0.6602564102564104 135.8653846153846 45.28846153846154 6.865384615384615 38.42307692307692 1.3695356994867325
438000 343.1730769230769 343.1730769230769 64.73076923076923 0.6602564102564104 135.8653846153846 45.28846153846154 6.865384615384615 38.42307692307692 1.4609447000548244
440000 343.1730769230769 343.1730769230769 64.73076923076923 0.6602564102564104 135.8653846153846 45.28846153846154 6.865384615384615 38.42307692307692 1.4352543000131845
442000 343.1730769230769 343.1730769230769 64.73076923076923 0.6602564102564104 135.8653846153846 45.28846153846154 6.865384615384615 38.42307692307692 1.3911205995827913
444000 343.1730769230769 343.1730769230769 64.73076923076923 0.6602564102564104 135.8653846153846 45.28846153846154 6.865384615384615 38.42307692307692 1.4029414001852274
446000 343.1730769230769 343.1730769230769 64.73076923076923 0.6602564102564104 135.8653846153846 45.28846153846154 6.865384615384615 38.42307692307692 1.443864000029862
448000 343.1730769230769 343.1730769230769 64.73076923076923 0.6602564102564104 135.8653846153846 45.28846153846154 6.865384615384615 38.42307692307692 1.3684838004410267
450000 343.1730769230769 343.1730769230769 64.73076923076923 0.6602564102564104 135.8653846153846 45.28846153846154 6.865384615384615 38.42307692307692 1.36895290017128
452000 343.1730769230769 343.1730769230769 64.73076923076923 0.6602564102564104 135.8653846153846 45.28846153846154 6.865384615384615 38.42307692307692 1.3499173996970057
454000 343.1730769230769 343.1730769230769 64.73076923076923 0.6602564102564104 135.8653846153846 45.28846153846154 6.865384615384615 38.42307692307692 1.382918999530375
456000 343.1730769230769 343.1730769230769 64.73076923076923 0.6602564102564104 135.8653846153846 45.28846153846154 6.865384615384615 38.42307692307692 1.5189094999805093
458000 343.1730769230769 343.1730769230769 64.73076923076923 0.6602564102564104 135.8653846153846 45.28846153846154 6.865384615384615 38.42307692307692 1.3764065001159906
460000 343.1730769230769 343.1730769230769 64.73076923076923 0.6602564102564104 135.8653846153846 45.28846153846154 6.865384615384615 38.42307692307692 1.3436833005398512
462000 343.1730769230769 343.1730769230769 64.73076923076923 0.6602564102564104 135.8653846153846 45.28846153846154 6.865384615384615 38.42307692307692 1.4397718999534845
464000 343.1730769230769 343.1730769230769 64.73076923076923 0.6602564102564104 135.8653846153846 45.28846153846154 6.865384615384615 38.42307692307692 1.4260400999337435
466000 343.1730769230769 343.1730769230769 64.73076923076923 0.6602564102564104 135.8653846153846 45.28846153846154 6.865384615384615 38.42307692307692 1.4446724001318216
468000 343.1730769230769 343.1730769230769 64.73076923076923 0.6602564102564104 135.8653846153846 45.28846153846154 6.865384615384615 38.42307692307692 1.4799308003857732
470000 343.1730769230769 343.1730769230769 64.73076923076923 0.6602564102564104 135.8653846153846 45.28846153846154 6.865384615384615 38.42307692307692 1.41720400005579
472000 343.1730769230769 343.1730769230769 64.73076923076923 0.6602564102564104 135.8653846153846 45.28846153846154 6.865384615384615 38.42307692307692 1.4246491994708776
474000 343.1730769230769 343.1730769230769 64.73076923076923 0.6602564102564104 135.8653846153846 45.28846153846154 6.865384615384615 38.42307692307692 1.3618808994069695
476000 343.1730769230769 343.1730769230769 64.73076923076923 0.6602564102564104 135.8653846153846 45.28846153846154 6.865384615384615 38.42307692307692 1.388425700366497
478000 343.1730769230769 343.1730769230769 64.73076923076923 0.6602564102564104 135.8653846153846 45.28846153846154 6.865384615384615 38.42307692307692 1.538951300084591
480000 343.1730769230769 343.1730769230769 64.73076923076923 0.6602564102564104 135.8653846153846 45.28846153846154 6.865384615384615 38.42307692307692 1.3942179000005126
482000 343.1730769230769 343.1730769230769 64.73076923076923 0.6602564102564104 135.8653846153846 45.28846153846154 6.865384615384615 38.42307692307692 1.3834313992410898
484000 343.1730769230769 343.1730769230769 64.73076923076923 0.6602564102564104 135.8653846153846 45.28846153846154 6.865384615384615 38.42307692307692 1.2495251996442676
486000 343.1730769230769 343.1730769230769 64.73076923076923 0.6602564102564104 135.8653846153846 45.28846153846154 6.865384615384615 38.42307692307692 1.2594440998509526
488000 343.1730769230769 343.1730769230769 64.73076923076923 0.6602564102564104 135.8653846153846 45.28846153846154 6.865384615384615 38.42307692307692 1.15645270049572
490000 343.1730769230769 343.1730769230769 64.73076923076923 0.6602564102564104 135.8653846153846 45.28846153846154 6.865384615384615 38.42307692307692 0.8771911999210715
492000 343.1730769230769 343.1730769230769 64.73076923076923 0.6602564102564104 135.8653846153846 45.28846153846154 6.865384615384615 38.42307692307692 0.8859400991350412
494000 343.1730769230769 343.1730769230769 64.73076923076923 0.6602564102564104 135.8653846153846 45.28846153846154 6.865384615384615 38.42307692307692 0.927522100508213
496000 343.1730769230769 343.1730769230769 64.73076923076923 0.6602564102564104 135.8653846153846 45.28846153846154 6.865384615384615 38.42307692307692 0.919603600166738
498000 343.1730769230769 343.1730769230769 64.73076923076923 0.6602564102564104 135.8653846153846 45.28846153846154 6.865384615384615 38.42307692307692 0.8040159996598959
500000 343.1730769230769 343.1730769230769 64.73076923076923 0.6602564102564104 135.8653846153846 45.28846153846154 6.865384615384615 38.42307692307692 0.8881342001259327
