2000 5.703703703703703 5.703703703703703 125.07407407407408 0.33024691358024694 135.5185185185185 45.333333333333336 0.0 45.333333333333336 0.7450209998060018
4000 2.0185185185185186 1.6481481481481481 128.46296296296296 0.10802469135802469 135.5185185185185 45.333333333333336 0.0 45.333333333333336 0.6762201001401991
6000 3.4444444444444446 3.111111111111111 128.40740740740742 0.08024691358024692 135.5185185185185 45.333333333333336 0.0 45.333333333333336 0.6955325999297202
8000 7.462962962962963 7.462962962962963 125.5 0.2777777777777778 135.5185185185185 45.333333333333336 0.0 45.333333333333336 0.8443316000048071
10000 8.037037037037036 8.037037037037036 125.37037037037037 0.2777777777777778 135.5185185185185 45.333333333333336 0.0 45.333333333333336 0.8744764002040029
12000 7.518518518518518 7.518518518518518 125.44444444444444 0.2777777777777778 135.5185185185185 45.333333333333336 0.0 45.333333333333336 0.8958315001800656
14000 7.7592592592592595 7.7592592592592595 125.44444444444444 0.2777777777777778 135.5185185185185 45.333333333333336 0.0 45.333333333333336 0.9692466000560671
16000 7.7592592592592595 7.7592592592592595 125.44444444444444 0.2777777777777778 135.5185185185185 45.333333333333336 0.0 45.333333333333336 0.8195140000898391
18000 7.518518518518518 7.518518518518518 125.44444444444444 0.2777777777777778 135.5185185185185 45.333333333333336 0.0 45.333333333333336 0.8230300000868738
20000 7.518518518518518 7.518518518518518 125.44444444444444 0.2777777777777778 135.5185185185185 45.333333333333336 0.0 45.333333333333336 0.8093812000006437
22000 8.38888888888889 8.38888888888889 125.24074074074075 0.26851851851851855 135.5185185185185 45.333333333333336 0.0 45.333333333333336 0.7731530000455678
24000 22.01851851851852 22.01851851851852 121.53703703703704 0.4228395061728395 135.5185185185185 45.333333333333336 0.018518518518518517 45.31481481481482 0.8413689001463354
26000 22.01851851851852 22.01851851851852 121.53703703703704 0.4228395061728395 135.5185185185185 45.333333333333336 0.018518518518518517 45.31481481481482 0.8234190999064595
28000 22.01851851851852 22.01851851851852 121.53703703703704 0.4228395061728395 135.5185185185185 45.333333333333336 0.018518518518518517 45.31481481481482 0.8444663998670876
30000 22.01851851851852 22.01851851851852 121.53703703703704 0.4228395061728395 135.5185185185185 45.333333333333336 0.018518518518518517 45.31481481481482 0.7735095000825822
32000 22.01851851851852 22.01851851851852 121.53703703703704 0.4228395061728395 135.5185185185185 45.333333333333336 0.018518518518518517 45.31481481481482 0.8067568000406027
34000 22.01851851851852 22.01851851851852 121.53703703703704 0.4228395061728395 135.5185185185185 45.333333333333336 0.018518518518518517 45.31481481481482 0.746017400175333
36000 22.01851851851852 22.01851851851852 121.53703703703704 0.4228395061728395 135.5185185185185 45.333333333333336 0.018518518518518517 45.31481481481482 0.8215924000833184
38000 22.01851851851852 22.01851851851852 121.53703703703704 0.4228395061728395 135.5185185185185 45.333333333333336 0.018518518518518517 45.31481481481482 0.9135803000535816
40000 22.01851851851852 22.01851851851852 121.53703703703704 0.4228395061728395 135.5185185185185 45.333333333333336 0.018518518518518517 45.31481481481482 0.8844531998038292
42000 22.01851851851852 22.01851851851852 121.53703703703704 0.4228395061728395 135.5185185185185 45.333333333333336 0.018518518518518517 45.31481481481482 1.0067102999892086
44000 22.01851851851852 22.01851851851852 121.53703703703704 0.4228395061728395 135.5185185185185 45.333333333333336 0.018518518518518517 45.31481481481482 0.8875110000371933
46000 22.01851851851852 22.01851851851852 121.53703703703704 0.4228395061728395 135.5185185185185 45.333333333333336 0.018518518518518517 45.31481481481482 1.1568787000142038
48000 22.01851851851852 22.01851851851852 121.53703703703704 0.4228395061728395 135.5185185185185 45.333333333333336 0.018518518518518517 45.31481481481482 0.8589572000782937
50000 22.01851851851852 22.01851851851852 121.53703703703704 0.4228395061728395 135.5185185185185 45.333333333333336 0.018518518518518517 45.31481481481482 0.9065550998784602
52000 41.72222222222222 41.72222222222222 120.18518518518519 0.4614197530864197 135.5185185185185 45.333333333333336 0.018518518518518517 45.31481481481482 0.8406359001528472
54000 54.129629629629626 54.129629629629626 119.51851851851852 0.4969135802469135 135.5185185185185 45.333333333333336 0.0 45.333333333333336 0.7756441000383347
56000 54.129629629629626 54.129629629629626 119.51851851851852 0.4969135802469135 135.5185185185185 45.333333333333336 0.0 45.333333333333336 0.8621702999807894
58000 54.129629629629626 54.129629629629626 119.51851851851852 0.4969135802469135 135.5185185185185 45.333333333333336 0.0 45.333333333333336 0.8049854999408126
60000 54.129629629629626 54.129629629629626 119.51851851851852 0.4969135802469135 135.5185185185185 45.333333333333336 0.0 45.333333333333336 0.874914700165391
62000 54.129629629629626 54.129629629629626 119.51851851851852 0.4969135802469135 135.5185185185185 45.333333333333336 0.0 45.333333333333336 0.7958319000899792
64000 54.129629629629626 54.129629629629626 119.51851851851852 0.4969135802469135 135.5185185185185 45.333333333333336 0.0 45.333333333333336 0.8261174000799656
66000 54.129629629629626 54.129629629629626 119.51851851851852 0.4969135802469135 135.5185185185185 45.333333333333336 0.0 45.333333333333336 0.7617259998805821
68000 54.129629629629626 54.129629629629626 119.51851851851852 0.4969135802469135 135.5185185185185 45.333333333333336 0.0 45.333333333333336 0.798188499873504
70000 54.129629629629626 54.129629629629626 119.51851851851852 0.4969135802469135 135.5185185185185 45.333333333333336 0.0 45.333333333333336 0.8086947998963296
72000 54.129629629629626 54.129629629629626 119.51851851851852 0.4969135802469135 135.5185185185185 45.333333333333336 0.0 45.333333333333336 0.774403200019151
74000 54.129629629629626 54.129629629629626 119.51851851851852 0.4969135802469135 135.5185185185185 45.333333333333336 0.0 45.333333333333336 0.8050168000627309
76000 54.129629629629626 54.129629629629626 119.51851851851852 0.4969135802469135 135.5185185185185 45.333333333333336 0.0 45.333333333333336 0.7814424999523908
78000 54.129629629629626 54.129629629629626 119.51851851851852 0.4969135802469135 135.5185185185185 45.333333333333336 0.0 45.333333333333336 0.771797199966386
80000 54.129629629629626 54.129629629629626 119.51851851851852 0.4969135802469135 135.5185185185185 45.333333333333336 0.0 45.333333333333336 0.7785736999940127
82000 54.129629629629626 54.129629629629626 119.51851851851852 0.4969135802469135 135.5185185185185 45.333333333333336 0.0 45.333333333333336 0.7975908000953496
84000 54.129629629629626 54.129629629629626 119.51851851851852 0.4969135802469135 135.5185185185185 45.333333333333336 0.0 45.333333333333336 0.7895072000101209
86000 54.129629629629626 54.129629629629626 119.51851851851852 0.4969135802469135 135.5185185185185 45.333333333333336 0.0 45.333333333333336 0.8002896001562476
88000 54.129629629629626 54.129629629629626 119.51851851851852 0.4969135802469135 135.5185185185185 45.333333333333336 0.0 45.333333333333336 0.7930672999937087
90000 54.129629629629626 54.129629629629626 119.51851851851852 0.4969135802469135 135.5185185185185 45.333333333333336 0.0 45.333333333333336 0.83217169996351
92000 54.129629629629626 54.129629629629626 119.51851851851852 0.4969135802469135 135.5185185185185 45.333333333333336 0.0 45.333333333333336 0.7360371998511255
94000 54.129629629629626 54.129629629629626 119.51851851851852 0.4969135802469135 135.5185185185185 45.333333333333336 0.0 45.333333333333336 0.7668545001652092
96000 54.129629629629626 54.129629629629626 119.51851851851852 0.4969135802469135 135.5185185185185 45.333333333333336 0.0 45.333333333333336 0.7762349001131952
98000 54.129629629629626 54.129629629629626 119.51851851851852 0.4969135802469135 135.5185185185185 45.333333333333336 0.0 45.333333333333336 0.7784104000311345
100000 54.129629629629626 54.129629629629626 119.51851851851852 0.4969135802469135 135.5185185185185 45.333333333333336 0.0 45.333333333333336 0.8070217999629676
102000 54.129629629629626 54.129629629629626 119.51851851851852 0.4969135802469135 135.5185185185185 45.333333333333336 0.0 45.333333333333336 0.7498228000476956
104000 54.129629629629626 54.129629629629626 119.51851851851852 0.4969135802469135 135.5185185185185 45.333333333333336 0.0 45.333333333333336 0.8080582998227328
106000 54.129629629629626 54.129629629629626 119.51851851851852 0.4969135802469135 135.5185185185185 45.333333333333336 0.0 45.333333333333336 0.8187114000320435
108000 54.129629629629626 54.129629629629626 119.51851851851852 0.4969135802469135 135.5185185185185 45.333333333333336 0.0 45.333333333333336 0.8660695001017302
110000 54.129629629629626 54.129629629629626 119.51851851851852 0.4969135802469135 135.5185185185185 45.333333333333336 0.0 45.333333333333336 0.8081618999131024
112000 54.129629629629626 54.129629629629626 119.51851851851852 0.4969135802469135 135.5185185185185 45.333333333333336 0.0 45.333333333333336 0.829846499953419
114000 54.129629629629626 54.129629629629626 119.51851851851852 0.4969135802469135 135.5185185185185 45.333333333333336 0.0 45.333333333333336 0.8274060999974608
116000 54.129629629629626 54.129629629629626 119.51851851851852 0.4969135802469135 135.5185185185185 45.333333333333336 0.0 45.333333333333336 0.7833893999923021
118000 54.129629629629626 54.129629629629626 119.51851851851852 0.4969135802469135 135.5185185185185 45.333333333333336 0.0 45.333333333333336 0.7918922998942435
120000 54.129629629629626 54.129629629629626 119.51851851851852 0.4969135802469135 135.5185185185185 45.333333333333336 0.0 45.333333333333336 0.7952090001199394
122000 54.129629629629626 54.129629629629626 119.51851851851852 0.4969135802469135 135.5185185185185 45.333333333333336 0.0 45.333333333333336 0.8891815000679344
124000 54.129629629629626 54.129629629629626 119.51851851851852 0.4969135802469135 135.5185185185185 45.333333333333336 0.0 45.333333333333336 0.8163132001645863
126000 54.129629629629626 54.129629629629626 119.51851851851852 0.4969135802469135 135.5185185185185 45.333333333333336 0.0 45.333333333333336 0.8639754999894649
128000 54.129629629629626 54.129629629629626 119.51851851851852 0.4969135802469135 135.5185185185185 45.333333333333336 0.0 45.333333333333336 0.9209205000661314
130000 54.129629629629626 54.129629629629626 119.51851851851852 0.4969135802469135 135.5185185185185 45.333333333333336 0.0 45.333333333333336 0.7834920999594033
132000 54.129629629629626 54.129629629629626 119.51851851851852 0.4969135802469135 135.5185185185185 45.333333333333336 0.0 45.333333333333336 0.81894679996185
134000 54.129629629629626 54.129629629629626 119.51851851851852 0.4969135802469135 135.5185185185185 45.333333333333336 0.0 45.333333333333336 0.8335606998298317
136000 54.129629629629626 54.129629629629626 119.51851851851852 0.4969135802469135 135.5185185185185 45.333333333333336 0.0 45.333333333333336 0.8231381999794394
138000 54.129629629629626 54.129629629629626 119.51851851851852 0.4969135802469135 135.5185185185185 45.333333333333336 0.0 45.333333333333336 0.7921866998076439
140000 54.129629629629626 54.129629629629626 119.51851851851852 0.4969135802469135 135.5185185185185 45.333333333333336 0.0 45.333333333333336 0.7651715998072177
142000 54.129629629629626 54.129629629629626 119.51851851851852 0.4969135802469135 135.5185185185185 45.333333333333336 0.0 45.333333333333336 0.8077505000401288
144000 54.129629629629626 54.129629629629626 119.51851851851852 0.4969135802469135 135.5185185185185 45.333333333333336 0.0 45.333333333333336 0.7905759999994189
146000 54.129629629629626 54.129629629629626 119.51851851851852 0.4969135802469135 135.5185185185185 45.333333333333336 0.0 45.333333333333336 0.8112664998043329
148000 54.129629629629626 54.129629629629626 119.51851851851852 0.4969135802469135 135.5185185185185 45.333333333333336 0.0 45.333333333333336 0.8064363999292254
150000 54.129629629629626 54.129629629629626 119.51851851851852 0.4969135802469135 135.5185185185185 45.333333333333336 0.0 45.333333333333336 0.7978769999463111
152000 54.129629629629626 54.129629629629626 119.51851851851852 0.4969135802469135 135.5185185185185 45.333333333333336 0.0 45.333333333333336 0.7669395999982953
154000 54.129629629629626 54.129629629629626 119.51851851851852 0.4969135802469135 135.5185185185185 45.333333333333336 0.0 45.333333333333336 0.8317117001861334
156000 54.129629629629626 54.129629629629626 119.51851851851852 0.4969135802469135 135.5185185185185 45.333333333333336 0.0 45.333333333333336 0.829374099848792
158000 54.129629629629626 54.129629629629626 119.51851851851852 0.4969135802469135 135.5185185185185 45.333333333333336 0.0 45.333333333333336 0.804036800051108
160000 54.129629629629626 54.129629629629626 119.51851851851852 0.4969135802469135 135.5185185185185 45.333333333333336 0.0 45.333333333333336 0.8030888999346644
162000 54.129629629629626 54.129629629629626 119.51851851851852 0.4969135802469135 135.5185185185185 45.333333333333336 0.0 45.333333333333336 0.7999370000325143
164000 54.129629629629626 54.129629629629626 119.51851851851852 0.4969135802469135 135.5185185185185 45.333333333333336 0.0 45.333333333333336 0.844806999899447
166000 54.129629629629626 54.129629629629626 119.51851851851852 0.4969135802469135 135.5185185185185 45.333333333333336 0.0 45.333333333333336 0.8000224998686463
168000 54.129629629629626 54.129629629629626 119.51851851851852 0.4969135802469135 135.5185185185185 45.333333333333336 0.0 45.333333333333336 0.7777011999860406
170000 54.129629629629626 54.129629629629626 119.51851851851852 0.4969135802469135 135.5185185185185 45.333333333333336 0.0 45.333333333333336 0.8065239998977631
172000 54.129629629629626 54.129629629629626 119.51851851851852 0.4969135802469135 135.5185185185185 45.333333333333336 0.0 45.333333333333336 0.8355031001847237
174000 54.129629629629626 54.129629629629626 119.51851851851852 0.4969135802469135 135.5185185185185 45.333333333333336 0.0 45.333333333333336 0.8271480000112206
176000 54.129629629629626 54.129629629629626 119.51851851851852 0.4969135802469135 135.5185185185185 45.333333333333336 0.0 45.333333333333336 0.805844500195235
178000 54.129629629629626 54.129629629629626 119.51851851851852 0.4969135802469135 135.5185185185185 45.333333333333336 0.0 45.333333333333336 0.8447201000526547
180000 54.129629629629626 54.129629629629626 119.51851851851852 0.4969135802469135 135.5185185185185 45.333333333333336 0.0 45.333333333333336 0.8399576998781413
182000 54.129629629629626 54.129629629629626 119.51851851851852 0.4969135802469135 135.5185185185185 45.333333333333336 0.0 45.333333333333336 0.7780657999683172
184000 54.129629629629626 54.129629629629626 119.51851851851852 0.4969135802469135 135.5185185185185 45.333333333333336 0.0 45.333333333333336 0.8028858001343906
186000 54.129629629629626 54.129629629629626 119.51851851851852 0.4969135802469135 135.5185185185185 45.333333333333336 0.0 45.333333333333336 0.8853366000112146
188000 54.129629629629626 54.129629629629626 119.51851851851852 0.4969135802469135 135.5185185185185 45.333333333333336 0.0 45.333333333333336 0.770106100011617
190000 54.129629629629626 54.129629629629626 119.51851851851852 0.4969135802469135 135.5185185185185 45.333333333333336 0.0 45.333333333333336 0.7762502999976277
192000 54.129629629629626 54.129629629629626 119.51851851851852 0.4969135802469135 135.5185185185185 45.333333333333336 0.0 45.333333333333336 0.7948816998396069
194000 54.129629629629626 54.129629629629626 119.51851851851852 0.4969135802469135 135.5185185185185 45.333333333333336 0.0 45.333333333333336 0.8129318999126554
196000 54.129629629629626 54.129629629629626 119.51851851851852 0.4969135802469135 135.5185185185185 45.333333333333336 0.0 45.333333333333336 0.7410794999450445
198000 54.129629629629626 54.129629629629626 119.51851851851852 0.4969135802469135 135.5185185185185 45.333333333333336 0.0 45.333333333333336 0.8342263998929411
200000 54.129629629629626 54.129629629629626 119.51851851851852 0.4969135802469135 135.5185185185185 45.333333333333336 0.0 45.333333333333336 0.7937622999306768
202000 54.129629629629626 54.129629629629626 119.51851851851852 0.4969135802469135 135.5185185185185 45.333333333333336 0.0 45.333333333333336 0.8218775999266654
204000 54.129629629629626 54.129629629629626 119.51851851851852 0.4969135802469135 135.5185185185185 45.333333333333336 0.0 45.333333333333336 0.8541281002108008
206000 54.129629629629626 54.129629629629626 119.51851851851852 0.4969135802469135 135.5185185185185 45.333333333333336 0.0 45.333333333333336 0.7994297998957336
208000 54.129629629629626 54.129629629629626 119.51851851851852 0.4969135802469135 135.5185185185185 45.333333333333336 0.0 45.333333333333336 0.7662949000950903
210000 54.129629629629626 54.129629629629626 119.51851851851852 0.4969135802469135 135.5185185185185 45.333333333333336 0.0 45.333333333333336 0.8172522999811918
212000 54.129629629629626 54.129629629629626 119.51851851851852 0.4969135802469135 135.5185185185185 45.333333333333336 0.0 45.333333333333336 0.7981853999663144
214000 54.129629629629626 54.129629629629626 119.51851851851852 0.4969135802469135 135.5185185185185 45.333333333333336 0.0 45.333333333333336 0.7886614000890404
216000 54.129629629629626 54.129629629629626 119.51851851851852 0.4969135802469135 135.5185185185185 45.333333333333336 0.0 45.333333333333336 0.7888504001311958
218000 54.129629629629626 54.129629629629626 119.51851851851852 0.4969135802469135 135.5185185185185 45.333333333333336 0.0 45.333333333333336 0.7592589999549091
220000 54.129629629629626 54.129629629629626 119.51851851851852 0.4969135802469135 135.5185185185185 45.333333333333336 0.0 45.333333333333336 0.818235200131312
222000 54.129629629629626 54.129629629629626 119.51851851851852 0.4969135802469135 135.5185185185185 45.333333333333336 0.0 45.333333333333336 0.8128478999715298
224000 54.129629629629626 54.129629629629626 119.51851851851852 0.4969135802469135 135.5185185185185 45.333333333333336 0.0 45.333333333333336 0.8518745000474155
226000 54.129629629629626 54.129629629629626 119.51851851851852 0.4969135802469135 135.5185185185185 45.333333333333336 0.0 45.333333333333336 0.8173895999789238
228000 54.129629629629626 54.129629629629626 119.51851851851852 0.4969135802469135 135.5185185185185 45.333333333333336 0.0 45.333333333333336 0.861947099911049
230000 54.129629629629626 54.129629629629626 119.51851851851852 0.4969135802469135 135.5185185185185 45.333333333333336 0.0 45.333333333333336 0.8700147999916226
232000 54.129629629629626 54.129629629629626 119.51851851851852 0.4969135802469135 135.5185185185185 45.333333333333336 0.0 45.333333333333336 0.8526951000094414
234000 54.129629629629626 54.129629629629626 119.51851851851852 0.4969135802469135 135.5185185185185 45.333333333333336 0.0 45.333333333333336 0.8314755999017507
236000 54.129629629629626 54.129629629629626 119.51851851851852 0.4969135802469135 135.5185185185185 45.333333333333336 0.0 45.333333333333336 0.942051500082016
238000 54.129629629629626 54.129629629629626 119.51851851851852 0.4969135802469135 135.5185185185185 45.333333333333336 0.0 45.333333333333336 0.8049699000548571
240000 54.129629629629626 54.129629629629626 119.51851851851852 0.4969135802469135 135.5185185185185 45.333333333333336 0.0 45.333333333333336 0.8762865997850895
242000 54.129629629629626 54.129629629629626 119.51851851851852 0.4969135802469135 135.5185185185185 45.333333333333336 0.0 45.333333333333336 0.8057773001492023
244000 54.129629629629626 54.129629629629626 119.51851851851852 0.4969135802469135 135.5185185185185 45.333333333333336 0.0 45.333333333333336 0.8284900998696685
246000 54.129629629629626 54.129629629629626 119.51851851851852 0.4969135802469135 135.5185185185185 45.333333333333336 0.0 45.333333333333336 0.8527635999489576
248000 54.129629629629626 54.129629629629626 119.51851851851852 0.4969135802469135 135.5185185185185 45.333333333333336 0.0 45.333333333333336 0.9173267998266965
250000 54.129629629629626 54.129629629629626 119.51851851851852 0.4969135802469135 135.5185185185185 45.333333333333336 0.0 45.333333333333336 0.9266081999521703
252000 54.129629629629626 54.129629629629626 119.51851851851852 0.4969135802469135 135.5185185185185 45.333333333333336 0.0 45.333333333333336 0.8059470998123288
254000 54.129629629629626 54.129629629629626 119.51851851851852 0.4969135802469135 135.5185185185185 45.333333333333336 0.0 45.333333333333336 0.8589653000235558
256000 54.129629629629626 54.129629629629626 119.51851851851852 0.4969135802469135 135.5185185185185 45.333333333333336 0.0 45.333333333333336 0.7955711998511106
258000 54.129629629629626 54.129629629629626 119.51851851851852 0.4969135802469135 135.5185185185185 45.333333333333336 0.0 45.333333333333336 0.8089817001018673
260000 54.129629629629626 54.129629629629626 119.51851851851852 0.4969135802469135 135.5185185185185 45.333333333333336 0.0 45.333333333333336 0.8404773999936879
262000 54.129629629629626 54.129629629629626 119.51851851851852 0.4969135802469135 135.5185185185185 45.333333333333336 0.0 45.333333333333336 0.803262600209564
264000 54.129629629629626 54.129629629629626 119.51851851851852 0.4969135802469135 135.5185185185185 45.333333333333336 0.0 45.333333333333336 0.8349262999836355
266000 54.129629629629626 54.129629629629626 119.51851851851852 0.4969135802469135 135.5185185185185 45.333333333333336 0.0 45.333333333333336 0.8214920999016613
268000 54.129629629629626 54.129629629629626 119.51851851851852 0.4969135802469135 135.5185185185185 45.333333333333336 0.0 45.333333333333336 0.8047068000305444
270000 54.129629629629626 54.129629629629626 119.51851851851852 0.4969135802469135 135.5185185185185 45.333333333333336 0.0 45.333333333333336 0.8793472999241203
272000 54.129629629629626 54.129629629629626 119.51851851851852 0.4969135802469135 135.5185185185185 45.333333333333336 0.0 45.333333333333336 0.8523253998719156
274000 54.129629629629626 54.129629629629626 119.51851851851852 0.4969135802469135 135.5185185185185 45.333333333333336 0.0 45.333333333333336 0.8377368999645114
276000 54.129629629629626 54.129629629629626 119.51851851851852 0.4969135802469135 135.5185185185185 45.333333333333336 0.0 45.333333333333336 0.7814750999677926
278000 54.129629629629626 54.129629629629626 119.51851851851852 0.4969135802469135 135.5185185185185 45.333333333333336 0.0 45.333333333333336 0.7915276999119669
280000 54.129629629629626 54.129629629629626 119.51851851851852 0.4969135802469135 135.5185185185185 45.333333333333336 0.0 45.333333333333336 0.8098802000749856
282000 54.129629629629626 54.129629629629626 119.51851851851852 0.4969135802469135 135.5185185185185 45.333333333333336 0.0 45.333333333333336 0.7852469999343157
284000 54.129629629629626 54.129629629629626 119.51851851851852 0.4969135802469135 135.5185185185185 45.333333333333336 0.0 45.333333333333336 0.7825011000968516
286000 54.129629629629626 54.129629629629626 119.51851851851852 0.4969135802469135 135.5185185185185 45.333333333333336 0.0 45.333333333333336 0.7929575999733061
288000 54.129629629629626 54.129629629629626 119.51851851851852 0.4969135802469135 135.5185185185185 45.333333333333336 0.0 45.333333333333336 0.8193065000232309
290000 54.129629629629626 54.129629629629626 119.51851851851852 0.4969135802469135 135.5185185185185 45.333333333333336 0.0 45.333333333333336 0.8048827000893652
292000 54.129629629629626 54.129629629629626 119.51851851851852 0.4969135802469135 135.5185185185185 45.333333333333336 0.0 45.333333333333336 0.7957534999586642
294000 54.129629629629626 54.129629629629626 119.51851851851852 0.4969135802469135 135.5185185185185 45.333333333333336 0.0 45.333333333333336 0.7499188999645412
296000 54.129629629629626 54.129629629629626 119.51851851851852 0.4969135802469135 135.5185185185185 45.333333333333336 0.0 45.333333333333336 0.7540380000136793
298000 54.129629629629626 54.129629629629626 119.51851851851852 0.4969135802469135 135.5185185185185 45.333333333333336 0.0 45.333333333333336 0.8197016001213342
300000 54.129629629629626 54.129629629629626 119.51851851851852 0.4969135802469135 135.5185185185185 45.333333333333336 0.0 45.333333333333336 0.8688046999741346
302000 54.129629629629626 54.129629629629626 119.51851851851852 0.4969135802469135 135.5185185185185 45.333333333333336 0.0 45.333333333333336 0.7626639001537114
304000 54.129629629629626 54.129629629629626 119.51851851851852 0.4969135802469135 135.5185185185185 45.333333333333336 0.0 45.333333333333336 0.8117776000872254
306000 54.129629629629626 54.129629629629626 119.51851851851852 0.4969135802469135 135.5185185185185 45.333333333333336 0.0 45.333333333333336 0.8499125998932868
308000 54.129629629629626 54.129629629629626 119.51851851851852 0.4969135802469135 135.5185185185185 45.333333333333336 0.0 45.333333333333336 0.8944375000428408
310000 54.129629629629626 54.129629629629626 119.51851851851852 0.4969135802469135 135.5185185185185 45.333333333333336 0.0 45.333333333333336 0.8305045999586582
312000 54.129629629629626 54.129629629629626 119.51851851851852 0.4969135802469135 135.5185185185185 45.333333333333336 0.0 45.333333333333336 0.7936164001002908
314000 54.129629629629626 54.129629629629626 119.51851851851852 0.4969135802469135 135.5185185185185 45.333333333333336 0.0 45.333333333333336 0.837658500066027
316000 54.129629629629626 54.129629629629626 119.51851851851852 0.4969135802469135 135.5185185185185 45.333333333333336 0.0 45.333333333333336 0.8523761001415551
318000 54.129629629629626 54.129629629629626 119.51851851851852 0.4969135802469135 135.5185185185185 45.333333333333336 0.0 45.333333333333336 0.7941329998429865
320000 54.129629629629626 54.129629629629626 119.51851851851852 0.4969135802469135 135.5185185185185 45.333333333333336 0.0 45.333333333333336 0.7818225999362767
322000 54.129629629629626 54.129629629629626 119.51851851851852 0.4969135802469135 135.5185185185185 45.333333333333336 0.0 45.333333333333336 0.939206900075078
324000 54.129629629629626 54.129629629629626 119.51851851851852 0.4969135802469135 135.5185185185185 45.333333333333336 0.0 45.333333333333336 0.8252656999975443
326000 54.129629629629626 54.129629629629626 119.51851851851852 0.4969135802469135 135.5185185185185 45.333333333333336 0.0 45.333333333333336 0.8011779000516981
328000 54.129629629629626 54.129629629629626 119.51851851851852 0.4969135802469135 135.5185185185185 45.333333333333336 0.0 45.333333333333336 0.8110122999642044
330000 54.129629629629626 54.129629629629626 119.51851851851852 0.4969135802469135 135.5185185185185 45.333333333333336 0.0 45.333333333333336 0.8230423999484628
332000 54.129629629629626 54.129629629629626 119.51851851851852 0.4969135802469135 135.5185185185185 45.333333333333336 0.0 45.333333333333336 0.8189224998932332
334000 54.129629629629626 54.129629629629626 119.51851851851852 0.4969135802469135 135.5185185185185 45.333333333333336 0.0 45.333333333333336 0.7902355999685824
336000 54.129629629629626 54.129629629629626 119.51851851851852 0.4969135802469135 135.5185185185185 45.333333333333336 0.0 45.333333333333336 0.7662023000884801
338000 54.129629629629626 54.129629629629626 119.51851851851852 0.4969135802469135 135.5185185185185 45.333333333333336 0.0 45.333333333333336 0.8016159001272172
340000 54.129629629629626 54.129629629629626 119.51851851851852 0.4969135802469135 135.5185185185185 45.333333333333336 0.0 45.333333333333336 0.7791132000274956
342000 54.129629629629626 54.129629629629626 119.51851851851852 0.4969135802469135 135.5185185185185 45.333333333333336 0.0 45.333333333333336 0.8234604999888688
344000 54.129629629629626 54.129629629629626 119.51851851851852 0.4969135802469135 135.5185185185185 45.333333333333336 0.0 45.333333333333336 0.7978166001848876
346000 54.129629629629626 54.129629629629626 119.51851851851852 0.4969135802469135 135.5185185185185 45.333333333333336 0.0 45.333333333333336 0.758038500091061
348000 54.129629629629626 54.129629629629626 119.51851851851852 0.4969135802469135 135.5185185185185 45.333333333333336 0.0 45.333333333333336 0.8208955998998135
350000 54.129629629629626 54.129629629629626 119.51851851851852 0.4969135802469135 135.5185185185185 45.333333333333336 0.0 45.333333333333336 0.80887999990955
352000 54.129629629629626 54.129629629629626 119.51851851851852 0.4969135802469135 135.5185185185185 45.333333333333336 0.0 45.333333333333336 0.7838467999827117
354000 54.129629629629626 54.129629629629626 119.51851851851852 0.4969135802469135 135.5185185185185 45.333333333333336 0.0 45.333333333333336 0.7328111999668181
356000 54.129629629629626 54.129629629629626 119.51851851851852 0.4969135802469135 135.5185185185185 45.333333333333336 0.0 45.333333333333336 0.8566890999209136
358000 54.129629629629626 54.129629629629626 119.51851851851852 0.4969135802469135 135.5185185185185 45.333333333333336 0.0 45.333333333333336 0.7513577002100646
360000 54.129629629629626 54.129629629629626 119.51851851851852 0.4969135802469135 135.5185185185185 45.333333333333336 0.0 45.333333333333336 0.8237844000104815
362000 54.129629629629626 54.129629629629626 119.51851851851852 0.4969135802469135 135.5185185185185 45.333333333333336 0.0 45.333333333333336 0.8279442000202835
364000 54.129629629629626 54.129629629629626 119.51851851851852 0.4969135802469135 135.5185185185185 45.333333333333336 0.0 45.333333333333336 0.7782942999619991
366000 54.129629629629626 54.129629629629626 119.51851851851852 0.4969135802469135 135.5185185185185 45.333333333333336 0.0 45.333333333333336 0.8062680999282748
368000 54.129629629629626 54.129629629629626 119.51851851851852 0.4969135802469135 135.5185185185185 45.333333333333336 0.0 45.333333333333336 0.8205652001779526
370000 54.129629629629626 54.129629629629626 119.51851851851852 0.4969135802469135 135.5185185185185 45.333333333333336 0.0 45.333333333333336 0.8009685999713838
372000 54.129629629629626 54.129629629629626 119.51851851851852 0.4969135802469135 135.5185185185185 45.333333333333336 0.0 45.333333333333336 0.7808230000082403
374000 54.129629629629626 54.129629629629626 119.51851851851852 0.4969135802469135 135.5185185185185 45.333333333333336 0.0 45.333333333333336 0.8057470999192446
376000 54.129629629629626 54.129629629629626 119.51851851851852 0.4969135802469135 135.5185185185185 45.333333333333336 0.0 45.333333333333336 0.7657209001481533
378000 54.129629629629626 54.129629629629626 119.51851851851852 0.4969135802469135 135.5185185185185 45.333333333333336 0.0 45.333333333333336 0.7491842000745237
380000 54.129629629629626 54.129629629629626 119.51851851851852 0.4969135802469135 135.5185185185185 45.333333333333336 0.0 45.333333333333336 0.7873197998851538
382000 54.129629629629626 54.129629629629626 119.51851851851852 0.4969135802469135 135.5185185185185 45.333333333333336 0.0 45.333333333333336 0.7996756001375616
384000 54.129629629629626 54.129629629629626 119.51851851851852 0.4969135802469135 135.5185185185185 45.333333333333336 0.0 45.333333333333336 0.7646192999090999
386000 54.129629629629626 54.129629629629626 119.51851851851852 0.4969135802469135 135.5185185185185 45.333333333333336 0.0 45.333333333333336 0.7957625999115407
388000 54.129629629629626 54.129629629629626 119.51851851851852 0.4969135802469135 135.5185185185185 45.333333333333336 0.0 45.333333333333336 0.7453614000696689
390000 54.129629629629626 54.129629629629626 119.51851851851852 0.4969135802469135 135.5185185185185 45.333333333333336 0.0 45.333333333333336 0.7645866998936981
392000 54.129629629629626 54.129629629629626 119.51851851851852 0.4969135802469135 135.5185185185185 45.333333333333336 0.0 45.333333333333336 0.7684760999400169
394000 54.129629629629626 54.129629629629626 119.51851851851852 0.4969135802469135 135.5185185185185 45.333333333333336 0.0 45.333333333333336 0.9087580000050366
396000 54.129629629629626 54.129629629629626 119.51851851851852 0.4969135802469135 135.5185185185185 45.333333333333336 0.0 45.333333333333336 0.81832420011051
398000 54.129629629629626 54.129629629629626 119.51851851851852 0.4969135802469135 135.5185185185185 45.333333333333336 0.0 45.333333333333336 0.788300700020045
400000 54.129629629629626 54.129629629629626 119.51851851851852 0.4969135802469135 135.5185185185185 45.333333333333336 0.0 45.333333333333336 0.8576261999551207
402000 54.129629629629626 54.129629629629626 119.51851851851852 0.4969135802469135 135.5185185185185 45.333333333333336 0.0 45.333333333333336 0.8165746999438852
404000 54.129629629629626 54.129629629629626 119.51851851851852 0.4969135802469135 135.5185185185185 45.333333333333336 0.0 45.333333333333336 0.7691375999711454
406000 54.129629629629626 54.129629629629626 119.51851851851852 0.4969135802469135 135.5185185185185 45.333333333333336 0.0 45.333333333333336 0.7881084000691772
408000 54.129629629629626 54.129629629629626 119.51851851851852 0.4969135802469135 135.5185185185185 45.333333333333336 0.0 45.333333333333336 0.8283752999268472
410000 54.129629629629626 54.129629629629626 119.51851851851852 0.4969135802469135 135.5185185185185 45.333333333333336 0.0 45.333333333333336 0.7886185001116246
412000 54.129629629629626 54.129629629629626 119.51851851851852 0.4969135802469135 135.5185185185185 45.333333333333336 0.0 45.333333333333336 0.7587859998457134
414000 54.129629629629626 54.129629629629626 119.51851851851852 0.4969135802469135 135.5185185185185 45.333333333333336 0.0 45.333333333333336 0.7930343998596072
416000 54.129629629629626 54.129629629629626 119.51851851851852 0.4969135802469135 135.5185185185185 45.333333333333336 0.0 45.333333333333336 0.8408557001966983
418000 54.129629629629626 54.129629629629626 119.51851851851852 0.4969135802469135 135.5185185185185 45.333333333333336 0.0 45.333333333333336 0.7999653001315892
420000 54.129629629629626 54.129629629629626 119.51851851851852 0.4969135802469135 135.5185185185185 45.333333333333336 0.0 45.333333333333336 0.8137020999565721
422000 54.129629629629626 54.129629629629626 119.51851851851852 0.4969135802469135 135.5185185185185 45.333333333333336 0.0 45.333333333333336 0.7560982999857515
424000 54.129629629629626 54.129629629629626 119.51851851851852 0.4969135802469135 135.5185185185185 45.333333333333336 0.0 45.333333333333336 0.8446937000844628
426000 54.129629629629626 54.129629629629626 119.51851851851852 0.4969135802469135 135.5185185185185 45.333333333333336 0.0 45.333333333333336 0.7993397999089211
428000 54.129629629629626 54.129629629629626 119.51851851851852 0.4969135802469135 135.5185185185185 45.333333333333336 0.0 45.333333333333336 0.849653200013563
430000 54.129629629629626 54.129629629629626 119.51851851851852 0.4969135802469135 135.5185185185185 45.333333333333336 0.0 45.333333333333336 0.7667727000080049
432000 54.129629629629626 54.129629629629626 119.51851851851852 0.4969135802469135 135.5185185185185 45.333333333333336 0.0 45.333333333333336 0.7899335999973118
434000 54.129629629629626 54.129629629629626 119.51851851851852 0.4969135802469135 135.5185185185185 45.333333333333336 0.0 45.333333333333336 0.8327931999228895
436000 54.129629629629626 54.129629629629626 119.51851851851852 0.4969135802469135 135.5185185185185 45.333333333333336 0.0 45.333333333333336 0.808729900047183
438000 54.129629629629626 54.129629629629626 119.51851851851852 0.4969135802469135 135.5185185185185 45.333333333333336 0.0 45.333333333333336 0.7594252000562847
440000 54.129629629629626 54.129629629629626 119.51851851851852 0.4969135802469135 135.5185185185185 45.333333333333336 0.0 45.333333333333336 0.8199777000118047
442000 54.129629629629626 54.129629629629626 119.51851851851852 0.4969135802469135 135.5185185185185 45.333333333333336 0.0 45.333333333333336 0.7862336998805404
444000 54.129629629629626 54.129629629629626 119.51851851851852 0.4969135802469135 135.5185185185185 45.333333333333336 0.0 45.333333333333336 0.8176611999515444
446000 54.129629629629626 54.129629629629626 119.51851851851852 0.4969135802469135 135.5185185185185 45.333333333333336 0.0 45.333333333333336 0.7892551999539137
448000 54.129629629629626 54.129629629629626 119.51851851851852 0.4969135802469135 135.5185185185185 45.333333333333336 0.0 45.333333333333336 0.8059112001210451
450000 54.129629629629626 54.129629629629626 119.51851851851852 0.4969135802469135 135.5185185185185 45.333333333333336 0.0 45.333333333333336 0.8104354999959469
452000 54.129629629629626 54.129629629629626 119.51851851851852 0.4969135802469135 135.5185185185185 45.333333333333336 0.0 45.333333333333336 0.8221505000256002
454000 54.129629629629626 54.129629629629626 119.51851851851852 0.4969135802469135 135.5185185185185 45.333333333333336 0.0 45.333333333333336 0.8765674000605941
456000 54.129629629629626 54.129629629629626 119.51851851851852 0.4969135802469135 135.5185185185185 45.333333333333336 0.0 45.333333333333336 0.8106742999516428
458000 54.129629629629626 54.129629629629626 119.51851851851852 0.4969135802469135 135.5185185185185 45.333333333333336 0.0 45.333333333333336 0.7808356999885291
460000 54.129629629629626 54.129629629629626 119.51851851851852 0.4969135802469135 135.5185185185185 45.333333333333336 0.0 45.333333333333336 0.818138999864459
462000 54.129629629629626 54.129629629629626 119.51851851851852 0.4969135802469135 135.5185185185185 45.333333333333336 0.0 45.333333333333336 0.772346599958837
464000 54.129629629629626 54.129629629629626 119.51851851851852 0.4969135802469135 135.5185185185185 45.333333333333336 0.0 45.333333333333336 0.798370499862358
466000 54.129629629629626 54.129629629629626 119.51851851851852 0.4969135802469135 135.5185185185185 45.333333333333336 0.0 45.333333333333336 0.7850906001403928
468000 54.129629629629626 54.129629629629626 119.51851851851852 0.4969135802469135 135.5185185185185 45.333333333333336 0.0 45.333333333333336 0.8475807998329401
470000 54.129629629629626 54.129629629629626 119.51851851851852 0.4969135802469135 135.5185185185185 45.333333333333336 0.0 45.333333333333336 0.7983792999293655
472000 54.129629629629626 54.129629629629626 119.51851851851852 0.4969135802469135 135.5185185185185 45.333333333333336 0.0 45.333333333333336 0.7768924999982119
474000 54.129629629629626 54.129629629629626 119.51851851851852 0.4969135802469135 135.5185185185185 45.333333333333336 0.0 45.333333333333336 0.7901349000167102
476000 54.129629629629626 54.129629629629626 119.51851851851852 0.4969135802469135 135.5185185185185 45.333333333333336 0.0 45.333333333333336 0.8135567998979241
478000 54.129629629629626 54.129629629629626 119.51851851851852 0.4969135802469135 135.5185185185185 45.333333333333336 0.0 45.333333333333336 0.832509099971503
480000 54.129629629629626 54.129629629629626 119.51851851851852 0.4969135802469135 135.5185185185185 45.333333333333336 0.0 45.333333333333336 0.8389265998266637
482000 54.129629629629626 54.129629629629626 119.51851851851852 0.4969135802469135 135.5185185185185 45.333333333333336 0.0 45.333333333333336 0.8209834999870509
484000 54.129629629629626 54.129629629629626 119.51851851851852 0.4969135802469135 135.5185185185185 45.333333333333336 0.0 45.333333333333336 0.751511599868536
486000 54.129629629629626 54.129629629629626 119.51851851851852 0.4969135802469135 135.5185185185185 45.333333333333336 0.0 45.333333333333336 0.8153291998896748
488000 54.129629629629626 54.129629629629626 119.51851851851852 0.4969135802469135 135.5185185185185 45.333333333333336 0.0 45.333333333333336 0.8445170000195503
490000 54.129629629629626 54.129629629629626 119.51851851851852 0.4969135802469135 135.5185185185185 45.333333333333336 0.0 45.333333333333336 0.7031326000578701
492000 54.129629629629626 54.129629629629626 119.51851851851852 0.4969135802469135 135.5185185185185 45.333333333333336 0.0 45.333333333333336 0.7758710000198334
494000 54.129629629629626 54.129629629629626 119.51851851851852 0.4969135802469135 135.5185185185185 45.333333333333336 0.0 45.333333333333336 0.6694058000575751
496000 54.129629629629626 54.129629629629626 119.51851851851852 0.4969135802469135 135.5185185185185 45.333333333333336 0.0 45.333333333333336 0.8274222000036389
498000 54.129629629629626 54.129629629629626 119.51851851851852 0.4969135802469135 135.5185185185185 45.333333333333336 0.0 45.333333333333336 0.6898237999994308
500000 54.129629629629626 54.129629629629626 119.51851851851852 0.4969135802469135 135.5185185185185 45.333333333333336 0.0 45.333333333333336 0.6899896999821067
