2000 4.038461538461538 4.038461538461538 107.09615384615384 0.16987179487179485 135.8653846153846 45.28846153846154 1.1538461538461537 44.13461538461539 0.6081294999457896
4000 0.75 0.75 117.40384615384616 0.016025641025641024 135.8653846153846 45.28846153846154 1.1153846153846154 44.17307692307692 0.5893421999644488
6000 5.576923076923077 5.576923076923077 106.92307692307692 0.16025641025641024 135.8653846153846 45.28846153846154 1.1153846153846154 44.17307692307692 0.6749097001738846
8000 7.019230769230769 7.019230769230769 109.36538461538461 0.18589743589743588 135.8653846153846 45.28846153846154 1.1153846153846154 44.17307692307692 0.6880100998096168
10000 6.75 6.75 106.51923076923077 0.2259615384615385 135.8653846153846 45.28846153846154 1.1153846153846154 44.17307692307692 0.7079954999499023
12000 14.884615384615385 14.884615384615385 98.38461538461539 0.31891025641025644 135.8653846153846 45.28846153846154 1.1153846153846154 44.17307692307692 0.749921000096947
14000 19.96153846153846 19.96153846153846 94.01923076923077 0.375 135.8653846153846 45.28846153846154 1.1153846153846154 44.17307692307692 0.7659211999271065
16000 19.96153846153846 19.96153846153846 94.01923076923077 0.375 135.8653846153846 45.28846153846154 1.1153846153846154 44.17307692307692 0.7205676001030952
18000 19.96153846153846 19.96153846153846 94.01923076923077 0.375 135.8653846153846 45.28846153846154 1.1153846153846154 44.17307692307692 0.8621553999837488
20000 19.96153846153846 19.96153846153846 94.01923076923077 0.375 135.8653846153846 45.28846153846154 1.1153846153846154 44.17307692307692 0.8833568000700325
22000 19.96153846153846 19.96153846153846 94.01923076923077 0.375 135.8653846153846 45.28846153846154 1.1153846153846154 44.17307692307692 0.8046122000087053
24000 19.96153846153846 19.96153846153846 94.01923076923077 0.375 135.8653846153846 45.28846153846154 1.1153846153846154 44.17307692307692 0.8237446998246014
26000 19.96153846153846 19.96153846153846 94.01923076923077 0.375 135.8653846153846 45.28846153846154 1.1153846153846154 44.17307692307692 0.7498447000980377
28000 19.96153846153846 19.96153846153846 94.01923076923077 0.375 135.8653846153846 45.28846153846154 1.1153846153846154 44.17307692307692 0.8008124001789838
30000 19.96153846153846 19.96153846153846 94.01923076923077 0.375 135.8653846153846 45.28846153846154 1.1153846153846154 44.17307692307692 0.746684200130403
32000 84.82692307692308 84.82692307692308 76.17307692307692 0.5448717948717948 135.8653846153846 45.28846153846154 1.1153846153846154 44.17307692307692 0.7261745999567211
34000 80.53846153846153 80.53846153846153 75.51923076923077 0.5256410256410257 135.8653846153846 45.28846153846154 1.1153846153846154 44.17307692307692 0.749887099955231
36000 79.82692307692308 79.82692307692308 75.46153846153847 0.5256410256410257 135.8653846153846 45.28846153846154 1.1153846153846154 44.17307692307692 0.7083914999384433
38000 79.82692307692308 79.82692307692308 75.46153846153847 0.5256410256410257 135.8653846153846 45.28846153846154 1.1153846153846154 44.17307692307692 0.7978821001015604
40000 79.82692307692308 79.82692307692308 75.46153846153847 0.5256410256410257 135.8653846153846 45.28846153846154 1.1153846153846154 44.17307692307692 0.7906329000834376
42000 79.82692307692308 79.82692307692308 75.46153846153847 0.5256410256410257 135.8653846153846 45.28846153846154 1.1153846153846154 44.17307692307692 0.7307937999721617
44000 79.82692307692308 79.82692307692308 75.46153846153847 0.5256410256410257 135.8653846153846 45.28846153846154 1.1153846153846154 44.17307692307692 0.8100690001156181
46000 79.82692307692308 79.82692307692308 75.46153846153847 0.5256410256410257 135.8653846153846 45.28846153846154 1.1153846153846154 44.17307692307692 0.9150125000160187
48000 79.82692307692308 79.82692307692308 75.46153846153847 0.5256410256410257 135.8653846153846 45.28846153846154 1.1153846153846154 44.17307692307692 0.8503821999765933
50000 79.82692307692308 79.82692307692308 75.46153846153847 0.5256410256410257 135.8653846153846 45.28846153846154 1.1153846153846154 44.17307692307692 0.939542300067842
52000 79.82692307692308 79.82692307692308 75.46153846153847 0.5256410256410257 135.8653846153846 45.28846153846154 1.1153846153846154 44.17307692307692 0.7943692000117153
54000 79.82692307692308 79.82692307692308 75.46153846153847 0.5256410256410257 135.8653846153846 45.28846153846154 1.1153846153846154 44.17307692307692 0.8741955000441521
56000 79.82692307692308 79.82692307692308 75.46153846153847 0.5256410256410257 135.8653846153846 45.28846153846154 1.1153846153846154 44.17307692307692 0.803728099912405
58000 79.82692307692308 79.82692307692308 75.46153846153847 0.5256410256410257 135.8653846153846 45.28846153846154 1.1153846153846154 44.17307692307692 0.782967499922961
60000 79.82692307692308 79.82692307692308 75.46153846153847 0.5256410256410257 135.8653846153846 45.28846153846154 1.1153846153846154 44.17307692307692 0.7607094999402761
62000 79.82692307692308 79.82692307692308 75.46153846153847 0.5256410256410257 135.8653846153846 45.28846153846154 1.1153846153846154 44.17307692307692 0.8043070998974144
64000 79.82692307692308 79.82692307692308 75.46153846153847 0.5256410256410257 135.8653846153846 45.28846153846154 1.1153846153846154 44.17307692307692 0.8038255998399109
66000 79.82692307692308 79.82692307692308 75.46153846153847 0.5256410256410257 135.8653846153846 45.28846153846154 1.1153846153846154 44.17307692307692 0.7674708000849932
68000 79.82692307692308 79.82692307692308 75.46153846153847 0.5256410256410257 135.8653846153846 45.28846153846154 1.1153846153846154 44.17307692307692 0.7822535999584943
70000 79.82692307692308 79.82692307692308 75.46153846153847 0.5256410256410257 135.8653846153846 45.28846153846154 1.1153846153846154 44.17307692307692 0.7513548999559134
72000 79.82692307692308 79.82692307692308 75.46153846153847 0.5256410256410257 135.8653846153846 45.28846153846154 1.1153846153846154 44.17307692307692 0.7648660000413656
74000 79.82692307692308 79.82692307692308 75.46153846153847 0.5256410256410257 135.8653846153846 45.28846153846154 1.1153846153846154 44.17307692307692 0.7645231001079082
76000 79.82692307692308 79.82692307692308 75.46153846153847 0.5256410256410257 135.8653846153846 45.28846153846154 1.1153846153846154 44.17307692307692 0.7726231999695301
78000 79.82692307692308 79.82692307692308 75.46153846153847 0.5256410256410257 135.8653846153846 45.28846153846154 1.1153846153846154 44.17307692307692 0.7834739999379963
80000 79.82692307692308 79.82692307692308 75.46153846153847 0.5256410256410257 135.8653846153846 45.28846153846154 1.1153846153846154 44.17307692307692 0.8017666998784989
82000 79.82692307692308 79.82692307692308 75.46153846153847 0.5256410256410257 135.8653846153846 45.28846153846154 1.1153846153846154 44.17307692307692 0.7990917998831719
84000 79.82692307692308 79.82692307692308 75.46153846153847 0.5256410256410257 135.8653846153846 45.28846153846154 1.1153846153846154 44.17307692307692 0.7541233999654651
86000 79.82692307692308 79.82692307692308 75.46153846153847 0.5256410256410257 135.8653846153846 45.28846153846154 1.1153846153846154 44.17307692307692 0.7944769999012351
88000 79.82692307692308 79.82692307692308 75.46153846153847 0.5256410256410257 135.8653846153846 45.28846153846154 1.1153846153846154 44.17307692307692 0.7644283999688923
90000 79.82692307692308 79.82692307692308 75.46153846153847 0.5256410256410257 135.8653846153846 45.28846153846154 1.1153846153846154 44.17307692307692 0.8471586999949068
92000 79.82692307692308 79.82692307692308 75.46153846153847 0.5256410256410257 135.8653846153846 45.28846153846154 1.1153846153846154 44.17307692307692 0.7764516000170261
94000 79.82692307692308 79.82692307692308 75.46153846153847 0.5256410256410257 135.8653846153846 45.28846153846154 1.1153846153846154 44.17307692307692 0.7933892000000924
96000 79.82692307692308 79.82692307692308 75.46153846153847 0.5256410256410257 135.8653846153846 45.28846153846154 1.1153846153846154 44.17307692307692 0.7362997001037002
98000 79.82692307692308 79.82692307692308 75.46153846153847 0.5256410256410257 135.8653846153846 45.28846153846154 1.1153846153846154 44.17307692307692 0.8240686999633908
100000 79.82692307692308 79.82692307692308 75.46153846153847 0.5256410256410257 135.8653846153846 45.28846153846154 1.1153846153846154 44.17307692307692 0.8498700999189168
102000 79.82692307692308 79.82692307692308 75.46153846153847 0.5256410256410257 135.8653846153846 45.28846153846154 1.1153846153846154 44.17307692307692 0.7827672001440078
104000 79.82692307692308 79.82692307692308 75.46153846153847 0.5256410256410257 135.8653846153846 45.28846153846154 1.1153846153846154 44.17307692307692 0.87555419979617
106000 79.82692307692308 79.82692307692308 75.46153846153847 0.5256410256410257 135.8653846153846 45.28846153846154 1.1153846153846154 44.17307692307692 0.7452229000627995
108000 79.82692307692308 79.82692307692308 75.46153846153847 0.5256410256410257 135.8653846153846 45.28846153846154 1.1153846153846154 44.17307692307692 0.7579464998561889
110000 79.82692307692308 79.82692307692308 75.46153846153847 0.5256410256410257 135.8653846153846 45.28846153846154 1.1153846153846154 44.17307692307692 0.7983638001605868
112000 79.82692307692308 79.82692307692308 75.46153846153847 0.5256410256410257 135.8653846153846 45.28846153846154 1.1153846153846154 44.17307692307692 0.7909709999803454
114000 79.82692307692308 79.82692307692308 75.46153846153847 0.5256410256410257 135.8653846153846 45.28846153846154 1.1153846153846154 44.17307692307692 0.7730288999155164
116000 79.82692307692308 79.82692307692308 75.46153846153847 0.5256410256410257 135.8653846153846 45.28846153846154 1.1153846153846154 44.17307692307692 0.7781777000054717
118000 79.82692307692308 79.82692307692308 75.46153846153847 0.5256410256410257 135.8653846153846 45.28846153846154 1.1153846153846154 44.17307692307692 0.7780963000841439
120000 79.82692307692308 79.82692307692308 75.46153846153847 0.5256410256410257 135.8653846153846 45.28846153846154 1.1153846153846154 44.17307692307692 0.86946010007523
122000 79.82692307692308 79.82692307692308 75.46153846153847 0.5256410256410257 135.8653846153846 45.28846153846154 1.1153846153846154 44.17307692307692 0.7876953000668436
124000 79.82692307692308 79.82692307692308 75.46153846153847 0.5256410256410257 135.8653846153846 45.28846153846154 1.1153846153846154 44.17307692307692 0.765326099935919
126000 79.82692307692308 79.82692307692308 75.46153846153847 0.5256410256410257 135.8653846153846 45.28846153846154 1.1153846153846154 44.17307692307692 0.7598790000192821
128000 79.82692307692308 79.82692307692308 75.46153846153847 0.5256410256410257 135.8653846153846 45.28846153846154 1.1153846153846154 44.17307692307692 0.8623011000454426
130000 79.82692307692308 79.82692307692308 75.46153846153847 0.5256410256410257 135.8653846153846 45.28846153846154 1.1153846153846154 44.17307692307692 0.7750504000578076
132000 79.82692307692308 79.82692307692308 75.46153846153847 0.5256410256410257 135.8653846153846 45.28846153846154 1.1153846153846154 44.17307692307692 0.789379500085488
134000 79.82692307692308 79.82692307692308 75.46153846153847 0.5256410256410257 135.8653846153846 45.28846153846154 1.1153846153846154 44.17307692307692 0.813361199805513
136000 79.82692307692308 79.82692307692308 75.46153846153847 0.5256410256410257 135.8653846153846 45.28846153846154 1.1153846153846154 44.17307692307692 0.7461055999156088
138000 79.82692307692308 79.82692307692308 75.46153846153847 0.5256410256410257 135.8653846153846 45.28846153846154 1.1153846153846154 44.17307692307692 0.8246049999725074
140000 79.82692307692308 79.82692307692308 75.46153846153847 0.5256410256410257 135.8653846153846 45.28846153846154 1.1153846153846154 44.17307692307692 0.7683523998130113
142000 79.82692307692308 79.82692307692308 75.46153846153847 0.5256410256410257 135.8653846153846 45.28846153846154 1.1153846153846154 44.17307692307692 0.8275984001811594
144000 79.82692307692308 79.82692307692308 75.46153846153847 0.5256410256410257 135.8653846153846 45.28846153846154 1.1153846153846154 44.17307692307692 0.7416314000729471
146000 79.82692307692308 79.82692307692308 75.46153846153847 0.5256410256410257 135.8653846153846 45.28846153846154 1.1153846153846154 44.17307692307692 0.7361735999584198
148000 79.82692307692308 79.82692307692308 75.46153846153847 0.5256410256410257 135.8653846153846 45.28846153846154 1.1153846153846154 44.17307692307692 0.7711241999641061
150000 79.82692307692308 79.82692307692308 75.46153846153847 0.5256410256410257 135.8653846153846 45.28846153846154 1.1153846153846154 44.17307692307692 0.7553216000087559
152000 79.82692307692308 79.82692307692308 75.46153846153847 0.5256410256410257 135.8653846153846 45.28846153846154 1.1153846153846154 44.17307692307692 0.8160503001417965
154000 79.82692307692308 79.82692307692308 75.46153846153847 0.5256410256410257 135.8653846153846 45.28846153846154 1.1153846153846154 44.17307692307692 0.8028607999440283
156000 79.82692307692308 79.82692307692308 75.46153846153847 0.5256410256410257 135.8653846153846 45.28846153846154 1.1153846153846154 44.17307692307692 0.7851755002047867
158000 79.82692307692308 79.82692307692308 75.46153846153847 0.5256410256410257 135.8653846153846 45.28846153846154 1.1153846153846154 44.17307692307692 0.795622699894011
160000 79.82692307692308 79.82692307692308 75.46153846153847 0.5256410256410257 135.8653846153846 45.28846153846154 1.1153846153846154 44.17307692307692 0.8690469998400658
162000 79.82692307692308 79.82692307692308 75.46153846153847 0.5256410256410257 135.8653846153846 45.28846153846154 1.1153846153846154 44.17307692307692 0.7634583998005837
164000 79.82692307692308 79.82692307692308 75.46153846153847 0.5256410256410257 135.8653846153846 45.28846153846154 1.1153846153846154 44.17307692307692 0.806206899927929
166000 79.82692307692308 79.82692307692308 75.46153846153847 0.5256410256410257 135.8653846153846 45.28846153846154 1.1153846153846154 44.17307692307692 0.8497070998419076
168000 79.82692307692308 79.82692307692308 75.46153846153847 0.5256410256410257 135.8653846153846 45.28846153846154 1.1153846153846154 44.17307692307692 0.795135899912566
170000 79.82692307692308 79.82692307692308 75.46153846153847 0.5256410256410257 135.8653846153846 45.28846153846154 1.1153846153846154 44.17307692307692 0.7748829999472946
172000 79.82692307692308 79.82692307692308 75.46153846153847 0.5256410256410257 135.8653846153846 45.28846153846154 1.1153846153846154 44.17307692307692 0.7566786999814212
174000 79.82692307692308 79.82692307692308 75.46153846153847 0.5256410256410257 135.8653846153846 45.28846153846154 1.1153846153846154 44.17307692307692 0.7513043999206275
176000 79.82692307692308 79.82692307692308 75.46153846153847 0.5256410256410257 135.8653846153846 45.28846153846154 1.1153846153846154 44.17307692307692 0.7664922000840306
178000 79.82692307692308 79.82692307692308 75.46153846153847 0.5256410256410257 135.8653846153846 45.28846153846154 1.1153846153846154 44.17307692307692 0.846588599961251
180000 79.82692307692308 79.82692307692308 75.46153846153847 0.5256410256410257 135.8653846153846 45.28846153846154 1.1153846153846154 44.17307692307692 0.7608484998345375
182000 79.82692307692308 79.82692307692308 75.46153846153847 0.5256410256410257 135.8653846153846 45.28846153846154 1.1153846153846154 44.17307692307692 0.8402511000167578
184000 79.82692307692308 79.82692307692308 75.46153846153847 0.5256410256410257 135.8653846153846 45.28846153846154 1.1153846153846154 44.17307692307692 0.7869641999714077
186000 79.82692307692308 79.82692307692308 75.46153846153847 0.5256410256410257 135.8653846153846 45.28846153846154 1.1153846153846154 44.17307692307692 0.7824303000234067
188000 79.82692307692308 79.82692307692308 75.46153846153847 0.5256410256410257 135.8653846153846 45.28846153846154 1.1153846153846154 44.17307692307692 0.773374600103125
190000 79.82692307692308 79.82692307692308 75.46153846153847 0.5256410256410257 135.8653846153846 45.28846153846154 1.1153846153846154 44.17307692307692 0.8085342000704259
192000 79.82692307692308 79.82692307692308 75.46153846153847 0.5256410256410257 135.8653846153846 45.28846153846154 1.1153846153846154 44.17307692307692 0.7389100999571383
194000 79.82692307692308 79.82692307692308 75.46153846153847 0.5256410256410257 135.8653846153846 45.28846153846154 1.1153846153846154 44.17307692307692 0.8078016999643296
196000 79.82692307692308 79.82692307692308 75.46153846153847 0.5256410256410257 135.8653846153846 45.28846153846154 1.1153846153846154 44.17307692307692 0.7999078999273479
198000 79.82692307692308 79.82692307692308 75.46153846153847 0.5256410256410257 135.8653846153846 45.28846153846154 1.1153846153846154 44.17307692307692 0.7818856998346746
200000 79.82692307692308 79.82692307692308 75.46153846153847 0.5256410256410257 135.8653846153846 45.28846153846154 1.1153846153846154 44.17307692307692 0.7864389000460505
202000 79.82692307692308 79.82692307692308 75.46153846153847 0.5256410256410257 135.8653846153846 45.28846153846154 1.1153846153846154 44.17307692307692 0.7771944999694824
204000 79.82692307692308 79.82692307692308 75.46153846153847 0.5256410256410257 135.8653846153846 45.28846153846154 1.1153846153846154 44.17307692307692 0.7897226000204682
206000 79.82692307692308 79.82692307692308 75.46153846153847 0.5256410256410257 135.8653846153846 45.28846153846154 1.1153846153846154 44.17307692307692 0.7904833999928087
208000 79.82692307692308 79.82692307692308 75.46153846153847 0.5256410256410257 135.8653846153846 45.28846153846154 1.1153846153846154 44.17307692307692 0.7911400999873877
210000 79.82692307692308 79.82692307692308 75.46153846153847 0.5256410256410257 135.8653846153846 45.28846153846154 1.1153846153846154 44.17307692307692 0.734593000030145
212000 79.82692307692308 79.82692307692308 75.46153846153847 0.5256410256410257 135.8653846153846 45.28846153846154 1.1153846153846154 44.17307692307692 0.7838387999217957
214000 79.82692307692308 79.82692307692308 75.46153846153847 0.5256410256410257 135.8653846153846 45.28846153846154 1.1153846153846154 44.17307692307692 0.8757064000237733
216000 79.82692307692308 79.82692307692308 75.46153846153847 0.5256410256410257 135.8653846153846 45.28846153846154 1.1153846153846154 44.17307692307692 0.7962464999873191
218000 79.82692307692308 79.82692307692308 75.46153846153847 0.5256410256410257 135.8653846153846 45.28846153846154 1.1153846153846154 44.17307692307692 0.7068715998902917
220000 84.82692307692308 84.82692307692308 76.17307692307692 0.5448717948717948 135.8653846153846 45.28846153846154 1.1153846153846154 44.17307692307692 0.839533600024879
222000 84.82692307692308 84.82692307692308 76.17307692307692 0.5448717948717948 135.8653846153846 45.28846153846154 1.1153846153846154 44.17307692307692 0.7867833999916911
224000 84.82692307692308 84.82692307692308 76.17307692307692 0.5448717948717948 135.8653846153846 45.28846153846154 1.1153846153846154 44.17307692307692 0.8246464000549167
226000 84.82692307692308 84.82692307692308 76.17307692307692 0.5448717948717948 135.8653846153846 45.28846153846154 1.1153846153846154 44.17307692307692 0.8964651999995112
228000 84.82692307692308 84.82692307692308 76.17307692307692 0.5448717948717948 135.8653846153846 45.28846153846154 1.1153846153846154 44.17307692307692 0.7534230998717248
230000 84.82692307692308 84.82692307692308 76.17307692307692 0.5448717948717948 135.8653846153846 45.28846153846154 1.1153846153846154 44.17307692307692 0.8084523000288755
232000 84.82692307692308 84.82692307692308 76.17307692307692 0.5448717948717948 135.8653846153846 45.28846153846154 1.1153846153846154 44.17307692307692 0.7761274999938905
234000 84.82692307692308 84.82692307692308 76.17307692307692 0.5448717948717948 135.8653846153846 45.28846153846154 1.1153846153846154 44.17307692307692 0.7814521000254899
236000 84.82692307692308 84.82692307692308 76.17307692307692 0.5448717948717948 135.8653846153846 45.28846153846154 1.1153846153846154 44.17307692307692 0.8019514000043273
238000 84.82692307692308 84.82692307692308 76.17307692307692 0.5448717948717948 135.8653846153846 45.28846153846154 1.1153846153846154 44.17307692307692 0.8727549000177532
240000 84.82692307692308 84.82692307692308 76.17307692307692 0.5448717948717948 135.8653846153846 45.28846153846154 1.1153846153846154 44.17307692307692 0.7792925999965519
242000 84.82692307692308 84.82692307692308 76.17307692307692 0.5448717948717948 135.8653846153846 45.28846153846154 1.1153846153846154 44.17307692307692 0.7825881999451667
244000 84.82692307692308 84.82692307692308 76.17307692307692 0.5448717948717948 135.8653846153846 45.28846153846154 1.1153846153846154 44.17307692307692 0.8321081998292357
246000 84.82692307692308 84.82692307692308 76.17307692307692 0.5448717948717948 135.8653846153846 45.28846153846154 1.1153846153846154 44.17307692307692 0.7997700001578778
248000 84.82692307692308 84.82692307692308 76.17307692307692 0.5448717948717948 135.8653846153846 45.28846153846154 1.1153846153846154 44.17307692307692 0.7892901999875903
250000 84.82692307692308 84.82692307692308 76.17307692307692 0.5448717948717948 135.8653846153846 45.28846153846154 1.1153846153846154 44.17307692307692 0.7786730001680553
252000 84.82692307692308 84.82692307692308 76.17307692307692 0.5448717948717948 135.8653846153846 45.28846153846154 1.1153846153846154 44.17307692307692 0.7712715000379831
254000 84.82692307692308 84.82692307692308 76.17307692307692 0.5448717948717948 135.8653846153846 45.28846153846154 1.1153846153846154 44.17307692307692 0.7987299000378698
256000 84.82692307692308 84.82692307692308 76.17307692307692 0.5448717948717948 135.8653846153846 45.28846153846154 1.1153846153846154 44.17307692307692 0.7981666000559926
258000 84.82692307692308 84.82692307692308 76.17307692307692 0.5448717948717948 135.8653846153846 45.28846153846154 1.1153846153846154 44.17307692307692 0.7766028000041842
260000 84.82692307692308 84.82692307692308 76.17307692307692 0.5448717948717948 135.8653846153846 45.28846153846154 1.1153846153846154 44.17307692307692 0.7620822999160737
262000 84.82692307692308 84.82692307692308 76.17307692307692 0.5448717948717948 135.8653846153846 45.28846153846154 1.1153846153846154 44.17307692307692 0.8289051000028849
264000 84.82692307692308 84.82692307692308 76.17307692307692 0.5448717948717948 135.8653846153846 45.28846153846154 1.1153846153846154 44.17307692307692 0.7802047999575734
266000 84.82692307692308 84.82692307692308 76.17307692307692 0.5448717948717948 135.8653846153846 45.28846153846154 1.1153846153846154 44.17307692307692 0.7628780999220908
268000 84.82692307692308 84.82692307692308 76.17307692307692 0.5448717948717948 135.8653846153846 45.28846153846154 1.1153846153846154 44.17307692307692 0.7788029999937862
270000 84.82692307692308 84.82692307692308 76.17307692307692 0.5448717948717948 135.8653846153846 45.28846153846154 1.1153846153846154 44.17307692307692 0.780334500130266
272000 84.82692307692308 84.82692307692308 76.17307692307692 0.5448717948717948 135.8653846153846 45.28846153846154 1.1153846153846154 44.17307692307692 0.8075819001533091
274000 84.82692307692308 84.82692307692308 76.17307692307692 0.5448717948717948 135.8653846153846 45.28846153846154 1.1153846153846154 44.17307692307692 0.8059823999647051
276000 84.82692307692308 84.82692307692308 76.17307692307692 0.5448717948717948 135.8653846153846 45.28846153846154 1.1153846153846154 44.17307692307692 0.7477849998977035
278000 84.82692307692308 84.82692307692308 76.17307692307692 0.5448717948717948 135.8653846153846 45.28846153846154 1.1153846153846154 44.17307692307692 0.7591436998918653
280000 84.82692307692308 84.82692307692308 76.17307692307692 0.5448717948717948 135.8653846153846 45.28846153846154 1.1153846153846154 44.17307692307692 0.7835381999611855
282000 84.82692307692308 84.82692307692308 76.17307692307692 0.5448717948717948 135.8653846153846 45.28846153846154 1.1153846153846154 44.17307692307692 0.7687638001516461
284000 84.82692307692308 84.82692307692308 76.17307692307692 0.5448717948717948 135.8653846153846 45.28846153846154 1.1153846153846154 44.17307692307692 0.7893308000639081
286000 84.82692307692308 84.82692307692308 76.17307692307692 0.5448717948717948 135.8653846153846 45.28846153846154 1.1153846153846154 44.17307692307692 0.7615505000576377
288000 84.82692307692308 84.82692307692308 76.17307692307692 0.5448717948717948 135.8653846153846 45.28846153846154 1.1153846153846154 44.17307692307692 0.7751011000946164
290000 84.82692307692308 84.82692307692308 76.17307692307692 0.5448717948717948 135.8653846153846 45.28846153846154 1.1153846153846154 44.17307692307692 0.7973199000116438
292000 84.82692307692308 84.82692307692308 76.17307692307692 0.5448717948717948 135.8653846153846 45.28846153846154 1.1153846153846154 44.17307692307692 0.7630837999749929
294000 84.82692307692308 84.82692307692308 76.17307692307692 0.5448717948717948 135.8653846153846 45.28846153846154 1.1153846153846154 44.17307692307692 0.8361500999890268
296000 84.82692307692308 84.82692307692308 76.17307692307692 0.5448717948717948 135.8653846153846 45.28846153846154 1.1153846153846154 44.17307692307692 0.7688360000029206
298000 84.82692307692308 84.82692307692308 76.17307692307692 0.5448717948717948 135.8653846153846 45.28846153846154 1.1153846153846154 44.17307692307692 0.819425200112164
300000 84.82692307692308 84.82692307692308 76.17307692307692 0.5448717948717948 135.8653846153846 45.28846153846154 1.1153846153846154 44.17307692307692 0.824958800105378
302000 84.82692307692308 84.82692307692308 76.17307692307692 0.5448717948717948 135.8653846153846 45.28846153846154 1.1153846153846154 44.17307692307692 0.776801899774
304000 84.82692307692308 84.82692307692308 76.17307692307692 0.5448717948717948 135.8653846153846 45.28846153846154 1.1153846153846154 44.17307692307692 0.8199010000098497
306000 84.82692307692308 84.82692307692308 76.17307692307692 0.5448717948717948 135.8653846153846 45.28846153846154 1.1153846153846154 44.17307692307692 0.7669506999664009
308000 84.82692307692308 84.82692307692308 76.17307692307692 0.5448717948717948 135.8653846153846 45.28846153846154 1.1153846153846154 44.17307692307692 0.7620641000103205
310000 84.82692307692308 84.82692307692308 76.17307692307692 0.5448717948717948 135.8653846153846 45.28846153846154 1.1153846153846154 44.17307692307692 0.7745012000668794
312000 84.82692307692308 84.82692307692308 76.17307692307692 0.5448717948717948 135.8653846153846 45.28846153846154 1.1153846153846154 44.17307692307692 0.7670475000049919
314000 84.82692307692308 84.82692307692308 76.17307692307692 0.5448717948717948 135.8653846153846 45.28846153846154 1.1153846153846154 44.17307692307692 0.8260981000494212
316000 84.82692307692308 84.82692307692308 76.17307692307692 0.5448717948717948 135.8653846153846 45.28846153846154 1.1153846153846154 44.17307692307692 0.7596339001320302
318000 84.82692307692308 84.82692307692308 76.17307692307692 0.5448717948717948 135.8653846153846 45.28846153846154 1.1153846153846154 44.17307692307692 0.7494036999996752
320000 84.82692307692308 84.82692307692308 76.17307692307692 0.5448717948717948 135.8653846153846 45.28846153846154 1.1153846153846154 44.17307692307692 0.781323199858889
322000 84.82692307692308 84.82692307692308 76.17307692307692 0.5448717948717948 135.8653846153846 45.28846153846154 1.1153846153846154 44.17307692307692 0.7710335999727249
324000 84.82692307692308 84.82692307692308 76.17307692307692 0.5448717948717948 135.8653846153846 45.28846153846154 1.1153846153846154 44.17307692307692 0.7632039000745863
326000 84.82692307692308 84.82692307692308 76.17307692307692 0.5448717948717948 135.8653846153846 45.28846153846154 1.1153846153846154 44.17307692307692 0.7284371999558061
328000 84.82692307692308 84.82692307692308 76.17307692307692 0.5448717948717948 135.8653846153846 45.28846153846154 1.1153846153846154 44.17307692307692 0.7918692999519408
330000 84.82692307692308 84.82692307692308 76.17307692307692 0.5448717948717948 135.8653846153846 45.28846153846154 1.1153846153846154 44.17307692307692 0.7723875001538545
332000 84.82692307692308 84.82692307692308 76.17307692307692 0.5448717948717948 135.8653846153846 45.28846153846154 1.1153846153846154 44.17307692307692 0.7614716000389308
334000 84.82692307692308 84.82692307692308 76.17307692307692 0.5448717948717948 135.8653846153846 45.28846153846154 1.1153846153846154 44.17307692307692 0.7963959998451173
336000 84.82692307692308 84.82692307692308 76.17307692307692 0.5448717948717948 135.8653846153846 45.28846153846154 1.1153846153846154 44.17307692307692 0.7777499000076205
338000 84.82692307692308 84.82692307692308 76.17307692307692 0.5448717948717948 135.8653846153846 45.28846153846154 1.1153846153846154 44.17307692307692 0.7769710998982191
340000 84.82692307692308 84.82692307692308 76.17307692307692 0.5448717948717948 135.8653846153846 45.28846153846154 1.1153846153846154 44.17307692307692 0.7744664999190718
342000 84.82692307692308 84.82692307692308 76.17307692307692 0.5448717948717948 135.8653846153846 45.28846153846154 1.1153846153846154 44.17307692307692 0.74983000010252
344000 84.82692307692308 84.82692307692308 76.17307692307692 0.5448717948717948 135.8653846153846 45.28846153846154 1.1153846153846154 44.17307692307692 0.7911183999385685
346000 84.82692307692308 84.82692307692308 76.17307692307692 0.5448717948717948 135.8653846153846 45.28846153846154 1.1153846153846154 44.17307692307692 0.7391820000484586
348000 84.82692307692308 84.82692307692308 76.17307692307692 0.5448717948717948 135.8653846153846 45.28846153846154 1.1153846153846154 44.17307692307692 0.7703202001284808
350000 84.82692307692308 84.82692307692308 76.17307692307692 0.5448717948717948 135.8653846153846 45.28846153846154 1.1153846153846154 44.17307692307692 0.7249444001354277
352000 84.82692307692308 84.82692307692308 76.17307692307692 0.5448717948717948 135.8653846153846 45.28846153846154 1.1153846153846154 44.17307692307692 0.8018646999262273
354000 84.82692307692308 84.82692307692308 76.17307692307692 0.5448717948717948 135.8653846153846 45.28846153846154 1.1153846153846154 44.17307692307692 0.805911700008437
356000 84.82692307692308 84.82692307692308 76.17307692307692 0.5448717948717948 135.8653846153846 45.28846153846154 1.1153846153846154 44.17307692307692 0.7632962998468429
358000 84.82692307692308 84.82692307692308 76.17307692307692 0.5448717948717948 135.8653846153846 45.28846153846154 1.1153846153846154 44.17307692307692 0.7512474998366088
360000 84.82692307692308 84.82692307692308 76.17307692307692 0.5448717948717948 135.8653846153846 45.28846153846154 1.1153846153846154 44.17307692307692 0.7507724000606686
362000 84.82692307692308 84.82692307692308 76.17307692307692 0.5448717948717948 135.8653846153846 45.28846153846154 1.1153846153846154 44.17307692307692 0.7302533001638949
364000 84.82692307692308 84.82692307692308 76.17307692307692 0.5448717948717948 135.8653846153846 45.28846153846154 1.1153846153846154 44.17307692307692 0.7752499000634998
366000 84.82692307692308 84.82692307692308 76.17307692307692 0.5448717948717948 135.8653846153846 45.28846153846154 1.1153846153846154 44.17307692307692 0.7452292998787016
368000 84.82692307692308 84.82692307692308 76.17307692307692 0.5448717948717948 135.8653846153846 45.28846153846154 1.1153846153846154 44.17307692307692 0.7788930998649448
370000 84.82692307692308 84.82692307692308 76.17307692307692 0.5448717948717948 135.8653846153846 45.28846153846154 1.1153846153846154 44.17307692307692 0.7605268000625074
372000 84.82692307692308 84.82692307692308 76.17307692307692 0.5448717948717948 135.8653846153846 45.28846153846154 1.1153846153846154 44.17307692307692 0.7944334999192506
374000 84.82692307692308 84.82692307692308 76.17307692307692 0.5448717948717948 135.8653846153846 45.28846153846154 1.1153846153846154 44.17307692307692 0.7715338999405503
376000 84.82692307692308 84.82692307692308 76.17307692307692 0.5448717948717948 135.8653846153846 45.28846153846154 1.1153846153846154 44.17307692307692 0.7993183000944555
378000 84.82692307692308 84.82692307692308 76.17307692307692 0.5448717948717948 135.8653846153846 45.28846153846154 1.1153846153846154 44.17307692307692 0.7570229999255389
380000 84.82692307692308 84.82692307692308 76.17307692307692 0.5448717948717948 135.8653846153846 45.28846153846154 1.1153846153846154 44.17307692307692 0.7831705999560654
382000 84.82692307692308 84.82692307692308 76.17307692307692 0.5448717948717948 135.8653846153846 45.28846153846154 1.1153846153846154 44.17307692307692 0.7599927999544889
384000 84.82692307692308 84.82692307692308 76.17307692307692 0.5448717948717948 135.8653846153846 45.28846153846154 1.1153846153846154 44.17307692307692 0.7782666001003236
386000 84.82692307692308 84.82692307692308 76.17307692307692 0.5448717948717948 135.8653846153846 45.28846153846154 1.1153846153846154 44.17307692307692 0.7772162999026477
388000 84.82692307692308 84.82692307692308 76.17307692307692 0.5448717948717948 135.8653846153846 45.28846153846154 1.1153846153846154 44.17307692307692 0.7444609999656677
390000 84.82692307692308 84.82692307692308 76.17307692307692 0.5448717948717948 135.8653846153846 45.28846153846154 1.1153846153846154 44.17307692307692 0.7575655998662114
392000 84.82692307692308 84.82692307692308 76.17307692307692 0.5448717948717948 135.8653846153846 45.28846153846154 1.1153846153846154 44.17307692307692 0.7798895000014454
394000 84.82692307692308 84.82692307692308 76.17307692307692 0.5448717948717948 135.8653846153846 45.28846153846154 1.1153846153846154 44.17307692307692 0.7731295998673886
396000 84.82692307692308 84.82692307692308 76.17307692307692 0.5448717948717948 135.8653846153846 45.28846153846154 1.1153846153846154 44.17307692307692 0.7896663001738489
398000 84.82692307692308 84.82692307692308 76.17307692307692 0.5448717948717948 135.8653846153846 45.28846153846154 1.1153846153846154 44.17307692307692 0.7279348999727517
400000 84.82692307692308 84.82692307692308 76.17307692307692 0.5448717948717948 135.8653846153846 45.28846153846154 1.1153846153846154 44.17307692307692 0.7857368001714349
402000 84.82692307692308 84.82692307692308 76.17307692307692 0.5448717948717948 135.8653846153846 45.28846153846154 1.1153846153846154 44.17307692307692 0.8002726000268012
404000 84.82692307692308 84.82692307692308 76.17307692307692 0.5448717948717948 135.8653846153846 45.28846153846154 1.1153846153846154 44.17307692307692 0.7388428000267595
406000 84.82692307692308 84.82692307692308 76.17307692307692 0.5448717948717948 135.8653846153846 45.28846153846154 1.1153846153846154 44.17307692307692 0.7570758999790996
408000 84.82692307692308 84.82692307692308 76.17307692307692 0.5448717948717948 135.8653846153846 45.28846153846154 1.1153846153846154 44.17307692307692 0.8643084999639541
410000 84.82692307692308 84.82692307692308 76.17307692307692 0.5448717948717948 135.8653846153846 45.28846153846154 1.1153846153846154 44.17307692307692 0.774069800041616
412000 84.82692307692308 84.82692307692308 76.17307692307692 0.5448717948717948 135.8653846153846 45.28846153846154 1.1153846153846154 44.17307692307692 0.7313362997956574
414000 84.82692307692308 84.82692307692308 76.17307692307692 0.5448717948717948 135.8653846153846 45.28846153846154 1.1153846153846154 44.17307692307692 0.732482000021264
416000 84.82692307692308 84.82692307692308 76.17307692307692 0.5448717948717948 135.8653846153846 45.28846153846154 1.1153846153846154 44.17307692307692 0.7762091001495719
418000 84.82692307692308 84.82692307692308 76.17307692307692 0.5448717948717948 135.8653846153846 45.28846153846154 1.1153846153846154 44.17307692307692 0.7362787998281419
420000 84.82692307692308 84.82692307692308 76.17307692307692 0.5448717948717948 135.8653846153846 45.28846153846154 1.1153846153846154 44.17307692307692 0.7337809999007732
422000 84.82692307692308 84.82692307692308 76.17307692307692 0.5448717948717948 135.8653846153846 45.28846153846154 1.1153846153846154 44.17307692307692 0.781859900103882
424000 84.82692307692308 84.82692307692308 76.17307692307692 0.5448717948717948 135.8653846153846 45.28846153846154 1.1153846153846154 44.17307692307692 0.749917000066489
426000 84.82692307692308 84.82692307692308 76.17307692307692 0.5448717948717948 135.8653846153846 45.28846153846154 1.1153846153846154 44.17307692307692 0.7826411002315581
428000 84.82692307692308 84.82692307692308 76.17307692307692 0.5448717948717948 135.8653846153846 45.28846153846154 1.1153846153846154 44.17307692307692 0.7507281999569386
430000 84.82692307692308 84.82692307692308 76.17307692307692 0.5448717948717948 135.8653846153846 45.28846153846154 1.1153846153846154 44.17307692307692 0.7485837999265641
432000 84.82692307692308 84.82692307692308 76.17307692307692 0.5448717948717948 135.8653846153846 45.28846153846154 1.1153846153846154 44.17307692307692 0.821773299947381
434000 84.82692307692308 84.82692307692308 76.17307692307692 0.5448717948717948 135.8653846153846 45.28846153846154 1.1153846153846154 44.17307692307692 0.7365749999880791
436000 84.82692307692308 84.82692307692308 76.17307692307692 0.5448717948717948 135.8653846153846 45.28846153846154 1.1153846153846154 44.17307692307692 0.8057858000975102
438000 84.82692307692308 84.82692307692308 76.17307692307692 0.5448717948717948 135.8653846153846 45.28846153846154 1.1153846153846154 44.17307692307692 0.7519378999713808
440000 84.82692307692308 84.82692307692308 76.17307692307692 0.5448717948717948 135.8653846153846 45.28846153846154 1.1153846153846154 44.17307692307692 0.7832120999228209
442000 84.82692307692308 84.82692307692308 76.17307692307692 0.5448717948717948 135.8653846153846 45.28846153846154 1.1153846153846154 44.17307692307692 0.7470112000592053
444000 84.82692307692308 84.82692307692308 76.17307692307692 0.5448717948717948 135.8653846153846 45.28846153846154 1.1153846153846154 44.17307692307692 0.8170022999402136
446000 84.82692307692308 84.82692307692308 76.17307692307692 0.5448717948717948 135.8653846153846 45.28846153846154 1.1153846153846154 44.17307692307692 0.801513799931854
448000 84.82692307692308 84.82692307692308 76.17307692307692 0.5448717948717948 135.8653846153846 45.28846153846154 1.1153846153846154 44.17307692307692 0.7847297000698745
450000 84.82692307692308 84.82692307692308 76.17307692307692 0.5448717948717948 135.8653846153846 45.28846153846154 1.1153846153846154 44.17307692307692 0.7637027001474053
452000 84.82692307692308 84.82692307692308 76.17307692307692 0.5448717948717948 135.8653846153846 45.28846153846154 1.1153846153846154 44.17307692307692 0.7940821000374854
454000 84.82692307692308 84.82692307692308 76.17307692307692 0.5448717948717948 135.8653846153846 45.28846153846154 1.1153846153846154 44.17307692307692 0.7785312000196427
456000 84.82692307692308 84.82692307692308 76.17307692307692 0.5448717948717948 135.8653846153846 45.28846153846154 1.1153846153846154 44.17307692307692 0.7549141999334097
458000 84.82692307692308 84.82692307692308 76.17307692307692 0.5448717948717948 135.8653846153846 45.28846153846154 1.1153846153846154 44.17307692307692 0.800483499886468
460000 84.82692307692308 84.82692307692308 76.17307692307692 0.5448717948717948 135.8653846153846 45.28846153846154 1.1153846153846154 44.17307692307692 0.6906806000042707
462000 84.82692307692308 84.82692307692308 76.17307692307692 0.5448717948717948 135.8653846153846 45.28846153846154 1.1153846153846154 44.17307692307692 0.6741118999198079
464000 84.82692307692308 84.82692307692308 76.17307692307692 0.5448717948717948 135.8653846153846 45.28846153846154 1.1153846153846154 44.17307692307692 0.7690852000378072
466000 84.82692307692308 84.82692307692308 76.17307692307692 0.5448717948717948 135.8653846153846 45.28846153846154 1.1153846153846154 44.17307692307692 0.6450698999688029
468000 84.82692307692308 84.82692307692308 76.17307692307692 0.5448717948717948 135.8653846153846 45.28846153846154 1.1153846153846154 44.17307692307692 0.6502916000317782
470000 84.82692307692308 84.82692307692308 76.17307692307692 0.5448717948717948 135.8653846153846 45.28846153846154 1.1153846153846154 44.17307692307692 0.5026410999707878
472000 84.82692307692308 84.82692307692308 76.17307692307692 0.5448717948717948 135.8653846153846 45.28846153846154 1.1153846153846154 44.17307692307692 0.4493981001432985
474000 84.82692307692308 84.82692307692308 76.17307692307692 0.5448717948717948 135.8653846153846 45.28846153846154 1.1153846153846154 44.17307692307692 0.4864232998806983
476000 84.82692307692308 84.82692307692308 76.17307692307692 0.5448717948717948 135.8653846153846 45.28846153846154 1.1153846153846154 44.17307692307692 0.4678714000619948
478000 84.82692307692308 84.82692307692308 76.17307692307692 0.5448717948717948 135.8653846153846 45.28846153846154 1.1153846153846154 44.17307692307692 0.44902359996922314
480000 84.82692307692308 84.82692307692308 76.17307692307692 0.5448717948717948 135.8653846153846 45.28846153846154 1.1153846153846154 44.17307692307692 0.4374633999541402
482000 84.82692307692308 84.82692307692308 76.17307692307692 0.5448717948717948 135.8653846153846 45.28846153846154 1.1153846153846154 44.17307692307692 0.4905544000212103
484000 84.82692307692308 84.82692307692308 76.17307692307692 0.5448717948717948 135.8653846153846 45.28846153846154 1.1153846153846154 44.17307692307692 0.46737920003943145
486000 84.82692307692308 84.82692307692308 76.17307692307692 0.5448717948717948 135.8653846153846 45.28846153846154 1.1153846153846154 44.17307692307692 0.48806290002539754
488000 84.82692307692308 84.82692307692308 76.17307692307692 0.5448717948717948 135.8653846153846 45.28846153846154 1.1153846153846154 44.17307692307692 0.4840126000344753
490000 84.82692307692308 84.82692307692308 76.17307692307692 0.5448717948717948 135.8653846153846 45.28846153846154 1.1153846153846154 44.17307692307692 0.45403290004469454
492000 84.82692307692308 84.82692307692308 76.17307692307692 0.5448717948717948 135.8653846153846 45.28846153846154 1.1153846153846154 44.17307692307692 0.4455438000150025
494000 84.82692307692308 84.82692307692308 76.17307692307692 0.5448717948717948 135.8653846153846 45.28846153846154 1.1153846153846154 44.17307692307692 0.5938097001053393
496000 84.82692307692308 84.82692307692308 76.17307692307692 0.5448717948717948 135.8653846153846 45.28846153846154 1.1153846153846154 44.17307692307692 0.5540142999961972
498000 84.82692307692308 84.82692307692308 76.17307692307692 0.5448717948717948 135.8653846153846 45.28846153846154 1.1153846153846154 44.17307692307692 0.47137419995851815
500000 84.82692307692308 84.82692307692308 76.17307692307692 0.5448717948717948 135.8653846153846 45.28846153846154 1.1153846153846154 44.17307692307692 0.4688011999242008
