2000 2.3461538461538463 2.25 127.8076923076923 0.12179487179487179 135.46153846153845 45.30769230769231 0.0 45.30769230769231 0.6376134001184255
4000 1.7692307692307692 1.4615384615384615 128.01923076923077 0.1362179487179487 135.46153846153845 45.30769230769231 0.0 45.30769230769231 0.5962988999672234
6000 0.5961538461538461 -0.6153846153846154 129.3653846153846 0.028846153846153848 135.46153846153845 45.30769230769231 0.0 45.30769230769231 0.6460535998921841
8000 3.769230769230769 3.480769230769231 126.51923076923077 0.16666666666666666 135.46153846153845 45.30769230769231 0.0 45.30769230769231 0.799563700100407
10000 5.5 5.5 124.61538461538461 0.29647435897435903 135.46153846153845 45.30769230769231 0.0 45.30769230769231 0.6855031000450253
12000 5.5 5.5 124.61538461538461 0.29647435897435903 135.46153846153845 45.30769230769231 0.0 45.30769230769231 0.7202620999887586
14000 5.5 5.5 124.61538461538461 0.29647435897435903 135.46153846153845 45.30769230769231 0.0 45.30769230769231 0.8343889999669045
16000 5.5 5.5 124.61538461538461 0.29647435897435903 135.46153846153845 45.30769230769231 0.0 45.30769230769231 0.8354179000016302
18000 5.5 5.5 124.61538461538461 0.29647435897435903 135.46153846153845 45.30769230769231 0.0 45.30769230769231 1.1151697998866439
20000 5.5 5.5 124.61538461538461 0.29647435897435903 135.46153846153845 45.30769230769231 0.0 45.30769230769231 0.9120910000056028
22000 9.826923076923077 9.826923076923077 123.5576923076923 0.3285256410256411 135.46153846153845 45.30769230769231 0.019230769230769232 45.28846153846154 0.8284821000415832
24000 10.076923076923077 10.076923076923077 123.51923076923077 0.3285256410256411 135.46153846153845 45.30769230769231 0.019230769230769232 45.28846153846154 0.7739353000652045
26000 10.076923076923077 10.076923076923077 123.51923076923077 0.3285256410256411 135.46153846153845 45.30769230769231 0.019230769230769232 45.28846153846154 0.7844563000835478
28000 10.076923076923077 10.076923076923077 123.51923076923077 0.3285256410256411 135.46153846153845 45.30769230769231 0.019230769230769232 45.28846153846154 0.7734606999438256
30000 15.115384615384615 15.115384615384615 124.13461538461539 0.28365384615384615 135.46153846153845 45.30769230769231 0.0 45.30769230769231 0.7428834999445826
32000 15.115384615384615 15.115384615384615 124.13461538461539 0.28365384615384615 135.46153846153845 45.30769230769231 0.0 45.30769230769231 0.7711547000799328
34000 15.115384615384615 15.115384615384615 124.13461538461539 0.28365384615384615 135.46153846153845 45.30769230769231 0.0 45.30769230769231 0.7391041000373662
36000 19.73076923076923 19.73076923076923 121.57692307692308 0.35737179487179493 135.46153846153845 45.30769230769231 0.019230769230769232 45.28846153846154 0.7469671999569982
38000 19.73076923076923 19.73076923076923 121.57692307692308 0.35737179487179493 135.46153846153845 45.30769230769231 0.019230769230769232 45.28846153846154 0.7435272999573499
40000 19.73076923076923 19.73076923076923 121.57692307692308 0.35737179487179493 135.46153846153845 45.30769230769231 0.019230769230769232 45.28846153846154 0.8234205998014659
42000 19.73076923076923 19.73076923076923 121.57692307692308 0.35737179487179493 135.46153846153845 45.30769230769231 0.019230769230769232 45.28846153846154 0.8162263999693096
44000 19.73076923076923 19.73076923076923 121.57692307692308 0.35737179487179493 135.46153846153845 45.30769230769231 0.019230769230769232 45.28846153846154 0.8234017000067979
46000 19.73076923076923 19.73076923076923 121.57692307692308 0.35737179487179493 135.46153846153845 45.30769230769231 0.019230769230769232 45.28846153846154 0.7941469999495894
48000 48.61538461538461 48.61538461538461 119.71153846153847 0.42948717948717946 135.46153846153845 45.30769230769231 0.0 45.30769230769231 0.9802193001378328
50000 48.61538461538461 48.61538461538461 119.71153846153847 0.42948717948717946 135.46153846153845 45.30769230769231 0.0 45.30769230769231 0.8716508999932557
52000 48.61538461538461 48.61538461538461 119.71153846153847 0.42948717948717946 135.46153846153845 45.30769230769231 0.0 45.30769230769231 0.8704468000214547
54000 48.61538461538461 48.61538461538461 119.71153846153847 0.42948717948717946 135.46153846153845 45.30769230769231 0.0 45.30769230769231 0.8087472000624985
56000 48.61538461538461 48.61538461538461 119.71153846153847 0.42948717948717946 135.46153846153845 45.30769230769231 0.0 45.30769230769231 0.8587080999277532
58000 48.61538461538461 48.61538461538461 119.71153846153847 0.42948717948717946 135.46153846153845 45.30769230769231 0.0 45.30769230769231 0.7548120999708772
60000 48.61538461538461 48.61538461538461 119.71153846153847 0.42948717948717946 135.46153846153845 45.30769230769231 0.0 45.30769230769231 0.7773219998925924
62000 48.61538461538461 48.61538461538461 119.71153846153847 0.42948717948717946 135.46153846153845 45.30769230769231 0.0 45.30769230769231 0.7505179999861866
64000 48.61538461538461 48.61538461538461 119.71153846153847 0.42948717948717946 135.46153846153845 45.30769230769231 0.0 45.30769230769231 0.7929378999397159
66000 48.61538461538461 48.61538461538461 119.71153846153847 0.42948717948717946 135.46153846153845 45.30769230769231 0.0 45.30769230769231 0.7778203000780195
68000 48.61538461538461 48.61538461538461 119.71153846153847 0.42948717948717946 135.46153846153845 45.30769230769231 0.0 45.30769230769231 0.7969211998861283
70000 48.61538461538461 48.61538461538461 119.71153846153847 0.42948717948717946 135.46153846153845 45.30769230769231 0.0 45.30769230769231 0.7691816999576986
72000 48.61538461538461 48.61538461538461 119.71153846153847 0.42948717948717946 135.46153846153845 45.30769230769231 0.0 45.30769230769231 0.796487299958244
74000 48.61538461538461 48.61538461538461 119.71153846153847 0.42948717948717946 135.46153846153845 45.30769230769231 0.0 45.30769230769231 0.7710059999953955
76000 48.61538461538461 48.61538461538461 119.71153846153847 0.42948717948717946 135.46153846153845 45.30769230769231 0.0 45.30769230769231 0.7503898001741618
78000 48.61538461538461 48.61538461538461 119.71153846153847 0.42948717948717946 135.46153846153845 45.30769230769231 0.0 45.30769230769231 0.8324568001553416
80000 48.61538461538461 48.61538461538461 119.71153846153847 0.42948717948717946 135.46153846153845 45.30769230769231 0.0 45.30769230769231 0.8196060000918806
82000 48.61538461538461 48.61538461538461 119.71153846153847 0.42948717948717946 135.46153846153845 45.30769230769231 0.0 45.30769230769231 0.8140342000406235
84000 48.61538461538461 48.61538461538461 119.71153846153847 0.42948717948717946 135.46153846153845 45.30769230769231 0.0 45.30769230769231 0.804810700006783
86000 48.61538461538461 48.61538461538461 119.71153846153847 0.42948717948717946 135.46153846153845 45.30769230769231 0.0 45.30769230769231 0.7494584999512881
88000 48.61538461538461 48.61538461538461 119.71153846153847 0.42948717948717946 135.46153846153845 45.30769230769231 0.0 45.30769230769231 0.7151059000752866
90000 48.61538461538461 48.61538461538461 119.71153846153847 0.42948717948717946 135.46153846153845 45.30769230769231 0.0 45.30769230769231 0.8581654999870807
92000 48.61538461538461 48.61538461538461 119.71153846153847 0.42948717948717946 135.46153846153845 45.30769230769231 0.0 45.30769230769231 0.7724653000477701
94000 48.61538461538461 48.61538461538461 119.71153846153847 0.42948717948717946 135.46153846153845 45.30769230769231 0.0 45.30769230769231 0.8293392001651227
96000 48.61538461538461 48.61538461538461 119.71153846153847 0.42948717948717946 135.46153846153845 45.30769230769231 0.0 45.30769230769231 0.8055693998467177
98000 48.61538461538461 48.61538461538461 119.71153846153847 0.42948717948717946 135.46153846153845 45.30769230769231 0.0 45.30769230769231 0.8074948999565095
100000 48.61538461538461 48.61538461538461 119.71153846153847 0.42948717948717946 135.46153846153845 45.30769230769231 0.0 45.30769230769231 0.7454691999591887
102000 48.61538461538461 48.61538461538461 119.71153846153847 0.42948717948717946 135.46153846153845 45.30769230769231 0.0 45.30769230769231 0.7480208000633866
104000 48.61538461538461 48.61538461538461 119.71153846153847 0.42948717948717946 135.46153846153845 45.30769230769231 0.0 45.30769230769231 0.7738602999597788
106000 48.61538461538461 48.61538461538461 119.71153846153847 0.42948717948717946 135.46153846153845 45.30769230769231 0.0 45.30769230769231 0.8467838000506163
108000 48.61538461538461 48.61538461538461 119.71153846153847 0.42948717948717946 135.46153846153845 45.30769230769231 0.0 45.30769230769231 0.7309292999561876
110000 48.61538461538461 48.61538461538461 119.71153846153847 0.42948717948717946 135.46153846153845 45.30769230769231 0.0 45.30769230769231 0.7456426001153886
112000 48.61538461538461 48.61538461538461 119.71153846153847 0.42948717948717946 135.46153846153845 45.30769230769231 0.0 45.30769230769231 0.7928432999178767
114000 48.61538461538461 48.61538461538461 119.71153846153847 0.42948717948717946 135.46153846153845 45.30769230769231 0.0 45.30769230769231 0.7775655000004917
116000 48.61538461538461 48.61538461538461 119.71153846153847 0.42948717948717946 135.46153846153845 45.30769230769231 0.0 45.30769230769231 0.7790498998947442
118000 48.61538461538461 48.61538461538461 119.71153846153847 0.42948717948717946 135.46153846153845 45.30769230769231 0.0 45.30769230769231 0.7789353998377919
120000 48.61538461538461 48.61538461538461 119.71153846153847 0.42948717948717946 135.46153846153845 45.30769230769231 0.0 45.30769230769231 0.827484899898991
122000 48.61538461538461 48.61538461538461 119.71153846153847 0.42948717948717946 135.46153846153845 45.30769230769231 0.0 45.30769230769231 0.7820602001156658
124000 48.61538461538461 48.61538461538461 119.71153846153847 0.42948717948717946 135.46153846153845 45.30769230769231 0.0 45.30769230769231 0.814366800012067
126000 48.61538461538461 48.61538461538461 119.71153846153847 0.42948717948717946 135.46153846153845 45.30769230769231 0.0 45.30769230769231 0.758307799929753
128000 48.61538461538461 48.61538461538461 119.71153846153847 0.42948717948717946 135.46153846153845 45.30769230769231 0.0 45.30769230769231 0.8567061999347061
130000 48.61538461538461 48.61538461538461 119.71153846153847 0.42948717948717946 135.46153846153845 45.30769230769231 0.0 45.30769230769231 0.8062058999203146
132000 48.61538461538461 48.61538461538461 119.71153846153847 0.42948717948717946 135.46153846153845 45.30769230769231 0.0 45.30769230769231 0.8246851000003517
134000 48.61538461538461 48.61538461538461 119.71153846153847 0.42948717948717946 135.46153846153845 45.30769230769231 0.0 45.30769230769231 0.7777657001279294
136000 48.61538461538461 48.61538461538461 119.71153846153847 0.42948717948717946 135.46153846153845 45.30769230769231 0.0 45.30769230769231 0.761681400006637
138000 48.61538461538461 48.61538461538461 119.71153846153847 0.42948717948717946 135.46153846153845 45.30769230769231 0.0 45.30769230769231 0.7788382000289857
140000 48.61538461538461 48.61538461538461 119.71153846153847 0.42948717948717946 135.46153846153845 45.30769230769231 0.0 45.30769230769231 0.838389900047332
142000 48.61538461538461 48.61538461538461 119.71153846153847 0.42948717948717946 135.46153846153845 45.30769230769231 0.0 45.30769230769231 0.8354768001008779
144000 48.61538461538461 48.61538461538461 119.71153846153847 0.42948717948717946 135.46153846153845 45.30769230769231 0.0 45.30769230769231 0.7995268001686782
146000 48.61538461538461 48.61538461538461 119.71153846153847 0.42948717948717946 135.46153846153845 45.30769230769231 0.0 45.30769230769231 0.748290800023824
148000 48.61538461538461 48.61538461538461 119.71153846153847 0.42948717948717946 135.46153846153845 45.30769230769231 0.0 45.30769230769231 0.7898823001887649
150000 48.61538461538461 48.61538461538461 119.71153846153847 0.42948717948717946 135.46153846153845 45.30769230769231 0.0 45.30769230769231 0.7770308000035584
152000 48.61538461538461 48.61538461538461 119.71153846153847 0.42948717948717946 135.46153846153845 45.30769230769231 0.0 45.30769230769231 0.7717593000270426
154000 48.61538461538461 48.61538461538461 119.71153846153847 0.42948717948717946 135.46153846153845 45.30769230769231 0.0 45.30769230769231 0.7572087999433279
156000 48.61538461538461 48.61538461538461 119.71153846153847 0.42948717948717946 135.46153846153845 45.30769230769231 0.0 45.30769230769231 0.747164900181815
158000 48.61538461538461 48.61538461538461 119.71153846153847 0.42948717948717946 135.46153846153845 45.30769230769231 0.0 45.30769230769231 0.7970575999934226
160000 48.61538461538461 48.61538461538461 119.71153846153847 0.42948717948717946 135.46153846153845 45.30769230769231 0.0 45.30769230769231 0.7740472001023591
162000 48.61538461538461 48.61538461538461 119.71153846153847 0.42948717948717946 135.46153846153845 45.30769230769231 0.0 45.30769230769231 0.7972411001101136
164000 48.61538461538461 48.61538461538461 119.71153846153847 0.42948717948717946 135.46153846153845 45.30769230769231 0.0 45.30769230769231 0.7766054000239819
166000 48.61538461538461 48.61538461538461 119.71153846153847 0.42948717948717946 135.46153846153845 45.30769230769231 0.0 45.30769230769231 0.8346395001281053
168000 48.61538461538461 48.61538461538461 119.71153846153847 0.42948717948717946 135.46153846153845 45.30769230769231 0.0 45.30769230769231 0.7983200000599027
170000 48.61538461538461 48.61538461538461 119.71153846153847 0.42948717948717946 135.46153846153845 45.30769230769231 0.0 45.30769230769231 0.7737469999119639
172000 48.61538461538461 48.61538461538461 119.71153846153847 0.42948717948717946 135.46153846153845 45.30769230769231 0.0 45.30769230769231 0.7747284001670778
174000 48.61538461538461 48.61538461538461 119.71153846153847 0.42948717948717946 135.46153846153845 45.30769230769231 0.0 45.30769230769231 0.7653324999846518
176000 48.61538461538461 48.61538461538461 119.71153846153847 0.42948717948717946 135.46153846153845 45.30769230769231 0.0 45.30769230769231 0.7486469000577927
178000 48.61538461538461 48.61538461538461 119.71153846153847 0.42948717948717946 135.46153846153845 45.30769230769231 0.0 45.30769230769231 0.8047893999610096
180000 48.61538461538461 48.61538461538461 119.71153846153847 0.42948717948717946 135.46153846153845 45.30769230769231 0.0 45.30769230769231 0.7479928999673575
182000 48.61538461538461 48.61538461538461 119.71153846153847 0.42948717948717946 135.46153846153845 45.30769230769231 0.0 45.30769230769231 0.8163207001052797
184000 48.61538461538461 48.61538461538461 119.71153846153847 0.42948717948717946 135.46153846153845 45.30769230769231 0.0 45.30769230769231 0.7648187999147922
186000 48.61538461538461 48.61538461538461 119.71153846153847 0.42948717948717946 135.46153846153845 45.30769230769231 0.0 45.30769230769231 0.7992772001307458
188000 48.61538461538461 48.61538461538461 119.71153846153847 0.42948717948717946 135.46153846153845 45.30769230769231 0.0 45.30769230769231 0.7890657999087125
190000 48.61538461538461 48.61538461538461 119.71153846153847 0.42948717948717946 135.46153846153845 45.30769230769231 0.0 45.30769230769231 0.7595414000097662
192000 48.61538461538461 48.61538461538461 119.71153846153847 0.42948717948717946 135.46153846153845 45.30769230769231 0.0 45.30769230769231 0.8633179001044482
194000 48.61538461538461 48.61538461538461 119.71153846153847 0.42948717948717946 135.46153846153845 45.30769230769231 0.0 45.30769230769231 0.774524400010705
196000 48.61538461538461 48.61538461538461 119.71153846153847 0.42948717948717946 135.46153846153845 45.30769230769231 0.0 45.30769230769231 0.8242474000435323
198000 48.61538461538461 48.61538461538461 119.71153846153847 0.42948717948717946 135.46153846153845 45.30769230769231 0.0 45.30769230769231 0.7681694000493735
200000 48.61538461538461 48.61538461538461 119.71153846153847 0.42948717948717946 135.46153846153845 45.30769230769231 0.0 45.30769230769231 0.7391070001758635
202000 48.61538461538461 48.61538461538461 119.71153846153847 0.42948717948717946 135.46153846153845 45.30769230769231 0.0 45.30769230769231 0.7380029999185354
204000 48.61538461538461 48.61538461538461 119.71153846153847 0.42948717948717946 135.46153846153845 45.30769230769231 0.0 45.30769230769231 0.7757939998991787
206000 48.61538461538461 48.61538461538461 119.71153846153847 0.42948717948717946 135.46153846153845 45.30769230769231 0.0 45.30769230769231 0.7172775999642909
208000 48.61538461538461 48.61538461538461 119.71153846153847 0.42948717948717946 135.46153846153845 45.30769230769231 0.0 45.30769230769231 0.7692519999109209
210000 48.61538461538461 48.61538461538461 119.71153846153847 0.42948717948717946 135.46153846153845 45.30769230769231 0.0 45.30769230769231 0.7780745001509786
212000 48.61538461538461 48.61538461538461 119.71153846153847 0.42948717948717946 135.46153846153845 45.30769230769231 0.0 45.30769230769231 0.8246875000186265
214000 48.61538461538461 48.61538461538461 119.71153846153847 0.42948717948717946 135.46153846153845 45.30769230769231 0.0 45.30769230769231 0.7258935999125242
216000 48.61538461538461 48.61538461538461 119.71153846153847 0.42948717948717946 135.46153846153845 45.30769230769231 0.0 45.30769230769231 0.7597742001526058
218000 48.61538461538461 48.61538461538461 119.71153846153847 0.42948717948717946 135.46153846153845 45.30769230769231 0.0 45.30769230769231 0.8497391000855714
220000 48.61538461538461 48.61538461538461 119.71153846153847 0.42948717948717946 135.46153846153845 45.30769230769231 0.0 45.30769230769231 0.8406400999519974
222000 48.61538461538461 48.61538461538461 119.71153846153847 0.42948717948717946 135.46153846153845 45.30769230769231 0.0 45.30769230769231 0.8047756999731064
224000 48.61538461538461 48.61538461538461 119.71153846153847 0.42948717948717946 135.46153846153845 45.30769230769231 0.0 45.30769230769231 0.7716624999884516
226000 48.61538461538461 48.61538461538461 119.71153846153847 0.42948717948717946 135.46153846153845 45.30769230769231 0.0 45.30769230769231 0.7870746999979019
228000 48.61538461538461 48.61538461538461 119.71153846153847 0.42948717948717946 135.46153846153845 45.30769230769231 0.0 45.30769230769231 0.7685779999010265
230000 48.61538461538461 48.61538461538461 119.71153846153847 0.42948717948717946 135.46153846153845 45.30769230769231 0.0 45.30769230769231 0.7806104000192136
232000 48.61538461538461 48.61538461538461 119.71153846153847 0.42948717948717946 135.46153846153845 45.30769230769231 0.0 45.30769230769231 0.7852173999417573
234000 48.61538461538461 48.61538461538461 119.71153846153847 0.42948717948717946 135.46153846153845 45.30769230769231 0.0 45.30769230769231 0.710442699957639
236000 48.61538461538461 48.61538461538461 119.71153846153847 0.42948717948717946 135.46153846153845 45.30769230769231 0.0 45.30769230769231 0.8360286999959499
238000 48.61538461538461 48.61538461538461 119.71153846153847 0.42948717948717946 135.46153846153845 45.30769230769231 0.0 45.30769230769231 0.747585800010711
240000 48.61538461538461 48.61538461538461 119.71153846153847 0.42948717948717946 135.46153846153845 45.30769230769231 0.0 45.30769230769231 0.762533200206235
242000 48.61538461538461 48.61538461538461 119.71153846153847 0.42948717948717946 135.46153846153845 45.30769230769231 0.0 45.30769230769231 0.7940980999264866
244000 48.61538461538461 48.61538461538461 119.71153846153847 0.42948717948717946 135.46153846153845 45.30769230769231 0.0 45.30769230769231 0.7707136999815702
246000 48.61538461538461 48.61538461538461 119.71153846153847 0.42948717948717946 135.46153846153845 45.30769230769231 0.0 45.30769230769231 0.7928239998873323
248000 48.61538461538461 48.61538461538461 119.71153846153847 0.42948717948717946 135.46153846153845 45.30769230769231 0.0 45.30769230769231 0.7635955000296235
250000 48.61538461538461 48.61538461538461 119.71153846153847 0.42948717948717946 135.46153846153845 45.30769230769231 0.0 45.30769230769231 0.8461446999572217
252000 48.61538461538461 48.61538461538461 119.71153846153847 0.42948717948717946 135.46153846153845 45.30769230769231 0.0 45.30769230769231 0.7753711000550538
254000 48.61538461538461 48.61538461538461 119.71153846153847 0.42948717948717946 135.46153846153845 45.30769230769231 0.0 45.30769230769231 0.8259970999788493
256000 48.61538461538461 48.61538461538461 119.71153846153847 0.42948717948717946 135.46153846153845 45.30769230769231 0.0 45.30769230769231 0.8119236999191344
258000 48.61538461538461 48.61538461538461 119.71153846153847 0.42948717948717946 135.46153846153845 45.30769230769231 0.0 45.30769230769231 0.7672226000577211
260000 48.61538461538461 48.61538461538461 119.71153846153847 0.42948717948717946 135.46153846153845 45.30769230769231 0.0 45.30769230769231 0.7821764999534935
262000 48.61538461538461 48.61538461538461 119.71153846153847 0.42948717948717946 135.46153846153845 45.30769230769231 0.0 45.30769230769231 0.7624017999041826
264000 48.61538461538461 48.61538461538461 119.71153846153847 0.42948717948717946 135.46153846153845 45.30769230769231 0.0 45.30769230769231 0.7911261001136154
266000 48.61538461538461 48.61538461538461 119.71153846153847 0.42948717948717946 135.46153846153845 45.30769230769231 0.0 45.30769230769231 0.7400813000276685
268000 48.61538461538461 48.61538461538461 119.71153846153847 0.42948717948717946 135.46153846153845 45.30769230769231 0.0 45.30769230769231 0.770083999959752
270000 48.61538461538461 48.61538461538461 119.71153846153847 0.42948717948717946 135.46153846153845 45.30769230769231 0.0 45.30769230769231 0.7812036999966949
272000 48.61538461538461 48.61538461538461 119.71153846153847 0.42948717948717946 135.46153846153845 45.30769230769231 0.0 45.30769230769231 0.7659990999381989
274000 48.61538461538461 48.61538461538461 119.71153846153847 0.42948717948717946 135.46153846153845 45.30769230769231 0.0 45.30769230769231 0.7755915999878198
276000 48.61538461538461 48.61538461538461 119.71153846153847 0.42948717948717946 135.46153846153845 45.30769230769231 0.0 45.30769230769231 0.7728526999708265
278000 48.61538461538461 48.61538461538461 119.71153846153847 0.42948717948717946 135.46153846153845 45.30769230769231 0.0 45.30769230769231 0.8222947001922876
280000 48.61538461538461 48.61538461538461 119.71153846153847 0.42948717948717946 135.46153846153845 45.30769230769231 0.0 45.30769230769231 0.6828743000514805
282000 48.61538461538461 48.61538461538461 119.71153846153847 0.42948717948717946 135.46153846153845 45.30769230769231 0.0 45.30769230769231 0.7818766999989748
284000 48.61538461538461 48.61538461538461 119.71153846153847 0.42948717948717946 135.46153846153845 45.30769230769231 0.0 45.30769230769231 0.7734011001884937
286000 48.61538461538461 48.61538461538461 119.71153846153847 0.42948717948717946 135.46153846153845 45.30769230769231 0.0 45.30769230769231 0.7805396001785994
288000 48.61538461538461 48.61538461538461 119.71153846153847 0.42948717948717946 135.46153846153845 45.30769230769231 0.0 45.30769230769231 0.7905194000340998
290000 48.61538461538461 48.61538461538461 119.71153846153847 0.42948717948717946 135.46153846153845 45.30769230769231 0.0 45.30769230769231 0.7669122000224888
292000 48.61538461538461 48.61538461538461 119.71153846153847 0.42948717948717946 135.46153846153845 45.30769230769231 0.0 45.30769230769231 0.7456686999648809
294000 48.61538461538461 48.61538461538461 119.71153846153847 0.42948717948717946 135.46153846153845 45.30769230769231 0.0 45.30769230769231 0.8334947999101132
296000 48.61538461538461 48.61538461538461 119.71153846153847 0.42948717948717946 135.46153846153845 45.30769230769231 0.0 45.30769230769231 0.7603668000083417
298000 48.61538461538461 48.61538461538461 119.71153846153847 0.42948717948717946 135.46153846153845 45.30769230769231 0.0 45.30769230769231 0.7435179001186043
300000 48.61538461538461 48.61538461538461 119.71153846153847 0.42948717948717946 135.46153846153845 45.30769230769231 0.0 45.30769230769231 0.7644750000908971
302000 48.61538461538461 48.61538461538461 119.71153846153847 0.42948717948717946 135.46153846153845 45.30769230769231 0.0 45.30769230769231 0.7571515999734402
304000 48.61538461538461 48.61538461538461 119.71153846153847 0.42948717948717946 135.46153846153845 45.30769230769231 0.0 45.30769230769231 0.8002322998363525
306000 48.61538461538461 48.61538461538461 119.71153846153847 0.42948717948717946 135.46153846153845 45.30769230769231 0.0 45.30769230769231 0.7558438999112695
308000 48.61538461538461 48.61538461538461 119.71153846153847 0.42948717948717946 135.46153846153845 45.30769230769231 0.0 45.30769230769231 0.776829699985683
310000 48.61538461538461 48.61538461538461 119.71153846153847 0.42948717948717946 135.46153846153845 45.30769230769231 0.0 45.30769230769231 0.7436338001862168
312000 48.61538461538461 48.61538461538461 119.71153846153847 0.42948717948717946 135.46153846153845 45.30769230769231 0.0 45.30769230769231 0.7980703001376241
314000 48.61538461538461 48.61538461538461 119.71153846153847 0.42948717948717946 135.46153846153845 45.30769230769231 0.0 45.30769230769231 0.7652795999310911
316000 48.61538461538461 48.61538461538461 119.71153846153847 0.42948717948717946 135.46153846153845 45.30769230769231 0.0 45.30769230769231 0.8181528998538852
318000 48.61538461538461 48.61538461538461 119.71153846153847 0.42948717948717946 135.46153846153845 45.30769230769231 0.0 45.30769230769231 0.7921116999350488
320000 48.61538461538461 48.61538461538461 119.71153846153847 0.42948717948717946 135.46153846153845 45.30769230769231 0.0 45.30769230769231 0.7554142000153661
322000 48.61538461538461 48.61538461538461 119.71153846153847 0.42948717948717946 135.46153846153845 45.30769230769231 0.0 45.30769230769231 0.8162364999298006
324000 48.61538461538461 48.61538461538461 119.71153846153847 0.42948717948717946 135.46153846153845 45.30769230769231 0.0 45.30769230769231 0.7824107999913394
326000 48.61538461538461 48.61538461538461 119.71153846153847 0.42948717948717946 135.46153846153845 45.30769230769231 0.0 45.30769230769231 0.7853427999652922
328000 48.61538461538461 48.61538461538461 119.71153846153847 0.42948717948717946 135.46153846153845 45.30769230769231 0.0 45.30769230769231 0.7761744000017643
330000 48.61538461538461 48.61538461538461 119.71153846153847 0.42948717948717946 135.46153846153845 45.30769230769231 0.0 45.30769230769231 0.8185737000312656
332000 48.61538461538461 48.61538461538461 119.71153846153847 0.42948717948717946 135.46153846153845 45.30769230769231 0.0 45.30769230769231 0.7394631998613477
334000 48.61538461538461 48.61538461538461 119.71153846153847 0.42948717948717946 135.46153846153845 45.30769230769231 0.0 45.30769230769231 0.7323437000159174
336000 48.61538461538461 48.61538461538461 119.71153846153847 0.42948717948717946 135.46153846153845 45.30769230769231 0.0 45.30769230769231 0.8552121999673545
338000 48.61538461538461 48.61538461538461 119.71153846153847 0.42948717948717946 135.46153846153845 45.30769230769231 0.0 45.30769230769231 0.7624586001038551
340000 48.61538461538461 48.61538461538461 119.71153846153847 0.42948717948717946 135.46153846153845 45.30769230769231 0.0 45.30769230769231 0.7504233000800014
342000 48.61538461538461 48.61538461538461 119.71153846153847 0.42948717948717946 135.46153846153845 45.30769230769231 0.0 45.30769230769231 0.8013873000163585
344000 48.61538461538461 48.61538461538461 119.71153846153847 0.42948717948717946 135.46153846153845 45.30769230769231 0.0 45.30769230769231 0.7615605001337826
346000 48.61538461538461 48.61538461538461 119.71153846153847 0.42948717948717946 135.46153846153845 45.30769230769231 0.0 45.30769230769231 0.7666871999390423
348000 48.61538461538461 48.61538461538461 119.71153846153847 0.42948717948717946 135.46153846153845 45.30769230769231 0.0 45.30769230769231 0.7810182000976056
350000 48.61538461538461 48.61538461538461 119.71153846153847 0.42948717948717946 135.46153846153845 45.30769230769231 0.0 45.30769230769231 0.758461499819532
352000 48.61538461538461 48.61538461538461 119.71153846153847 0.42948717948717946 135.46153846153845 45.30769230769231 0.0 45.30769230769231 0.7471962000709027
354000 48.61538461538461 48.61538461538461 119.71153846153847 0.42948717948717946 135.46153846153845 45.30769230769231 0.0 45.30769230769231 0.8140263999812305
356000 48.61538461538461 48.61538461538461 119.71153846153847 0.42948717948717946 135.46153846153845 45.30769230769231 0.0 45.30769230769231 0.7703216001391411
358000 48.61538461538461 48.61538461538461 119.71153846153847 0.42948717948717946 135.46153846153845 45.30769230769231 0.0 45.30769230769231 0.8024212999735028
360000 48.61538461538461 48.61538461538461 119.71153846153847 0.42948717948717946 135.46153846153845 45.30769230769231 0.0 45.30769230769231 0.7549159999471158
362000 48.61538461538461 48.61538461538461 119.71153846153847 0.42948717948717946 135.46153846153845 45.30769230769231 0.0 45.30769230769231 0.7372610000893474
364000 48.61538461538461 48.61538461538461 119.71153846153847 0.42948717948717946 135.46153846153845 45.30769230769231 0.0 45.30769230769231 0.7879761999938637
366000 48.61538461538461 48.61538461538461 119.71153846153847 0.42948717948717946 135.46153846153845 45.30769230769231 0.0 45.30769230769231 0.754095199983567
368000 48.61538461538461 48.61538461538461 119.71153846153847 0.42948717948717946 135.46153846153845 45.30769230769231 0.0 45.30769230769231 0.7879756998736411
370000 48.61538461538461 48.61538461538461 119.71153846153847 0.42948717948717946 135.46153846153845 45.30769230769231 0.0 45.30769230769231 0.7796591999940574
372000 48.61538461538461 48.61538461538461 119.71153846153847 0.42948717948717946 135.46153846153845 45.30769230769231 0.0 45.30769230769231 0.7764727999456227
374000 48.61538461538461 48.61538461538461 119.71153846153847 0.42948717948717946 135.46153846153845 45.30769230769231 0.0 45.30769230769231 0.7941807999741286
376000 48.61538461538461 48.61538461538461 119.71153846153847 0.42948717948717946 135.46153846153845 45.30769230769231 0.0 45.30769230769231 0.8051804001443088
378000 48.61538461538461 48.61538461538461 119.71153846153847 0.42948717948717946 135.46153846153845 45.30769230769231 0.0 45.30769230769231 0.8223033999092877
380000 48.61538461538461 48.61538461538461 119.71153846153847 0.42948717948717946 135.46153846153845 45.30769230769231 0.0 45.30769230769231 0.7261512998957187
382000 48.61538461538461 48.61538461538461 119.71153846153847 0.42948717948717946 135.46153846153845 45.30769230769231 0.0 45.30769230769231 0.7672069000545889
384000 48.61538461538461 48.61538461538461 119.71153846153847 0.42948717948717946 135.46153846153845 45.30769230769231 0.0 45.30769230769231 0.7509183001238853
386000 48.61538461538461 48.61538461538461 119.71153846153847 0.42948717948717946 135.46153846153845 45.30769230769231 0.0 45.30769230769231 0.7824086998589337
388000 48.61538461538461 48.61538461538461 119.71153846153847 0.42948717948717946 135.46153846153845 45.30769230769231 0.0 45.30769230769231 0.7916423000860959
390000 48.61538461538461 48.61538461538461 119.71153846153847 0.42948717948717946 135.46153846153845 45.30769230769231 0.0 45.30769230769231 0.7572967000305653
392000 48.61538461538461 48.61538461538461 119.71153846153847 0.42948717948717946 135.46153846153845 45.30769230769231 0.0 45.30769230769231 0.8599057998508215
394000 48.61538461538461 48.61538461538461 119.71153846153847 0.42948717948717946 135.46153846153845 45.30769230769231 0.0 45.30769230769231 0.7784000001847744
396000 48.61538461538461 48.61538461538461 119.71153846153847 0.42948717948717946 135.46153846153845 45.30769230769231 0.0 45.30769230769231 0.7960197001229972
398000 48.61538461538461 48.61538461538461 119.71153846153847 0.42948717948717946 135.46153846153845 45.30769230769231 0.0 45.30769230769231 0.7721533000003546
400000 48.61538461538461 48.61538461538461 119.71153846153847 0.42948717948717946 135.46153846153845 45.30769230769231 0.0 45.30769230769231 0.7517937000375241
402000 48.61538461538461 48.61538461538461 119.71153846153847 0.42948717948717946 135.46153846153845 45.30769230769231 0.0 45.30769230769231 0.7366935999598354
404000 48.61538461538461 48.61538461538461 119.71153846153847 0.42948717948717946 135.46153846153845 45.30769230769231 0.0 45.30769230769231 0.8048677002079785
406000 48.61538461538461 48.61538461538461 119.71153846153847 0.42948717948717946 135.46153846153845 45.30769230769231 0.0 45.30769230769231 0.7910704000387341
408000 48.61538461538461 48.61538461538461 119.71153846153847 0.42948717948717946 135.46153846153845 45.30769230769231 0.0 45.30769230769231 0.7888294002041221
410000 48.61538461538461 48.61538461538461 119.71153846153847 0.42948717948717946 135.46153846153845 45.30769230769231 0.0 45.30769230769231 0.7631069999188185
412000 48.61538461538461 48.61538461538461 119.71153846153847 0.42948717948717946 135.46153846153845 45.30769230769231 0.0 45.30769230769231 0.7528876999858767
414000 48.61538461538461 48.61538461538461 119.71153846153847 0.42948717948717946 135.46153846153845 45.30769230769231 0.0 45.30769230769231 0.738336400128901
416000 48.61538461538461 48.61538461538461 119.71153846153847 0.42948717948717946 135.46153846153845 45.30769230769231 0.0 45.30769230769231 0.7227504998445511
418000 48.61538461538461 48.61538461538461 119.71153846153847 0.42948717948717946 135.46153846153845 45.30769230769231 0.0 45.30769230769231 0.7649673998821527
420000 48.61538461538461 48.61538461538461 119.71153846153847 0.42948717948717946 135.46153846153845 45.30769230769231 0.0 45.30769230769231 0.7773836997803301
422000 48.61538461538461 48.61538461538461 119.71153846153847 0.42948717948717946 135.46153846153845 45.30769230769231 0.0 45.30769230769231 0.7455502999946475
424000 48.61538461538461 48.61538461538461 119.71153846153847 0.42948717948717946 135.46153846153845 45.30769230769231 0.0 45.30769230769231 0.7835264999885112
426000 48.61538461538461 48.61538461538461 119.71153846153847 0.42948717948717946 135.46153846153845 45.30769230769231 0.0 45.30769230769231 0.7847870998084545
428000 48.61538461538461 48.61538461538461 119.71153846153847 0.42948717948717946 135.46153846153845 45.30769230769231 0.0 45.30769230769231 0.7597654000855982
430000 48.61538461538461 48.61538461538461 119.71153846153847 0.42948717948717946 135.46153846153845 45.30769230769231 0.0 45.30769230769231 0.7470117001794279
432000 48.61538461538461 48.61538461538461 119.71153846153847 0.42948717948717946 135.46153846153845 45.30769230769231 0.0 45.30769230769231 0.7880353999789804
434000 48.61538461538461 48.61538461538461 119.71153846153847 0.42948717948717946 135.46153846153845 45.30769230769231 0.0 45.30769230769231 0.7972236000932753
436000 48.61538461538461 48.61538461538461 119.71153846153847 0.42948717948717946 135.46153846153845 45.30769230769231 0.0 45.30769230769231 0.7637936000246555
438000 48.61538461538461 48.61538461538461 119.71153846153847 0.42948717948717946 135.46153846153845 45.30769230769231 0.0 45.30769230769231 0.7905641999095678
440000 48.61538461538461 48.61538461538461 119.71153846153847 0.42948717948717946 135.46153846153845 45.30769230769231 0.0 45.30769230769231 0.7695359999779612
442000 48.61538461538461 48.61538461538461 119.71153846153847 0.42948717948717946 135.46153846153845 45.30769230769231 0.0 45.30769230769231 0.8079312001354992
444000 48.61538461538461 48.61538461538461 119.71153846153847 0.42948717948717946 135.46153846153845 45.30769230769231 0.0 45.30769230769231 0.7606220000889152
446000 48.61538461538461 48.61538461538461 119.71153846153847 0.42948717948717946 135.46153846153845 45.30769230769231 0.0 45.30769230769231 0.7637793000321835
448000 48.61538461538461 48.61538461538461 119.71153846153847 0.42948717948717946 135.46153846153845 45.30769230769231 0.0 45.30769230769231 0.7682785000652075
450000 48.61538461538461 48.61538461538461 119.71153846153847 0.42948717948717946 135.46153846153845 45.30769230769231 0.0 45.30769230769231 0.7547108000144362
452000 48.61538461538461 48.61538461538461 119.71153846153847 0.42948717948717946 135.46153846153845 45.30769230769231 0.0 45.30769230769231 0.7457936001010239
454000 48.61538461538461 48.61538461538461 119.71153846153847 0.42948717948717946 135.46153846153845 45.30769230769231 0.0 45.30769230769231 0.7505065000150353
456000 48.61538461538461 48.61538461538461 119.71153846153847 0.42948717948717946 135.46153846153845 45.30769230769231 0.0 45.30769230769231 0.7680882001295686
458000 48.61538461538461 48.61538461538461 119.71153846153847 0.42948717948717946 135.46153846153845 45.30769230769231 0.0 45.30769230769231 0.7490716001484543
460000 48.61538461538461 48.61538461538461 119.71153846153847 0.42948717948717946 135.46153846153845 45.30769230769231 0.0 45.30769230769231 0.7676444000098854
462000 48.61538461538461 48.61538461538461 119.71153846153847 0.42948717948717946 135.46153846153845 45.30769230769231 0.0 45.30769230769231 0.7971711000427604
464000 48.61538461538461 48.61538461538461 119.71153846153847 0.42948717948717946 135.46153846153845 45.30769230769231 0.0 45.30769230769231 0.7731337000150234
466000 48.61538461538461 48.61538461538461 119.71153846153847 0.42948717948717946 135.46153846153845 45.30769230769231 0.0 45.30769230769231 0.790076500037685
468000 48.61538461538461 48.61538461538461 119.71153846153847 0.42948717948717946 135.46153846153845 45.30769230769231 0.0 45.30769230769231 0.8059097002260387
470000 48.61538461538461 48.61538461538461 119.71153846153847 0.42948717948717946 135.46153846153845 45.30769230769231 0.0 45.30769230769231 0.7867134001571685
472000 48.61538461538461 48.61538461538461 119.71153846153847 0.42948717948717946 135.46153846153845 45.30769230769231 0.0 45.30769230769231 0.728831599932164
474000 48.61538461538461 48.61538461538461 119.71153846153847 0.42948717948717946 135.46153846153845 45.30769230769231 0.0 45.30769230769231 0.7672048001550138
476000 48.61538461538461 48.61538461538461 119.71153846153847 0.42948717948717946 135.46153846153845 45.30769230769231 0.0 45.30769230769231 0.7871665998827666
478000 48.61538461538461 48.61538461538461 119.71153846153847 0.42948717948717946 135.46153846153845 45.30769230769231 0.0 45.30769230769231 0.8035552999936044
480000 48.61538461538461 48.61538461538461 119.71153846153847 0.42948717948717946 135.46153846153845 45.30769230769231 0.0 45.30769230769231 0.7694371999241412
482000 48.61538461538461 48.61538461538461 119.71153846153847 0.42948717948717946 135.46153846153845 45.30769230769231 0.0 45.30769230769231 0.747872699983418
484000 48.61538461538461 48.61538461538461 119.71153846153847 0.42948717948717946 135.46153846153845 45.30769230769231 0.0 45.30769230769231 0.8063266999088228
486000 48.61538461538461 48.61538461538461 119.71153846153847 0.42948717948717946 135.46153846153845 45.30769230769231 0.0 45.30769230769231 0.7836476999800652
488000 48.61538461538461 48.61538461538461 119.71153846153847 0.42948717948717946 135.46153846153845 45.30769230769231 0.0 45.30769230769231 0.7658867998979986
490000 48.61538461538461 48.61538461538461 119.71153846153847 0.42948717948717946 135.46153846153845 45.30769230769231 0.0 45.30769230769231 0.7791556001175195
492000 48.61538461538461 48.61538461538461 119.71153846153847 0.42948717948717946 135.46153846153845 45.30769230769231 0.0 45.30769230769231 0.7891422000247985
494000 48.61538461538461 48.61538461538461 119.71153846153847 0.42948717948717946 135.46153846153845 45.30769230769231 0.0 45.30769230769231 0.686278099892661
496000 48.61538461538461 48.61538461538461 119.71153846153847 0.42948717948717946 135.46153846153845 45.30769230769231 0.0 45.30769230769231 0.7956580999307334
498000 48.61538461538461 48.61538461538461 119.71153846153847 0.42948717948717946 135.46153846153845 45.30769230769231 0.0 45.30769230769231 0.7151530999690294
500000 48.61538461538461 48.61538461538461 119.71153846153847 0.42948717948717946 135.46153846153845 45.30769230769231 0.0 45.30769230769231 0.7999036000110209
