2000 10.685185185185185 10.685185185185185 124.53703703703704 0.29783950617283955 135.5185185185185 45.333333333333336 0.0 45.333333333333336 0.6032620999030769
4000 3.7222222222222223 3.0925925925925926 127.88888888888889 0.08950617283950617 135.5185185185185 45.333333333333336 0.0 45.333333333333336 0.6484731000382453
6000 5.796296296296297 5.0 127.83333333333333 0.07253086419753087 135.5185185185185 45.333333333333336 0.0 45.333333333333336 0.7247049000579864
8000 12.0 12.0 124.92592592592592 0.2361111111111111 135.5185185185185 45.333333333333336 0.0 45.333333333333336 0.6923758999910206
10000 12.814814814814815 12.814814814814815 124.87037037037037 0.2361111111111111 135.5185185185185 45.333333333333336 0.0 45.333333333333336 0.7703835000284016
12000 11.981481481481481 11.981481481481481 124.9074074074074 0.2361111111111111 135.5185185185185 45.333333333333336 0.0 45.333333333333336 0.8100911998189986
14000 12.222222222222221 12.222222222222221 124.9074074074074 0.2361111111111111 135.5185185185185 45.333333333333336 0.0 45.333333333333336 0.8062546998262405
16000 12.222222222222221 12.222222222222221 124.9074074074074 0.2361111111111111 135.5185185185185 45.333333333333336 0.0 45.333333333333336 0.8873727000318468
18000 11.981481481481481 11.981481481481481 124.9074074074074 0.2361111111111111 135.5185185185185 45.333333333333336 0.0 45.333333333333336 0.8851450001820922
20000 11.981481481481481 11.981481481481481 124.9074074074074 0.2361111111111111 135.5185185185185 45.333333333333336 0.0 45.333333333333336 0.8502111001871526
22000 13.037037037037036 13.037037037037036 124.72222222222223 0.22685185185185186 135.5185185185185 45.333333333333336 0.0 45.333333333333336 0.7694275001995265
24000 33.5 33.5 120.94444444444444 0.3626543209876544 135.5185185185185 45.333333333333336 0.018518518518518517 45.31481481481482 0.7600918000098318
26000 33.5 33.5 120.94444444444444 0.3626543209876544 135.5185185185185 45.333333333333336 0.018518518518518517 45.31481481481482 0.7734410997945815
28000 33.5 33.5 120.94444444444444 0.3626543209876544 135.5185185185185 45.333333333333336 0.018518518518518517 45.31481481481482 0.7919422001577914
30000 33.5 33.5 120.94444444444444 0.3626543209876544 135.5185185185185 45.333333333333336 0.018518518518518517 45.31481481481482 0.7753864000551403
32000 33.5 33.5 120.94444444444444 0.3626543209876544 135.5185185185185 45.333333333333336 0.018518518518518517 45.31481481481482 0.772971399826929
34000 33.5 33.5 120.94444444444444 0.3626543209876544 135.5185185185185 45.333333333333336 0.018518518518518517 45.31481481481482 0.812400400172919
36000 33.5 33.5 120.94444444444444 0.3626543209876544 135.5185185185185 45.333333333333336 0.018518518518518517 45.31481481481482 0.8551268000155687
38000 33.5 33.5 120.94444444444444 0.3626543209876544 135.5185185185185 45.333333333333336 0.018518518518518517 45.31481481481482 0.8531293000560254
40000 33.5 33.5 120.94444444444444 0.3626543209876544 135.5185185185185 45.333333333333336 0.018518518518518517 45.31481481481482 0.8843612999189645
42000 33.5 33.5 120.94444444444444 0.3626543209876544 135.5185185185185 45.333333333333336 0.018518518518518517 45.31481481481482 0.8212664001621306
44000 33.5 33.5 120.94444444444444 0.3626543209876544 135.5185185185185 45.333333333333336 0.018518518518518517 45.31481481481482 0.8949013999663293
46000 33.5 33.5 120.94444444444444 0.3626543209876544 135.5185185185185 45.333333333333336 0.018518518518518517 45.31481481481482 0.9237209998536855
48000 33.5 33.5 120.94444444444444 0.3626543209876544 135.5185185185185 45.333333333333336 0.018518518518518517 45.31481481481482 0.9099410001654178
50000 33.5 33.5 120.94444444444444 0.3626543209876544 135.5185185185185 45.333333333333336 0.018518518518518517 45.31481481481482 0.9082032002042979
52000 58.0 58.0 119.57407407407408 0.4058641975308642 135.5185185185185 45.333333333333336 0.018518518518518517 45.31481481481482 0.9293167998548597
54000 76.37037037037037 76.37037037037037 118.88888888888889 0.4367283950617283 135.5185185185185 45.333333333333336 0.0 45.333333333333336 0.9424540000036359
56000 76.37037037037037 76.37037037037037 118.88888888888889 0.4367283950617283 135.5185185185185 45.333333333333336 0.0 45.333333333333336 0.8197458998765796
58000 76.37037037037037 76.37037037037037 118.88888888888889 0.4367283950617283 135.5185185185185 45.333333333333336 0.0 45.333333333333336 0.8186743000987917
60000 76.37037037037037 76.37037037037037 118.88888888888889 0.4367283950617283 135.5185185185185 45.333333333333336 0.0 45.333333333333336 0.7565384998451918
62000 76.37037037037037 76.37037037037037 118.88888888888889 0.4367283950617283 135.5185185185185 45.333333333333336 0.0 45.333333333333336 0.7983587998896837
64000 76.37037037037037 76.37037037037037 118.88888888888889 0.4367283950617283 135.5185185185185 45.333333333333336 0.0 45.333333333333336 0.7979160000104457
66000 76.37037037037037 76.37037037037037 118.88888888888889 0.4367283950617283 135.5185185185185 45.333333333333336 0.0 45.333333333333336 0.8069290998391807
68000 76.37037037037037 76.37037037037037 118.88888888888889 0.4367283950617283 135.5185185185185 45.333333333333336 0.0 45.333333333333336 0.7498222999274731
70000 76.37037037037037 76.37037037037037 118.88888888888889 0.4367283950617283 135.5185185185185 45.333333333333336 0.0 45.333333333333336 0.7920695000793785
72000 76.37037037037037 76.37037037037037 118.88888888888889 0.4367283950617283 135.5185185185185 45.333333333333336 0.0 45.333333333333336 0.8143772999756038
74000 76.37037037037037 76.37037037037037 118.88888888888889 0.4367283950617283 135.5185185185185 45.333333333333336 0.0 45.333333333333336 0.8187744000460953
76000 76.37037037037037 76.37037037037037 118.88888888888889 0.4367283950617283 135.5185185185185 45.333333333333336 0.0 45.333333333333336 0.7921907999552786
78000 76.37037037037037 76.37037037037037 118.88888888888889 0.4367283950617283 135.5185185185185 45.333333333333336 0.0 45.333333333333336 0.8558737998828292
80000 76.37037037037037 76.37037037037037 118.88888888888889 0.4367283950617283 135.5185185185185 45.333333333333336 0.0 45.333333333333336 0.8148237001150846
82000 76.37037037037037 76.37037037037037 118.88888888888889 0.4367283950617283 135.5185185185185 45.333333333333336 0.0 45.333333333333336 0.8016617000102997
84000 76.37037037037037 76.37037037037037 118.88888888888889 0.4367283950617283 135.5185185185185 45.333333333333336 0.0 45.333333333333336 0.814548599999398
86000 76.37037037037037 76.37037037037037 118.88888888888889 0.4367283950617283 135.5185185185185 45.333333333333336 0.0 45.333333333333336 0.780827300157398
88000 76.37037037037037 76.37037037037037 118.88888888888889 0.4367283950617283 135.5185185185185 45.333333333333336 0.0 45.333333333333336 0.7886862000450492
90000 76.37037037037037 76.37037037037037 118.88888888888889 0.4367283950617283 135.5185185185185 45.333333333333336 0.0 45.333333333333336 0.8086357999127358
92000 76.37037037037037 76.37037037037037 118.88888888888889 0.4367283950617283 135.5185185185185 45.333333333333336 0.0 45.333333333333336 0.8155925001483411
94000 76.37037037037037 76.37037037037037 118.88888888888889 0.4367283950617283 135.5185185185185 45.333333333333336 0.0 45.333333333333336 0.8277282000053674
96000 76.37037037037037 76.37037037037037 118.88888888888889 0.4367283950617283 135.5185185185185 45.333333333333336 0.0 45.333333333333336 0.811518199974671
98000 76.37037037037037 76.37037037037037 118.88888888888889 0.4367283950617283 135.5185185185185 45.333333333333336 0.0 45.333333333333336 0.783434399869293
100000 76.37037037037037 76.37037037037037 118.88888888888889 0.4367283950617283 135.5185185185185 45.333333333333336 0.0 45.333333333333336 0.8519574000965804
102000 76.37037037037037 76.37037037037037 118.88888888888889 0.4367283950617283 135.5185185185185 45.333333333333336 0.0 45.333333333333336 0.8092934999149293
104000 76.37037037037037 76.37037037037037 118.88888888888889 0.4367283950617283 135.5185185185185 45.333333333333336 0.0 45.333333333333336 0.8897327999584377
106000 76.37037037037037 76.37037037037037 118.88888888888889 0.4367283950617283 135.5185185185185 45.333333333333336 0.0 45.333333333333336 0.7726102001033723
108000 76.37037037037037 76.37037037037037 118.88888888888889 0.4367283950617283 135.5185185185185 45.333333333333336 0.0 45.333333333333336 0.7754085999913514
110000 76.37037037037037 76.37037037037037 118.88888888888889 0.4367283950617283 135.5185185185185 45.333333333333336 0.0 45.333333333333336 0.7745083998888731
112000 76.37037037037037 76.37037037037037 118.88888888888889 0.4367283950617283 135.5185185185185 45.333333333333336 0.0 45.333333333333336 0.8069796001072973
114000 76.37037037037037 76.37037037037037 118.88888888888889 0.4367283950617283 135.5185185185185 45.333333333333336 0.0 45.333333333333336 0.801475299987942
116000 76.37037037037037 76.37037037037037 118.88888888888889 0.4367283950617283 135.5185185185185 45.333333333333336 0.0 45.333333333333336 0.8278675000183284
118000 76.37037037037037 76.37037037037037 118.88888888888889 0.4367283950617283 135.5185185185185 45.333333333333336 0.0 45.333333333333336 0.8175719999708235
120000 76.37037037037037 76.37037037037037 118.88888888888889 0.4367283950617283 135.5185185185185 45.333333333333336 0.0 45.333333333333336 0.8191267000511289
122000 76.37037037037037 76.37037037037037 118.88888888888889 0.4367283950617283 135.5185185185185 45.333333333333336 0.0 45.333333333333336 0.870975699974224
124000 76.37037037037037 76.37037037037037 118.88888888888889 0.4367283950617283 135.5185185185185 45.333333333333336 0.0 45.333333333333336 0.812770799966529
126000 76.37037037037037 76.37037037037037 118.88888888888889 0.4367283950617283 135.5185185185185 45.333333333333336 0.0 45.333333333333336 0.835989800048992
128000 76.37037037037037 76.37037037037037 118.88888888888889 0.4367283950617283 135.5185185185185 45.333333333333336 0.0 45.333333333333336 0.8353466000407934
130000 76.37037037037037 76.37037037037037 118.88888888888889 0.4367283950617283 135.5185185185185 45.333333333333336 0.0 45.333333333333336 0.7951534998137504
132000 76.37037037037037 76.37037037037037 118.88888888888889 0.4367283950617283 135.5185185185185 45.333333333333336 0.0 45.333333333333336 0.7824168000370264
134000 76.37037037037037 76.37037037037037 118.88888888888889 0.4367283950617283 135.5185185185185 45.333333333333336 0.0 45.333333333333336 0.80386559991166
136000 76.37037037037037 76.37037037037037 118.88888888888889 0.4367283950617283 135.5185185185185 45.333333333333336 0.0 45.333333333333336 0.7508067002054304
138000 76.37037037037037 76.37037037037037 118.88888888888889 0.4367283950617283 135.5185185185185 45.333333333333336 0.0 45.333333333333336 0.8121555000543594
140000 76.37037037037037 76.37037037037037 118.88888888888889 0.4367283950617283 135.5185185185185 45.333333333333336 0.0 45.333333333333336 0.8499186001718044
142000 76.37037037037037 76.37037037037037 118.88888888888889 0.4367283950617283 135.5185185185185 45.333333333333336 0.0 45.333333333333336 0.7733472001273185
144000 76.37037037037037 76.37037037037037 118.88888888888889 0.4367283950617283 135.5185185185185 45.333333333333336 0.0 45.333333333333336 0.7812530999071896
146000 76.37037037037037 76.37037037037037 118.88888888888889 0.4367283950617283 135.5185185185185 45.333333333333336 0.0 45.333333333333336 0.837741700001061
148000 76.37037037037037 76.37037037037037 118.88888888888889 0.4367283950617283 135.5185185185185 45.333333333333336 0.0 45.333333333333336 0.7960436998400837
150000 76.37037037037037 76.37037037037037 118.88888888888889 0.4367283950617283 135.5185185185185 45.333333333333336 0.0 45.333333333333336 0.7879778000060469
152000 76.37037037037037 76.37037037037037 118.88888888888889 0.4367283950617283 135.5185185185185 45.333333333333336 0.0 45.333333333333336 0.7781581999734044
154000 76.37037037037037 76.37037037037037 118.88888888888889 0.4367283950617283 135.5185185185185 45.333333333333336 0.0 45.333333333333336 0.7703255000524223
156000 76.37037037037037 76.37037037037037 118.88888888888889 0.4367283950617283 135.5185185185185 45.333333333333336 0.0 45.333333333333336 0.8283347000833601
158000 76.37037037037037 76.37037037037037 118.88888888888889 0.4367283950617283 135.5185185185185 45.333333333333336 0.0 45.333333333333336 0.7622020000126213
160000 76.37037037037037 76.37037037037037 118.88888888888889 0.4367283950617283 135.5185185185185 45.333333333333336 0.0 45.333333333333336 0.8480618000030518
162000 76.37037037037037 76.37037037037037 118.88888888888889 0.4367283950617283 135.5185185185185 45.333333333333336 0.0 45.333333333333336 0.9104694998823106
164000 76.37037037037037 76.37037037037037 118.88888888888889 0.4367283950617283 135.5185185185185 45.333333333333336 0.0 45.333333333333336 0.832945000147447
166000 76.37037037037037 76.37037037037037 118.88888888888889 0.4367283950617283 135.5185185185185 45.333333333333336 0.0 45.333333333333336 0.7994395000860095
168000 76.37037037037037 76.37037037037037 118.88888888888889 0.4367283950617283 135.5185185185185 45.333333333333336 0.0 45.333333333333336 0.7936801000032574
170000 76.37037037037037 76.37037037037037 118.88888888888889 0.4367283950617283 135.5185185185185 45.333333333333336 0.0 45.333333333333336 0.7858611000701785
172000 76.37037037037037 76.37037037037037 118.88888888888889 0.4367283950617283 135.5185185185185 45.333333333333336 0.0 45.333333333333336 0.7789056000765413
174000 76.37037037037037 76.37037037037037 118.88888888888889 0.4367283950617283 135.5185185185185 45.333333333333336 0.0 45.333333333333336 0.8466332999523729
176000 76.37037037037037 76.37037037037037 118.88888888888889 0.4367283950617283 135.5185185185185 45.333333333333336 0.0 45.333333333333336 0.8667476999107748
178000 76.37037037037037 76.37037037037037 118.88888888888889 0.4367283950617283 135.5185185185185 45.333333333333336 0.0 45.333333333333336 0.7712144001852721
180000 76.37037037037037 76.37037037037037 118.88888888888889 0.4367283950617283 135.5185185185185 45.333333333333336 0.0 45.333333333333336 0.8173239000607282
182000 76.37037037037037 76.37037037037037 118.88888888888889 0.4367283950617283 135.5185185185185 45.333333333333336 0.0 45.333333333333336 0.8182399999350309
184000 76.37037037037037 76.37037037037037 118.88888888888889 0.4367283950617283 135.5185185185185 45.333333333333336 0.0 45.333333333333336 0.772593199973926
186000 76.37037037037037 76.37037037037037 118.88888888888889 0.4367283950617283 135.5185185185185 45.333333333333336 0.0 45.333333333333336 0.8223600999917835
188000 76.37037037037037 76.37037037037037 118.88888888888889 0.4367283950617283 135.5185185185185 45.333333333333336 0.0 45.333333333333336 0.7770320000126958
190000 76.37037037037037 76.37037037037037 118.88888888888889 0.4367283950617283 135.5185185185185 45.333333333333336 0.0 45.333333333333336 0.8983342000283301
192000 76.37037037037037 76.37037037037037 118.88888888888889 0.4367283950617283 135.5185185185185 45.333333333333336 0.0 45.333333333333336 0.7714475998654962
194000 76.37037037037037 76.37037037037037 118.88888888888889 0.4367283950617283 135.5185185185185 45.333333333333336 0.0 45.333333333333336 0.8259784001857042
196000 76.37037037037037 76.37037037037037 118.88888888888889 0.4367283950617283 135.5185185185185 45.333333333333336 0.0 45.333333333333336 0.7840117001906037
198000 76.37037037037037 76.37037037037037 118.88888888888889 0.4367283950617283 135.5185185185185 45.333333333333336 0.0 45.333333333333336 0.7863131000194699
200000 76.37037037037037 76.37037037037037 118.88888888888889 0.4367283950617283 135.5185185185185 45.333333333333336 0.0 45.333333333333336 0.8003756999969482
202000 76.37037037037037 76.37037037037037 118.88888888888889 0.4367283950617283 135.5185185185185 45.333333333333336 0.0 45.333333333333336 0.8059505999553949
204000 76.37037037037037 76.37037037037037 118.88888888888889 0.4367283950617283 135.5185185185185 45.333333333333336 0.0 45.333333333333336 0.8000402001198381
206000 76.37037037037037 76.37037037037037 118.88888888888889 0.4367283950617283 135.5185185185185 45.333333333333336 0.0 45.333333333333336 0.8425519000738859
208000 76.37037037037037 76.37037037037037 118.88888888888889 0.4367283950617283 135.5185185185185 45.333333333333336 0.0 45.333333333333336 0.8424921000842005
210000 76.37037037037037 76.37037037037037 118.88888888888889 0.4367283950617283 135.5185185185185 45.333333333333336 0.0 45.333333333333336 0.8815200999379158
212000 76.37037037037037 76.37037037037037 118.88888888888889 0.4367283950617283 135.5185185185185 45.333333333333336 0.0 45.333333333333336 0.807930399896577
214000 76.37037037037037 76.37037037037037 118.88888888888889 0.4367283950617283 135.5185185185185 45.333333333333336 0.0 45.333333333333336 0.7820727999787778
216000 76.37037037037037 76.37037037037037 118.88888888888889 0.4367283950617283 135.5185185185185 45.333333333333336 0.0 45.333333333333336 0.8295370999258012
218000 76.37037037037037 76.37037037037037 118.88888888888889 0.4367283950617283 135.5185185185185 45.333333333333336 0.0 45.333333333333336 0.8351268998812884
220000 76.37037037037037 76.37037037037037 118.88888888888889 0.4367283950617283 135.5185185185185 45.333333333333336 0.0 45.333333333333336 0.8298973001074046
222000 76.37037037037037 76.37037037037037 118.88888888888889 0.4367283950617283 135.5185185185185 45.333333333333336 0.0 45.333333333333336 0.811144300037995
224000 76.37037037037037 76.37037037037037 118.88888888888889 0.4367283950617283 135.5185185185185 45.333333333333336 0.0 45.333333333333336 0.8013541998807341
226000 76.37037037037037 76.37037037037037 118.88888888888889 0.4367283950617283 135.5185185185185 45.333333333333336 0.0 45.333333333333336 0.8556264000944793
228000 76.37037037037037 76.37037037037037 118.88888888888889 0.4367283950617283 135.5185185185185 45.333333333333336 0.0 45.333333333333336 0.8076245998963714
230000 76.37037037037037 76.37037037037037 118.88888888888889 0.4367283950617283 135.5185185185185 45.333333333333336 0.0 45.333333333333336 0.8119087000377476
232000 76.37037037037037 76.37037037037037 118.88888888888889 0.4367283950617283 135.5185185185185 45.333333333333336 0.0 45.333333333333336 0.8465135998558253
234000 76.37037037037037 76.37037037037037 118.88888888888889 0.4367283950617283 135.5185185185185 45.333333333333336 0.0 45.333333333333336 0.9422997001092881
236000 76.37037037037037 76.37037037037037 118.88888888888889 0.4367283950617283 135.5185185185185 45.333333333333336 0.0 45.333333333333336 0.8380911001004279
238000 76.37037037037037 76.37037037037037 118.88888888888889 0.4367283950617283 135.5185185185185 45.333333333333336 0.0 45.333333333333336 0.7784960998687893
240000 76.37037037037037 76.37037037037037 118.88888888888889 0.4367283950617283 135.5185185185185 45.333333333333336 0.0 45.333333333333336 0.8060204999055713
242000 76.37037037037037 76.37037037037037 118.88888888888889 0.4367283950617283 135.5185185185185 45.333333333333336 0.0 45.333333333333336 0.8062112000770867
244000 76.37037037037037 76.37037037037037 118.88888888888889 0.4367283950617283 135.5185185185185 45.333333333333336 0.0 45.333333333333336 0.8487021999899298
246000 76.37037037037037 76.37037037037037 118.88888888888889 0.4367283950617283 135.5185185185185 45.333333333333336 0.0 45.333333333333336 0.7683065999299288
248000 76.37037037037037 76.37037037037037 118.88888888888889 0.4367283950617283 135.5185185185185 45.333333333333336 0.0 45.333333333333336 0.8675511998590082
250000 76.37037037037037 76.37037037037037 118.88888888888889 0.4367283950617283 135.5185185185185 45.333333333333336 0.0 45.333333333333336 0.7935583000071347
252000 76.37037037037037 76.37037037037037 118.88888888888889 0.4367283950617283 135.5185185185185 45.333333333333336 0.0 45.333333333333336 0.8620147998444736
254000 76.37037037037037 76.37037037037037 118.88888888888889 0.4367283950617283 135.5185185185185 45.333333333333336 0.0 45.333333333333336 0.8301777997985482
256000 76.37037037037037 76.37037037037037 118.88888888888889 0.4367283950617283 135.5185185185185 45.333333333333336 0.0 45.333333333333336 0.7844332000240684
258000 76.37037037037037 76.37037037037037 118.88888888888889 0.4367283950617283 135.5185185185185 45.333333333333336 0.0 45.333333333333336 0.7905781001318246
260000 76.37037037037037 76.37037037037037 118.88888888888889 0.4367283950617283 135.5185185185185 45.333333333333336 0.0 45.333333333333336 0.8046341000590473
262000 76.37037037037037 76.37037037037037 118.88888888888889 0.4367283950617283 135.5185185185185 45.333333333333336 0.0 45.333333333333336 0.8011225999798626
264000 76.37037037037037 76.37037037037037 118.88888888888889 0.4367283950617283 135.5185185185185 45.333333333333336 0.0 45.333333333333336 0.7988529000431299
266000 76.37037037037037 76.37037037037037 118.88888888888889 0.4367283950617283 135.5185185185185 45.333333333333336 0.0 45.333333333333336 0.7843135998118669
268000 76.37037037037037 76.37037037037037 118.88888888888889 0.4367283950617283 135.5185185185185 45.333333333333336 0.0 45.333333333333336 0.8107554998714477
270000 76.37037037037037 76.37037037037037 118.88888888888889 0.4367283950617283 135.5185185185185 45.333333333333336 0.0 45.333333333333336 0.8483516999986023
272000 76.37037037037037 76.37037037037037 118.88888888888889 0.4367283950617283 135.5185185185185 45.333333333333336 0.0 45.333333333333336 0.8237487999722362
274000 76.37037037037037 76.37037037037037 118.88888888888889 0.4367283950617283 135.5185185185185 45.333333333333336 0.0 45.333333333333336 0.8555872000288218
276000 76.37037037037037 76.37037037037037 118.88888888888889 0.4367283950617283 135.5185185185185 45.333333333333336 0.0 45.333333333333336 0.9087362999562174
278000 76.37037037037037 76.37037037037037 118.88888888888889 0.4367283950617283 135.5185185185185 45.333333333333336 0.0 45.333333333333336 0.7994319999124855
280000 76.37037037037037 76.37037037037037 118.88888888888889 0.4367283950617283 135.5185185185185 45.333333333333336 0.0 45.333333333333336 0.8161543998867273
282000 76.37037037037037 76.37037037037037 118.88888888888889 0.4367283950617283 135.5185185185185 45.333333333333336 0.0 45.333333333333336 0.8255209000781178
284000 76.37037037037037 76.37037037037037 118.88888888888889 0.4367283950617283 135.5185185185185 45.333333333333336 0.0 45.333333333333336 0.7641791000496596
286000 76.37037037037037 76.37037037037037 118.88888888888889 0.4367283950617283 135.5185185185185 45.333333333333336 0.0 45.333333333333336 0.7874727000016719
288000 76.37037037037037 76.37037037037037 118.88888888888889 0.4367283950617283 135.5185185185185 45.333333333333336 0.0 45.333333333333336 0.8376124000642449
290000 76.37037037037037 76.37037037037037 118.88888888888889 0.4367283950617283 135.5185185185185 45.333333333333336 0.0 45.333333333333336 0.7473832000978291
292000 76.37037037037037 76.37037037037037 118.88888888888889 0.4367283950617283 135.5185185185185 45.333333333333336 0.0 45.333333333333336 0.842808999819681
294000 76.37037037037037 76.37037037037037 118.88888888888889 0.4367283950617283 135.5185185185185 45.333333333333336 0.0 45.333333333333336 0.7972065000794828
296000 76.37037037037037 76.37037037037037 118.88888888888889 0.4367283950617283 135.5185185185185 45.333333333333336 0.0 45.333333333333336 0.8063037001993507
298000 76.37037037037037 76.37037037037037 118.88888888888889 0.4367283950617283 135.5185185185185 45.333333333333336 0.0 45.333333333333336 0.7722062999382615
300000 76.37037037037037 76.37037037037037 118.88888888888889 0.4367283950617283 135.5185185185185 45.333333333333336 0.0 45.333333333333336 0.8249798000324517
302000 76.37037037037037 76.37037037037037 118.88888888888889 0.4367283950617283 135.5185185185185 45.333333333333336 0.0 45.333333333333336 0.816712399944663
304000 76.37037037037037 76.37037037037037 118.88888888888889 0.4367283950617283 135.5185185185185 45.333333333333336 0.0 45.333333333333336 0.8253204999491572
306000 76.37037037037037 76.37037037037037 118.88888888888889 0.4367283950617283 135.5185185185185 45.333333333333336 0.0 45.333333333333336 0.7941693000029773
308000 76.37037037037037 76.37037037037037 118.88888888888889 0.4367283950617283 135.5185185185185 45.333333333333336 0.0 45.333333333333336 0.7917410000227392
310000 76.37037037037037 76.37037037037037 118.88888888888889 0.4367283950617283 135.5185185185185 45.333333333333336 0.0 45.333333333333336 0.8141713000368327
312000 76.37037037037037 76.37037037037037 118.88888888888889 0.4367283950617283 135.5185185185185 45.333333333333336 0.0 45.333333333333336 0.790450100088492
314000 76.37037037037037 76.37037037037037 118.88888888888889 0.4367283950617283 135.5185185185185 45.333333333333336 0.0 45.333333333333336 0.7997791999951005
316000 76.37037037037037 76.37037037037037 118.88888888888889 0.4367283950617283 135.5185185185185 45.333333333333336 0.0 45.333333333333336 0.8409650998655707
318000 76.37037037037037 76.37037037037037 118.88888888888889 0.4367283950617283 135.5185185185185 45.333333333333336 0.0 45.333333333333336 0.8283513002097607
320000 76.37037037037037 76.37037037037037 118.88888888888889 0.4367283950617283 135.5185185185185 45.333333333333336 0.0 45.333333333333336 0.814621299970895
322000 76.37037037037037 76.37037037037037 118.88888888888889 0.4367283950617283 135.5185185185185 45.333333333333336 0.0 45.333333333333336 0.8350387997925282
324000 76.37037037037037 76.37037037037037 118.88888888888889 0.4367283950617283 135.5185185185185 45.333333333333336 0.0 45.333333333333336 0.797770399833098
326000 76.37037037037037 76.37037037037037 118.88888888888889 0.4367283950617283 135.5185185185185 45.333333333333336 0.0 45.333333333333336 0.8177938000299037
328000 76.37037037037037 76.37037037037037 118.88888888888889 0.4367283950617283 135.5185185185185 45.333333333333336 0.0 45.333333333333336 0.8199504998046905
330000 76.37037037037037 76.37037037037037 118.88888888888889 0.4367283950617283 135.5185185185185 45.333333333333336 0.0 45.333333333333336 0.7835649000480771
332000 76.37037037037037 76.37037037037037 118.88888888888889 0.4367283950617283 135.5185185185185 45.333333333333336 0.0 45.333333333333336 0.7902304001618177
334000 76.37037037037037 76.37037037037037 118.88888888888889 0.4367283950617283 135.5185185185185 45.333333333333336 0.0 45.333333333333336 0.8528118999674916
336000 76.37037037037037 76.37037037037037 118.88888888888889 0.4367283950617283 135.5185185185185 45.333333333333336 0.0 45.333333333333336 0.8444759000558406
338000 76.37037037037037 76.37037037037037 118.88888888888889 0.4367283950617283 135.5185185185185 45.333333333333336 0.0 45.333333333333336 0.790589899988845
340000 76.37037037037037 76.37037037037037 118.88888888888889 0.4367283950617283 135.5185185185185 45.333333333333336 0.0 45.333333333333336 0.771964100189507
342000 76.37037037037037 76.37037037037037 118.88888888888889 0.4367283950617283 135.5185185185185 45.333333333333336 0.0 45.333333333333336 0.7268546000123024
344000 76.37037037037037 76.37037037037037 118.88888888888889 0.4367283950617283 135.5185185185185 45.333333333333336 0.0 45.333333333333336 0.7965913000516593
346000 76.37037037037037 76.37037037037037 118.88888888888889 0.4367283950617283 135.5185185185185 45.333333333333336 0.0 45.333333333333336 0.7835924997925758
348000 76.37037037037037 76.37037037037037 118.88888888888889 0.4367283950617283 135.5185185185185 45.333333333333336 0.0 45.333333333333336 0.786280500004068
350000 76.37037037037037 76.37037037037037 118.88888888888889 0.4367283950617283 135.5185185185185 45.333333333333336 0.0 45.333333333333336 0.7315210001543164
352000 76.37037037037037 76.37037037037037 118.88888888888889 0.4367283950617283 135.5185185185185 45.333333333333336 0.0 45.333333333333336 0.7914332000073045
354000 76.37037037037037 76.37037037037037 118.88888888888889 0.4367283950617283 135.5185185185185 45.333333333333336 0.0 45.333333333333336 0.8362799000460654
356000 76.37037037037037 76.37037037037037 118.88888888888889 0.4367283950617283 135.5185185185185 45.333333333333336 0.0 45.333333333333336 0.797343400074169
358000 76.37037037037037 76.37037037037037 118.88888888888889 0.4367283950617283 135.5185185185185 45.333333333333336 0.0 45.333333333333336 0.7261168002150953
360000 76.37037037037037 76.37037037037037 118.88888888888889 0.4367283950617283 135.5185185185185 45.333333333333336 0.0 45.333333333333336 0.7804535999894142
362000 76.37037037037037 76.37037037037037 118.88888888888889 0.4367283950617283 135.5185185185185 45.333333333333336 0.0 45.333333333333336 0.8361569999251515
364000 76.37037037037037 76.37037037037037 118.88888888888889 0.4367283950617283 135.5185185185185 45.333333333333336 0.0 45.333333333333336 0.8256399999372661
366000 76.37037037037037 76.37037037037037 118.88888888888889 0.4367283950617283 135.5185185185185 45.333333333333336 0.0 45.333333333333336 0.8141876000445336
368000 76.37037037037037 76.37037037037037 118.88888888888889 0.4367283950617283 135.5185185185185 45.333333333333336 0.0 45.333333333333336 0.7551025000866503
370000 76.37037037037037 76.37037037037037 118.88888888888889 0.4367283950617283 135.5185185185185 45.333333333333336 0.0 45.333333333333336 0.7584201998542994
372000 76.37037037037037 76.37037037037037 118.88888888888889 0.4367283950617283 135.5185185185185 45.333333333333336 0.0 45.333333333333336 0.7910641001071781
374000 76.37037037037037 76.37037037037037 118.88888888888889 0.4367283950617283 135.5185185185185 45.333333333333336 0.0 45.333333333333336 0.8474686001427472
376000 76.37037037037037 76.37037037037037 118.88888888888889 0.4367283950617283 135.5185185185185 45.333333333333336 0.0 45.333333333333336 0.8401206000708044
378000 76.37037037037037 76.37037037037037 118.88888888888889 0.4367283950617283 135.5185185185185 45.333333333333336 0.0 45.333333333333336 0.7786566000431776
380000 76.37037037037037 76.37037037037037 118.88888888888889 0.4367283950617283 135.5185185185185 45.333333333333336 0.0 45.333333333333336 0.8494080998934805
382000 76.37037037037037 76.37037037037037 118.88888888888889 0.4367283950617283 135.5185185185185 45.333333333333336 0.0 45.333333333333336 0.8160854000598192
384000 76.37037037037037 76.37037037037037 118.88888888888889 0.4367283950617283 135.5185185185185 45.333333333333336 0.0 45.333333333333336 0.7911797999404371
386000 76.37037037037037 76.37037037037037 118.88888888888889 0.4367283950617283 135.5185185185185 45.333333333333336 0.0 45.333333333333336 0.7704098001122475
388000 76.37037037037037 76.37037037037037 118.88888888888889 0.4367283950617283 135.5185185185185 45.333333333333336 0.0 45.333333333333336 0.7683101000729948
390000 76.37037037037037 76.37037037037037 118.88888888888889 0.4367283950617283 135.5185185185185 45.333333333333336 0.0 45.333333333333336 0.8858179000671953
392000 76.37037037037037 76.37037037037037 118.88888888888889 0.4367283950617283 135.5185185185185 45.333333333333336 0.0 45.333333333333336 0.8322174998465925
394000 76.37037037037037 76.37037037037037 118.88888888888889 0.4367283950617283 135.5185185185185 45.333333333333336 0.0 45.333333333333336 0.8205528999678791
396000 76.37037037037037 76.37037037037037 118.88888888888889 0.4367283950617283 135.5185185185185 45.333333333333336 0.0 45.333333333333336 0.8170826002024114
398000 76.37037037037037 76.37037037037037 118.88888888888889 0.4367283950617283 135.5185185185185 45.333333333333336 0.0 45.333333333333336 0.8289842999074608
400000 76.37037037037037 76.37037037037037 118.88888888888889 0.4367283950617283 135.5185185185185 45.333333333333336 0.0 45.333333333333336 0.7976969999726862
402000 76.37037037037037 76.37037037037037 118.88888888888889 0.4367283950617283 135.5185185185185 45.333333333333336 0.0 45.333333333333336 0.8074396001175046
404000 76.37037037037037 76.37037037037037 118.88888888888889 0.4367283950617283 135.5185185185185 45.333333333333336 0.0 45.333333333333336 0.7832303000614047
406000 76.37037037037037 76.37037037037037 118.88888888888889 0.4367283950617283 135.5185185185185 45.333333333333336 0.0 45.333333333333336 0.8037084999959916
408000 76.37037037037037 76.37037037037037 118.88888888888889 0.4367283950617283 135.5185185185185 45.333333333333336 0.0 45.333333333333336 0.815706699853763
410000 76.37037037037037 76.37037037037037 118.88888888888889 0.4367283950617283 135.5185185185185 45.333333333333336 0.0 45.333333333333336 0.835844200104475
412000 76.37037037037037 76.37037037037037 118.88888888888889 0.4367283950617283 135.5185185185185 45.333333333333336 0.0 45.333333333333336 0.7849606999661773
414000 76.37037037037037 76.37037037037037 118.88888888888889 0.4367283950617283 135.5185185185185 45.333333333333336 0.0 45.333333333333336 0.7861047000624239
416000 76.37037037037037 76.37037037037037 118.88888888888889 0.4367283950617283 135.5185185185185 45.333333333333336 0.0 45.333333333333336 0.7582915001548827
418000 76.37037037037037 76.37037037037037 118.88888888888889 0.4367283950617283 135.5185185185185 45.333333333333336 0.0 45.333333333333336 0.7667590999044478
420000 76.37037037037037 76.37037037037037 118.88888888888889 0.4367283950617283 135.5185185185185 45.333333333333336 0.0 45.333333333333336 0.7912779999896884
422000 76.37037037037037 76.37037037037037 118.88888888888889 0.4367283950617283 135.5185185185185 45.333333333333336 0.0 45.333333333333336 0.8282111999578774
424000 76.37037037037037 76.37037037037037 118.88888888888889 0.4367283950617283 135.5185185185185 45.333333333333336 0.0 45.333333333333336 0.7931635000277311
426000 76.37037037037037 76.37037037037037 118.88888888888889 0.4367283950617283 135.5185185185185 45.333333333333336 0.0 45.333333333333336 0.7582175999414176
428000 76.37037037037037 76.37037037037037 118.88888888888889 0.4367283950617283 135.5185185185185 45.333333333333336 0.0 45.333333333333336 0.8025682999286801
430000 76.37037037037037 76.37037037037037 118.88888888888889 0.4367283950617283 135.5185185185185 45.333333333333336 0.0 45.333333333333336 0.8085121000185609
432000 76.37037037037037 76.37037037037037 118.88888888888889 0.4367283950617283 135.5185185185185 45.333333333333336 0.0 45.333333333333336 0.7991138999350369
434000 76.37037037037037 76.37037037037037 118.88888888888889 0.4367283950617283 135.5185185185185 45.333333333333336 0.0 45.333333333333336 0.836539699928835
436000 76.37037037037037 76.37037037037037 118.88888888888889 0.4367283950617283 135.5185185185185 45.333333333333336 0.0 45.333333333333336 0.7741018999367952
438000 76.37037037037037 76.37037037037037 118.88888888888889 0.4367283950617283 135.5185185185185 45.333333333333336 0.0 45.333333333333336 0.7936020998749882
440000 76.37037037037037 76.37037037037037 118.88888888888889 0.4367283950617283 135.5185185185185 45.333333333333336 0.0 45.333333333333336 0.8393125999718904
442000 76.37037037037037 76.37037037037037 118.88888888888889 0.4367283950617283 135.5185185185185 45.333333333333336 0.0 45.333333333333336 0.8029505999293178
444000 76.37037037037037 76.37037037037037 118.88888888888889 0.4367283950617283 135.5185185185185 45.333333333333336 0.0 45.333333333333336 0.8310618000105023
446000 76.37037037037037 76.37037037037037 118.88888888888889 0.4367283950617283 135.5185185185185 45.333333333333336 0.0 45.333333333333336 0.7886268999427557
448000 76.37037037037037 76.37037037037037 118.88888888888889 0.4367283950617283 135.5185185185185 45.333333333333336 0.0 45.333333333333336 0.784476000117138
450000 76.37037037037037 76.37037037037037 118.88888888888889 0.4367283950617283 135.5185185185185 45.333333333333336 0.0 45.333333333333336 0.7801041000057012
452000 76.37037037037037 76.37037037037037 118.88888888888889 0.4367283950617283 135.5185185185185 45.333333333333336 0.0 45.333333333333336 0.82968830014579
454000 76.37037037037037 76.37037037037037 118.88888888888889 0.4367283950617283 135.5185185185185 45.333333333333336 0.0 45.333333333333336 0.7829027001280338
456000 76.37037037037037 76.37037037037037 118.88888888888889 0.4367283950617283 135.5185185185185 45.333333333333336 0.0 45.333333333333336 0.7923380001448095
458000 76.37037037037037 76.37037037037037 118.88888888888889 0.4367283950617283 135.5185185185185 45.333333333333336 0.0 45.333333333333336 0.7847319999709725
460000 76.37037037037037 76.37037037037037 118.88888888888889 0.4367283950617283 135.5185185185185 45.333333333333336 0.0 45.333333333333336 0.7920691000763327
462000 76.37037037037037 76.37037037037037 118.88888888888889 0.4367283950617283 135.5185185185185 45.333333333333336 0.0 45.333333333333336 0.7992061001714319
464000 76.37037037037037 76.37037037037037 118.88888888888889 0.4367283950617283 135.5185185185185 45.333333333333336 0.0 45.333333333333336 0.8011707998812199
466000 76.37037037037037 76.37037037037037 118.88888888888889 0.4367283950617283 135.5185185185185 45.333333333333336 0.0 45.333333333333336 0.8221223999280483
468000 76.37037037037037 76.37037037037037 118.88888888888889 0.4367283950617283 135.5185185185185 45.333333333333336 0.0 45.333333333333336 0.7646335999015719
470000 76.37037037037037 76.37037037037037 118.88888888888889 0.4367283950617283 135.5185185185185 45.333333333333336 0.0 45.333333333333336 0.8700129999779165
472000 76.37037037037037 76.37037037037037 118.88888888888889 0.4367283950617283 135.5185185185185 45.333333333333336 0.0 45.333333333333336 0.7881845999509096
474000 76.37037037037037 76.37037037037037 118.88888888888889 0.4367283950617283 135.5185185185185 45.333333333333336 0.0 45.333333333333336 0.8302495998796076
476000 76.37037037037037 76.37037037037037 118.88888888888889 0.4367283950617283 135.5185185185185 45.333333333333336 0.0 45.333333333333336 0.8445753999985754
478000 76.37037037037037 76.37037037037037 118.88888888888889 0.4367283950617283 135.5185185185185 45.333333333333336 0.0 45.333333333333336 0.8500659000128508
480000 76.37037037037037 76.37037037037037 118.88888888888889 0.4367283950617283 135.5185185185185 45.333333333333336 0.0 45.333333333333336 0.818439899943769
482000 76.37037037037037 76.37037037037037 118.88888888888889 0.4367283950617283 135.5185185185185 45.333333333333336 0.0 45.333333333333336 0.8024171001743525
484000 76.37037037037037 76.37037037037037 118.88888888888889 0.4367283950617283 135.5185185185185 45.333333333333336 0.0 45.333333333333336 0.822923099854961
486000 76.37037037037037 76.37037037037037 118.88888888888889 0.4367283950617283 135.5185185185185 45.333333333333336 0.0 45.333333333333336 0.8267137000802904
488000 76.37037037037037 76.37037037037037 118.88888888888889 0.4367283950617283 135.5185185185185 45.333333333333336 0.0 45.333333333333336 0.818130899919197
490000 76.37037037037037 76.37037037037037 118.88888888888889 0.4367283950617283 135.5185185185185 45.333333333333336 0.0 45.333333333333336 0.8069030998740345
492000 76.37037037037037 76.37037037037037 118.88888888888889 0.4367283950617283 135.5185185185185 45.333333333333336 0.0 45.333333333333336 0.6802611998282373
494000 76.37037037037037 76.37037037037037 118.88888888888889 0.4367283950617283 135.5185185185185 45.333333333333336 0.0 45.333333333333336 0.6488520000129938
496000 76.37037037037037 76.37037037037037 118.88888888888889 0.4367283950617283 135.5185185185185 45.333333333333336 0.0 45.333333333333336 0.7751017999835312
498000 76.37037037037037 76.37037037037037 118.88888888888889 0.4367283950617283 135.5185185185185 45.333333333333336 0.0 45.333333333333336 0.7053365998435766
500000 76.37037037037037 76.37037037037037 118.88888888888889 0.4367283950617283 135.5185185185185 45.333333333333336 0.0 45.333333333333336 0.761070900131017
