2000 1.2115384615384615 0.234375
4000 1.7115384615384615 0.234375
6000 1.75 0.234375
8000 2.7115384615384617 0.234375
10000 2.3076923076923075 0.25
12000 3.673076923076923 0.234375
14000 4.288461538461538 0.265625
16000 4.826923076923077 0.25
18000 5.75 0.34375
20000 5.903846153846154 0.375
22000 5.846153846153846 0.390625
24000 6.3076923076923075 0.375
26000 6.25 0.234375
28000 6.1923076923076925 0.21875
30000 6.461538461538462 0.234375
32000 6.903846153846154 0.21875
34000 7.0 0.234375
36000 6.884615384615385 0.234375
38000 7.076923076923077 0.21875
40000 6.961538461538462 0.25
42000 7.038461538461538 0.234375
44000 6.961538461538462 0.21875
46000 6.961538461538462 0.203125
48000 7.038461538461538 0.234375
50000 7.076923076923077 0.234375
52000 7.019230769230769 0.3125
54000 6.980769230769231 0.25
56000 6.980769230769231 0.234375
58000 7.038461538461538 0.234375
60000 7.153846153846154 0.234375
62000 7.153846153846154 0.234375
64000 7.115384615384615 0.234375
66000 7.0576923076923075 0.25
68000 7.153846153846154 0.25
70000 7.153846153846154 0.203125
72000 7.153846153846154 0.234375
74000 7.153846153846154 0.21875
76000 7.153846153846154 0.234375
78000 7.153846153846154 0.21875
80000 7.153846153846154 0.234375
82000 7.115384615384615 0.296875
84000 7.153846153846154 0.390625
86000 7.153846153846154 0.265625
88000 7.153846153846154 0.203125
90000 7.153846153846154 0.265625
92000 7.1923076923076925 0.25
94000 7.153846153846154 0.21875
96000 7.1923076923076925 0.25
98000 7.25 0.296875
100000 7.3076923076923075 0.234375
102000 7.346153846153846 0.234375
104000 7.346153846153846 0.25
106000 7.4423076923076925 0.25
108000 7.480769230769231 0.25
110000 7.5 0.234375
112000 7.519230769230769 0.234375
114000 7.576923076923077 0.234375
116000 7.596153846153846 0.234375
118000 7.5576923076923075 0.234375
120000 7.576923076923077 0.21875
122000 7.576923076923077 0.296875
124000 7.5576923076923075 0.234375
126000 7.576923076923077 0.21875
128000 7.576923076923077 0.25
130000 7.5576923076923075 0.234375
132000 7.634615384615385 0.265625
134000 7.6923076923076925 0.234375
136000 7.769230769230769 0.1875
138000 7.6923076923076925 0.296875
140000 7.730769230769231 0.25
142000 7.730769230769231 0.21875
144000 7.846153846153846 0.203125
146000 7.9423076923076925 0.25
148000 7.75 0.390625
150000 7.673076923076923 0.234375
152000 7.711538461538462 0.21875
154000 8.057692307692308 0.296875
156000 8.038461538461538 0.203125
158000 7.980769230769231 0.21875
160000 8.0 0.21875
162000 8.01923076923077 0.28125
164000 7.980769230769231 0.234375
166000 7.961538461538462 0.25
168000 8.0 0.296875
170000 7.961538461538462 0.40625
172000 7.961538461538462 0.296875
174000 7.961538461538462 0.265625
176000 7.980769230769231 0.234375
178000 8.0 0.21875
180000 7.9423076923076925 0.375
182000 7.75 0.21875
184000 7.8076923076923075 0.234375
186000 7.980769230769231 0.21875
188000 7.865384615384615 0.21875
190000 7.846153846153846 0.234375
192000 7.884615384615385 0.234375
194000 8.057692307692308 0.296875
196000 8.01923076923077 0.1875
198000 8.01923076923077 0.21875
200000 7.9423076923076925 0.21875
202000 8.0 0.21875
204000 8.057692307692308 0.28125
206000 8.096153846153847 0.25
208000 8.01923076923077 0.234375
210000 8.01923076923077 0.21875
212000 8.01923076923077 0.21875
214000 8.076923076923077 0.21875
216000 8.076923076923077 0.25
218000 8.096153846153847 0.234375
220000 8.038461538461538 0.234375
222000 7.980769230769231 0.265625
224000 8.076923076923077 0.234375
226000 8.038461538461538 0.40625
228000 8.096153846153847 0.265625
230000 8.096153846153847 0.234375
232000 8.076923076923077 0.234375
234000 8.0 0.203125
236000 7.961538461538462 0.21875
238000 8.01923076923077 0.296875
240000 8.096153846153847 0.21875
242000 8.01923076923077 0.203125
244000 7.9423076923076925 0.234375
246000 7.980769230769231 0.21875
248000 8.038461538461538 0.203125
250000 8.057692307692308 0.234375
252000 8.134615384615385 0.234375
254000 8.038461538461538 0.375
256000 8.038461538461538 0.28125
258000 8.038461538461538 0.25
260000 7.9423076923076925 0.3125
262000 7.923076923076923 0.21875
264000 7.9423076923076925 0.25
266000 7.961538461538462 0.234375
268000 8.0 0.21875
270000 7.980769230769231 0.21875
272000 7.980769230769231 0.21875
274000 8.038461538461538 0.25
276000 7.884615384615385 0.296875
278000 7.903846153846154 0.1875
280000 7.884615384615385 0.203125
282000 8.134615384615385 0.234375
284000 8.038461538461538 0.203125
286000 8.076923076923077 0.3125
288000 8.057692307692308 0.21875
290000 7.826923076923077 0.234375
292000 8.076923076923077 0.203125
294000 8.076923076923077 0.28125
296000 8.115384615384615 0.265625
298000 7.980769230769231 0.21875
300000 7.884615384615385 0.203125
302000 7.961538461538462 0.21875
304000 8.115384615384615 0.21875
306000 8.076923076923077 0.21875
308000 7.903846153846154 0.234375
310000 8.01923076923077 0.21875
312000 8.26923076923077 0.21875
314000 8.23076923076923 0.21875
316000 8.211538461538462 0.265625
318000 8.25 0.3125
320000 8.153846153846153 0.21875
322000 8.057692307692308 0.21875
324000 8.076923076923077 0.203125
326000 8.076923076923077 0.203125
328000 8.076923076923077 0.21875
330000 8.076923076923077 0.296875
332000 8.115384615384615 0.21875
334000 8.134615384615385 0.203125
336000 8.25 0.21875
338000 8.115384615384615 0.28125
340000 7.846153846153846 0.359375
342000 7.846153846153846 0.28125
344000 8.038461538461538 0.328125
346000 8.01923076923077 0.25
348000 8.0 0.28125
350000 8.01923076923077 0.21875
352000 7.980769230769231 0.234375
354000 8.076923076923077 0.21875
356000 7.788461538461538 0.28125
358000 7.769230769230769 0.21875
360000 7.961538461538462 0.21875
362000 7.923076923076923 0.21875
364000 8.096153846153847 0.21875
366000 8.326923076923077 0.203125
368000 8.25 0.28125
370000 8.346153846153847 0.234375
372000 8.288461538461538 0.21875
374000 8.307692307692308 0.234375
376000 8.307692307692308 0.234375
378000 8.192307692307692 0.234375
380000 8.211538461538462 0.234375
382000 8.288461538461538 0.25
384000 8.192307692307692 0.203125
386000 8.192307692307692 0.21875
388000 8.192307692307692 0.265625
390000 8.01923076923077 0.21875
392000 8.115384615384615 0.328125
394000 8.153846153846153 0.234375
396000 8.153846153846153 0.21875
398000 8.173076923076923 0.28125
400000 8.25 0.359375
402000 8.23076923076923 0.234375
404000 8.115384615384615 0.25
406000 8.173076923076923 0.21875
408000 8.076923076923077 0.328125
410000 8.153846153846153 0.234375
412000 8.076923076923077 0.21875
414000 8.153846153846153 0.25
416000 8.057692307692308 0.296875
418000 8.211538461538462 0.234375
420000 8.211538461538462 0.359375
422000 8.25 0.25
424000 8.192307692307692 0.328125
426000 8.211538461538462 0.453125
428000 8.211538461538462 0.28125
430000 8.211538461538462 0.34375
432000 8.307692307692308 0.25
434000 8.288461538461538 0.265625
436000 8.211538461538462 0.25
438000 8.326923076923077 0.265625
440000 8.23076923076923 0.3125
442000 8.26923076923077 0.34375
444000 8.26923076923077 0.25
446000 8.25 0.234375
448000 8.25 0.28125
450000 8.25 0.265625
452000 8.192307692307692 0.265625
454000 8.25 0.34375
456000 8.307692307692308 0.28125
458000 8.153846153846153 0.25
460000 8.115384615384615 0.28125
462000 8.057692307692308 0.28125
464000 8.192307692307692 0.265625
466000 8.153846153846153 0.34375
468000 8.26923076923077 0.28125
470000 8.26923076923077 0.28125
472000 8.365384615384615 0.265625
474000 8.288461538461538 0.25
476000 8.26923076923077 0.28125
478000 8.211538461538462 0.28125
480000 8.134615384615385 0.234375
482000 8.173076923076923 0.21875
484000 8.134615384615385 0.21875
486000 8.153846153846153 0.265625
488000 8.153846153846153 0.265625
490000 8.153846153846153 0.21875
492000 8.173076923076923 0.21875
494000 8.173076923076923 0.3125
496000 8.153846153846153 0.140625
498000 8.153846153846153 0.140625
500000 8.153846153846153 0.203125
