2000 0.34615384615384615 0.078125
4000 0.28846153846153844 0.0625
6000 1.0576923076923077 0.109375
8000 1.0769230769230769 0.109375
10000 1.0961538461538463 0.125
12000 2.2115384615384617 0.125
14000 2.5576923076923075 0.09375
16000 2.423076923076923 0.0625
18000 2.6153846153846154 0.140625
20000 2.6346153846153846 0.15625
22000 3.076923076923077 0.15625
24000 3.173076923076923 0.15625
26000 3.480769230769231 0.140625
28000 3.480769230769231 0.1875
30000 3.480769230769231 0.109375
32000 3.4423076923076925 0.125
34000 3.6153846153846154 0.125
36000 3.6346153846153846 0.1875
38000 3.6346153846153846 0.171875
40000 3.6923076923076925 0.15625
42000 3.6923076923076925 0.171875
44000 3.6923076923076925 0.203125
46000 3.6153846153846154 0.15625
48000 3.6923076923076925 0.203125
50000 3.6923076923076925 0.171875
52000 3.6346153846153846 0.203125
54000 3.75 0.1875
56000 3.5961538461538463 0.171875
58000 3.480769230769231 0.171875
60000 3.673076923076923 0.171875
62000 3.6346153846153846 0.171875
64000 3.230769230769231 0.203125
66000 3.1923076923076925 0.1875
68000 3.7115384615384617 0.203125
70000 3.7115384615384617 0.171875
72000 3.6346153846153846 0.1875
74000 3.7115384615384617 0.1875
76000 3.7115384615384617 0.171875
78000 3.5576923076923075 0.140625
80000 3.5961538461538463 0.1875
82000 3.519230769230769 0.171875
84000 3.5 0.15625
86000 3.4615384615384617 0.171875
88000 3.5961538461538463 0.15625
90000 3.5576923076923075 0.203125
92000 3.5961538461538463 0.203125
94000 3.6538461538461537 0.21875
96000 3.6538461538461537 0.234375
98000 3.7115384615384617 0.21875
100000 3.673076923076923 0.203125
102000 3.75 0.1875
104000 3.519230769230769 0.1875
106000 3.519230769230769 0.203125
108000 3.6346153846153846 0.203125
110000 3.7115384615384617 0.234375
112000 3.8076923076923075 0.21875
114000 3.6346153846153846 0.21875
116000 3.8076923076923075 0.25
118000 3.6346153846153846 0.234375
120000 3.8461538461538463 0.234375
122000 3.769230769230769 0.1875
124000 3.8076923076923075 0.234375
126000 3.8076923076923075 0.1875
128000 3.730769230769231 0.21875
130000 3.6923076923076925 0.234375
132000 3.769230769230769 0.234375
134000 3.8076923076923075 0.234375
136000 3.8076923076923075 0.234375
138000 3.6923076923076925 0.203125
140000 3.8076923076923075 0.21875
142000 3.6538461538461537 0.203125
144000 3.6923076923076925 0.21875
146000 3.8461538461538463 0.234375
148000 3.8653846153846154 0.21875
150000 3.826923076923077 0.203125
152000 3.769230769230769 0.1875
154000 3.8076923076923075 0.21875
156000 3.769230769230769 0.203125
158000 3.769230769230769 0.296875
160000 3.576923076923077 0.234375
162000 3.6538461538461537 0.203125
164000 3.730769230769231 0.25
166000 3.769230769230769 0.234375
168000 3.730769230769231 0.265625
170000 3.423076923076923 0.234375
172000 3.769230769230769 0.265625
174000 3.576923076923077 0.203125
176000 3.9038461538461537 0.234375
178000 3.7884615384615383 0.234375
180000 3.9423076923076925 0.296875
182000 3.826923076923077 0.28125
184000 3.9615384615384617 0.3125
186000 3.826923076923077 0.28125
188000 3.8653846153846154 0.28125
190000 3.8846153846153846 0.265625
192000 3.9038461538461537 0.25
194000 3.8846153846153846 0.265625
196000 3.8653846153846154 0.265625
198000 3.8461538461538463 0.265625
200000 3.8653846153846154 0.3125
202000 3.923076923076923 0.28125
204000 3.8846153846153846 0.296875
206000 3.9423076923076925 0.265625
208000 3.8653846153846154 0.25
210000 3.8076923076923075 0.234375
212000 3.9615384615384617 0.21875
214000 3.9615384615384617 0.25
216000 3.8846153846153846 0.21875
218000 3.923076923076923 0.1875
220000 3.9038461538461537 0.21875
222000 3.8846153846153846 0.25
224000 3.9423076923076925 0.21875
226000 3.923076923076923 0.21875
228000 3.923076923076923 0.25
230000 3.8846153846153846 0.234375
232000 3.7884615384615383 0.203125
234000 3.8461538461538463 0.21875
236000 3.8076923076923075 0.21875
238000 3.826923076923077 0.21875
240000 3.923076923076923 0.21875
242000 3.9615384615384617 0.234375
244000 3.9615384615384617 0.234375
246000 3.826923076923077 0.21875
248000 3.8846153846153846 0.1875
250000 3.7115384615384617 0.234375
252000 3.8653846153846154 0.21875
254000 3.9423076923076925 0.203125
256000 3.8461538461538463 0.21875
258000 3.7884615384615383 0.203125
260000 3.980769230769231 0.25
262000 4.538461538461538 0.1875
264000 4.846153846153846 0.21875
266000 4.384615384615385 0.234375
268000 4.423076923076923 0.234375
270000 4.788461538461538 0.21875
272000 4.653846153846154 0.21875
274000 4.730769230769231 0.21875
276000 4.884615384615385 0.21875
278000 5.0576923076923075 0.203125
280000 4.961538461538462 0.234375
282000 5.038461538461538 0.234375
284000 5.115384615384615 0.21875
286000 5.211538461538462 0.234375
288000 5.134615384615385 0.203125
290000 5.173076923076923 0.21875
292000 5.25 0.203125
294000 5.076923076923077 0.21875
296000 4.980769230769231 0.234375
298000 5.25 0.21875
300000 5.134615384615385 0.234375
302000 5.211538461538462 0.234375
304000 5.115384615384615 0.328125
306000 5.269230769230769 0.3125
308000 5.211538461538462 0.234375
310000 5.115384615384615 0.265625
312000 5.076923076923077 0.265625
314000 5.153846153846154 0.234375
316000 5.230769230769231 0.28125
318000 5.211538461538462 0.25
320000 5.173076923076923 0.296875
322000 5.153846153846154 0.265625
324000 5.3076923076923075 0.25
326000 5.153846153846154 0.265625
328000 5.211538461538462 0.28125
330000 5.096153846153846 0.234375
332000 5.096153846153846 0.28125
334000 5.115384615384615 0.25
336000 5.269230769230769 0.265625
338000 5.288461538461538 0.265625
340000 5.288461538461538 0.234375
342000 5.269230769230769 0.28125
344000 5.269230769230769 0.265625
346000 5.173076923076923 0.265625
348000 5.25 0.265625
350000 5.288461538461538 0.28125
352000 5.1923076923076925 0.265625
354000 5.288461538461538 0.28125
356000 5.230769230769231 0.25
358000 5.269230769230769 0.265625
360000 5.096153846153846 0.265625
362000 5.269230769230769 0.265625
364000 5.1923076923076925 0.265625
366000 5.173076923076923 0.25
368000 5.269230769230769 0.265625
370000 5.25 0.25
372000 5.153846153846154 0.28125
374000 5.1923076923076925 0.265625
376000 5.173076923076923 0.25
378000 5.3076923076923075 0.25
380000 5.25 0.28125
382000 5.096153846153846 0.25
384000 5.1923076923076925 0.265625
386000 5.019230769230769 0.21875
388000 5.1923076923076925 0.234375
390000 5.3076923076923075 0.25
392000 5.173076923076923 0.234375
394000 5.3076923076923075 0.234375
396000 5.269230769230769 0.25
398000 5.25 0.25
400000 5.211538461538462 0.234375
402000 5.269230769230769 0.265625
404000 5.115384615384615 0.21875
406000 5.230769230769231 0.21875
408000 5.153846153846154 0.25
410000 5.346153846153846 0.25
412000 5.1923076923076925 0.234375
414000 5.1923076923076925 0.25
416000 5.25 0.234375
418000 5.269230769230769 0.234375
420000 5.269230769230769 0.234375
422000 5.269230769230769 0.234375
424000 5.3076923076923075 0.234375
426000 5.3076923076923075 0.21875
428000 5.25 0.234375
430000 5.269230769230769 0.171875
432000 5.173076923076923 0.1875
434000 5.115384615384615 0.21875
436000 5.173076923076923 0.21875
438000 5.173076923076923 0.234375
440000 5.288461538461538 0.21875
442000 5.134615384615385 0.203125
444000 5.230769230769231 0.203125
446000 5.211538461538462 0.21875
448000 5.1923076923076925 0.21875
450000 5.1923076923076925 0.234375
452000 5.134615384615385 0.1875
454000 5.134615384615385 0.203125
456000 5.1923076923076925 0.21875
458000 5.115384615384615 0.21875
460000 5.211538461538462 0.21875
462000 5.1923076923076925 0.234375
464000 5.1923076923076925 0.203125
466000 5.25 0.21875
468000 5.326923076923077 0.203125
470000 5.153846153846154 0.203125
472000 5.288461538461538 0.203125
474000 5.288461538461538 0.234375
476000 5.3076923076923075 0.203125
478000 5.346153846153846 0.234375
480000 5.288461538461538 0.203125
482000 5.3076923076923075 0.203125
484000 5.326923076923077 0.234375
486000 5.326923076923077 0.1875
488000 5.346153846153846 0.1875
490000 5.153846153846154 0.203125
492000 5.211538461538462 0.21875
494000 5.346153846153846 0.203125
496000 5.326923076923077 0.234375
498000 5.365384615384615 0.234375
500000 5.346153846153846 0.21875
