2000 2.2884615384615383 0.203125
4000 6.75 0.234375
6000 6.75 0.234375
8000 6.75 0.328125
10000 6.826923076923077 0.421875
12000 6.826923076923077 0.203125
14000 7.173076923076923 0.25
16000 6.6923076923076925 0.234375
18000 6.423076923076923 0.28125
20000 6.769230769230769 0.375
22000 6.846153846153846 0.1875
24000 6.903846153846154 0.25
26000 6.846153846153846 0.265625
28000 6.884615384615385 0.265625
30000 6.884615384615385 0.359375
32000 6.961538461538462 0.1875
34000 7.0 0.21875
36000 6.865384615384615 0.25
38000 6.826923076923077 0.21875
40000 6.903846153846154 0.3125
42000 7.038461538461538 0.3125
44000 6.884615384615385 0.25
46000 6.826923076923077 0.234375
48000 7.153846153846154 0.1875
50000 6.826923076923077 0.3125
52000 7.1923076923076925 0.359375
54000 7.153846153846154 0.28125
56000 7.153846153846154 0.25
58000 7.153846153846154 0.1875
60000 6.923076923076923 0.328125
62000 6.9423076923076925 0.34375
64000 6.980769230769231 0.25
66000 6.9423076923076925 0.25
68000 6.846153846153846 0.203125
70000 6.9423076923076925 0.21875
72000 6.884615384615385 0.296875
74000 6.884615384615385 0.390625
76000 6.884615384615385 0.1875
78000 6.9423076923076925 0.171875
80000 6.961538461538462 0.1875
82000 7.038461538461538 0.296875
84000 7.096153846153846 0.390625
86000 7.0576923076923075 0.1875
88000 7.0576923076923075 0.25
90000 7.0576923076923075 0.234375
92000 7.0 0.28125
94000 6.884615384615385 0.375
96000 6.788461538461538 0.21875
98000 6.711538461538462 0.1875
100000 6.769230769230769 0.1875
102000 6.961538461538462 0.296875
104000 7.0 0.34375
106000 7.0 0.390625
108000 7.115384615384615 0.171875
110000 6.923076923076923 0.203125
112000 7.096153846153846 0.25
114000 6.9423076923076925 0.296875
116000 7.288461538461538 0.375
118000 7.096153846153846 0.21875
120000 6.865384615384615 0.296875
122000 7.0 0.3125
124000 7.096153846153846 0.25
126000 6.865384615384615 0.359375
128000 6.923076923076923 0.1875
130000 7.269230769230769 0.265625
132000 7.288461538461538 0.25
134000 7.269230769230769 0.21875
136000 7.0 0.25
138000 7.134615384615385 0.390625
140000 7.134615384615385 0.25
142000 7.365384615384615 0.234375
144000 7.326923076923077 0.203125
146000 7.153846153846154 0.234375
148000 7.0 0.390625
150000 7.1923076923076925 0.234375
152000 7.211538461538462 0.28125
154000 7.134615384615385 0.328125
156000 7.019230769230769 0.28125
158000 7.134615384615385 0.34375
160000 7.173076923076923 0.234375
162000 7.211538461538462 0.203125
164000 7.076923076923077 0.203125
166000 7.365384615384615 0.21875
168000 7.038461538461538 0.34375
170000 7.346153846153846 0.34375
172000 7.3076923076923075 0.1875
174000 7.384615384615385 0.1875
176000 7.211538461538462 0.25
178000 7.4423076923076925 0.296875
180000 7.4423076923076925 0.359375
182000 7.365384615384615 0.265625
184000 7.384615384615385 0.265625
186000 7.25 0.3125
188000 7.365384615384615 0.34375
190000 7.519230769230769 0.34375
192000 7.326923076923077 0.203125
194000 7.6923076923076925 0.21875
196000 7.403846153846154 0.265625
198000 7.365384615384615 0.265625
200000 7.153846153846154 0.296875
202000 7.288461538461538 0.40625
204000 7.596153846153846 0.265625
206000 7.615384615384615 0.21875
208000 7.384615384615385 0.203125
210000 7.403846153846154 0.28125
212000 7.4423076923076925 0.390625
214000 7.884615384615385 0.234375
216000 7.980769230769231 0.21875
218000 7.673076923076923 0.234375
220000 7.519230769230769 0.28125
222000 7.730769230769231 0.34375
224000 7.519230769230769 0.1875
226000 8.076923076923077 0.1875
228000 8.0 0.203125
230000 7.711538461538462 0.234375
232000 7.653846153846154 0.328125
234000 7.788461538461538 0.40625
236000 7.903846153846154 0.203125
238000 8.01923076923077 0.203125
240000 7.423076923076923 0.234375
242000 7.576923076923077 0.296875
244000 7.519230769230769 0.3125
246000 7.980769230769231 0.203125
248000 7.961538461538462 0.34375
250000 8.0 0.328125
252000 8.076923076923077 0.265625
254000 8.0 0.3125
256000 7.730769230769231 0.203125
258000 7.730769230769231 0.25
260000 7.865384615384615 0.203125
262000 8.057692307692308 0.203125
264000 7.884615384615385 0.34375
266000 7.653846153846154 0.34375
268000 7.865384615384615 0.265625
270000 7.903846153846154 0.1875
272000 7.980769230769231 0.203125
274000 7.9423076923076925 0.28125
276000 7.980769230769231 0.375
278000 7.730769230769231 0.203125
280000 7.865384615384615 0.21875
282000 7.980769230769231 0.265625
284000 7.8076923076923075 0.328125
286000 7.903846153846154 0.359375
288000 8.0 0.25
290000 7.769230769230769 0.203125
292000 8.0 0.28125
294000 8.0 0.265625
296000 7.865384615384615 0.34375
298000 8.01923076923077 0.4375
300000 7.961538461538462 0.28125
302000 7.980769230769231 0.28125
304000 7.846153846153846 0.203125
306000 7.769230769230769 0.28125
308000 7.9423076923076925 0.34375
310000 8.038461538461538 0.28125
312000 7.903846153846154 0.234375
314000 7.673076923076923 0.203125
316000 7.980769230769231 0.234375
318000 7.903846153846154 0.359375
320000 7.596153846153846 0.25
322000 7.884615384615385 0.1875
324000 8.153846153846153 0.265625
326000 8.134615384615385 0.203125
328000 8.01923076923077 0.328125
330000 7.884615384615385 0.4375
332000 7.980769230769231 0.203125
334000 7.980769230769231 0.1875
336000 8.076923076923077 0.25
338000 8.0 0.328125
340000 8.153846153846153 0.359375
342000 8.096153846153847 0.1875
344000 8.076923076923077 0.25
346000 8.057692307692308 0.234375
348000 8.01923076923077 0.25
350000 7.730769230769231 0.359375
352000 7.461538461538462 0.1875
354000 7.884615384615385 0.328125
356000 8.115384615384615 0.25
358000 8.096153846153847 0.1875
360000 7.8076923076923075 0.28125
362000 7.9423076923076925 0.40625
364000 7.826923076923077 0.25
366000 8.115384615384615 0.1875
368000 8.173076923076923 0.1875
370000 7.903846153846154 0.28125
372000 8.096153846153847 0.390625
374000 8.057692307692308 0.234375
376000 7.730769230769231 0.171875
378000 7.596153846153846 0.1875
380000 7.884615384615385 0.296875
382000 7.903846153846154 0.375
384000 7.903846153846154 0.1875
386000 8.038461538461538 0.171875
388000 8.038461538461538 0.1875
390000 7.788461538461538 0.328125
392000 8.307692307692308 0.296875
394000 8.096153846153847 0.40625
396000 8.076923076923077 0.375
398000 8.096153846153847 0.234375
400000 8.153846153846153 0.234375
402000 7.980769230769231 0.3125
404000 8.134615384615385 0.375
406000 8.0 0.25
408000 7.980769230769231 0.25
410000 8.057692307692308 0.234375
412000 7.8076923076923075 0.265625
414000 8.134615384615385 0.375
416000 8.096153846153847 0.1875
418000 7.884615384615385 0.265625
420000 7.884615384615385 0.234375
422000 7.653846153846154 0.28125
424000 7.788461538461538 0.3125
426000 8.0 0.390625
428000 7.980769230769231 0.234375
430000 7.884615384615385 0.265625
432000 8.076923076923077 0.234375
434000 8.115384615384615 0.28125
436000 7.884615384615385 0.375
438000 7.961538461538462 0.25
440000 7.865384615384615 0.203125
442000 7.8076923076923075 0.21875
444000 8.057692307692308 0.265625
446000 8.096153846153847 0.34375
448000 8.057692307692308 0.234375
450000 7.826923076923077 0.21875
452000 8.134615384615385 0.1875
454000 8.153846153846153 0.1875
456000 8.057692307692308 0.296875
458000 8.01923076923077 0.40625
460000 7.923076923076923 0.25
462000 7.961538461538462 0.203125
464000 7.903846153846154 0.203125
466000 7.75 0.28125
468000 7.673076923076923 0.40625
470000 7.8076923076923075 0.234375
472000 7.865384615384615 0.203125
474000 7.865384615384615 0.171875
476000 7.923076923076923 0.234375
478000 7.884615384615385 0.375
480000 8.057692307692308 0.21875
482000 7.9423076923076925 0.1875
484000 7.923076923076923 0.203125
486000 8.0 0.21875
488000 7.923076923076923 0.34375
490000 7.903846153846154 0.40625
492000 7.903846153846154 0.1875
494000 7.903846153846154 0.203125
496000 7.788461538461538 0.1875
498000 7.8076923076923075 0.296875
500000 7.826923076923077 0.375
