2000 0.19230769230769232 0.078125
4000 0.3076923076923077 0.09375
6000 0.3269230769230769 0.125
8000 0.5384615384615384 0.109375
10000 0.7692307692307693 0.53125
12000 0.8269230769230769 0.125
14000 0.9615384615384616 0.140625
16000 0.9615384615384616 0.109375
18000 0.9615384615384616 0.125
20000 1.0576923076923077 0.125
22000 1.0961538461538463 0.140625
24000 1.1346153846153846 0.140625
26000 1.1730769230769231 0.140625
28000 1.2307692307692308 0.1875
30000 1.2115384615384615 0.140625
32000 1.2692307692307692 0.171875
34000 1.3269230769230769 0.203125
36000 1.4423076923076923 0.171875
38000 1.4038461538461537 0.1875
40000 1.3653846153846154 0.1875
42000 1.3846153846153846 0.1875
44000 1.3269230769230769 0.171875
46000 1.3846153846153846 0.15625
48000 1.3653846153846154 0.171875
50000 1.4807692307692308 0.1875
52000 1.75 0.171875
54000 2.1346153846153846 0.203125
56000 2.423076923076923 0.171875
58000 3.1346153846153846 0.1875
60000 3.230769230769231 0.1875
62000 3.5576923076923075 0.171875
64000 3.673076923076923 0.15625
66000 3.4615384615384617 0.171875
68000 3.576923076923077 0.1875
70000 3.6538461538461537 0.171875
72000 3.6923076923076925 0.171875
74000 3.673076923076923 0.1875
76000 3.8461538461538463 0.1875
78000 3.923076923076923 0.203125
80000 3.980769230769231 0.203125
82000 4.634615384615385 0.171875
84000 5.096153846153846 0.1875
86000 5.096153846153846 0.203125
88000 5.346153846153846 0.171875
90000 5.769230769230769 0.1875
92000 6.8076923076923075 0.203125
94000 6.961538461538462 0.21875
96000 7.519230769230769 0.1875
98000 7.519230769230769 0.203125
100000 7.596153846153846 0.21875
102000 7.673076923076923 0.203125
104000 7.5576923076923075 0.171875
106000 7.5576923076923075 0.265625
108000 7.615384615384615 0.203125
110000 7.673076923076923 0.1875
112000 7.423076923076923 0.203125
114000 7.596153846153846 0.21875
116000 7.75 0.203125
118000 7.653846153846154 0.203125
120000 7.826923076923077 0.203125
122000 7.884615384615385 0.234375
124000 7.903846153846154 0.25
126000 7.634615384615385 0.25
128000 7.596153846153846 0.25
130000 7.423076923076923 0.21875
132000 7.5 0.203125
134000 7.634615384615385 0.21875
136000 7.711538461538462 0.203125
138000 7.788461538461538 0.234375
140000 7.788461538461538 0.234375
142000 7.769230769230769 0.234375
144000 7.6923076923076925 0.21875
146000 7.6923076923076925 0.21875
148000 7.673076923076923 0.1875
150000 7.730769230769231 0.21875
152000 7.673076923076923 0.21875
154000 7.769230769230769 0.1875
156000 7.903846153846154 0.234375
158000 7.9423076923076925 0.234375
160000 7.9423076923076925 0.265625
162000 7.75 0.203125
164000 7.788461538461538 0.234375
166000 7.673076923076923 0.234375
168000 7.538461538461538 0.234375
170000 7.826923076923077 0.203125
172000 7.826923076923077 0.21875
174000 7.9423076923076925 0.21875
176000 7.634615384615385 0.25
178000 7.711538461538462 0.265625
180000 7.923076923076923 0.234375
182000 7.846153846153846 0.25
184000 7.769230769230769 0.25
186000 7.788461538461538 0.203125
188000 7.730769230769231 0.25
190000 7.711538461538462 0.234375
192000 7.711538461538462 0.25
194000 7.8076923076923075 0.296875
196000 7.769230769230769 0.21875
198000 7.826923076923077 0.234375
200000 7.884615384615385 0.265625
202000 7.923076923076923 0.21875
204000 7.769230769230769 0.25
206000 7.980769230769231 0.21875
208000 7.788461538461538 0.21875
210000 7.923076923076923 0.234375
212000 7.634615384615385 0.21875
214000 7.961538461538462 0.21875
216000 7.634615384615385 0.21875
218000 7.8076923076923075 0.203125
220000 7.826923076923077 0.234375
222000 7.923076923076923 0.234375
224000 7.788461538461538 0.265625
226000 7.769230769230769 0.203125
228000 7.865384615384615 0.25
230000 7.673076923076923 0.21875
232000 7.769230769230769 0.234375
234000 7.711538461538462 0.234375
236000 7.6923076923076925 0.21875
238000 7.673076923076923 0.21875
240000 7.769230769230769 0.234375
242000 7.6923076923076925 0.234375
244000 7.846153846153846 0.21875
246000 7.8076923076923075 0.1875
248000 7.653846153846154 0.234375
250000 7.6923076923076925 0.25
252000 7.826923076923077 0.234375
254000 8.01923076923077 0.265625
256000 8.01923076923077 0.21875
258000 7.8076923076923075 0.203125
260000 7.903846153846154 0.234375
262000 7.8076923076923075 0.234375
264000 7.980769230769231 0.21875
266000 7.9423076923076925 0.234375
268000 7.9423076923076925 0.25
270000 7.9423076923076925 0.21875
272000 7.980769230769231 0.25
274000 8.057692307692308 0.21875
276000 8.01923076923077 0.203125
278000 7.923076923076923 0.203125
280000 7.980769230769231 0.21875
282000 7.884615384615385 0.21875
284000 7.8076923076923075 0.234375
286000 7.884615384615385 0.265625
288000 8.038461538461538 0.265625
290000 7.961538461538462 0.25
292000 8.057692307692308 0.28125
294000 7.9423076923076925 0.28125
296000 7.884615384615385 0.234375
298000 7.903846153846154 0.25
300000 7.846153846153846 0.21875
302000 7.826923076923077 0.21875
304000 7.865384615384615 0.21875
306000 7.923076923076923 0.234375
308000 7.980769230769231 0.203125
310000 8.076923076923077 0.265625
312000 8.076923076923077 0.203125
314000 7.961538461538462 0.25
316000 8.038461538461538 0.21875
318000 7.980769230769231 0.1875
320000 8.096153846153847 0.21875
322000 8.096153846153847 0.21875
324000 8.096153846153847 0.25
326000 8.076923076923077 0.25
328000 8.057692307692308 0.265625
330000 8.057692307692308 0.25
332000 8.057692307692308 0.21875
334000 8.057692307692308 0.234375
336000 7.980769230769231 0.265625
338000 7.961538461538462 0.296875
340000 8.038461538461538 0.21875
342000 8.038461538461538 0.21875
344000 8.0 0.21875
346000 7.980769230769231 0.203125
348000 7.980769230769231 0.21875
350000 8.0 0.234375
352000 8.057692307692308 0.234375
354000 8.01923076923077 0.21875
356000 8.038461538461538 0.234375
358000 8.057692307692308 0.234375
360000 8.01923076923077 0.21875
362000 8.057692307692308 0.234375
364000 8.038461538461538 0.203125
366000 8.057692307692308 0.234375
368000 8.057692307692308 0.234375
370000 8.057692307692308 0.234375
372000 8.057692307692308 0.234375
374000 8.076923076923077 0.234375
376000 7.9423076923076925 0.25
378000 8.038461538461538 0.234375
380000 8.057692307692308 0.234375
382000 8.076923076923077 0.21875
384000 8.076923076923077 0.25
386000 8.076923076923077 0.203125
388000 7.903846153846154 0.234375
390000 7.884615384615385 0.203125
392000 7.846153846153846 0.265625
394000 7.846153846153846 0.25
396000 7.9423076923076925 0.203125
398000 8.057692307692308 0.234375
400000 8.057692307692308 0.265625
402000 8.0 0.234375
404000 7.9423076923076925 0.234375
406000 8.057692307692308 0.25
408000 8.057692307692308 0.265625
410000 8.01923076923077 0.25
412000 8.01923076923077 0.203125
414000 8.0 0.21875
416000 8.01923076923077 0.234375
418000 8.01923076923077 0.25
420000 8.01923076923077 0.21875
422000 8.0 0.203125
424000 8.01923076923077 0.21875
426000 8.01923076923077 0.203125
428000 8.01923076923077 0.21875
430000 8.01923076923077 0.234375
432000 8.057692307692308 0.21875
434000 8.01923076923077 0.21875
436000 8.01923076923077 0.21875
438000 8.057692307692308 0.21875
440000 8.01923076923077 0.25
442000 8.0 0.1875
444000 8.0 0.1875
446000 8.0 0.21875
448000 8.0 0.234375
450000 8.057692307692308 0.234375
452000 8.057692307692308 0.21875
454000 8.038461538461538 0.1875
456000 8.038461538461538 0.203125
458000 8.01923076923077 0.203125
460000 8.01923076923077 0.203125
462000 7.903846153846154 0.21875
464000 7.961538461538462 0.203125
466000 8.01923076923077 0.21875
468000 8.076923076923077 0.203125
470000 7.884615384615385 0.203125
472000 7.980769230769231 0.234375
474000 8.01923076923077 0.234375
476000 8.01923076923077 0.21875
478000 7.961538461538462 0.203125
480000 7.961538461538462 0.21875
482000 7.961538461538462 0.234375
484000 7.865384615384615 0.25
486000 7.903846153846154 0.21875
488000 7.903846153846154 0.21875
490000 7.980769230769231 0.234375
492000 7.980769230769231 0.25
494000 8.0 0.203125
496000 8.115384615384615 0.140625
498000 8.115384615384615 0.140625
500000 8.115384615384615 0.203125
