2000 0.5961538461538461 0.34375
4000 0.9038461538461539 0.328125
6000 2.8076923076923075 0.34375
8000 6.25 0.328125
10000 6.615384615384615 0.484375
12000 6.884615384615385 0.3125
14000 7.1923076923076925 0.296875
16000 7.211538461538462 0.390625
18000 7.019230769230769 0.3125
20000 7.0576923076923075 0.421875
22000 7.019230769230769 0.328125
24000 6.961538461538462 0.3125
26000 7.096153846153846 0.3125
28000 7.019230769230769 0.34375
30000 7.076923076923077 0.4375
32000 7.076923076923077 0.3125
34000 7.076923076923077 0.328125
36000 7.115384615384615 0.3125
38000 7.173076923076923 0.3125
40000 7.019230769230769 0.34375
42000 6.153846153846154 0.40625
44000 6.9423076923076925 0.390625
46000 7.211538461538462 0.3125
48000 7.096153846153846 0.296875
50000 7.153846153846154 0.375
52000 7.153846153846154 0.375
54000 7.173076923076923 0.328125
56000 7.1923076923076925 0.328125
58000 7.269230769230769 0.34375
60000 7.384615384615385 0.328125
62000 7.346153846153846 0.40625
64000 7.173076923076923 0.328125
66000 6.884615384615385 0.359375
68000 7.076923076923077 0.3125
70000 6.884615384615385 0.296875
72000 7.134615384615385 0.3125
74000 7.346153846153846 0.46875
76000 7.346153846153846 0.3125
78000 7.288461538461538 0.328125
80000 7.153846153846154 0.34375
82000 7.288461538461538 0.359375
84000 7.115384615384615 0.46875
86000 7.173076923076923 0.296875
88000 7.269230769230769 0.296875
90000 7.673076923076923 0.34375
92000 7.5576923076923075 0.359375
94000 7.365384615384615 0.4375
96000 7.576923076923077 0.40625
98000 7.576923076923077 0.3125
100000 7.596153846153846 0.375
102000 7.538461538461538 0.375
104000 7.5 0.34375
106000 7.403846153846154 0.515625
108000 7.596153846153846 0.296875
110000 7.5 0.4375
112000 7.423076923076923 0.328125
114000 7.673076923076923 0.296875
116000 7.519230769230769 0.515625
118000 7.5 0.3125
120000 7.5 0.4375
122000 7.4423076923076925 0.28125
124000 7.673076923076923 0.328125
126000 7.75 0.390625
128000 7.5576923076923075 0.40625
130000 7.673076923076923 0.34375
132000 7.634615384615385 0.359375
134000 7.5576923076923075 0.296875
136000 7.596153846153846 0.328125
138000 7.634615384615385 0.484375
140000 7.480769230769231 0.375
142000 7.634615384615385 0.28125
144000 7.673076923076923 0.390625
146000 7.6923076923076925 0.3125
148000 7.615384615384615 0.484375
150000 7.711538461538462 0.34375
152000 7.653846153846154 0.375
154000 7.519230769230769 0.296875
156000 7.576923076923077 0.421875
158000 7.634615384615385 0.40625
160000 7.673076923076923 0.34375
162000 7.711538461538462 0.421875
164000 7.5576923076923075 0.34375
166000 7.653846153846154 0.359375
168000 7.423076923076923 0.375
170000 7.634615384615385 0.5
172000 7.615384615384615 0.296875
174000 7.6923076923076925 0.453125
176000 7.596153846153846 0.328125
178000 7.75 0.34375
180000 7.615384615384615 0.53125
182000 7.653846153846154 0.3125
184000 7.5 0.34375
186000 7.615384615384615 0.34375
188000 7.634615384615385 0.40625
190000 7.384615384615385 0.4375
192000 7.403846153846154 0.296875
194000 7.5 0.375
196000 7.4423076923076925 0.28125
198000 7.5 0.34375
200000 7.5 0.421875
202000 7.4423076923076925 0.546875
204000 7.4423076923076925 0.40625
206000 7.5 0.359375
208000 7.634615384615385 0.578125
210000 7.576923076923077 0.34375
212000 7.730769230769231 0.46875
214000 7.461538461538462 0.296875
216000 7.673076923076923 0.3125
218000 7.576923076923077 0.328125
220000 7.615384615384615 0.296875
222000 7.480769230769231 0.40625
224000 7.673076923076923 0.34375
226000 7.634615384615385 0.34375
228000 7.615384615384615 0.34375
230000 7.423076923076923 0.3125
232000 7.653846153846154 0.359375
234000 7.730769230769231 0.5
236000 7.596153846153846 0.34375
238000 7.596153846153846 0.34375
240000 7.8076923076923075 0.328125
242000 7.5576923076923075 0.28125
244000 7.730769230769231 0.46875
246000 7.75 0.296875
248000 7.5 0.359375
250000 7.461538461538462 0.4375
252000 7.5 0.359375
254000 7.576923076923077 0.421875
256000 7.596153846153846 0.3125
258000 7.615384615384615 0.46875
260000 7.423076923076923 0.515625
262000 7.5 0.375
264000 7.596153846153846 0.40625
266000 7.480769230769231 0.53125
268000 7.576923076923077 0.328125
270000 7.461538461538462 0.34375
272000 7.461538461538462 0.4375
274000 7.5576923076923075 0.46875
276000 7.5576923076923075 0.484375
278000 7.615384615384615 0.328125
280000 7.711538461538462 0.328125
282000 8.115384615384615 0.5
284000 7.980769230769231 0.40625
286000 8.153846153846153 0.359375
288000 8.192307692307692 0.375
290000 7.980769230769231 0.375
292000 7.75 0.328125
294000 8.0 0.390625
296000 7.980769230769231 0.40625
298000 7.826923076923077 0.484375
300000 7.826923076923077 0.359375
302000 7.8076923076923075 0.390625
304000 8.038461538461538 0.375
306000 8.01923076923077 0.296875
308000 7.846153846153846 0.46875
310000 8.23076923076923 0.21875
312000 8.153846153846153 0.34375
314000 8.192307692307692 0.328125
316000 8.26923076923077 0.3125
318000 8.038461538461538 0.4375
320000 8.076923076923077 0.34375
322000 8.192307692307692 0.359375
324000 8.153846153846153 0.40625
326000 7.980769230769231 0.28125
328000 8.057692307692308 0.40625
330000 7.538461538461538 0.46875
332000 7.769230769230769 0.421875
334000 8.25 0.328125
336000 8.057692307692308 0.375
338000 8.038461538461538 0.3125
340000 8.153846153846153 0.375
342000 8.096153846153847 0.359375
344000 8.038461538461538 0.359375
346000 8.153846153846153 0.28125
348000 8.096153846153847 0.296875
350000 8.038461538461538 0.453125
352000 8.23076923076923 0.296875
354000 8.153846153846153 0.3125
356000 8.115384615384615 0.3125
358000 8.23076923076923 0.34375
360000 7.923076923076923 0.4375
362000 8.192307692307692 0.53125
364000 8.25 0.3125
366000 8.153846153846153 0.296875
368000 8.26923076923077 0.390625
370000 8.115384615384615 0.3125
372000 7.75 0.46875
374000 7.9423076923076925 0.3125
376000 8.096153846153847 0.3125
378000 7.923076923076923 0.328125
380000 8.115384615384615 0.34375
382000 8.173076923076923 0.453125
384000 8.25 0.390625
386000 7.596153846153846 0.3125
388000 8.038461538461538 0.28125
390000 8.25 0.34375
392000 8.0 0.375
394000 8.26923076923077 0.453125
396000 7.980769230769231 0.28125
398000 8.211538461538462 0.3125
400000 8.173076923076923 0.28125
402000 8.096153846153847 0.3125
404000 7.923076923076923 0.40625
406000 7.903846153846154 0.359375
408000 8.038461538461538 0.34375
410000 8.23076923076923 0.421875
412000 8.038461538461538 0.265625
414000 8.076923076923077 0.4375
416000 8.211538461538462 0.296875
418000 8.115384615384615 0.421875
420000 8.038461538461538 0.5625
422000 8.153846153846153 0.453125
424000 8.01923076923077 0.375
426000 7.980769230769231 0.46875
428000 8.096153846153847 0.40625
430000 8.057692307692308 0.390625
432000 8.134615384615385 0.40625
434000 8.307692307692308 0.421875
436000 7.903846153846154 0.5625
438000 7.961538461538462 0.390625
440000 8.057692307692308 0.484375
442000 8.211538461538462 0.390625
444000 8.26923076923077 0.359375
446000 8.192307692307692 0.53125
448000 8.076923076923077 0.375
450000 8.01923076923077 0.53125
452000 8.173076923076923 0.28125
454000 8.01923076923077 0.390625
456000 8.192307692307692 0.421875
458000 8.365384615384615 0.484375
460000 8.25 0.34375
462000 8.134615384615385 0.25
464000 8.01923076923077 0.390625
466000 8.23076923076923 0.34375
468000 8.057692307692308 0.484375
470000 8.115384615384615 0.359375
472000 8.346153846153847 0.484375
474000 8.26923076923077 0.390625
476000 8.192307692307692 0.359375
478000 8.173076923076923 0.515625
480000 8.288461538461538 0.34375
482000 8.423076923076923 0.265625
484000 8.153846153846153 0.28125
486000 8.153846153846153 0.5
488000 8.153846153846153 0.390625
490000 8.115384615384615 0.5
492000 8.192307692307692 0.546875
494000 7.961538461538462 0.28125
496000 8.038461538461538 0.25
498000 8.038461538461538 0.28125
500000 7.980769230769231 0.328125
