2000 0.9807692307692307 0.953125
4000 1.1153846153846154 0.75
6000 1.3653846153846154 0.859375
8000 2.2115384615384617 0.734375
10000 5.0 0.9375
12000 5.826923076923077 0.828125
14000 7.1923076923076925 0.671875
16000 7.153846153846154 0.734375
18000 7.115384615384615 1.234375
20000 7.1923076923076925 1.28125
22000 7.1923076923076925 1.21875
24000 7.230769230769231 1.359375
26000 7.269230769230769 1.1875
28000 6.923076923076923 1.09375
30000 7.25 1.15625
32000 7.326923076923077 0.75
34000 6.903846153846154 0.734375
36000 6.884615384615385 0.890625
38000 7.903846153846154 0.671875
40000 7.826923076923077 0.71875
42000 7.8076923076923075 0.890625
44000 7.903846153846154 0.875
46000 7.865384615384615 0.6875
48000 7.865384615384615 0.75
50000 8.01923076923077 0.78125
52000 7.711538461538462 0.828125
54000 8.038461538461538 0.6875
56000 8.0 0.671875
58000 8.076923076923077 0.75
60000 8.01923076923077 0.765625
62000 7.9423076923076925 0.78125
64000 7.903846153846154 0.71875
66000 8.0 0.671875
68000 7.3076923076923075 0.78125
70000 8.038461538461538 0.765625
72000 7.980769230769231 0.75
74000 7.826923076923077 0.90625
76000 7.903846153846154 1.0625
78000 7.673076923076923 0.6875
80000 7.653846153846154 0.75
82000 7.461538461538462 0.96875
84000 8.0 0.859375
86000 7.326923076923077 0.765625
88000 7.423076923076923 1.0
90000 7.788461538461538 0.75
92000 7.826923076923077 0.6875
94000 8.038461538461538 0.734375
96000 8.038461538461538 0.734375
98000 7.980769230769231 0.703125
100000 6.8076923076923075 0.734375
102000 7.884615384615385 0.828125
104000 7.346153846153846 0.828125
106000 7.730769230769231 1.09375
108000 7.673076923076923 1.03125
110000 8.192307692307692 0.828125
112000 7.173076923076923 0.734375
114000 7.884615384615385 1.03125
116000 7.769230769230769 0.765625
118000 7.903846153846154 0.78125
120000 8.038461538461538 1.078125
122000 7.5576923076923075 0.96875
124000 7.865384615384615 0.703125
126000 7.730769230769231 1.015625
128000 7.596153846153846 0.953125
130000 7.826923076923077 0.75
132000 7.884615384615385 0.703125
134000 8.057692307692308 0.90625
136000 7.961538461538462 0.75
138000 8.115384615384615 1.21875
140000 8.134615384615385 0.765625
142000 7.865384615384615 0.703125
144000 8.096153846153847 0.984375
146000 8.115384615384615 0.84375
148000 7.961538461538462 0.84375
150000 7.903846153846154 0.859375
152000 8.057692307692308 1.0625
154000 7.980769230769231 0.71875
156000 7.538461538461538 0.71875
158000 8.096153846153847 0.9375
160000 7.461538461538462 0.78125
162000 7.730769230769231 0.9375
164000 7.711538461538462 0.84375
166000 8.115384615384615 0.875
168000 7.8076923076923075 0.71875
170000 8.038461538461538 0.890625
172000 7.923076923076923 0.78125
174000 8.01923076923077 0.84375
176000 7.884615384615385 0.828125
178000 8.0 0.828125
180000 7.961538461538462 0.71875
182000 8.076923076923077 0.984375
184000 8.0 1.0625
186000 7.365384615384615 0.734375
188000 7.673076923076923 0.71875
190000 7.903846153846154 0.75
192000 8.057692307692308 0.75
194000 8.134615384615385 0.765625
196000 7.480769230769231 1.0
198000 7.576923076923077 0.78125
200000 7.923076923076923 0.75
202000 7.980769230769231 0.890625
204000 8.038461538461538 0.8125
206000 8.115384615384615 0.765625
208000 7.846153846153846 0.796875
210000 7.903846153846154 0.703125
212000 7.961538461538462 1.125
214000 8.01923076923077 1.078125
216000 8.076923076923077 0.84375
218000 8.115384615384615 0.9375
220000 7.846153846153846 0.796875
222000 7.923076923076923 0.828125
224000 7.538461538461538 1.015625
226000 7.615384615384615 0.8125
228000 7.634615384615385 0.875
230000 7.923076923076923 1.03125
232000 7.846153846153846 0.890625
234000 7.730769230769231 1.34375
236000 8.01923076923077 1.40625
238000 7.596153846153846 1.0
240000 7.961538461538462 0.96875
242000 7.846153846153846 1.109375
244000 7.615384615384615 0.859375
246000 7.3076923076923075 0.71875
248000 7.923076923076923 0.9375
250000 8.038461538461538 0.828125
252000 8.096153846153847 1.265625
254000 7.961538461538462 1.203125
256000 8.115384615384615 1.1875
258000 7.846153846153846 1.0
260000 8.115384615384615 0.859375
262000 8.01923076923077 1.28125
264000 8.038461538461538 1.359375
266000 8.057692307692308 1.0
268000 8.211538461538462 0.96875
270000 8.326923076923077 0.875
272000 8.173076923076923 1.140625
274000 8.23076923076923 1.234375
276000 8.23076923076923 1.09375
278000 8.211538461538462 0.859375
280000 7.865384615384615 0.90625
282000 8.057692307692308 0.84375
284000 8.173076923076923 0.984375
286000 8.384615384615385 0.6875
288000 8.192307692307692 0.921875
290000 7.788461538461538 0.984375
292000 7.865384615384615 0.9375
294000 7.8076923076923075 0.890625
296000 8.038461538461538 0.890625
298000 7.903846153846154 0.90625
300000 8.192307692307692 0.734375
302000 7.980769230769231 0.96875
304000 7.980769230769231 0.90625
306000 8.153846153846153 0.75
308000 8.01923076923077 0.84375
310000 7.980769230769231 1.03125
312000 7.884615384615385 0.84375
314000 7.788461538461538 1.03125
316000 7.711538461538462 0.71875
318000 7.75 0.6875
320000 8.0 1.09375
322000 7.634615384615385 0.84375
324000 7.75 0.75
326000 8.01923076923077 1.21875
328000 7.865384615384615 0.828125
330000 8.134615384615385 1.15625
332000 7.769230769230769 0.875
334000 7.8076923076923075 0.890625
336000 7.653846153846154 0.765625
338000 7.423076923076923 1.3125
340000 7.634615384615385 1.015625
342000 8.038461538461538 1.15625
344000 8.096153846153847 1.1875
346000 8.096153846153847 0.75
348000 8.134615384615385 0.8125
350000 8.153846153846153 0.890625
352000 7.634615384615385 0.84375
354000 7.961538461538462 0.78125
356000 8.25 0.8125
358000 7.961538461538462 1.0625
360000 7.980769230769231 0.890625
362000 8.192307692307692 0.890625
364000 8.076923076923077 1.140625
366000 7.923076923076923 0.9375
368000 8.307692307692308 1.1875
370000 8.153846153846153 1.09375
372000 8.307692307692308 1.203125
374000 8.173076923076923 0.8125
376000 8.153846153846153 0.78125
378000 8.115384615384615 0.734375
380000 8.288461538461538 0.8125
382000 8.365384615384615 0.890625
384000 8.211538461538462 1.203125
386000 8.365384615384615 0.9375
388000 8.307692307692308 0.796875
390000 8.038461538461538 1.03125
392000 8.211538461538462 0.828125
394000 8.403846153846153 1.09375
396000 8.442307692307692 0.890625
398000 8.173076923076923 0.921875
400000 8.153846153846153 0.90625
402000 8.442307692307692 1.203125
404000 8.211538461538462 0.828125
406000 8.288461538461538 0.6875
408000 8.153846153846153 0.703125
410000 8.23076923076923 0.734375
412000 8.153846153846153 0.78125
414000 8.096153846153847 0.765625
416000 8.173076923076923 0.734375
418000 7.980769230769231 0.703125
420000 8.288461538461538 0.71875
422000 8.384615384615385 0.75
424000 8.461538461538462 0.875
426000 8.25 0.9375
428000 8.346153846153847 0.6875
430000 8.307692307692308 0.953125
432000 8.346153846153847 0.75
434000 8.173076923076923 0.75
436000 8.25 1.0
438000 8.461538461538462 0.734375
440000 8.346153846153847 0.65625
442000 8.25 0.734375
444000 8.25 0.734375
446000 8.365384615384615 0.671875
448000 8.461538461538462 0.96875
450000 8.192307692307692 0.75
452000 8.307692307692308 0.75
454000 8.365384615384615 0.734375
456000 8.538461538461538 0.734375
458000 8.288461538461538 0.875
460000 8.384615384615385 0.78125
462000 8.326923076923077 0.75
464000 8.307692307692308 0.75
466000 8.173076923076923 0.71875
468000 8.153846153846153 0.921875
470000 8.211538461538462 0.96875
472000 8.153846153846153 0.796875
474000 8.25 0.8125
476000 8.346153846153847 0.953125
478000 8.288461538461538 0.734375
480000 8.23076923076923 0.75
482000 8.192307692307692 1.0
484000 8.25 0.78125
486000 8.211538461538462 0.78125
488000 8.173076923076923 0.765625
490000 8.192307692307692 1.15625
492000 8.307692307692308 0.40625
494000 8.365384615384615 0.421875
496000 8.384615384615385 0.4375
498000 8.384615384615385 0.796875
500000 8.384615384615385 0.578125
