2000 0.9230769230769231 0.453125
4000 0.9423076923076923 0.5
6000 1.0384615384615385 0.453125
8000 1.1730769230769231 0.46875
10000 1.4807692307692308 0.515625
12000 1.3076923076923077 0.484375
14000 1.3076923076923077 0.484375
16000 1.3653846153846154 0.59375
18000 1.4230769230769231 0.5625
20000 1.4038461538461537 0.484375
22000 1.8269230769230769 0.515625
24000 1.9615384615384615 0.5
26000 5.423076923076923 0.515625
28000 6.576923076923077 0.53125
30000 6.980769230769231 0.546875
32000 6.596153846153846 0.515625
34000 6.923076923076923 0.59375
36000 7.0576923076923075 0.546875
38000 6.980769230769231 0.578125
40000 6.980769230769231 0.515625
42000 7.115384615384615 0.5
44000 6.980769230769231 0.578125
46000 7.0576923076923075 0.5625
48000 7.134615384615385 0.609375
50000 7.134615384615385 0.5
52000 7.153846153846154 0.578125
54000 7.096153846153846 0.53125
56000 7.153846153846154 0.53125
58000 7.230769230769231 0.546875
60000 7.269230769230769 0.5625
62000 7.269230769230769 0.5625
64000 7.269230769230769 0.59375
66000 7.153846153846154 0.53125
68000 7.269230769230769 0.5625
70000 7.461538461538462 0.515625
72000 7.615384615384615 0.53125
74000 7.865384615384615 0.5625
76000 7.846153846153846 0.578125
78000 7.711538461538462 0.578125
80000 7.884615384615385 0.71875
82000 7.884615384615385 0.703125
84000 7.788461538461538 0.671875
86000 7.8076923076923075 0.65625
88000 7.615384615384615 0.609375
90000 7.923076923076923 0.640625
92000 7.980769230769231 0.6875
94000 8.057692307692308 0.640625
96000 8.038461538461538 0.671875
98000 7.961538461538462 0.5625
100000 8.115384615384615 0.5
102000 7.769230769230769 0.578125
104000 7.769230769230769 0.53125
106000 7.903846153846154 0.515625
108000 7.596153846153846 0.609375
110000 7.980769230769231 0.5625
112000 7.865384615384615 0.546875
114000 7.980769230769231 0.546875
116000 8.153846153846153 0.5625
118000 8.192307692307692 0.546875
120000 7.788461538461538 0.5
122000 8.26923076923077 0.546875
124000 8.326923076923077 0.578125
126000 8.288461538461538 0.484375
128000 8.076923076923077 0.59375
130000 8.153846153846153 0.5625
132000 8.173076923076923 0.53125
134000 8.0 0.5625
136000 8.326923076923077 0.578125
138000 8.25 0.53125
140000 8.211538461538462 0.5625
142000 8.115384615384615 0.484375
144000 8.326923076923077 0.578125
146000 8.326923076923077 0.5625
148000 8.25 0.703125
150000 8.288461538461538 0.703125
152000 8.384615384615385 0.65625
154000 7.788461538461538 0.640625
156000 8.25 0.640625
158000 7.576923076923077 0.6875
160000 8.26923076923077 0.640625
162000 8.038461538461538 0.671875
164000 8.307692307692308 0.640625
166000 8.25 0.640625
168000 7.576923076923077 0.625
170000 7.653846153846154 0.65625
172000 8.288461538461538 0.625
174000 8.26923076923077 0.625
176000 8.173076923076923 0.65625
178000 8.096153846153847 0.65625
180000 8.057692307692308 0.640625
182000 8.23076923076923 0.640625
184000 7.884615384615385 0.609375
186000 8.153846153846153 0.640625
188000 8.211538461538462 0.703125
190000 8.01923076923077 0.625
192000 8.076923076923077 0.625
194000 7.865384615384615 0.625
196000 8.211538461538462 0.5625
198000 8.25 0.578125
200000 8.326923076923077 0.546875
202000 8.25 0.65625
204000 8.211538461538462 0.546875
206000 8.25 0.609375
208000 8.211538461538462 0.546875
210000 8.211538461538462 0.546875
212000 8.134615384615385 0.53125
214000 8.076923076923077 0.5625
216000 8.153846153846153 0.5625
218000 8.442307692307692 0.515625
220000 8.115384615384615 0.546875
222000 8.23076923076923 0.484375
224000 8.288461538461538 0.53125
226000 8.307692307692308 0.5
228000 8.134615384615385 0.53125
230000 8.057692307692308 0.546875
232000 8.173076923076923 0.53125
234000 8.23076923076923 0.515625
236000 8.173076923076923 0.484375
238000 8.211538461538462 0.5
240000 8.134615384615385 0.53125
242000 8.076923076923077 0.5
244000 8.288461538461538 0.578125
246000 8.365384615384615 0.578125
248000 8.384615384615385 0.515625
250000 8.26923076923077 0.5
252000 8.134615384615385 0.515625
254000 8.211538461538462 0.515625
256000 8.326923076923077 0.5625
258000 7.634615384615385 0.5625
260000 8.115384615384615 0.546875
262000 8.538461538461538 0.328125
264000 8.326923076923077 0.359375
266000 8.076923076923077 0.34375
268000 8.25 0.34375
270000 8.173076923076923 0.328125
272000 8.211538461538462 0.3125
274000 8.057692307692308 0.3125
276000 8.211538461538462 0.3125
278000 8.173076923076923 0.3125
280000 8.307692307692308 0.34375
282000 7.9423076923076925 0.3125
284000 7.961538461538462 0.3125
286000 8.23076923076923 0.296875
288000 7.9423076923076925 0.3125
290000 7.961538461538462 0.3125
292000 8.01923076923077 0.3125
294000 8.096153846153847 0.359375
296000 8.326923076923077 0.3125
298000 8.48076923076923 0.3125
300000 8.596153846153847 0.3125
302000 8.346153846153847 0.3125
304000 8.038461538461538 0.296875
306000 8.288461538461538 0.328125
308000 8.384615384615385 0.3125
310000 8.134615384615385 0.296875
312000 8.173076923076923 0.3125
314000 8.23076923076923 0.375
316000 8.384615384615385 0.3125
318000 8.557692307692308 0.328125
320000 8.403846153846153 0.296875
322000 8.365384615384615 0.453125
324000 8.076923076923077 0.421875
326000 8.25 0.390625
328000 8.173076923076923 0.40625
330000 8.25 0.40625
332000 8.326923076923077 0.46875
334000 8.288461538461538 0.390625
336000 8.01923076923077 0.390625
338000 8.365384615384615 0.390625
340000 8.192307692307692 0.4375
342000 8.326923076923077 0.390625
344000 8.153846153846153 0.453125
346000 7.980769230769231 0.4375
348000 8.23076923076923 0.40625
350000 8.115384615384615 0.4375
352000 8.326923076923077 0.453125
354000 8.076923076923077 0.375
356000 7.9423076923076925 0.390625
358000 8.173076923076923 0.515625
360000 8.096153846153847 0.46875
362000 8.057692307692308 0.46875
364000 8.096153846153847 0.53125
366000 8.057692307692308 0.53125
368000 7.923076923076923 0.484375
370000 8.115384615384615 0.46875
372000 8.173076923076923 0.453125
374000 8.288461538461538 0.5
376000 8.307692307692308 0.515625
378000 7.846153846153846 0.5
380000 8.134615384615385 0.484375
382000 8.288461538461538 0.46875
384000 8.307692307692308 0.546875
386000 8.173076923076923 0.5625
388000 8.134615384615385 0.515625
390000 7.769230769230769 0.515625
392000 8.076923076923077 0.515625
394000 8.23076923076923 0.53125
396000 8.25 0.5625
398000 8.557692307692308 0.53125
400000 8.326923076923077 0.5
402000 8.134615384615385 0.53125
404000 8.115384615384615 0.515625
406000 8.076923076923077 0.484375
408000 8.423076923076923 0.515625
410000 8.115384615384615 0.515625
412000 7.980769230769231 0.53125
414000 8.326923076923077 0.53125
416000 8.442307692307692 0.5
418000 8.288461538461538 0.5625
420000 8.288461538461538 0.515625
422000 8.076923076923077 0.484375
424000 8.173076923076923 0.515625
426000 8.173076923076923 0.484375
428000 8.346153846153847 0.484375
430000 8.384615384615385 0.5
432000 8.442307692307692 0.546875
434000 8.346153846153847 0.546875
436000 8.307692307692308 0.5
438000 8.23076923076923 0.53125
440000 8.01923076923077 0.484375
442000 8.076923076923077 0.484375
444000 8.23076923076923 0.46875
446000 8.211538461538462 0.53125
448000 8.23076923076923 0.5625
450000 8.307692307692308 0.546875
452000 8.288461538461538 0.53125
454000 8.307692307692308 0.53125
456000 8.211538461538462 0.53125
458000 8.211538461538462 0.5
460000 8.403846153846153 0.53125
462000 8.307692307692308 0.578125
464000 8.442307692307692 0.5625
466000 8.557692307692308 0.546875
468000 8.461538461538462 0.515625
470000 8.51923076923077 0.5
472000 8.365384615384615 0.5
474000 8.365384615384615 0.578125
476000 8.307692307692308 0.484375
478000 8.307692307692308 0.515625
480000 8.5 0.53125
482000 8.423076923076923 0.546875
484000 8.346153846153847 0.46875
486000 8.365384615384615 0.484375
488000 8.384615384615385 0.515625
490000 8.346153846153847 0.515625
492000 8.384615384615385 0.515625
494000 8.442307692307692 0.5625
496000 8.461538461538462 0.515625
498000 8.403846153846153 0.546875
500000 8.403846153846153 0.515625
