2000 1.1153846153846154 0.640625
4000 1.1923076923076923 0.671875
6000 1.1923076923076923 0.609375
8000 0.8269230769230769 0.640625
10000 0.6346153846153846 0.703125
12000 1.4615384615384615 0.625
14000 1.5 0.6875
16000 4.5576923076923075 0.65625
18000 5.0576923076923075 0.734375
20000 7.173076923076923 0.75
22000 7.173076923076923 0.609375
24000 7.173076923076923 0.671875
26000 7.634615384615385 0.859375
28000 7.615384615384615 0.75
30000 7.653846153846154 0.71875
32000 7.634615384615385 0.6875
34000 7.75 0.84375
36000 7.6923076923076925 0.75
38000 7.634615384615385 0.78125
40000 7.615384615384615 0.8125
42000 7.653846153846154 0.8125
44000 7.615384615384615 0.828125
46000 7.615384615384615 0.8125
48000 7.615384615384615 0.84375
50000 7.75 0.859375
52000 7.576923076923077 0.859375
54000 7.615384615384615 0.8125
56000 7.6923076923076925 0.890625
58000 7.75 0.828125
60000 7.6923076923076925 0.859375
62000 7.634615384615385 0.859375
64000 7.75 0.796875
66000 7.634615384615385 0.796875
68000 7.634615384615385 0.828125
70000 7.75 0.8125
72000 7.75 0.875
74000 7.75 0.84375
76000 7.653846153846154 0.859375
78000 7.653846153846154 0.828125
80000 7.653846153846154 0.84375
82000 7.653846153846154 0.859375
84000 7.653846153846154 0.828125
86000 7.653846153846154 0.84375
88000 7.75 0.765625
90000 7.730769230769231 0.796875
92000 7.75 0.796875
94000 7.596153846153846 0.765625
96000 7.711538461538462 0.875
98000 7.5576923076923075 0.796875
100000 7.653846153846154 0.828125
102000 7.6923076923076925 0.875
104000 7.75 0.75
106000 7.75 0.828125
108000 7.75 0.796875
110000 7.673076923076923 0.796875
112000 7.576923076923077 0.796875
114000 7.596153846153846 0.796875
116000 7.615384615384615 0.734375
118000 7.615384615384615 0.828125
120000 7.615384615384615 0.78125
122000 7.5576923076923075 0.5625
124000 7.634615384615385 0.53125
126000 7.634615384615385 0.59375
128000 7.711538461538462 0.515625
130000 7.634615384615385 0.515625
132000 7.3076923076923075 0.5
134000 7.519230769230769 0.515625
136000 7.6923076923076925 0.484375
138000 7.634615384615385 0.546875
140000 7.634615384615385 0.5
142000 7.596153846153846 0.578125
144000 7.653846153846154 0.578125
146000 7.634615384615385 0.515625
148000 7.5576923076923075 0.53125
150000 7.75 0.5625
152000 7.653846153846154 0.625
154000 7.653846153846154 0.625
156000 7.6923076923076925 0.65625
158000 7.653846153846154 0.625
160000 7.5 0.625
162000 7.673076923076923 0.65625
164000 7.673076923076923 0.609375
166000 7.673076923076923 0.609375
168000 7.615384615384615 0.625
170000 7.653846153846154 0.703125
172000 7.673076923076923 0.625
174000 7.653846153846154 0.640625
176000 7.653846153846154 0.65625
178000 7.615384615384615 0.640625
180000 7.673076923076923 0.765625
182000 7.673076923076923 0.6875
184000 7.423076923076923 0.625
186000 7.653846153846154 0.703125
188000 7.673076923076923 0.71875
190000 7.673076923076923 0.6875
192000 7.596153846153846 0.75
194000 7.673076923076923 0.78125
196000 7.673076923076923 0.90625
198000 7.673076923076923 0.734375
200000 7.673076923076923 0.703125
202000 7.673076923076923 0.71875
204000 7.4423076923076925 0.75
206000 7.673076923076923 0.75
208000 7.673076923076923 0.671875
210000 7.673076923076923 0.75
212000 7.673076923076923 0.703125
214000 7.673076923076923 0.765625
216000 7.653846153846154 0.78125
218000 7.673076923076923 0.734375
220000 7.673076923076923 0.734375
222000 7.673076923076923 0.78125
224000 7.673076923076923 0.734375
226000 7.653846153846154 0.78125
228000 7.673076923076923 0.75
230000 7.653846153846154 0.828125
232000 7.596153846153846 0.828125
234000 7.653846153846154 0.8125
236000 7.653846153846154 0.765625
238000 7.673076923076923 0.828125
240000 7.634615384615385 0.796875
242000 7.653846153846154 0.8125
244000 7.653846153846154 0.796875
246000 7.653846153846154 0.765625
248000 7.576923076923077 0.8125
250000 7.634615384615385 0.765625
252000 7.673076923076923 0.828125
254000 7.673076923076923 0.8125
256000 7.634615384615385 0.78125
258000 7.653846153846154 0.765625
260000 7.653846153846154 0.828125
262000 7.634615384615385 0.78125
264000 7.673076923076923 0.6875
266000 7.673076923076923 0.796875
268000 7.673076923076923 0.765625
270000 7.673076923076923 0.78125
272000 7.730769230769231 0.78125
274000 7.730769230769231 0.828125
276000 7.8076923076923075 0.734375
278000 7.730769230769231 0.78125
280000 7.769230769230769 0.71875
282000 7.75 0.765625
284000 7.8076923076923075 0.734375
286000 7.8076923076923075 0.796875
288000 7.884615384615385 0.765625
290000 7.788461538461538 0.78125
292000 7.711538461538462 0.8125
294000 7.846153846153846 0.78125
296000 7.826923076923077 0.8125
298000 7.846153846153846 0.796875
300000 7.846153846153846 0.71875
302000 7.884615384615385 0.828125
304000 7.884615384615385 0.71875
306000 7.884615384615385 0.71875
308000 7.903846153846154 0.734375
310000 7.923076923076923 0.734375
312000 7.980769230769231 0.671875
314000 8.01923076923077 0.734375
316000 8.115384615384615 0.75
318000 8.057692307692308 0.703125
320000 8.173076923076923 0.765625
322000 8.038461538461538 0.734375
324000 8.038461538461538 0.734375
326000 8.0 0.78125
328000 8.0 0.765625
330000 8.0 0.6875
332000 8.038461538461538 0.71875
334000 8.038461538461538 0.671875
336000 7.961538461538462 0.703125
338000 7.980769230769231 0.71875
340000 8.01923076923077 0.78125
342000 8.057692307692308 0.84375
344000 7.884615384615385 0.75
346000 8.057692307692308 0.765625
348000 7.6923076923076925 0.734375
350000 7.846153846153846 0.84375
352000 8.01923076923077 0.78125
354000 7.923076923076923 0.828125
356000 7.769230769230769 0.8125
358000 7.884615384615385 0.8125
360000 7.9423076923076925 0.734375
362000 7.9423076923076925 0.828125
364000 7.9423076923076925 0.828125
366000 8.038461538461538 0.765625
368000 8.0 0.859375
370000 8.076923076923077 0.78125
372000 7.8076923076923075 0.8125
374000 8.076923076923077 0.734375
376000 7.769230769230769 0.796875
378000 8.0 0.71875
380000 8.076923076923077 0.765625
382000 8.01923076923077 0.84375
384000 8.076923076923077 0.78125
386000 8.0 0.8125
388000 8.057692307692308 0.75
390000 8.057692307692308 0.796875
392000 8.01923076923077 0.796875
394000 7.980769230769231 0.78125
396000 8.076923076923077 0.703125
398000 8.057692307692308 0.6875
400000 8.038461538461538 0.75
402000 8.134615384615385 0.78125
404000 8.076923076923077 0.640625
406000 8.115384615384615 0.6875
408000 8.096153846153847 0.71875
410000 8.057692307692308 0.671875
412000 8.0 0.671875
414000 8.0 0.734375
416000 8.076923076923077 0.671875
418000 8.115384615384615 0.78125
420000 8.115384615384615 0.703125
422000 8.173076923076923 0.71875
424000 8.173076923076923 0.71875
426000 8.153846153846153 0.765625
428000 8.038461538461538 0.703125
430000 8.0 0.6875
432000 8.211538461538462 0.703125
434000 7.961538461538462 0.734375
436000 8.0 0.796875
438000 8.076923076923077 0.75
440000 8.096153846153847 0.828125
442000 8.096153846153847 0.78125
444000 8.096153846153847 0.796875
446000 8.134615384615385 0.734375
448000 8.134615384615385 0.796875
450000 8.038461538461538 0.796875
452000 8.0 0.796875
454000 8.057692307692308 0.8125
456000 8.326923076923077 0.828125
458000 8.288461538461538 0.765625
460000 7.923076923076923 0.828125
462000 8.25 0.765625
464000 8.038461538461538 0.75
466000 8.307692307692308 0.796875
468000 8.23076923076923 0.765625
470000 8.26923076923077 0.78125
472000 8.23076923076923 0.796875
474000 8.23076923076923 0.8125
476000 8.23076923076923 0.78125
478000 8.192307692307692 0.78125
480000 8.192307692307692 0.765625
482000 8.23076923076923 0.71875
484000 8.038461538461538 0.703125
486000 8.0 0.703125
488000 8.192307692307692 0.703125
490000 8.211538461538462 0.6875
492000 8.038461538461538 0.65625
494000 8.01923076923077 0.75
496000 8.26923076923077 0.65625
498000 8.288461538461538 0.671875
500000 8.288461538461538 0.703125
