2000 1.3461538461538463 0.578125
4000 6.423076923076923 0.59375
6000 6.826923076923077 0.609375
8000 6.826923076923077 0.625
10000 6.884615384615385 0.65625
12000 6.826923076923077 0.65625
14000 6.884615384615385 0.671875
16000 7.019230769230769 0.640625
18000 7.019230769230769 0.640625
20000 7.019230769230769 0.65625
22000 7.0 0.640625
24000 7.0 0.625
26000 7.0 0.671875
28000 7.0 0.75
30000 7.0 0.734375
32000 7.0 0.59375
34000 7.0576923076923075 0.75
36000 7.0576923076923075 0.6875
38000 7.0 0.6875
40000 7.0 0.703125
42000 7.0 0.6875
44000 7.0576923076923075 0.6875
46000 7.0 0.71875
48000 7.0576923076923075 0.703125
50000 6.8076923076923075 0.75
52000 7.076923076923077 0.75
54000 7.019230769230769 0.6875
56000 7.076923076923077 0.671875
58000 7.173076923076923 0.6875
60000 7.153846153846154 0.71875
62000 6.846153846153846 0.71875
64000 7.096153846153846 0.703125
66000 6.730769230769231 0.65625
68000 6.788461538461538 0.6875
70000 7.288461538461538 0.75
72000 7.134615384615385 0.734375
74000 7.461538461538462 0.796875
76000 7.538461538461538 0.828125
78000 7.4423076923076925 0.765625
80000 7.230769230769231 0.828125
82000 7.230769230769231 0.78125
84000 7.326923076923077 0.8125
86000 7.326923076923077 0.796875
88000 7.25 0.78125
90000 7.211538461538462 0.8125
92000 7.326923076923077 0.765625
94000 7.134615384615385 0.78125
96000 7.230769230769231 0.8125
98000 6.980769230769231 0.828125
100000 7.288461538461538 0.78125
102000 7.365384615384615 0.78125
104000 7.173076923076923 0.78125
106000 7.269230769230769 0.734375
108000 7.596153846153846 0.8125
110000 7.538461538461538 0.75
112000 7.423076923076923 0.765625
114000 7.288461538461538 0.84375
116000 7.326923076923077 0.796875
118000 7.461538461538462 0.84375
120000 7.384615384615385 0.78125
122000 7.596153846153846 0.765625
124000 7.730769230769231 0.75
126000 7.4423076923076925 0.78125
128000 7.423076923076923 0.828125
130000 7.596153846153846 0.78125
132000 7.634615384615385 0.828125
134000 7.461538461538462 0.875
136000 7.4423076923076925 0.84375
138000 7.519230769230769 0.75
140000 7.038461538461538 0.796875
142000 7.461538461538462 0.796875
144000 7.3076923076923075 0.828125
146000 7.346153846153846 0.71875
148000 7.288461538461538 0.78125
150000 7.1923076923076925 0.75
152000 7.211538461538462 0.71875
154000 7.269230769230769 0.71875
156000 7.3076923076923075 0.671875
158000 7.346153846153846 0.6875
160000 7.3076923076923075 0.734375
162000 7.5 0.6875
164000 7.519230769230769 0.703125
166000 7.5576923076923075 0.71875
168000 7.384615384615385 0.71875
170000 7.365384615384615 0.6875
172000 7.346153846153846 0.71875
174000 7.1923076923076925 0.6875
176000 7.346153846153846 0.703125
178000 7.346153846153846 0.71875
180000 7.365384615384615 0.703125
182000 7.384615384615385 0.765625
184000 7.3076923076923075 0.71875
186000 7.384615384615385 0.71875
188000 7.423076923076923 0.75
190000 7.5 0.8125
192000 7.423076923076923 0.734375
194000 7.076923076923077 0.78125
196000 7.576923076923077 0.765625
198000 7.538461538461538 0.84375
200000 7.5 0.75
202000 7.326923076923077 0.796875
204000 7.461538461538462 0.75
206000 7.480769230769231 0.796875
208000 7.346153846153846 0.765625
210000 7.230769230769231 0.78125
212000 7.5 0.765625
214000 7.576923076923077 0.84375
216000 7.403846153846154 0.8125
218000 7.346153846153846 0.671875
220000 7.480769230769231 0.765625
222000 7.3076923076923075 0.734375
224000 7.326923076923077 0.796875
226000 7.346153846153846 0.796875
228000 7.461538461538462 0.796875
230000 7.403846153846154 0.765625
232000 7.519230769230769 0.703125
234000 7.538461538461538 0.796875
236000 7.4423076923076925 0.75
238000 7.596153846153846 0.71875
240000 7.576923076923077 0.75
242000 7.5 0.796875
244000 7.5576923076923075 0.734375
246000 7.5 0.6875
248000 7.480769230769231 0.703125
250000 7.5 0.734375
252000 7.730769230769231 0.765625
254000 7.480769230769231 0.671875
256000 7.5576923076923075 0.6875
258000 7.519230769230769 0.71875
260000 7.384615384615385 0.75
262000 7.4423076923076925 0.671875
264000 7.5576923076923075 0.71875
266000 7.519230769230769 0.65625
268000 7.519230769230769 0.765625
270000 7.5 0.765625
272000 7.673076923076923 0.703125
274000 7.384615384615385 0.734375
276000 7.673076923076923 0.71875
278000 7.6923076923076925 0.75
280000 7.596153846153846 0.71875
282000 7.788461538461538 0.6875
284000 7.346153846153846 0.765625
286000 7.826923076923077 0.828125
288000 7.6923076923076925 0.75
290000 7.961538461538462 0.78125
292000 8.01923076923077 0.796875
294000 8.26923076923077 0.84375
296000 7.9423076923076925 0.734375
298000 7.615384615384615 0.765625
300000 8.057692307692308 0.703125
302000 7.826923076923077 0.75
304000 7.711538461538462 0.65625
306000 7.980769230769231 0.765625
308000 7.961538461538462 0.75
310000 7.961538461538462 0.796875
312000 8.173076923076923 0.78125
314000 8.057692307692308 0.78125
316000 8.0 0.890625
318000 7.673076923076923 0.8125
320000 7.923076923076923 0.828125
322000 7.6923076923076925 0.78125
324000 8.096153846153847 0.78125
326000 8.076923076923077 0.75
328000 8.01923076923077 0.796875
330000 7.769230769230769 0.71875
332000 7.788461538461538 0.65625
334000 7.826923076923077 0.765625
336000 8.057692307692308 0.734375
338000 8.096153846153847 0.71875
340000 7.846153846153846 0.71875
342000 7.788461538461538 0.6875
344000 8.0 0.75
346000 7.980769230769231 0.640625
348000 8.134615384615385 0.65625
350000 8.038461538461538 0.6875
352000 8.01923076923077 0.578125
354000 7.980769230769231 0.640625
356000 7.923076923076923 0.59375
358000 8.115384615384615 0.671875
360000 7.980769230769231 0.65625
362000 7.980769230769231 0.5625
364000 8.192307692307692 0.5
366000 8.192307692307692 0.640625
368000 7.75 0.6875
370000 7.923076923076923 0.625
372000 7.75 0.640625
374000 7.846153846153846 0.640625
376000 8.076923076923077 0.671875
378000 7.903846153846154 0.71875
380000 8.01923076923077 0.78125
382000 7.615384615384615 0.84375
384000 7.75 0.703125
386000 7.865384615384615 0.828125
388000 7.730769230769231 0.796875
390000 7.9423076923076925 0.71875
392000 7.923076923076923 0.8125
394000 8.096153846153847 0.734375
396000 7.923076923076923 0.71875
398000 8.153846153846153 0.75
400000 8.0 0.703125
402000 8.211538461538462 0.734375
404000 7.903846153846154 0.71875
406000 8.076923076923077 0.71875
408000 7.730769230769231 0.734375
410000 8.211538461538462 0.75
412000 8.173076923076923 0.859375
414000 8.057692307692308 0.8125
416000 7.8076923076923075 0.90625
418000 7.961538461538462 0.859375
420000 8.23076923076923 0.84375
422000 8.192307692307692 0.828125
424000 8.173076923076923 0.890625
426000 7.923076923076923 0.8125
428000 7.9423076923076925 0.828125
430000 7.961538461538462 0.8125
432000 8.153846153846153 0.8125
434000 8.134615384615385 0.859375
436000 8.153846153846153 0.84375
438000 8.134615384615385 0.796875
440000 8.096153846153847 0.90625
442000 8.057692307692308 0.8125
444000 8.01923076923077 0.6875
446000 8.038461538461538 0.75
448000 8.038461538461538 0.78125
450000 8.23076923076923 0.6875
452000 7.980769230769231 0.734375
454000 8.096153846153847 0.703125
456000 8.25 0.734375
458000 8.115384615384615 0.78125
460000 8.192307692307692 0.734375
462000 8.25 0.828125
464000 8.26923076923077 0.765625
466000 8.25 0.71875
468000 8.192307692307692 0.765625
470000 8.25 0.75
472000 8.192307692307692 0.78125
474000 8.134615384615385 0.71875
476000 8.192307692307692 0.703125
478000 8.173076923076923 0.828125
480000 8.23076923076923 0.84375
482000 8.26923076923077 0.8125
484000 8.26923076923077 0.8125
486000 8.211538461538462 0.859375
488000 8.173076923076923 0.828125
490000 8.23076923076923 0.796875
492000 8.173076923076923 0.890625
494000 8.23076923076923 0.828125
496000 8.211538461538462 0.78125
498000 8.211538461538462 0.8125
500000 8.25 0.84375
