2000 1.2692307692307692 0.46875
4000 6.096153846153846 0.375
6000 6.980769230769231 0.4375
8000 6.826923076923077 0.4375
10000 6.826923076923077 0.4375
12000 6.769230769230769 0.4375
14000 7.0 0.421875
16000 7.0 0.453125
18000 7.019230769230769 0.40625
20000 6.923076923076923 0.46875
22000 6.961538461538462 0.53125
24000 7.019230769230769 0.515625
26000 7.019230769230769 0.453125
28000 7.134615384615385 0.453125
30000 7.019230769230769 0.453125
32000 7.076923076923077 0.484375
34000 7.019230769230769 0.5
36000 7.096153846153846 0.546875
38000 7.115384615384615 0.46875
40000 7.115384615384615 0.515625
42000 7.019230769230769 0.5
44000 7.076923076923077 0.453125
46000 7.076923076923077 0.46875
48000 7.134615384615385 0.5
50000 7.134615384615385 0.53125
52000 7.115384615384615 0.5
54000 7.076923076923077 0.484375
56000 7.076923076923077 0.515625
58000 7.134615384615385 0.515625
60000 7.076923076923077 0.515625
62000 7.019230769230769 0.484375
64000 7.019230769230769 0.453125
66000 7.134615384615385 0.515625
68000 7.134615384615385 0.59375
70000 7.134615384615385 0.515625
72000 7.115384615384615 0.515625
74000 7.115384615384615 0.53125
76000 7.115384615384615 0.546875
78000 7.134615384615385 0.546875
80000 7.134615384615385 0.5625
82000 7.115384615384615 0.546875
84000 7.134615384615385 0.546875
86000 7.076923076923077 0.546875
88000 7.134615384615385 0.46875
90000 7.0576923076923075 0.546875
92000 7.173076923076923 0.53125
94000 7.096153846153846 0.53125
96000 6.980769230769231 0.46875
98000 6.9423076923076925 0.546875
100000 6.903846153846154 0.5625
102000 7.038461538461538 0.5
104000 7.038461538461538 0.546875
106000 7.153846153846154 0.484375
108000 7.134615384615385 0.5625
110000 7.153846153846154 0.484375
112000 6.980769230769231 0.515625
114000 7.1923076923076925 0.5
116000 7.038461538461538 0.5625
118000 7.038461538461538 0.5
120000 7.211538461538462 0.53125
122000 7.019230769230769 0.53125
124000 7.038461538461538 0.484375
126000 6.865384615384615 0.546875
128000 6.884615384615385 0.53125
130000 7.269230769230769 0.5
132000 6.903846153846154 0.5
134000 7.288461538461538 0.484375
136000 7.269230769230769 0.484375
138000 7.1923076923076925 0.546875
140000 7.076923076923077 0.4375
142000 7.25 0.53125
144000 7.3076923076923075 0.46875
146000 6.884615384615385 0.5
148000 7.038461538461538 0.484375
150000 7.269230769230769 0.484375
152000 7.326923076923077 0.53125
154000 7.230769230769231 0.515625
156000 7.269230769230769 0.46875
158000 7.0 0.484375
160000 7.326923076923077 0.4375
162000 7.230769230769231 0.515625
164000 7.288461538461538 0.453125
166000 7.3076923076923075 0.484375
168000 7.384615384615385 0.546875
170000 7.365384615384615 0.546875
172000 7.423076923076923 0.46875
174000 7.480769230769231 0.5
176000 7.326923076923077 0.546875
178000 7.4423076923076925 0.59375
180000 7.461538461538462 0.5
182000 7.346153846153846 0.578125
184000 7.211538461538462 0.515625
186000 7.3076923076923075 0.5625
188000 7.326923076923077 0.5
190000 7.3076923076923075 0.5
192000 7.461538461538462 0.546875
194000 7.326923076923077 0.5625
196000 7.25 0.546875
198000 7.365384615384615 0.546875
200000 7.403846153846154 0.578125
202000 7.365384615384615 0.34375
204000 7.365384615384615 0.375
206000 7.288461538461538 0.375
208000 7.153846153846154 0.375
210000 7.365384615384615 0.359375
212000 7.423076923076923 0.421875
214000 7.5576923076923075 0.3125
216000 8.01923076923077 0.34375
218000 7.596153846153846 0.34375
220000 7.923076923076923 0.4375
222000 7.5 0.5
224000 7.673076923076923 0.53125
226000 7.653846153846154 0.5625
228000 7.75 0.546875
230000 7.865384615384615 0.578125
232000 7.596153846153846 0.53125
234000 7.653846153846154 0.484375
236000 7.961538461538462 0.515625
238000 7.6923076923076925 0.546875
240000 7.923076923076923 0.59375
242000 7.615384615384615 0.515625
244000 7.961538461538462 0.515625
246000 7.75 0.59375
248000 7.8076923076923075 0.515625
250000 7.673076923076923 0.59375
252000 7.884615384615385 0.53125
254000 7.923076923076923 0.578125
256000 7.980769230769231 0.53125
258000 7.788461538461538 0.578125
260000 7.75 0.546875
262000 8.038461538461538 0.5625
264000 8.01923076923077 0.546875
266000 7.980769230769231 0.59375
268000 7.961538461538462 0.5
270000 7.923076923076923 0.578125
272000 7.846153846153846 0.5625
274000 8.134615384615385 0.59375
276000 8.076923076923077 0.625
278000 7.923076923076923 0.578125
280000 7.903846153846154 0.59375
282000 7.961538461538462 0.59375
284000 8.01923076923077 0.59375
286000 8.057692307692308 0.53125
288000 7.846153846153846 0.59375
290000 8.057692307692308 0.59375
292000 8.173076923076923 0.53125
294000 8.115384615384615 0.578125
296000 8.076923076923077 0.53125
298000 7.980769230769231 0.5625
300000 7.846153846153846 0.59375
302000 7.711538461538462 0.546875
304000 7.788461538461538 0.578125
306000 7.903846153846154 0.5625
308000 8.173076923076923 0.578125
310000 8.01923076923077 0.578125
312000 8.096153846153847 0.546875
314000 7.9423076923076925 0.5
316000 7.9423076923076925 0.59375
318000 7.903846153846154 0.53125
320000 8.0 0.578125
322000 7.903846153846154 0.578125
324000 8.057692307692308 0.609375
326000 7.980769230769231 0.546875
328000 8.0 0.59375
330000 7.980769230769231 0.59375
332000 8.038461538461538 0.609375
334000 8.038461538461538 0.609375
336000 8.057692307692308 0.59375
338000 8.096153846153847 0.59375
340000 7.961538461538462 0.59375
342000 7.980769230769231 0.5625
344000 7.903846153846154 0.5625
346000 7.903846153846154 0.59375
348000 8.038461538461538 0.578125
350000 7.903846153846154 0.515625
352000 8.01923076923077 0.59375
354000 8.01923076923077 0.578125
356000 8.076923076923077 0.5625
358000 8.057692307692308 0.546875
360000 8.096153846153847 0.609375
362000 8.173076923076923 0.609375
364000 8.076923076923077 0.53125
366000 8.134615384615385 0.578125
368000 8.038461538461538 0.5625
370000 8.096153846153847 0.5625
372000 8.01923076923077 0.5625
374000 8.038461538461538 0.578125
376000 8.096153846153847 0.546875
378000 8.01923076923077 0.578125
380000 8.0 0.5625
382000 8.0 0.578125
384000 7.980769230769231 0.609375
386000 8.038461538461538 0.59375
388000 7.9423076923076925 0.59375
390000 8.01923076923077 0.59375
392000 8.038461538461538 0.59375
394000 8.057692307692308 0.546875
396000 7.980769230769231 0.578125
398000 7.980769230769231 0.609375
400000 8.096153846153847 0.578125
402000 8.153846153846153 0.578125
404000 8.192307692307692 0.578125
406000 8.173076923076923 0.546875
408000 8.25 0.546875
410000 8.192307692307692 0.625
412000 8.0 0.5625
414000 8.173076923076923 0.5625
416000 8.057692307692308 0.59375
418000 8.076923076923077 0.53125
420000 8.038461538461538 0.5625
422000 7.980769230769231 0.5625
424000 8.0 0.59375
426000 8.211538461538462 0.59375
428000 8.134615384615385 0.515625
430000 8.153846153846153 0.625
432000 8.076923076923077 0.578125
434000 8.096153846153847 0.65625
436000 8.038461538461538 0.59375
438000 8.0 0.546875
440000 8.038461538461538 0.625
442000 8.134615384615385 0.59375
444000 7.980769230769231 0.5625
446000 8.096153846153847 0.578125
448000 7.923076923076923 0.609375
450000 8.096153846153847 0.59375
452000 8.153846153846153 0.546875
454000 8.057692307692308 0.59375
456000 8.057692307692308 0.65625
458000 8.057692307692308 0.625
460000 8.0 0.546875
462000 8.01923076923077 0.59375
464000 8.115384615384615 0.578125
466000 8.115384615384615 0.59375
468000 8.23076923076923 0.59375
470000 8.365384615384615 0.546875
472000 8.153846153846153 0.5625
474000 8.173076923076923 0.609375
476000 8.173076923076923 0.625
478000 8.153846153846153 0.546875
480000 8.25 0.609375
482000 8.25 0.578125
484000 8.25 0.609375
486000 8.23076923076923 0.609375
488000 8.25 0.5625
490000 8.134615384615385 0.640625
492000 8.25 0.53125
494000 8.23076923076923 0.421875
496000 8.211538461538462 0.375
498000 8.25 0.375
500000 8.25 0.359375
