2000 0.5769230769230769 -0.6153846153846154 129.82692307692307 0.011217948717948716 135.46153846153845 45.30769230769231 0.0 45.30769230769231 0.5812955000437796
4000 0.6346153846153846 0.07692307692307693 129.71153846153845 0.004807692307692308 135.46153846153845 45.30769230769231 0.0 45.30769230769231 0.5942538999952376
6000 4.096153846153846 4.0576923076923075 126.57692307692308 0.17147435897435898 135.46153846153845 45.30769230769231 0.0 45.30769230769231 0.7291019998956472
8000 5.538461538461538 5.538461538461538 126.03846153846153 0.18108974358974358 135.46153846153845 45.30769230769231 0.0 45.30769230769231 0.7063476000912488
10000 5.769230769230769 5.769230769230769 125.48076923076923 0.25 135.46153846153845 45.30769230769231 0.0 45.30769230769231 0.7917667999863625
12000 5.673076923076923 5.673076923076923 125.51923076923077 0.24358974358974356 135.46153846153845 45.30769230769231 0.0 45.30769230769231 0.759788200026378
14000 5.673076923076923 5.673076923076923 125.51923076923077 0.24358974358974356 135.46153846153845 45.30769230769231 0.0 45.30769230769231 0.7751619000919163
16000 5.673076923076923 5.673076923076923 125.51923076923077 0.24358974358974356 135.46153846153845 45.30769230769231 0.0 45.30769230769231 0.7416546000167727
18000 9.5 9.5 125.38461538461539 0.25320512820512814 135.46153846153845 45.30769230769231 0.0 45.30769230769231 0.7520228999201208
20000 48.61538461538461 48.61538461538461 119.71153846153847 0.42948717948717946 135.46153846153845 45.30769230769231 0.0 45.30769230769231 0.7830348999705166
22000 48.61538461538461 48.61538461538461 119.71153846153847 0.42948717948717946 135.46153846153845 45.30769230769231 0.0 45.30769230769231 0.7876272001303732
24000 48.61538461538461 48.61538461538461 119.71153846153847 0.42948717948717946 135.46153846153845 45.30769230769231 0.0 45.30769230769231 0.8135021000634879
26000 48.61538461538461 48.61538461538461 119.71153846153847 0.42948717948717946 135.46153846153845 45.30769230769231 0.0 45.30769230769231 0.7923522999044508
28000 48.61538461538461 48.61538461538461 119.71153846153847 0.42948717948717946 135.46153846153845 45.30769230769231 0.0 45.30769230769231 0.8277386000845581
30000 48.61538461538461 48.61538461538461 119.71153846153847 0.42948717948717946 135.46153846153845 45.30769230769231 0.0 45.30769230769231 0.7802569998893887
32000 48.61538461538461 48.61538461538461 119.71153846153847 0.42948717948717946 135.46153846153845 45.30769230769231 0.0 45.30769230769231 0.7681151998694986
34000 48.61538461538461 48.61538461538461 119.71153846153847 0.42948717948717946 135.46153846153845 45.30769230769231 0.0 45.30769230769231 0.8159590000286698
36000 48.61538461538461 48.61538461538461 119.71153846153847 0.42948717948717946 135.46153846153845 45.30769230769231 0.0 45.30769230769231 0.7607691001612693
38000 48.61538461538461 48.61538461538461 119.71153846153847 0.42948717948717946 135.46153846153845 45.30769230769231 0.0 45.30769230769231 0.7763326999265701
40000 48.61538461538461 48.61538461538461 119.71153846153847 0.42948717948717946 135.46153846153845 45.30769230769231 0.0 45.30769230769231 0.7781879999674857
42000 48.61538461538461 48.61538461538461 119.71153846153847 0.42948717948717946 135.46153846153845 45.30769230769231 0.0 45.30769230769231 0.8315524999052286
44000 48.61538461538461 48.61538461538461 119.71153846153847 0.42948717948717946 135.46153846153845 45.30769230769231 0.0 45.30769230769231 0.8017661001067609
46000 48.61538461538461 48.61538461538461 119.71153846153847 0.42948717948717946 135.46153846153845 45.30769230769231 0.0 45.30769230769231 0.79228729987517
48000 48.61538461538461 48.61538461538461 119.71153846153847 0.42948717948717946 135.46153846153845 45.30769230769231 0.0 45.30769230769231 0.8174604999367148
50000 48.61538461538461 48.61538461538461 119.71153846153847 0.42948717948717946 135.46153846153845 45.30769230769231 0.0 45.30769230769231 0.7821953999809921
52000 48.61538461538461 48.61538461538461 119.71153846153847 0.42948717948717946 135.46153846153845 45.30769230769231 0.0 45.30769230769231 0.8144390000961721
54000 48.61538461538461 48.61538461538461 119.71153846153847 0.42948717948717946 135.46153846153845 45.30769230769231 0.0 45.30769230769231 0.8018374000675976
56000 48.61538461538461 48.61538461538461 119.71153846153847 0.42948717948717946 135.46153846153845 45.30769230769231 0.0 45.30769230769231 0.8006823000032455
58000 48.61538461538461 48.61538461538461 119.71153846153847 0.42948717948717946 135.46153846153845 45.30769230769231 0.0 45.30769230769231 0.8014704000670463
60000 48.61538461538461 48.61538461538461 119.71153846153847 0.42948717948717946 135.46153846153845 45.30769230769231 0.0 45.30769230769231 0.7643824000842869
62000 48.61538461538461 48.61538461538461 119.71153846153847 0.42948717948717946 135.46153846153845 45.30769230769231 0.0 45.30769230769231 0.7811685998458415
64000 48.61538461538461 48.61538461538461 119.71153846153847 0.42948717948717946 135.46153846153845 45.30769230769231 0.0 45.30769230769231 0.7692217000294477
66000 48.61538461538461 48.61538461538461 119.71153846153847 0.42948717948717946 135.46153846153845 45.30769230769231 0.0 45.30769230769231 0.8375562999863178
68000 48.61538461538461 48.61538461538461 119.71153846153847 0.42948717948717946 135.46153846153845 45.30769230769231 0.0 45.30769230769231 0.7481625000946224
70000 48.61538461538461 48.61538461538461 119.71153846153847 0.42948717948717946 135.46153846153845 45.30769230769231 0.0 45.30769230769231 0.7771908999420702
72000 48.61538461538461 48.61538461538461 119.71153846153847 0.42948717948717946 135.46153846153845 45.30769230769231 0.0 45.30769230769231 0.7706806000787765
74000 48.61538461538461 48.61538461538461 119.71153846153847 0.42948717948717946 135.46153846153845 45.30769230769231 0.0 45.30769230769231 0.8124474000651389
76000 48.61538461538461 48.61538461538461 119.71153846153847 0.42948717948717946 135.46153846153845 45.30769230769231 0.0 45.30769230769231 0.8177438999991864
78000 48.61538461538461 48.61538461538461 119.71153846153847 0.42948717948717946 135.46153846153845 45.30769230769231 0.0 45.30769230769231 0.7834145999513566
80000 48.61538461538461 48.61538461538461 119.71153846153847 0.42948717948717946 135.46153846153845 45.30769230769231 0.0 45.30769230769231 0.9941845000721514
82000 48.61538461538461 48.61538461538461 119.71153846153847 0.42948717948717946 135.46153846153845 45.30769230769231 0.0 45.30769230769231 0.778205799870193
84000 48.61538461538461 48.61538461538461 119.71153846153847 0.42948717948717946 135.46153846153845 45.30769230769231 0.0 45.30769230769231 0.8972730000969023
86000 48.61538461538461 48.61538461538461 119.71153846153847 0.42948717948717946 135.46153846153845 45.30769230769231 0.0 45.30769230769231 0.791648400016129
88000 48.61538461538461 48.61538461538461 119.71153846153847 0.42948717948717946 135.46153846153845 45.30769230769231 0.0 45.30769230769231 0.7851378999184817
90000 48.61538461538461 48.61538461538461 119.71153846153847 0.42948717948717946 135.46153846153845 45.30769230769231 0.0 45.30769230769231 0.8397168999072164
92000 48.61538461538461 48.61538461538461 119.71153846153847 0.42948717948717946 135.46153846153845 45.30769230769231 0.0 45.30769230769231 0.8498243000358343
94000 48.61538461538461 48.61538461538461 119.71153846153847 0.42948717948717946 135.46153846153845 45.30769230769231 0.0 45.30769230769231 0.8688487000763416
96000 48.61538461538461 48.61538461538461 119.71153846153847 0.42948717948717946 135.46153846153845 45.30769230769231 0.0 45.30769230769231 0.8465993001591414
98000 48.61538461538461 48.61538461538461 119.71153846153847 0.42948717948717946 135.46153846153845 45.30769230769231 0.0 45.30769230769231 0.8894158999901265
100000 48.61538461538461 48.61538461538461 119.71153846153847 0.42948717948717946 135.46153846153845 45.30769230769231 0.0 45.30769230769231 0.7897834999021143
102000 48.61538461538461 48.61538461538461 119.71153846153847 0.42948717948717946 135.46153846153845 45.30769230769231 0.0 45.30769230769231 0.8082475999835879
104000 48.61538461538461 48.61538461538461 119.71153846153847 0.42948717948717946 135.46153846153845 45.30769230769231 0.0 45.30769230769231 0.7473715001251549
106000 48.61538461538461 48.61538461538461 119.71153846153847 0.42948717948717946 135.46153846153845 45.30769230769231 0.0 45.30769230769231 0.7869006998371333
108000 48.61538461538461 48.61538461538461 119.71153846153847 0.42948717948717946 135.46153846153845 45.30769230769231 0.0 45.30769230769231 0.7880420000292361
110000 48.61538461538461 48.61538461538461 119.71153846153847 0.42948717948717946 135.46153846153845 45.30769230769231 0.0 45.30769230769231 0.7979778000153601
112000 48.61538461538461 48.61538461538461 119.71153846153847 0.42948717948717946 135.46153846153845 45.30769230769231 0.0 45.30769230769231 0.7904499000869691
114000 48.61538461538461 48.61538461538461 119.71153846153847 0.42948717948717946 135.46153846153845 45.30769230769231 0.0 45.30769230769231 0.8940418001729995
116000 48.61538461538461 48.61538461538461 119.71153846153847 0.42948717948717946 135.46153846153845 45.30769230769231 0.0 45.30769230769231 0.8221678999252617
118000 48.61538461538461 48.61538461538461 119.71153846153847 0.42948717948717946 135.46153846153845 45.30769230769231 0.0 45.30769230769231 0.800768599845469
120000 48.61538461538461 48.61538461538461 119.71153846153847 0.42948717948717946 135.46153846153845 45.30769230769231 0.0 45.30769230769231 0.8100017998367548
122000 48.61538461538461 48.61538461538461 119.71153846153847 0.42948717948717946 135.46153846153845 45.30769230769231 0.0 45.30769230769231 0.8192141000181437
124000 48.61538461538461 48.61538461538461 119.71153846153847 0.42948717948717946 135.46153846153845 45.30769230769231 0.0 45.30769230769231 0.7866862998344004
126000 48.61538461538461 48.61538461538461 119.71153846153847 0.42948717948717946 135.46153846153845 45.30769230769231 0.0 45.30769230769231 0.8444777000695467
128000 48.61538461538461 48.61538461538461 119.71153846153847 0.42948717948717946 135.46153846153845 45.30769230769231 0.0 45.30769230769231 0.834904900053516
130000 48.61538461538461 48.61538461538461 119.71153846153847 0.42948717948717946 135.46153846153845 45.30769230769231 0.0 45.30769230769231 0.7628603000193834
132000 48.61538461538461 48.61538461538461 119.71153846153847 0.42948717948717946 135.46153846153845 45.30769230769231 0.0 45.30769230769231 0.841581700136885
134000 48.61538461538461 48.61538461538461 119.71153846153847 0.42948717948717946 135.46153846153845 45.30769230769231 0.0 45.30769230769231 0.7766807998996228
136000 48.61538461538461 48.61538461538461 119.71153846153847 0.42948717948717946 135.46153846153845 45.30769230769231 0.0 45.30769230769231 0.8048345998395234
138000 48.61538461538461 48.61538461538461 119.71153846153847 0.42948717948717946 135.46153846153845 45.30769230769231 0.0 45.30769230769231 0.8038941998966038
140000 48.61538461538461 48.61538461538461 119.71153846153847 0.42948717948717946 135.46153846153845 45.30769230769231 0.0 45.30769230769231 0.7654533002059907
142000 48.61538461538461 48.61538461538461 119.71153846153847 0.42948717948717946 135.46153846153845 45.30769230769231 0.0 45.30769230769231 0.7597668000962585
144000 48.61538461538461 48.61538461538461 119.71153846153847 0.42948717948717946 135.46153846153845 45.30769230769231 0.0 45.30769230769231 0.7647309000603855
146000 48.61538461538461 48.61538461538461 119.71153846153847 0.42948717948717946 135.46153846153845 45.30769230769231 0.0 45.30769230769231 0.7355963001027703
148000 48.61538461538461 48.61538461538461 119.71153846153847 0.42948717948717946 135.46153846153845 45.30769230769231 0.0 45.30769230769231 0.7419430001173168
150000 48.61538461538461 48.61538461538461 119.71153846153847 0.42948717948717946 135.46153846153845 45.30769230769231 0.0 45.30769230769231 0.7681191000156105
152000 48.61538461538461 48.61538461538461 119.71153846153847 0.42948717948717946 135.46153846153845 45.30769230769231 0.0 45.30769230769231 0.7608860000036657
154000 48.61538461538461 48.61538461538461 119.71153846153847 0.42948717948717946 135.46153846153845 45.30769230769231 0.0 45.30769230769231 0.8893407001160085
156000 48.61538461538461 48.61538461538461 119.71153846153847 0.42948717948717946 135.46153846153845 45.30769230769231 0.0 45.30769230769231 0.7799673001281917
158000 48.61538461538461 48.61538461538461 119.71153846153847 0.42948717948717946 135.46153846153845 45.30769230769231 0.0 45.30769230769231 0.8582809998188168
160000 48.61538461538461 48.61538461538461 119.71153846153847 0.42948717948717946 135.46153846153845 45.30769230769231 0.0 45.30769230769231 0.8930692998692393
162000 48.61538461538461 48.61538461538461 119.71153846153847 0.42948717948717946 135.46153846153845 45.30769230769231 0.0 45.30769230769231 0.801998000126332
164000 48.61538461538461 48.61538461538461 119.71153846153847 0.42948717948717946 135.46153846153845 45.30769230769231 0.0 45.30769230769231 0.8779111001640558
166000 48.61538461538461 48.61538461538461 119.71153846153847 0.42948717948717946 135.46153846153845 45.30769230769231 0.0 45.30769230769231 0.997054599924013
168000 48.61538461538461 48.61538461538461 119.71153846153847 0.42948717948717946 135.46153846153845 45.30769230769231 0.0 45.30769230769231 0.8183351999614388
170000 48.61538461538461 48.61538461538461 119.71153846153847 0.42948717948717946 135.46153846153845 45.30769230769231 0.0 45.30769230769231 0.7626652999315411
172000 48.61538461538461 48.61538461538461 119.71153846153847 0.42948717948717946 135.46153846153845 45.30769230769231 0.0 45.30769230769231 0.9521050001494586
174000 48.61538461538461 48.61538461538461 119.71153846153847 0.42948717948717946 135.46153846153845 45.30769230769231 0.0 45.30769230769231 0.8756252999883145
176000 48.61538461538461 48.61538461538461 119.71153846153847 0.42948717948717946 135.46153846153845 45.30769230769231 0.0 45.30769230769231 0.8531422999221832
178000 48.61538461538461 48.61538461538461 119.71153846153847 0.42948717948717946 135.46153846153845 45.30769230769231 0.0 45.30769230769231 0.8923973999917507
180000 48.61538461538461 48.61538461538461 119.71153846153847 0.42948717948717946 135.46153846153845 45.30769230769231 0.0 45.30769230769231 0.8518103000242263
182000 48.61538461538461 48.61538461538461 119.71153846153847 0.42948717948717946 135.46153846153845 45.30769230769231 0.0 45.30769230769231 0.8072243998758495
184000 48.61538461538461 48.61538461538461 119.71153846153847 0.42948717948717946 135.46153846153845 45.30769230769231 0.0 45.30769230769231 0.8504468000028282
186000 48.61538461538461 48.61538461538461 119.71153846153847 0.42948717948717946 135.46153846153845 45.30769230769231 0.0 45.30769230769231 0.7841777999419719
188000 48.61538461538461 48.61538461538461 119.71153846153847 0.42948717948717946 135.46153846153845 45.30769230769231 0.0 45.30769230769231 0.8060717999469489
190000 48.61538461538461 48.61538461538461 119.71153846153847 0.42948717948717946 135.46153846153845 45.30769230769231 0.0 45.30769230769231 0.7844568998552859
192000 48.61538461538461 48.61538461538461 119.71153846153847 0.42948717948717946 135.46153846153845 45.30769230769231 0.0 45.30769230769231 0.8386773997917771
194000 48.61538461538461 48.61538461538461 119.71153846153847 0.42948717948717946 135.46153846153845 45.30769230769231 0.0 45.30769230769231 0.8015010000672191
196000 48.61538461538461 48.61538461538461 119.71153846153847 0.42948717948717946 135.46153846153845 45.30769230769231 0.0 45.30769230769231 0.7671013998333365
198000 48.61538461538461 48.61538461538461 119.71153846153847 0.42948717948717946 135.46153846153845 45.30769230769231 0.0 45.30769230769231 0.8247235000599176
200000 48.61538461538461 48.61538461538461 119.71153846153847 0.42948717948717946 135.46153846153845 45.30769230769231 0.0 45.30769230769231 0.7744257999584079
202000 48.61538461538461 48.61538461538461 119.71153846153847 0.42948717948717946 135.46153846153845 45.30769230769231 0.0 45.30769230769231 0.8111173000652343
204000 48.61538461538461 48.61538461538461 119.71153846153847 0.42948717948717946 135.46153846153845 45.30769230769231 0.0 45.30769230769231 0.7795724000316113
206000 48.61538461538461 48.61538461538461 119.71153846153847 0.42948717948717946 135.46153846153845 45.30769230769231 0.0 45.30769230769231 0.7967139000538737
208000 48.61538461538461 48.61538461538461 119.71153846153847 0.42948717948717946 135.46153846153845 45.30769230769231 0.0 45.30769230769231 0.7788299999665469
210000 48.61538461538461 48.61538461538461 119.71153846153847 0.42948717948717946 135.46153846153845 45.30769230769231 0.0 45.30769230769231 0.8053782000206411
212000 48.61538461538461 48.61538461538461 119.71153846153847 0.42948717948717946 135.46153846153845 45.30769230769231 0.0 45.30769230769231 0.804034800035879
214000 48.61538461538461 48.61538461538461 119.71153846153847 0.42948717948717946 135.46153846153845 45.30769230769231 0.0 45.30769230769231 0.8553671000991017
216000 48.61538461538461 48.61538461538461 119.71153846153847 0.42948717948717946 135.46153846153845 45.30769230769231 0.0 45.30769230769231 0.8214493000414222
218000 48.61538461538461 48.61538461538461 119.71153846153847 0.42948717948717946 135.46153846153845 45.30769230769231 0.0 45.30769230769231 0.8244434001389891
220000 48.61538461538461 48.61538461538461 119.71153846153847 0.42948717948717946 135.46153846153845 45.30769230769231 0.0 45.30769230769231 0.8043114999309182
222000 48.61538461538461 48.61538461538461 119.71153846153847 0.42948717948717946 135.46153846153845 45.30769230769231 0.0 45.30769230769231 0.7879550000652671
224000 48.61538461538461 48.61538461538461 119.71153846153847 0.42948717948717946 135.46153846153845 45.30769230769231 0.0 45.30769230769231 0.8597117997705936
226000 48.61538461538461 48.61538461538461 119.71153846153847 0.42948717948717946 135.46153846153845 45.30769230769231 0.0 45.30769230769231 1.0662078000605106
228000 48.61538461538461 48.61538461538461 119.71153846153847 0.42948717948717946 135.46153846153845 45.30769230769231 0.0 45.30769230769231 0.8000994001049548
230000 48.61538461538461 48.61538461538461 119.71153846153847 0.42948717948717946 135.46153846153845 45.30769230769231 0.0 45.30769230769231 0.8494820999912918
232000 48.61538461538461 48.61538461538461 119.71153846153847 0.42948717948717946 135.46153846153845 45.30769230769231 0.0 45.30769230769231 0.8241655000019819
234000 48.61538461538461 48.61538461538461 119.71153846153847 0.42948717948717946 135.46153846153845 45.30769230769231 0.0 45.30769230769231 0.8716775998473167
236000 48.61538461538461 48.61538461538461 119.71153846153847 0.42948717948717946 135.46153846153845 45.30769230769231 0.0 45.30769230769231 0.7722249999642372
238000 48.61538461538461 48.61538461538461 119.71153846153847 0.42948717948717946 135.46153846153845 45.30769230769231 0.0 45.30769230769231 0.776685900054872
240000 48.61538461538461 48.61538461538461 119.71153846153847 0.42948717948717946 135.46153846153845 45.30769230769231 0.0 45.30769230769231 0.808924299897626
242000 48.61538461538461 48.61538461538461 119.71153846153847 0.42948717948717946 135.46153846153845 45.30769230769231 0.0 45.30769230769231 0.7699774000793695
244000 48.61538461538461 48.61538461538461 119.71153846153847 0.42948717948717946 135.46153846153845 45.30769230769231 0.0 45.30769230769231 0.7536957000847906
246000 48.61538461538461 48.61538461538461 119.71153846153847 0.42948717948717946 135.46153846153845 45.30769230769231 0.0 45.30769230769231 0.8108636999968439
248000 48.61538461538461 48.61538461538461 119.71153846153847 0.42948717948717946 135.46153846153845 45.30769230769231 0.0 45.30769230769231 0.978142499923706
250000 48.61538461538461 48.61538461538461 119.71153846153847 0.42948717948717946 135.46153846153845 45.30769230769231 0.0 45.30769230769231 0.8581124001648277
252000 48.61538461538461 48.61538461538461 119.71153846153847 0.42948717948717946 135.46153846153845 45.30769230769231 0.0 45.30769230769231 0.808972000144422
254000 48.61538461538461 48.61538461538461 119.71153846153847 0.42948717948717946 135.46153846153845 45.30769230769231 0.0 45.30769230769231 0.8332097001839429
256000 48.61538461538461 48.61538461538461 119.71153846153847 0.42948717948717946 135.46153846153845 45.30769230769231 0.0 45.30769230769231 0.8238029000349343
258000 48.61538461538461 48.61538461538461 119.71153846153847 0.42948717948717946 135.46153846153845 45.30769230769231 0.0 45.30769230769231 0.8332885000854731
260000 48.61538461538461 48.61538461538461 119.71153846153847 0.42948717948717946 135.46153846153845 45.30769230769231 0.0 45.30769230769231 0.7897788002155721
262000 48.61538461538461 48.61538461538461 119.71153846153847 0.42948717948717946 135.46153846153845 45.30769230769231 0.0 45.30769230769231 0.8334997000638396
264000 48.61538461538461 48.61538461538461 119.71153846153847 0.42948717948717946 135.46153846153845 45.30769230769231 0.0 45.30769230769231 0.8076216001063585
266000 48.61538461538461 48.61538461538461 119.71153846153847 0.42948717948717946 135.46153846153845 45.30769230769231 0.0 45.30769230769231 0.7642842999193817
268000 48.61538461538461 48.61538461538461 119.71153846153847 0.42948717948717946 135.46153846153845 45.30769230769231 0.0 45.30769230769231 0.8518540998920798
270000 48.61538461538461 48.61538461538461 119.71153846153847 0.42948717948717946 135.46153846153845 45.30769230769231 0.0 45.30769230769231 0.8156668001320213
272000 48.61538461538461 48.61538461538461 119.71153846153847 0.42948717948717946 135.46153846153845 45.30769230769231 0.0 45.30769230769231 0.8602964000310749
274000 48.61538461538461 48.61538461538461 119.71153846153847 0.42948717948717946 135.46153846153845 45.30769230769231 0.0 45.30769230769231 0.8317523000296205
276000 48.61538461538461 48.61538461538461 119.71153846153847 0.42948717948717946 135.46153846153845 45.30769230769231 0.0 45.30769230769231 0.8174089998938143
278000 48.61538461538461 48.61538461538461 119.71153846153847 0.42948717948717946 135.46153846153845 45.30769230769231 0.0 45.30769230769231 0.8607829001266509
280000 48.61538461538461 48.61538461538461 119.71153846153847 0.42948717948717946 135.46153846153845 45.30769230769231 0.0 45.30769230769231 0.8168568999972194
282000 48.61538461538461 48.61538461538461 119.71153846153847 0.42948717948717946 135.46153846153845 45.30769230769231 0.0 45.30769230769231 0.8027741999831051
284000 48.61538461538461 48.61538461538461 119.71153846153847 0.42948717948717946 135.46153846153845 45.30769230769231 0.0 45.30769230769231 0.8150952998548746
286000 48.61538461538461 48.61538461538461 119.71153846153847 0.42948717948717946 135.46153846153845 45.30769230769231 0.0 45.30769230769231 0.8452043000143021
288000 48.61538461538461 48.61538461538461 119.71153846153847 0.42948717948717946 135.46153846153845 45.30769230769231 0.0 45.30769230769231 0.7596497999038547
290000 48.61538461538461 48.61538461538461 119.71153846153847 0.42948717948717946 135.46153846153845 45.30769230769231 0.0 45.30769230769231 0.8148058999795467
292000 48.61538461538461 48.61538461538461 119.71153846153847 0.42948717948717946 135.46153846153845 45.30769230769231 0.0 45.30769230769231 0.758867199998349
294000 48.61538461538461 48.61538461538461 119.71153846153847 0.42948717948717946 135.46153846153845 45.30769230769231 0.0 45.30769230769231 0.8023817997891456
296000 48.61538461538461 48.61538461538461 119.71153846153847 0.42948717948717946 135.46153846153845 45.30769230769231 0.0 45.30769230769231 0.7803130000829697
298000 48.61538461538461 48.61538461538461 119.71153846153847 0.42948717948717946 135.46153846153845 45.30769230769231 0.0 45.30769230769231 0.7740442999638617
300000 48.61538461538461 48.61538461538461 119.71153846153847 0.42948717948717946 135.46153846153845 45.30769230769231 0.0 45.30769230769231 0.7939029999542981
302000 48.61538461538461 48.61538461538461 119.71153846153847 0.42948717948717946 135.46153846153845 45.30769230769231 0.0 45.30769230769231 0.8275349999312311
304000 48.61538461538461 48.61538461538461 119.71153846153847 0.42948717948717946 135.46153846153845 45.30769230769231 0.0 45.30769230769231 0.8711447000969201
306000 48.61538461538461 48.61538461538461 119.71153846153847 0.42948717948717946 135.46153846153845 45.30769230769231 0.0 45.30769230769231 0.7877213000319898
308000 48.61538461538461 48.61538461538461 119.71153846153847 0.42948717948717946 135.46153846153845 45.30769230769231 0.0 45.30769230769231 0.8660422000102699
310000 48.61538461538461 48.61538461538461 119.71153846153847 0.42948717948717946 135.46153846153845 45.30769230769231 0.0 45.30769230769231 0.7795905999373645
312000 48.61538461538461 48.61538461538461 119.71153846153847 0.42948717948717946 135.46153846153845 45.30769230769231 0.0 45.30769230769231 0.7858658998738974
314000 48.61538461538461 48.61538461538461 119.71153846153847 0.42948717948717946 135.46153846153845 45.30769230769231 0.0 45.30769230769231 0.7906865999102592
316000 48.61538461538461 48.61538461538461 119.71153846153847 0.42948717948717946 135.46153846153845 45.30769230769231 0.0 45.30769230769231 0.8175782000180334
318000 48.61538461538461 48.61538461538461 119.71153846153847 0.42948717948717946 135.46153846153845 45.30769230769231 0.0 45.30769230769231 0.79557009995915
320000 48.61538461538461 48.61538461538461 119.71153846153847 0.42948717948717946 135.46153846153845 45.30769230769231 0.0 45.30769230769231 0.7707898998633027
322000 48.61538461538461 48.61538461538461 119.71153846153847 0.42948717948717946 135.46153846153845 45.30769230769231 0.0 45.30769230769231 0.8379808999598026
324000 48.61538461538461 48.61538461538461 119.71153846153847 0.42948717948717946 135.46153846153845 45.30769230769231 0.0 45.30769230769231 0.8229783999267966
326000 60.46153846153846 60.46153846153846 119.9423076923077 0.46634615384615385 135.46153846153845 45.30769230769231 0.0 45.30769230769231 0.817710000090301
328000 60.46153846153846 60.46153846153846 119.9423076923077 0.46634615384615385 135.46153846153845 45.30769230769231 0.0 45.30769230769231 0.794028100091964
330000 60.46153846153846 60.46153846153846 119.9423076923077 0.46634615384615385 135.46153846153845 45.30769230769231 0.0 45.30769230769231 0.7503407001495361
332000 60.46153846153846 60.46153846153846 119.9423076923077 0.46634615384615385 135.46153846153845 45.30769230769231 0.0 45.30769230769231 0.7473271999042481
334000 60.46153846153846 60.46153846153846 119.9423076923077 0.46634615384615385 135.46153846153845 45.30769230769231 0.0 45.30769230769231 0.765505800023675
336000 60.46153846153846 60.46153846153846 119.9423076923077 0.46634615384615385 135.46153846153845 45.30769230769231 0.0 45.30769230769231 0.8337545001413673
338000 60.46153846153846 60.46153846153846 119.9423076923077 0.46634615384615385 135.46153846153845 45.30769230769231 0.0 45.30769230769231 0.8180310998577625
340000 60.46153846153846 60.46153846153846 119.9423076923077 0.46634615384615385 135.46153846153845 45.30769230769231 0.0 45.30769230769231 0.7697934000752866
342000 60.46153846153846 60.46153846153846 119.9423076923077 0.46634615384615385 135.46153846153845 45.30769230769231 0.0 45.30769230769231 0.7787603000178933
344000 60.46153846153846 60.46153846153846 119.9423076923077 0.46634615384615385 135.46153846153845 45.30769230769231 0.0 45.30769230769231 0.7220224000047892
346000 60.46153846153846 60.46153846153846 119.9423076923077 0.46634615384615385 135.46153846153845 45.30769230769231 0.0 45.30769230769231 0.8736931001767516
348000 60.46153846153846 60.46153846153846 119.9423076923077 0.46634615384615385 135.46153846153845 45.30769230769231 0.0 45.30769230769231 0.7797842998988926
350000 60.46153846153846 60.46153846153846 119.9423076923077 0.46634615384615385 135.46153846153845 45.30769230769231 0.0 45.30769230769231 0.7839609999209642
352000 60.46153846153846 60.46153846153846 119.9423076923077 0.46634615384615385 135.46153846153845 45.30769230769231 0.0 45.30769230769231 0.77202929998748
354000 60.46153846153846 60.46153846153846 119.9423076923077 0.46634615384615385 135.46153846153845 45.30769230769231 0.0 45.30769230769231 0.8331833998672664
356000 60.46153846153846 60.46153846153846 119.9423076923077 0.46634615384615385 135.46153846153845 45.30769230769231 0.0 45.30769230769231 0.8102798000909388
358000 60.46153846153846 60.46153846153846 119.9423076923077 0.46634615384615385 135.46153846153845 45.30769230769231 0.0 45.30769230769231 0.7302377999294549
360000 60.46153846153846 60.46153846153846 119.9423076923077 0.46634615384615385 135.46153846153845 45.30769230769231 0.0 45.30769230769231 0.7997212999034673
362000 60.46153846153846 60.46153846153846 119.9423076923077 0.46634615384615385 135.46153846153845 45.30769230769231 0.0 45.30769230769231 0.8176251999102533
364000 60.46153846153846 60.46153846153846 119.9423076923077 0.46634615384615385 135.46153846153845 45.30769230769231 0.0 45.30769230769231 0.7958454999607056
366000 60.46153846153846 60.46153846153846 119.9423076923077 0.46634615384615385 135.46153846153845 45.30769230769231 0.0 45.30769230769231 0.7952992001082748
368000 60.46153846153846 60.46153846153846 119.9423076923077 0.46634615384615385 135.46153846153845 45.30769230769231 0.0 45.30769230769231 0.8044511000625789
370000 60.46153846153846 60.46153846153846 119.9423076923077 0.46634615384615385 135.46153846153845 45.30769230769231 0.0 45.30769230769231 0.7790318001061678
372000 60.46153846153846 60.46153846153846 119.9423076923077 0.46634615384615385 135.46153846153845 45.30769230769231 0.0 45.30769230769231 0.8424309000838548
374000 60.46153846153846 60.46153846153846 119.9423076923077 0.46634615384615385 135.46153846153845 45.30769230769231 0.0 45.30769230769231 0.8014950999058783
376000 60.46153846153846 60.46153846153846 119.9423076923077 0.46634615384615385 135.46153846153845 45.30769230769231 0.0 45.30769230769231 0.7639230999629945
378000 60.46153846153846 60.46153846153846 119.9423076923077 0.46634615384615385 135.46153846153845 45.30769230769231 0.0 45.30769230769231 0.8021245999261737
380000 60.46153846153846 60.46153846153846 119.9423076923077 0.46634615384615385 135.46153846153845 45.30769230769231 0.0 45.30769230769231 0.7979792000260204
382000 60.46153846153846 60.46153846153846 119.9423076923077 0.46634615384615385 135.46153846153845 45.30769230769231 0.0 45.30769230769231 0.8261172999627888
384000 60.46153846153846 60.46153846153846 119.9423076923077 0.46634615384615385 135.46153846153845 45.30769230769231 0.0 45.30769230769231 0.8526406001765281
386000 60.46153846153846 60.46153846153846 119.9423076923077 0.46634615384615385 135.46153846153845 45.30769230769231 0.0 45.30769230769231 0.756622500019148
388000 60.46153846153846 60.46153846153846 119.9423076923077 0.46634615384615385 135.46153846153845 45.30769230769231 0.0 45.30769230769231 0.7574938000179827
390000 60.46153846153846 60.46153846153846 119.9423076923077 0.46634615384615385 135.46153846153845 45.30769230769231 0.0 45.30769230769231 0.7929390000645071
392000 60.46153846153846 60.46153846153846 119.9423076923077 0.46634615384615385 135.46153846153845 45.30769230769231 0.0 45.30769230769231 0.7901884000748396
394000 60.46153846153846 60.46153846153846 119.9423076923077 0.46634615384615385 135.46153846153845 45.30769230769231 0.0 45.30769230769231 0.7791924001649022
396000 60.46153846153846 60.46153846153846 119.9423076923077 0.46634615384615385 135.46153846153845 45.30769230769231 0.0 45.30769230769231 0.8162811000365764
398000 60.46153846153846 60.46153846153846 119.9423076923077 0.46634615384615385 135.46153846153845 45.30769230769231 0.0 45.30769230769231 0.7991095001343638
400000 60.46153846153846 60.46153846153846 119.9423076923077 0.46634615384615385 135.46153846153845 45.30769230769231 0.0 45.30769230769231 0.7913550999946892
402000 60.46153846153846 60.46153846153846 119.9423076923077 0.46634615384615385 135.46153846153845 45.30769230769231 0.0 45.30769230769231 0.8036452000960708
404000 60.46153846153846 60.46153846153846 119.9423076923077 0.46634615384615385 135.46153846153845 45.30769230769231 0.0 45.30769230769231 0.8066152001265436
406000 60.46153846153846 60.46153846153846 119.9423076923077 0.46634615384615385 135.46153846153845 45.30769230769231 0.0 45.30769230769231 0.7749794002156705
408000 60.46153846153846 60.46153846153846 119.9423076923077 0.46634615384615385 135.46153846153845 45.30769230769231 0.0 45.30769230769231 0.7497708001174033
410000 60.46153846153846 60.46153846153846 119.9423076923077 0.46634615384615385 135.46153846153845 45.30769230769231 0.0 45.30769230769231 0.7944392999634147
412000 60.46153846153846 60.46153846153846 119.9423076923077 0.46634615384615385 135.46153846153845 45.30769230769231 0.0 45.30769230769231 0.7870748001150787
414000 60.46153846153846 60.46153846153846 119.9423076923077 0.46634615384615385 135.46153846153845 45.30769230769231 0.0 45.30769230769231 0.7689269999973476
416000 60.46153846153846 60.46153846153846 119.9423076923077 0.46634615384615385 135.46153846153845 45.30769230769231 0.0 45.30769230769231 0.8312100998591632
418000 60.46153846153846 60.46153846153846 119.9423076923077 0.46634615384615385 135.46153846153845 45.30769230769231 0.0 45.30769230769231 0.7900773999281228
420000 60.46153846153846 60.46153846153846 119.9423076923077 0.46634615384615385 135.46153846153845 45.30769230769231 0.0 45.30769230769231 0.8000526998657733
422000 60.46153846153846 60.46153846153846 119.9423076923077 0.46634615384615385 135.46153846153845 45.30769230769231 0.0 45.30769230769231 0.7867807999718934
424000 60.46153846153846 60.46153846153846 119.9423076923077 0.46634615384615385 135.46153846153845 45.30769230769231 0.0 45.30769230769231 0.8030786998569965
426000 60.46153846153846 60.46153846153846 119.9423076923077 0.46634615384615385 135.46153846153845 45.30769230769231 0.0 45.30769230769231 0.7905908999964595
428000 60.46153846153846 60.46153846153846 119.9423076923077 0.46634615384615385 135.46153846153845 45.30769230769231 0.0 45.30769230769231 0.7884382000193
430000 60.46153846153846 60.46153846153846 119.9423076923077 0.46634615384615385 135.46153846153845 45.30769230769231 0.0 45.30769230769231 0.7667241001036018
432000 60.46153846153846 60.46153846153846 119.9423076923077 0.46634615384615385 135.46153846153845 45.30769230769231 0.0 45.30769230769231 0.8086474000010639
434000 60.46153846153846 60.46153846153846 119.9423076923077 0.46634615384615385 135.46153846153845 45.30769230769231 0.0 45.30769230769231 1.3932183999568224
436000 60.46153846153846 60.46153846153846 119.9423076923077 0.46634615384615385 135.46153846153845 45.30769230769231 0.0 45.30769230769231 1.4205166001338512
438000 60.46153846153846 60.46153846153846 119.9423076923077 0.46634615384615385 135.46153846153845 45.30769230769231 0.0 45.30769230769231 1.353234900161624
440000 60.46153846153846 60.46153846153846 119.9423076923077 0.46634615384615385 135.46153846153845 45.30769230769231 0.0 45.30769230769231 1.399356700014323
442000 60.46153846153846 60.46153846153846 119.9423076923077 0.46634615384615385 135.46153846153845 45.30769230769231 0.0 45.30769230769231 1.4185696998611093
444000 60.46153846153846 60.46153846153846 119.9423076923077 0.46634615384615385 135.46153846153845 45.30769230769231 0.0 45.30769230769231 1.4013902998995036
446000 60.46153846153846 60.46153846153846 119.9423076923077 0.46634615384615385 135.46153846153845 45.30769230769231 0.0 45.30769230769231 1.3751251001376659
448000 60.46153846153846 60.46153846153846 119.9423076923077 0.46634615384615385 135.46153846153845 45.30769230769231 0.0 45.30769230769231 1.2775010999757797
450000 60.46153846153846 60.46153846153846 119.9423076923077 0.46634615384615385 135.46153846153845 45.30769230769231 0.0 45.30769230769231 1.3091762999538332
452000 60.46153846153846 60.46153846153846 119.9423076923077 0.46634615384615385 135.46153846153845 45.30769230769231 0.0 45.30769230769231 1.4508364999201149
454000 60.46153846153846 60.46153846153846 119.9423076923077 0.46634615384615385 135.46153846153845 45.30769230769231 0.0 45.30769230769231 1.448928500059992
456000 60.46153846153846 60.46153846153846 119.9423076923077 0.46634615384615385 135.46153846153845 45.30769230769231 0.0 45.30769230769231 1.4805539001245052
458000 60.46153846153846 60.46153846153846 119.9423076923077 0.46634615384615385 135.46153846153845 45.30769230769231 0.0 45.30769230769231 1.4270142000168562
460000 60.46153846153846 60.46153846153846 119.9423076923077 0.46634615384615385 135.46153846153845 45.30769230769231 0.0 45.30769230769231 1.4068318998906761
462000 60.46153846153846 60.46153846153846 119.9423076923077 0.46634615384615385 135.46153846153845 45.30769230769231 0.0 45.30769230769231 1.4247920999769121
464000 60.46153846153846 60.46153846153846 119.9423076923077 0.46634615384615385 135.46153846153845 45.30769230769231 0.0 45.30769230769231 1.334767400054261
466000 60.46153846153846 60.46153846153846 119.9423076923077 0.46634615384615385 135.46153846153845 45.30769230769231 0.0 45.30769230769231 1.3514995998702943
468000 60.46153846153846 60.46153846153846 119.9423076923077 0.46634615384615385 135.46153846153845 45.30769230769231 0.0 45.30769230769231 1.3881448998581618
470000 60.46153846153846 60.46153846153846 119.9423076923077 0.46634615384615385 135.46153846153845 45.30769230769231 0.0 45.30769230769231 1.3443692000582814
472000 60.46153846153846 60.46153846153846 119.9423076923077 0.46634615384615385 135.46153846153845 45.30769230769231 0.0 45.30769230769231 1.351172500057146
474000 60.46153846153846 60.46153846153846 119.9423076923077 0.46634615384615385 135.46153846153845 45.30769230769231 0.0 45.30769230769231 1.3675436000339687
476000 60.46153846153846 60.46153846153846 119.9423076923077 0.46634615384615385 135.46153846153845 45.30769230769231 0.0 45.30769230769231 1.3439007999841124
478000 60.46153846153846 60.46153846153846 119.9423076923077 0.46634615384615385 135.46153846153845 45.30769230769231 0.0 45.30769230769231 1.4132133999373764
480000 60.46153846153846 60.46153846153846 119.9423076923077 0.46634615384615385 135.46153846153845 45.30769230769231 0.0 45.30769230769231 1.5892416001297534
482000 60.46153846153846 60.46153846153846 119.9423076923077 0.46634615384615385 135.46153846153845 45.30769230769231 0.0 45.30769230769231 1.4451135001145303
484000 60.46153846153846 60.46153846153846 119.9423076923077 0.46634615384615385 135.46153846153845 45.30769230769231 0.0 45.30769230769231 1.4194865000899881
486000 60.46153846153846 60.46153846153846 119.9423076923077 0.46634615384615385 135.46153846153845 45.30769230769231 0.0 45.30769230769231 1.4875694001093507
488000 60.46153846153846 60.46153846153846 119.9423076923077 0.46634615384615385 135.46153846153845 45.30769230769231 0.0 45.30769230769231 1.6162901998031884
490000 60.46153846153846 60.46153846153846 119.9423076923077 0.46634615384615385 135.46153846153845 45.30769230769231 0.0 45.30769230769231 1.57237369986251
492000 60.46153846153846 60.46153846153846 119.9423076923077 0.46634615384615385 135.46153846153845 45.30769230769231 0.0 45.30769230769231 1.536561300046742
494000 60.46153846153846 60.46153846153846 119.9423076923077 0.46634615384615385 135.46153846153845 45.30769230769231 0.0 45.30769230769231 1.4936832000967115
496000 60.46153846153846 60.46153846153846 119.9423076923077 0.46634615384615385 135.46153846153845 45.30769230769231 0.0 45.30769230769231 1.5194828000385314
498000 60.46153846153846 60.46153846153846 119.9423076923077 0.46634615384615385 135.46153846153845 45.30769230769231 0.0 45.30769230769231 1.573583799879998
500000 60.46153846153846 60.46153846153846 119.9423076923077 0.46634615384615385 135.46153846153845 45.30769230769231 0.0 45.30769230769231 1.5395265000406653
