2000 1.4615384615384615 1.4615384615384615 114.15384615384616 0.09775641025641027 135.8653846153846 45.28846153846154 1.1538461538461537 44.13461538461539 0.5542969000525773
4000 1.75 1.75 116.0 0.030448717948717948 135.8653846153846 45.28846153846154 1.1153846153846154 44.17307692307692 0.5789797001052648
6000 0.8269230769230769 0.8269230769230769 117.17307692307692 0.035256410256410256 135.8653846153846 45.28846153846154 1.1153846153846154 44.17307692307692 0.6040279001463205
8000 0.8653846153846154 0.8653846153846154 117.26923076923077 0.03685897435897435 135.8653846153846 45.28846153846154 1.1153846153846154 44.17307692307692 0.7043893001973629
10000 2.5384615384615383 2.5384615384615383 106.23076923076923 0.2227564102564103 135.8653846153846 45.28846153846154 1.1153846153846154 44.17307692307692 0.859366400167346
12000 5.865384615384615 5.865384615384615 100.0576923076923 0.27724358974358976 135.8653846153846 45.28846153846154 1.1153846153846154 44.17307692307692 0.7911400001030415
14000 5.384615384615385 5.384615384615385 101.25 0.21794871794871792 135.8653846153846 45.28846153846154 1.1153846153846154 44.17307692307692 0.7526576998643577
16000 7.173076923076923 7.173076923076923 96.5 0.31089743589743585 135.8653846153846 45.28846153846154 1.1153846153846154 44.17307692307692 0.7923852999228984
18000 7.173076923076923 7.173076923076923 96.5 0.31089743589743585 135.8653846153846 45.28846153846154 1.1153846153846154 44.17307692307692 0.7689883999992162
20000 7.173076923076923 7.173076923076923 96.5 0.31089743589743585 135.8653846153846 45.28846153846154 1.1153846153846154 44.17307692307692 0.7554941999260336
22000 7.173076923076923 7.173076923076923 96.5 0.31089743589743585 135.8653846153846 45.28846153846154 1.1153846153846154 44.17307692307692 0.7930413000285625
24000 7.173076923076923 7.173076923076923 96.5 0.31089743589743585 135.8653846153846 45.28846153846154 1.1153846153846154 44.17307692307692 0.7498177997767925
26000 12.23076923076923 12.23076923076923 91.82692307692308 0.36538461538461536 135.8653846153846 45.28846153846154 1.1153846153846154 44.17307692307692 0.8029572998639196
28000 12.23076923076923 12.23076923076923 91.82692307692308 0.36538461538461536 135.8653846153846 45.28846153846154 1.1153846153846154 44.17307692307692 0.764340499881655
30000 19.96153846153846 19.96153846153846 94.01923076923077 0.375 135.8653846153846 45.28846153846154 1.1153846153846154 44.17307692307692 0.7438735000323504
32000 19.96153846153846 19.96153846153846 94.01923076923077 0.375 135.8653846153846 45.28846153846154 1.1153846153846154 44.17307692307692 0.8160562000703067
34000 79.82692307692308 79.82692307692308 75.46153846153847 0.5256410256410257 135.8653846153846 45.28846153846154 1.1153846153846154 44.17307692307692 0.7716794000007212
36000 79.82692307692308 79.82692307692308 75.46153846153847 0.5256410256410257 135.8653846153846 45.28846153846154 1.1153846153846154 44.17307692307692 0.7893153000622988
38000 79.82692307692308 79.82692307692308 75.46153846153847 0.5256410256410257 135.8653846153846 45.28846153846154 1.1153846153846154 44.17307692307692 0.7712173000909388
40000 79.82692307692308 79.82692307692308 75.46153846153847 0.5256410256410257 135.8653846153846 45.28846153846154 1.1153846153846154 44.17307692307692 0.7792404000647366
42000 79.82692307692308 79.82692307692308 75.46153846153847 0.5256410256410257 135.8653846153846 45.28846153846154 1.1153846153846154 44.17307692307692 0.7515126999933273
44000 79.82692307692308 79.82692307692308 75.46153846153847 0.5256410256410257 135.8653846153846 45.28846153846154 1.1153846153846154 44.17307692307692 0.8405165001749992
46000 79.82692307692308 79.82692307692308 75.46153846153847 0.5256410256410257 135.8653846153846 45.28846153846154 1.1153846153846154 44.17307692307692 0.8158789000008255
48000 79.82692307692308 79.82692307692308 75.46153846153847 0.5256410256410257 135.8653846153846 45.28846153846154 1.1153846153846154 44.17307692307692 0.7818555999547243
50000 79.82692307692308 79.82692307692308 75.46153846153847 0.5256410256410257 135.8653846153846 45.28846153846154 1.1153846153846154 44.17307692307692 0.7936984000261873
52000 79.82692307692308 79.82692307692308 75.46153846153847 0.5256410256410257 135.8653846153846 45.28846153846154 1.1153846153846154 44.17307692307692 0.8747614999301732
54000 79.82692307692308 79.82692307692308 75.46153846153847 0.5256410256410257 135.8653846153846 45.28846153846154 1.1153846153846154 44.17307692307692 0.8286580999847502
56000 79.82692307692308 79.82692307692308 75.46153846153847 0.5256410256410257 135.8653846153846 45.28846153846154 1.1153846153846154 44.17307692307692 0.8004833001177758
58000 79.82692307692308 79.82692307692308 75.46153846153847 0.5256410256410257 135.8653846153846 45.28846153846154 1.1153846153846154 44.17307692307692 0.7681785998865962
60000 79.82692307692308 79.82692307692308 75.46153846153847 0.5256410256410257 135.8653846153846 45.28846153846154 1.1153846153846154 44.17307692307692 1.0812030001543462
62000 79.82692307692308 79.82692307692308 75.46153846153847 0.5256410256410257 135.8653846153846 45.28846153846154 1.1153846153846154 44.17307692307692 0.7719638999551535
64000 79.82692307692308 79.82692307692308 75.46153846153847 0.5256410256410257 135.8653846153846 45.28846153846154 1.1153846153846154 44.17307692307692 0.8062037997879088
66000 79.82692307692308 79.82692307692308 75.46153846153847 0.5256410256410257 135.8653846153846 45.28846153846154 1.1153846153846154 44.17307692307692 0.7791292001493275
68000 79.82692307692308 79.82692307692308 75.46153846153847 0.5256410256410257 135.8653846153846 45.28846153846154 1.1153846153846154 44.17307692307692 0.7657894999720156
70000 79.82692307692308 79.82692307692308 75.46153846153847 0.5256410256410257 135.8653846153846 45.28846153846154 1.1153846153846154 44.17307692307692 0.7931780000217259
72000 79.82692307692308 79.82692307692308 75.46153846153847 0.5256410256410257 135.8653846153846 45.28846153846154 1.1153846153846154 44.17307692307692 0.8114223000593483
74000 79.82692307692308 79.82692307692308 75.46153846153847 0.5256410256410257 135.8653846153846 45.28846153846154 1.1153846153846154 44.17307692307692 0.8090905998833477
76000 79.82692307692308 79.82692307692308 75.46153846153847 0.5256410256410257 135.8653846153846 45.28846153846154 1.1153846153846154 44.17307692307692 0.8126864999067038
78000 79.82692307692308 79.82692307692308 75.46153846153847 0.5256410256410257 135.8653846153846 45.28846153846154 1.1153846153846154 44.17307692307692 0.8032771998550743
80000 79.82692307692308 79.82692307692308 75.46153846153847 0.5256410256410257 135.8653846153846 45.28846153846154 1.1153846153846154 44.17307692307692 0.7949957998935133
82000 79.82692307692308 79.82692307692308 75.46153846153847 0.5256410256410257 135.8653846153846 45.28846153846154 1.1153846153846154 44.17307692307692 0.8726967999245971
84000 79.82692307692308 79.82692307692308 75.46153846153847 0.5256410256410257 135.8653846153846 45.28846153846154 1.1153846153846154 44.17307692307692 0.7847844001371413
86000 79.82692307692308 79.82692307692308 75.46153846153847 0.5256410256410257 135.8653846153846 45.28846153846154 1.1153846153846154 44.17307692307692 0.789100700058043
88000 79.82692307692308 79.82692307692308 75.46153846153847 0.5256410256410257 135.8653846153846 45.28846153846154 1.1153846153846154 44.17307692307692 0.8332800001371652
90000 79.82692307692308 79.82692307692308 75.46153846153847 0.5256410256410257 135.8653846153846 45.28846153846154 1.1153846153846154 44.17307692307692 0.8485753999557346
92000 79.82692307692308 79.82692307692308 75.46153846153847 0.5256410256410257 135.8653846153846 45.28846153846154 1.1153846153846154 44.17307692307692 0.8970215001609176
94000 79.82692307692308 79.82692307692308 75.46153846153847 0.5256410256410257 135.8653846153846 45.28846153846154 1.1153846153846154 44.17307692307692 0.7707396999467164
96000 79.82692307692308 79.82692307692308 75.46153846153847 0.5256410256410257 135.8653846153846 45.28846153846154 1.1153846153846154 44.17307692307692 0.8139599000569433
98000 79.82692307692308 79.82692307692308 75.46153846153847 0.5256410256410257 135.8653846153846 45.28846153846154 1.1153846153846154 44.17307692307692 0.7856243001297116
100000 79.82692307692308 79.82692307692308 75.46153846153847 0.5256410256410257 135.8653846153846 45.28846153846154 1.1153846153846154 44.17307692307692 0.7610640998464078
102000 79.82692307692308 79.82692307692308 75.46153846153847 0.5256410256410257 135.8653846153846 45.28846153846154 1.1153846153846154 44.17307692307692 0.7943386000115424
104000 79.82692307692308 79.82692307692308 75.46153846153847 0.5256410256410257 135.8653846153846 45.28846153846154 1.1153846153846154 44.17307692307692 0.7893991000019014
106000 79.82692307692308 79.82692307692308 75.46153846153847 0.5256410256410257 135.8653846153846 45.28846153846154 1.1153846153846154 44.17307692307692 0.903506699949503
108000 79.82692307692308 79.82692307692308 75.46153846153847 0.5256410256410257 135.8653846153846 45.28846153846154 1.1153846153846154 44.17307692307692 0.9309362999629229
110000 79.82692307692308 79.82692307692308 75.46153846153847 0.5256410256410257 135.8653846153846 45.28846153846154 1.1153846153846154 44.17307692307692 0.8554791000206023
112000 79.82692307692308 79.82692307692308 75.46153846153847 0.5256410256410257 135.8653846153846 45.28846153846154 1.1153846153846154 44.17307692307692 0.9196937999222428
114000 79.82692307692308 79.82692307692308 75.46153846153847 0.5256410256410257 135.8653846153846 45.28846153846154 1.1153846153846154 44.17307692307692 0.8376815998926759
116000 79.82692307692308 79.82692307692308 75.46153846153847 0.5256410256410257 135.8653846153846 45.28846153846154 1.1153846153846154 44.17307692307692 0.7918637001421303
118000 79.82692307692308 79.82692307692308 75.46153846153847 0.5256410256410257 135.8653846153846 45.28846153846154 1.1153846153846154 44.17307692307692 0.8437399000395089
120000 79.82692307692308 79.82692307692308 75.46153846153847 0.5256410256410257 135.8653846153846 45.28846153846154 1.1153846153846154 44.17307692307692 0.8094589000102133
122000 79.82692307692308 79.82692307692308 75.46153846153847 0.5256410256410257 135.8653846153846 45.28846153846154 1.1153846153846154 44.17307692307692 0.7766968000214547
124000 79.82692307692308 79.82692307692308 75.46153846153847 0.5256410256410257 135.8653846153846 45.28846153846154 1.1153846153846154 44.17307692307692 0.8039828001055866
126000 79.82692307692308 79.82692307692308 75.46153846153847 0.5256410256410257 135.8653846153846 45.28846153846154 1.1153846153846154 44.17307692307692 0.7785141000058502
128000 79.82692307692308 79.82692307692308 75.46153846153847 0.5256410256410257 135.8653846153846 45.28846153846154 1.1153846153846154 44.17307692307692 0.7727491999976337
130000 79.82692307692308 79.82692307692308 75.46153846153847 0.5256410256410257 135.8653846153846 45.28846153846154 1.1153846153846154 44.17307692307692 0.8280771998688579
132000 79.82692307692308 79.82692307692308 75.46153846153847 0.5256410256410257 135.8653846153846 45.28846153846154 1.1153846153846154 44.17307692307692 0.78092319983989
134000 79.82692307692308 79.82692307692308 75.46153846153847 0.5256410256410257 135.8653846153846 45.28846153846154 1.1153846153846154 44.17307692307692 0.7495834999717772
136000 79.82692307692308 79.82692307692308 75.46153846153847 0.5256410256410257 135.8653846153846 45.28846153846154 1.1153846153846154 44.17307692307692 0.8250602998305112
138000 79.82692307692308 79.82692307692308 75.46153846153847 0.5256410256410257 135.8653846153846 45.28846153846154 1.1153846153846154 44.17307692307692 0.755796300014481
140000 79.82692307692308 79.82692307692308 75.46153846153847 0.5256410256410257 135.8653846153846 45.28846153846154 1.1153846153846154 44.17307692307692 0.8299728999845684
142000 79.82692307692308 79.82692307692308 75.46153846153847 0.5256410256410257 135.8653846153846 45.28846153846154 1.1153846153846154 44.17307692307692 0.7948956000618637
144000 79.82692307692308 79.82692307692308 75.46153846153847 0.5256410256410257 135.8653846153846 45.28846153846154 1.1153846153846154 44.17307692307692 0.8330590999685228
146000 79.82692307692308 79.82692307692308 75.46153846153847 0.5256410256410257 135.8653846153846 45.28846153846154 1.1153846153846154 44.17307692307692 0.7595774999354035
148000 79.82692307692308 79.82692307692308 75.46153846153847 0.5256410256410257 135.8653846153846 45.28846153846154 1.1153846153846154 44.17307692307692 0.7501107000280172
150000 79.82692307692308 79.82692307692308 75.46153846153847 0.5256410256410257 135.8653846153846 45.28846153846154 1.1153846153846154 44.17307692307692 0.821716999867931
152000 79.82692307692308 79.82692307692308 75.46153846153847 0.5256410256410257 135.8653846153846 45.28846153846154 1.1153846153846154 44.17307692307692 0.7995472999755293
154000 79.82692307692308 79.82692307692308 75.46153846153847 0.5256410256410257 135.8653846153846 45.28846153846154 1.1153846153846154 44.17307692307692 0.8831430000718683
156000 79.82692307692308 79.82692307692308 75.46153846153847 0.5256410256410257 135.8653846153846 45.28846153846154 1.1153846153846154 44.17307692307692 0.9080272000283003
158000 79.82692307692308 79.82692307692308 75.46153846153847 0.5256410256410257 135.8653846153846 45.28846153846154 1.1153846153846154 44.17307692307692 0.7900229000952095
160000 79.82692307692308 79.82692307692308 75.46153846153847 0.5256410256410257 135.8653846153846 45.28846153846154 1.1153846153846154 44.17307692307692 0.8168591998983175
162000 79.82692307692308 79.82692307692308 75.46153846153847 0.5256410256410257 135.8653846153846 45.28846153846154 1.1153846153846154 44.17307692307692 0.8796995000448078
164000 79.82692307692308 79.82692307692308 75.46153846153847 0.5256410256410257 135.8653846153846 45.28846153846154 1.1153846153846154 44.17307692307692 0.8826617000158876
166000 79.82692307692308 79.82692307692308 75.46153846153847 0.5256410256410257 135.8653846153846 45.28846153846154 1.1153846153846154 44.17307692307692 0.8702314998954535
168000 79.82692307692308 79.82692307692308 75.46153846153847 0.5256410256410257 135.8653846153846 45.28846153846154 1.1153846153846154 44.17307692307692 0.8365215000230819
170000 79.82692307692308 79.82692307692308 75.46153846153847 0.5256410256410257 135.8653846153846 45.28846153846154 1.1153846153846154 44.17307692307692 0.8456295998767018
172000 79.82692307692308 79.82692307692308 75.46153846153847 0.5256410256410257 135.8653846153846 45.28846153846154 1.1153846153846154 44.17307692307692 0.8412697000894696
174000 79.82692307692308 79.82692307692308 75.46153846153847 0.5256410256410257 135.8653846153846 45.28846153846154 1.1153846153846154 44.17307692307692 0.8340044999495149
176000 79.82692307692308 79.82692307692308 75.46153846153847 0.5256410256410257 135.8653846153846 45.28846153846154 1.1153846153846154 44.17307692307692 0.8169458999764174
178000 79.82692307692308 79.82692307692308 75.46153846153847 0.5256410256410257 135.8653846153846 45.28846153846154 1.1153846153846154 44.17307692307692 0.83237209985964
180000 79.82692307692308 79.82692307692308 75.46153846153847 0.5256410256410257 135.8653846153846 45.28846153846154 1.1153846153846154 44.17307692307692 0.8222421000245959
182000 79.82692307692308 79.82692307692308 75.46153846153847 0.5256410256410257 135.8653846153846 45.28846153846154 1.1153846153846154 44.17307692307692 0.7464000000618398
184000 79.82692307692308 79.82692307692308 75.46153846153847 0.5256410256410257 135.8653846153846 45.28846153846154 1.1153846153846154 44.17307692307692 0.7768343000207096
186000 79.82692307692308 79.82692307692308 75.46153846153847 0.5256410256410257 135.8653846153846 45.28846153846154 1.1153846153846154 44.17307692307692 0.8200749000534415
188000 79.82692307692308 79.82692307692308 75.46153846153847 0.5256410256410257 135.8653846153846 45.28846153846154 1.1153846153846154 44.17307692307692 0.7908875998109579
190000 79.82692307692308 79.82692307692308 75.46153846153847 0.5256410256410257 135.8653846153846 45.28846153846154 1.1153846153846154 44.17307692307692 0.7516780998557806
192000 79.82692307692308 79.82692307692308 75.46153846153847 0.5256410256410257 135.8653846153846 45.28846153846154 1.1153846153846154 44.17307692307692 0.8687710000667721
194000 79.82692307692308 79.82692307692308 75.46153846153847 0.5256410256410257 135.8653846153846 45.28846153846154 1.1153846153846154 44.17307692307692 0.8091530001256615
196000 79.82692307692308 79.82692307692308 75.46153846153847 0.5256410256410257 135.8653846153846 45.28846153846154 1.1153846153846154 44.17307692307692 0.8440795999485999
198000 79.82692307692308 79.82692307692308 75.46153846153847 0.5256410256410257 135.8653846153846 45.28846153846154 1.1153846153846154 44.17307692307692 0.7700996999628842
200000 79.82692307692308 79.82692307692308 75.46153846153847 0.5256410256410257 135.8653846153846 45.28846153846154 1.1153846153846154 44.17307692307692 0.8375754000153393
202000 79.82692307692308 79.82692307692308 75.46153846153847 0.5256410256410257 135.8653846153846 45.28846153846154 1.1153846153846154 44.17307692307692 0.8145190000068396
204000 79.82692307692308 79.82692307692308 75.46153846153847 0.5256410256410257 135.8653846153846 45.28846153846154 1.1153846153846154 44.17307692307692 0.8285163999535143
206000 79.82692307692308 79.82692307692308 75.46153846153847 0.5256410256410257 135.8653846153846 45.28846153846154 1.1153846153846154 44.17307692307692 0.8124191998504102
208000 79.82692307692308 79.82692307692308 75.46153846153847 0.5256410256410257 135.8653846153846 45.28846153846154 1.1153846153846154 44.17307692307692 0.8690587000455707
210000 79.82692307692308 79.82692307692308 75.46153846153847 0.5256410256410257 135.8653846153846 45.28846153846154 1.1153846153846154 44.17307692307692 1.0308093999046832
212000 79.82692307692308 79.82692307692308 75.46153846153847 0.5256410256410257 135.8653846153846 45.28846153846154 1.1153846153846154 44.17307692307692 0.7987768999300897
214000 79.82692307692308 79.82692307692308 75.46153846153847 0.5256410256410257 135.8653846153846 45.28846153846154 1.1153846153846154 44.17307692307692 0.8840938999783248
216000 79.82692307692308 79.82692307692308 75.46153846153847 0.5256410256410257 135.8653846153846 45.28846153846154 1.1153846153846154 44.17307692307692 0.9050844998564571
218000 79.82692307692308 79.82692307692308 75.46153846153847 0.5256410256410257 135.8653846153846 45.28846153846154 1.1153846153846154 44.17307692307692 0.7825017999857664
220000 79.82692307692308 79.82692307692308 75.46153846153847 0.5256410256410257 135.8653846153846 45.28846153846154 1.1153846153846154 44.17307692307692 0.8448853001464158
222000 79.82692307692308 79.82692307692308 75.46153846153847 0.5256410256410257 135.8653846153846 45.28846153846154 1.1153846153846154 44.17307692307692 0.8054524001199752
224000 79.82692307692308 79.82692307692308 75.46153846153847 0.5256410256410257 135.8653846153846 45.28846153846154 1.1153846153846154 44.17307692307692 0.8138340001460165
226000 79.82692307692308 79.82692307692308 75.46153846153847 0.5256410256410257 135.8653846153846 45.28846153846154 1.1153846153846154 44.17307692307692 0.8321283000987023
228000 79.82692307692308 79.82692307692308 75.46153846153847 0.5256410256410257 135.8653846153846 45.28846153846154 1.1153846153846154 44.17307692307692 0.8186887002084404
230000 79.82692307692308 79.82692307692308 75.46153846153847 0.5256410256410257 135.8653846153846 45.28846153846154 1.1153846153846154 44.17307692307692 0.9121443000622094
232000 79.82692307692308 79.82692307692308 75.46153846153847 0.5256410256410257 135.8653846153846 45.28846153846154 1.1153846153846154 44.17307692307692 0.8298585000447929
234000 79.82692307692308 79.82692307692308 75.46153846153847 0.5256410256410257 135.8653846153846 45.28846153846154 1.1153846153846154 44.17307692307692 0.7818163998890668
236000 79.82692307692308 79.82692307692308 75.46153846153847 0.5256410256410257 135.8653846153846 45.28846153846154 1.1153846153846154 44.17307692307692 0.848591199843213
238000 79.82692307692308 79.82692307692308 75.46153846153847 0.5256410256410257 135.8653846153846 45.28846153846154 1.1153846153846154 44.17307692307692 0.8733647000044584
240000 79.82692307692308 79.82692307692308 75.46153846153847 0.5256410256410257 135.8653846153846 45.28846153846154 1.1153846153846154 44.17307692307692 0.776645400095731
242000 79.82692307692308 79.82692307692308 75.46153846153847 0.5256410256410257 135.8653846153846 45.28846153846154 1.1153846153846154 44.17307692307692 0.8290970001835376
244000 79.82692307692308 79.82692307692308 75.46153846153847 0.5256410256410257 135.8653846153846 45.28846153846154 1.1153846153846154 44.17307692307692 0.7940834001637995
246000 79.82692307692308 79.82692307692308 75.46153846153847 0.5256410256410257 135.8653846153846 45.28846153846154 1.1153846153846154 44.17307692307692 0.7597866000141948
248000 79.82692307692308 79.82692307692308 75.46153846153847 0.5256410256410257 135.8653846153846 45.28846153846154 1.1153846153846154 44.17307692307692 0.8054190999828279
250000 79.82692307692308 79.82692307692308 75.46153846153847 0.5256410256410257 135.8653846153846 45.28846153846154 1.1153846153846154 44.17307692307692 0.752161999931559
252000 79.82692307692308 79.82692307692308 75.46153846153847 0.5256410256410257 135.8653846153846 45.28846153846154 1.1153846153846154 44.17307692307692 0.7617854001000524
254000 79.82692307692308 79.82692307692308 75.46153846153847 0.5256410256410257 135.8653846153846 45.28846153846154 1.1153846153846154 44.17307692307692 0.8653756000567228
256000 79.82692307692308 79.82692307692308 75.46153846153847 0.5256410256410257 135.8653846153846 45.28846153846154 1.1153846153846154 44.17307692307692 0.7681410999502987
258000 79.82692307692308 79.82692307692308 75.46153846153847 0.5256410256410257 135.8653846153846 45.28846153846154 1.1153846153846154 44.17307692307692 0.9003496998921037
260000 79.82692307692308 79.82692307692308 75.46153846153847 0.5256410256410257 135.8653846153846 45.28846153846154 1.1153846153846154 44.17307692307692 0.7647158000618219
262000 79.82692307692308 79.82692307692308 75.46153846153847 0.5256410256410257 135.8653846153846 45.28846153846154 1.1153846153846154 44.17307692307692 0.7932331999763846
264000 79.82692307692308 79.82692307692308 75.46153846153847 0.5256410256410257 135.8653846153846 45.28846153846154 1.1153846153846154 44.17307692307692 0.8357951000798494
266000 79.82692307692308 79.82692307692308 75.46153846153847 0.5256410256410257 135.8653846153846 45.28846153846154 1.1153846153846154 44.17307692307692 0.8209497001953423
268000 79.82692307692308 79.82692307692308 75.46153846153847 0.5256410256410257 135.8653846153846 45.28846153846154 1.1153846153846154 44.17307692307692 0.8097039998974651
270000 79.82692307692308 79.82692307692308 75.46153846153847 0.5256410256410257 135.8653846153846 45.28846153846154 1.1153846153846154 44.17307692307692 0.8234118998516351
272000 79.82692307692308 79.82692307692308 75.46153846153847 0.5256410256410257 135.8653846153846 45.28846153846154 1.1153846153846154 44.17307692307692 0.804340299917385
274000 79.82692307692308 79.82692307692308 75.46153846153847 0.5256410256410257 135.8653846153846 45.28846153846154 1.1153846153846154 44.17307692307692 0.7647271000314504
276000 79.82692307692308 79.82692307692308 75.46153846153847 0.5256410256410257 135.8653846153846 45.28846153846154 1.1153846153846154 44.17307692307692 0.7861450000200421
278000 79.82692307692308 79.82692307692308 75.46153846153847 0.5256410256410257 135.8653846153846 45.28846153846154 1.1153846153846154 44.17307692307692 0.8374206000007689
280000 79.82692307692308 79.82692307692308 75.46153846153847 0.5256410256410257 135.8653846153846 45.28846153846154 1.1153846153846154 44.17307692307692 0.7472308999858797
282000 79.82692307692308 79.82692307692308 75.46153846153847 0.5256410256410257 135.8653846153846 45.28846153846154 1.1153846153846154 44.17307692307692 0.8980576999019831
284000 79.82692307692308 79.82692307692308 75.46153846153847 0.5256410256410257 135.8653846153846 45.28846153846154 1.1153846153846154 44.17307692307692 0.8049690998159349
286000 79.82692307692308 79.82692307692308 75.46153846153847 0.5256410256410257 135.8653846153846 45.28846153846154 1.1153846153846154 44.17307692307692 0.7994393000844866
288000 79.82692307692308 79.82692307692308 75.46153846153847 0.5256410256410257 135.8653846153846 45.28846153846154 1.1153846153846154 44.17307692307692 0.8189485999755561
290000 79.82692307692308 79.82692307692308 75.46153846153847 0.5256410256410257 135.8653846153846 45.28846153846154 1.1153846153846154 44.17307692307692 0.8027007000055164
292000 79.82692307692308 79.82692307692308 75.46153846153847 0.5256410256410257 135.8653846153846 45.28846153846154 1.1153846153846154 44.17307692307692 0.7389032999053597
294000 79.82692307692308 79.82692307692308 75.46153846153847 0.5256410256410257 135.8653846153846 45.28846153846154 1.1153846153846154 44.17307692307692 0.7895388000179082
296000 79.82692307692308 79.82692307692308 75.46153846153847 0.5256410256410257 135.8653846153846 45.28846153846154 1.1153846153846154 44.17307692307692 0.7797445999458432
298000 79.82692307692308 79.82692307692308 75.46153846153847 0.5256410256410257 135.8653846153846 45.28846153846154 1.1153846153846154 44.17307692307692 0.8150622001849115
300000 79.82692307692308 79.82692307692308 75.46153846153847 0.5256410256410257 135.8653846153846 45.28846153846154 1.1153846153846154 44.17307692307692 0.8094920001458377
302000 79.82692307692308 79.82692307692308 75.46153846153847 0.5256410256410257 135.8653846153846 45.28846153846154 1.1153846153846154 44.17307692307692 0.8145653000101447
304000 79.82692307692308 79.82692307692308 75.46153846153847 0.5256410256410257 135.8653846153846 45.28846153846154 1.1153846153846154 44.17307692307692 0.8079330001492053
306000 79.82692307692308 79.82692307692308 75.46153846153847 0.5256410256410257 135.8653846153846 45.28846153846154 1.1153846153846154 44.17307692307692 0.772245500003919
308000 79.82692307692308 79.82692307692308 75.46153846153847 0.5256410256410257 135.8653846153846 45.28846153846154 1.1153846153846154 44.17307692307692 0.7687756000086665
310000 79.82692307692308 79.82692307692308 75.46153846153847 0.5256410256410257 135.8653846153846 45.28846153846154 1.1153846153846154 44.17307692307692 0.8076373999938369
312000 79.82692307692308 79.82692307692308 75.46153846153847 0.5256410256410257 135.8653846153846 45.28846153846154 1.1153846153846154 44.17307692307692 0.7704426001291722
314000 79.82692307692308 79.82692307692308 75.46153846153847 0.5256410256410257 135.8653846153846 45.28846153846154 1.1153846153846154 44.17307692307692 0.728473600000143
316000 79.82692307692308 79.82692307692308 75.46153846153847 0.5256410256410257 135.8653846153846 45.28846153846154 1.1153846153846154 44.17307692307692 0.705242000054568
318000 79.82692307692308 79.82692307692308 75.46153846153847 0.5256410256410257 135.8653846153846 45.28846153846154 1.1153846153846154 44.17307692307692 0.7879694998264313
320000 79.82692307692308 79.82692307692308 75.46153846153847 0.5256410256410257 135.8653846153846 45.28846153846154 1.1153846153846154 44.17307692307692 0.860191100044176
322000 79.82692307692308 79.82692307692308 75.46153846153847 0.5256410256410257 135.8653846153846 45.28846153846154 1.1153846153846154 44.17307692307692 0.7902832999825478
324000 79.82692307692308 79.82692307692308 75.46153846153847 0.5256410256410257 135.8653846153846 45.28846153846154 1.1153846153846154 44.17307692307692 0.7738524999003857
326000 79.82692307692308 79.82692307692308 75.46153846153847 0.5256410256410257 135.8653846153846 45.28846153846154 1.1153846153846154 44.17307692307692 0.8386186000425369
328000 79.82692307692308 79.82692307692308 75.46153846153847 0.5256410256410257 135.8653846153846 45.28846153846154 1.1153846153846154 44.17307692307692 0.7902154999319464
330000 79.82692307692308 79.82692307692308 75.46153846153847 0.5256410256410257 135.8653846153846 45.28846153846154 1.1153846153846154 44.17307692307692 0.7749447000678629
332000 79.82692307692308 79.82692307692308 75.46153846153847 0.5256410256410257 135.8653846153846 45.28846153846154 1.1153846153846154 44.17307692307692 0.7918916000053287
334000 79.82692307692308 79.82692307692308 75.46153846153847 0.5256410256410257 135.8653846153846 45.28846153846154 1.1153846153846154 44.17307692307692 0.8045552999246866
336000 79.82692307692308 79.82692307692308 75.46153846153847 0.5256410256410257 135.8653846153846 45.28846153846154 1.1153846153846154 44.17307692307692 0.8481491999700665
338000 79.82692307692308 79.82692307692308 75.46153846153847 0.5256410256410257 135.8653846153846 45.28846153846154 1.1153846153846154 44.17307692307692 0.8306748999748379
340000 79.82692307692308 79.82692307692308 75.46153846153847 0.5256410256410257 135.8653846153846 45.28846153846154 1.1153846153846154 44.17307692307692 0.7860076001379639
342000 79.82692307692308 79.82692307692308 75.46153846153847 0.5256410256410257 135.8653846153846 45.28846153846154 1.1153846153846154 44.17307692307692 0.822160999989137
344000 79.82692307692308 79.82692307692308 75.46153846153847 0.5256410256410257 135.8653846153846 45.28846153846154 1.1153846153846154 44.17307692307692 0.7699667999986559
346000 79.82692307692308 79.82692307692308 75.46153846153847 0.5256410256410257 135.8653846153846 45.28846153846154 1.1153846153846154 44.17307692307692 0.8427516000811011
348000 79.82692307692308 79.82692307692308 75.46153846153847 0.5256410256410257 135.8653846153846 45.28846153846154 1.1153846153846154 44.17307692307692 0.8687567000743002
350000 79.82692307692308 79.82692307692308 75.46153846153847 0.5256410256410257 135.8653846153846 45.28846153846154 1.1153846153846154 44.17307692307692 0.8600928999949247
352000 79.82692307692308 79.82692307692308 75.46153846153847 0.5256410256410257 135.8653846153846 45.28846153846154 1.1153846153846154 44.17307692307692 0.7835803998168558
354000 79.82692307692308 79.82692307692308 75.46153846153847 0.5256410256410257 135.8653846153846 45.28846153846154 1.1153846153846154 44.17307692307692 0.7511859000660479
356000 79.82692307692308 79.82692307692308 75.46153846153847 0.5256410256410257 135.8653846153846 45.28846153846154 1.1153846153846154 44.17307692307692 0.7646413999609649
358000 79.82692307692308 79.82692307692308 75.46153846153847 0.5256410256410257 135.8653846153846 45.28846153846154 1.1153846153846154 44.17307692307692 0.7683725000824779
360000 79.82692307692308 79.82692307692308 75.46153846153847 0.5256410256410257 135.8653846153846 45.28846153846154 1.1153846153846154 44.17307692307692 0.7546363999135792
362000 79.82692307692308 79.82692307692308 75.46153846153847 0.5256410256410257 135.8653846153846 45.28846153846154 1.1153846153846154 44.17307692307692 0.7653493999969214
364000 79.82692307692308 79.82692307692308 75.46153846153847 0.5256410256410257 135.8653846153846 45.28846153846154 1.1153846153846154 44.17307692307692 0.790601400192827
366000 79.82692307692308 79.82692307692308 75.46153846153847 0.5256410256410257 135.8653846153846 45.28846153846154 1.1153846153846154 44.17307692307692 0.8009367000777274
368000 79.82692307692308 79.82692307692308 75.46153846153847 0.5256410256410257 135.8653846153846 45.28846153846154 1.1153846153846154 44.17307692307692 0.79423200013116
370000 79.82692307692308 79.82692307692308 75.46153846153847 0.5256410256410257 135.8653846153846 45.28846153846154 1.1153846153846154 44.17307692307692 0.803433199878782
372000 79.82692307692308 79.82692307692308 75.46153846153847 0.5256410256410257 135.8653846153846 45.28846153846154 1.1153846153846154 44.17307692307692 0.7954970998689532
374000 79.82692307692308 79.82692307692308 75.46153846153847 0.5256410256410257 135.8653846153846 45.28846153846154 1.1153846153846154 44.17307692307692 0.8423582999967039
376000 79.82692307692308 79.82692307692308 75.46153846153847 0.5256410256410257 135.8653846153846 45.28846153846154 1.1153846153846154 44.17307692307692 0.8298138999380171
378000 79.82692307692308 79.82692307692308 75.46153846153847 0.5256410256410257 135.8653846153846 45.28846153846154 1.1153846153846154 44.17307692307692 0.8107683998532593
380000 79.82692307692308 79.82692307692308 75.46153846153847 0.5256410256410257 135.8653846153846 45.28846153846154 1.1153846153846154 44.17307692307692 0.7327289001550525
382000 79.82692307692308 79.82692307692308 75.46153846153847 0.5256410256410257 135.8653846153846 45.28846153846154 1.1153846153846154 44.17307692307692 0.8442277000285685
384000 79.82692307692308 79.82692307692308 75.46153846153847 0.5256410256410257 135.8653846153846 45.28846153846154 1.1153846153846154 44.17307692307692 0.8012699000537395
386000 79.82692307692308 79.82692307692308 75.46153846153847 0.5256410256410257 135.8653846153846 45.28846153846154 1.1153846153846154 44.17307692307692 0.7631592000834644
388000 79.82692307692308 79.82692307692308 75.46153846153847 0.5256410256410257 135.8653846153846 45.28846153846154 1.1153846153846154 44.17307692307692 0.8111984001006931
390000 79.82692307692308 79.82692307692308 75.46153846153847 0.5256410256410257 135.8653846153846 45.28846153846154 1.1153846153846154 44.17307692307692 0.7820604001171887
392000 79.82692307692308 79.82692307692308 75.46153846153847 0.5256410256410257 135.8653846153846 45.28846153846154 1.1153846153846154 44.17307692307692 0.8281424001324922
394000 79.82692307692308 79.82692307692308 75.46153846153847 0.5256410256410257 135.8653846153846 45.28846153846154 1.1153846153846154 44.17307692307692 0.7569696002174169
396000 79.82692307692308 79.82692307692308 75.46153846153847 0.5256410256410257 135.8653846153846 45.28846153846154 1.1153846153846154 44.17307692307692 0.7498719000723213
398000 79.82692307692308 79.82692307692308 75.46153846153847 0.5256410256410257 135.8653846153846 45.28846153846154 1.1153846153846154 44.17307692307692 0.7871344999875873
400000 79.82692307692308 79.82692307692308 75.46153846153847 0.5256410256410257 135.8653846153846 45.28846153846154 1.1153846153846154 44.17307692307692 0.7904997000005096
402000 79.82692307692308 79.82692307692308 75.46153846153847 0.5256410256410257 135.8653846153846 45.28846153846154 1.1153846153846154 44.17307692307692 1.3637861001770943
404000 79.82692307692308 79.82692307692308 75.46153846153847 0.5256410256410257 135.8653846153846 45.28846153846154 1.1153846153846154 44.17307692307692 1.4826269999612123
406000 79.82692307692308 79.82692307692308 75.46153846153847 0.5256410256410257 135.8653846153846 45.28846153846154 1.1153846153846154 44.17307692307692 1.3569841999560595
408000 79.82692307692308 79.82692307692308 75.46153846153847 0.5256410256410257 135.8653846153846 45.28846153846154 1.1153846153846154 44.17307692307692 1.3328087001573294
410000 79.82692307692308 79.82692307692308 75.46153846153847 0.5256410256410257 135.8653846153846 45.28846153846154 1.1153846153846154 44.17307692307692 1.4056301999371499
412000 79.82692307692308 79.82692307692308 75.46153846153847 0.5256410256410257 135.8653846153846 45.28846153846154 1.1153846153846154 44.17307692307692 1.3979838001541793
414000 79.82692307692308 79.82692307692308 75.46153846153847 0.5256410256410257 135.8653846153846 45.28846153846154 1.1153846153846154 44.17307692307692 1.448005999904126
416000 79.82692307692308 79.82692307692308 75.46153846153847 0.5256410256410257 135.8653846153846 45.28846153846154 1.1153846153846154 44.17307692307692 1.2695738999173045
418000 79.82692307692308 79.82692307692308 75.46153846153847 0.5256410256410257 135.8653846153846 45.28846153846154 1.1153846153846154 44.17307692307692 1.7252118000760674
420000 79.82692307692308 79.82692307692308 75.46153846153847 0.5256410256410257 135.8653846153846 45.28846153846154 1.1153846153846154 44.17307692307692 1.367706999881193
422000 79.82692307692308 79.82692307692308 75.46153846153847 0.5256410256410257 135.8653846153846 45.28846153846154 1.1153846153846154 44.17307692307692 1.3936714001465589
424000 79.82692307692308 79.82692307692308 75.46153846153847 0.5256410256410257 135.8653846153846 45.28846153846154 1.1153846153846154 44.17307692307692 1.3711777001153678
426000 79.82692307692308 79.82692307692308 75.46153846153847 0.5256410256410257 135.8653846153846 45.28846153846154 1.1153846153846154 44.17307692307692 1.3775627999566495
428000 79.82692307692308 79.82692307692308 75.46153846153847 0.5256410256410257 135.8653846153846 45.28846153846154 1.1153846153846154 44.17307692307692 1.3907586999703199
430000 79.82692307692308 79.82692307692308 75.46153846153847 0.5256410256410257 135.8653846153846 45.28846153846154 1.1153846153846154 44.17307692307692 1.3951915998477489
432000 79.82692307692308 79.82692307692308 75.46153846153847 0.5256410256410257 135.8653846153846 45.28846153846154 1.1153846153846154 44.17307692307692 1.3490134000312537
434000 79.82692307692308 79.82692307692308 75.46153846153847 0.5256410256410257 135.8653846153846 45.28846153846154 1.1153846153846154 44.17307692307692 1.3453155001625419
436000 79.82692307692308 79.82692307692308 75.46153846153847 0.5256410256410257 135.8653846153846 45.28846153846154 1.1153846153846154 44.17307692307692 1.3950769000221044
438000 79.82692307692308 79.82692307692308 75.46153846153847 0.5256410256410257 135.8653846153846 45.28846153846154 1.1153846153846154 44.17307692307692 1.3839050000533462
440000 79.82692307692308 79.82692307692308 75.46153846153847 0.5256410256410257 135.8653846153846 45.28846153846154 1.1153846153846154 44.17307692307692 1.363130999961868
442000 79.82692307692308 79.82692307692308 75.46153846153847 0.5256410256410257 135.8653846153846 45.28846153846154 1.1153846153846154 44.17307692307692 1.378303000004962
444000 79.82692307692308 79.82692307692308 75.46153846153847 0.5256410256410257 135.8653846153846 45.28846153846154 1.1153846153846154 44.17307692307692 1.508503899909556
446000 79.82692307692308 79.82692307692308 75.46153846153847 0.5256410256410257 135.8653846153846 45.28846153846154 1.1153846153846154 44.17307692307692 1.5584241000469774
448000 79.82692307692308 79.82692307692308 75.46153846153847 0.5256410256410257 135.8653846153846 45.28846153846154 1.1153846153846154 44.17307692307692 1.384935500100255
450000 79.82692307692308 79.82692307692308 75.46153846153847 0.5256410256410257 135.8653846153846 45.28846153846154 1.1153846153846154 44.17307692307692 1.5221786999609321
452000 79.82692307692308 79.82692307692308 75.46153846153847 0.5256410256410257 135.8653846153846 45.28846153846154 1.1153846153846154 44.17307692307692 1.57717559998855
454000 79.82692307692308 79.82692307692308 75.46153846153847 0.5256410256410257 135.8653846153846 45.28846153846154 1.1153846153846154 44.17307692307692 1.4896044998895377
456000 79.82692307692308 79.82692307692308 75.46153846153847 0.5256410256410257 135.8653846153846 45.28846153846154 1.1153846153846154 44.17307692307692 1.5187570000998676
458000 79.82692307692308 79.82692307692308 75.46153846153847 0.5256410256410257 135.8653846153846 45.28846153846154 1.1153846153846154 44.17307692307692 1.5755922999233007
460000 79.82692307692308 79.82692307692308 75.46153846153847 0.5256410256410257 135.8653846153846 45.28846153846154 1.1153846153846154 44.17307692307692 1.5429928000085056
462000 79.82692307692308 79.82692307692308 75.46153846153847 0.5256410256410257 135.8653846153846 45.28846153846154 1.1153846153846154 44.17307692307692 1.5802172999829054
464000 79.82692307692308 79.82692307692308 75.46153846153847 0.5256410256410257 135.8653846153846 45.28846153846154 1.1153846153846154 44.17307692307692 1.5200845999643207
466000 79.82692307692308 79.82692307692308 75.46153846153847 0.5256410256410257 135.8653846153846 45.28846153846154 1.1153846153846154 44.17307692307692 1.3625156998168677
468000 79.82692307692308 79.82692307692308 75.46153846153847 0.5256410256410257 135.8653846153846 45.28846153846154 1.1153846153846154 44.17307692307692 1.5865952000021935
470000 79.82692307692308 79.82692307692308 75.46153846153847 0.5256410256410257 135.8653846153846 45.28846153846154 1.1153846153846154 44.17307692307692 1.389451100025326
472000 79.82692307692308 79.82692307692308 75.46153846153847 0.5256410256410257 135.8653846153846 45.28846153846154 1.1153846153846154 44.17307692307692 1.3799926000647247
474000 79.82692307692308 79.82692307692308 75.46153846153847 0.5256410256410257 135.8653846153846 45.28846153846154 1.1153846153846154 44.17307692307692 1.1179625000804663
476000 79.82692307692308 79.82692307692308 75.46153846153847 0.5256410256410257 135.8653846153846 45.28846153846154 1.1153846153846154 44.17307692307692 1.0818632000591606
478000 79.82692307692308 79.82692307692308 75.46153846153847 0.5256410256410257 135.8653846153846 45.28846153846154 1.1153846153846154 44.17307692307692 1.0877404999919236
480000 79.82692307692308 79.82692307692308 75.46153846153847 0.5256410256410257 135.8653846153846 45.28846153846154 1.1153846153846154 44.17307692307692 1.0548821999691427
482000 79.82692307692308 79.82692307692308 75.46153846153847 0.5256410256410257 135.8653846153846 45.28846153846154 1.1153846153846154 44.17307692307692 1.1038951000664383
484000 79.82692307692308 79.82692307692308 75.46153846153847 0.5256410256410257 135.8653846153846 45.28846153846154 1.1153846153846154 44.17307692307692 1.1259904999751598
486000 79.82692307692308 79.82692307692308 75.46153846153847 0.5256410256410257 135.8653846153846 45.28846153846154 1.1153846153846154 44.17307692307692 1.08103400003165
488000 79.82692307692308 79.82692307692308 75.46153846153847 0.5256410256410257 135.8653846153846 45.28846153846154 1.1153846153846154 44.17307692307692 1.1044517001137137
490000 79.82692307692308 79.82692307692308 75.46153846153847 0.5256410256410257 135.8653846153846 45.28846153846154 1.1153846153846154 44.17307692307692 1.173569600097835
492000 79.82692307692308 79.82692307692308 75.46153846153847 0.5256410256410257 135.8653846153846 45.28846153846154 1.1153846153846154 44.17307692307692 1.0541749999392778
494000 79.82692307692308 79.82692307692308 75.46153846153847 0.5256410256410257 135.8653846153846 45.28846153846154 1.1153846153846154 44.17307692307692 1.037662899820134
496000 79.82692307692308 79.82692307692308 75.46153846153847 0.5256410256410257 135.8653846153846 45.28846153846154 1.1153846153846154 44.17307692307692 1.049335100222379
498000 79.82692307692308 79.82692307692308 75.46153846153847 0.5256410256410257 135.8653846153846 45.28846153846154 1.1153846153846154 44.17307692307692 1.0374022000469267
500000 79.82692307692308 79.82692307692308 75.46153846153847 0.5256410256410257 135.8653846153846 45.28846153846154 1.1153846153846154 44.17307692307692 1.0473978000227362
