2000 6.615384615384615 6.615384615384615 103.67307692307692 0.2676282051282052 135.8653846153846 45.28846153846154 1.1153846153846154 44.17307692307692 0.6246480001136661
4000 3.2884615384615383 3.2884615384615383 110.8076923076923 0.1266025641025641 135.8653846153846 45.28846153846154 1.1346153846153846 44.15384615384615 0.7032711999490857
6000 4.211538461538462 4.211538461538462 113.11538461538461 0.07211538461538461 135.8653846153846 45.28846153846154 1.1153846153846154 44.17307692307692 0.7484633000567555
8000 7.384615384615385 7.384615384615385 105.82692307692308 0.16826923076923078 135.8653846153846 45.28846153846154 1.1153846153846154 44.17307692307692 0.7542665004730225
10000 15.557692307692308 15.557692307692308 95.98076923076923 0.3044871794871795 135.8653846153846 45.28846153846154 1.1153846153846154 44.17307692307692 0.833691100589931
12000 34.28846153846154 34.28846153846154 91.84615384615384 0.41987179487179493 135.8653846153846 45.28846153846154 1.1153846153846154 44.17307692307692 0.9139866000041366
14000 15.51923076923077 15.51923076923077 91.42307692307692 0.4166666666666667 135.8653846153846 45.28846153846154 1.1153846153846154 44.17307692307692 0.8805453991517425
16000 19.78846153846154 19.78846153846154 91.46153846153847 0.4310897435897436 135.8653846153846 45.28846153846154 1.1153846153846154 44.17307692307692 0.9096109997481108
18000 36.71153846153846 36.71153846153846 91.61538461538461 0.41987179487179493 135.8653846153846 45.28846153846154 1.1153846153846154 44.17307692307692 0.8659161003306508
20000 36.71153846153846 36.71153846153846 91.61538461538461 0.41987179487179493 135.8653846153846 45.28846153846154 1.1153846153846154 44.17307692307692 0.9429381992667913
22000 82.57692307692308 82.57692307692308 77.26923076923077 0.5544871794871794 135.8653846153846 45.28846153846154 1.1153846153846154 44.17307692307692 0.9667317997664213
24000 82.57692307692308 82.57692307692308 77.26923076923077 0.5544871794871794 135.8653846153846 45.28846153846154 1.1153846153846154 44.17307692307692 0.9426439004018903
26000 82.57692307692308 82.57692307692308 77.26923076923077 0.5544871794871794 135.8653846153846 45.28846153846154 1.1153846153846154 44.17307692307692 0.9598190002143383
28000 82.57692307692308 82.57692307692308 77.26923076923077 0.5544871794871794 135.8653846153846 45.28846153846154 1.1153846153846154 44.17307692307692 1.0080856997519732
30000 82.57692307692308 82.57692307692308 77.26923076923077 0.5544871794871794 135.8653846153846 45.28846153846154 1.1153846153846154 44.17307692307692 1.0637970995157957
32000 82.57692307692308 82.57692307692308 77.26923076923077 0.5544871794871794 135.8653846153846 45.28846153846154 1.1153846153846154 44.17307692307692 1.0519632995128632
34000 82.57692307692308 82.57692307692308 77.26923076923077 0.5544871794871794 135.8653846153846 45.28846153846154 1.1153846153846154 44.17307692307692 1.143818199634552
36000 82.57692307692308 82.57692307692308 77.26923076923077 0.5544871794871794 135.8653846153846 45.28846153846154 1.1153846153846154 44.17307692307692 1.116214900277555
38000 82.57692307692308 82.57692307692308 77.26923076923077 0.5544871794871794 135.8653846153846 45.28846153846154 1.1153846153846154 44.17307692307692 1.0850851004943252
40000 82.57692307692308 82.57692307692308 77.26923076923077 0.5544871794871794 135.8653846153846 45.28846153846154 1.1153846153846154 44.17307692307692 1.0445297006517649
42000 82.57692307692308 82.57692307692308 77.26923076923077 0.5544871794871794 135.8653846153846 45.28846153846154 1.1153846153846154 44.17307692307692 1.0297889998182654
44000 82.57692307692308 82.57692307692308 77.26923076923077 0.5544871794871794 135.8653846153846 45.28846153846154 1.1153846153846154 44.17307692307692 1.0971515998244286
46000 82.57692307692308 82.57692307692308 77.26923076923077 0.5544871794871794 135.8653846153846 45.28846153846154 1.1153846153846154 44.17307692307692 1.0660881996154785
48000 82.57692307692308 82.57692307692308 77.26923076923077 0.5544871794871794 135.8653846153846 45.28846153846154 1.1153846153846154 44.17307692307692 1.0869394997134805
50000 82.57692307692308 82.57692307692308 77.26923076923077 0.5544871794871794 135.8653846153846 45.28846153846154 1.1153846153846154 44.17307692307692 1.0459313001483679
52000 82.96153846153847 82.96153846153847 77.23076923076923 0.5544871794871794 135.8653846153846 45.28846153846154 1.1153846153846154 44.17307692307692 1.0510373003780842
54000 82.57692307692308 82.57692307692308 77.3076923076923 0.5544871794871794 135.8653846153846 45.28846153846154 1.1153846153846154 44.17307692307692 1.0610969001427293
56000 82.57692307692308 82.57692307692308 77.3076923076923 0.5544871794871794 135.8653846153846 45.28846153846154 1.1153846153846154 44.17307692307692 1.0614189999178052
58000 82.57692307692308 82.57692307692308 77.3076923076923 0.5544871794871794 135.8653846153846 45.28846153846154 1.1153846153846154 44.17307692307692 1.049010799266398
60000 82.57692307692308 82.57692307692308 77.3076923076923 0.5544871794871794 135.8653846153846 45.28846153846154 1.1153846153846154 44.17307692307692 1.1854587998241186
62000 82.57692307692308 82.57692307692308 77.3076923076923 0.5544871794871794 135.8653846153846 45.28846153846154 1.1153846153846154 44.17307692307692 1.125899100676179
64000 82.57692307692308 82.57692307692308 77.3076923076923 0.5544871794871794 135.8653846153846 45.28846153846154 1.1153846153846154 44.17307692307692 1.0797282001003623
66000 82.57692307692308 82.57692307692308 77.3076923076923 0.5544871794871794 135.8653846153846 45.28846153846154 1.1153846153846154 44.17307692307692 1.1100252000615
68000 82.57692307692308 82.57692307692308 77.3076923076923 0.5544871794871794 135.8653846153846 45.28846153846154 1.1153846153846154 44.17307692307692 1.0325454995036125
70000 82.57692307692308 82.57692307692308 77.3076923076923 0.5544871794871794 135.8653846153846 45.28846153846154 1.1153846153846154 44.17307692307692 1.1376372994855046
72000 82.57692307692308 82.57692307692308 77.3076923076923 0.5544871794871794 135.8653846153846 45.28846153846154 1.1153846153846154 44.17307692307692 1.0901256995275617
74000 82.57692307692308 82.57692307692308 77.3076923076923 0.5544871794871794 135.8653846153846 45.28846153846154 1.1153846153846154 44.17307692307692 1.125709000043571
76000 82.57692307692308 82.57692307692308 77.3076923076923 0.5544871794871794 135.8653846153846 45.28846153846154 1.1153846153846154 44.17307692307692 1.032391200773418
78000 82.57692307692308 82.57692307692308 77.3076923076923 0.5544871794871794 135.8653846153846 45.28846153846154 1.1153846153846154 44.17307692307692 1.0659027993679047
80000 82.57692307692308 82.57692307692308 77.3076923076923 0.5544871794871794 135.8653846153846 45.28846153846154 1.1153846153846154 44.17307692307692 1.1601577000692487
82000 82.57692307692308 82.57692307692308 77.3076923076923 0.5544871794871794 135.8653846153846 45.28846153846154 1.1153846153846154 44.17307692307692 1.1269722003489733
84000 82.57692307692308 82.57692307692308 77.3076923076923 0.5544871794871794 135.8653846153846 45.28846153846154 1.1153846153846154 44.17307692307692 1.0941000999882817
86000 82.57692307692308 82.57692307692308 77.3076923076923 0.5544871794871794 135.8653846153846 45.28846153846154 1.1153846153846154 44.17307692307692 1.0742894997820258
88000 82.57692307692308 82.57692307692308 77.3076923076923 0.5544871794871794 135.8653846153846 45.28846153846154 1.1153846153846154 44.17307692307692 1.0694690002128482
90000 82.57692307692308 82.57692307692308 77.3076923076923 0.5544871794871794 135.8653846153846 45.28846153846154 1.1153846153846154 44.17307692307692 1.1958256997168064
92000 82.57692307692308 82.57692307692308 77.3076923076923 0.5544871794871794 135.8653846153846 45.28846153846154 1.1153846153846154 44.17307692307692 1.1306651998311281
94000 82.57692307692308 82.57692307692308 77.3076923076923 0.5544871794871794 135.8653846153846 45.28846153846154 1.1153846153846154 44.17307692307692 1.0688338996842504
96000 82.57692307692308 82.57692307692308 77.3076923076923 0.5544871794871794 135.8653846153846 45.28846153846154 1.1153846153846154 44.17307692307692 1.0340102994814515
98000 82.57692307692308 82.57692307692308 77.3076923076923 0.5544871794871794 135.8653846153846 45.28846153846154 1.1153846153846154 44.17307692307692 1.0563062001019716
100000 82.57692307692308 82.57692307692308 77.3076923076923 0.5544871794871794 135.8653846153846 45.28846153846154 1.1153846153846154 44.17307692307692 1.0925788003951311
102000 82.57692307692308 82.57692307692308 77.3076923076923 0.5544871794871794 135.8653846153846 45.28846153846154 1.1153846153846154 44.17307692307692 1.1432344997301698
104000 82.57692307692308 82.57692307692308 77.3076923076923 0.5544871794871794 135.8653846153846 45.28846153846154 1.1153846153846154 44.17307692307692 1.1956610009074211
106000 82.57692307692308 82.57692307692308 77.3076923076923 0.5544871794871794 135.8653846153846 45.28846153846154 1.1153846153846154 44.17307692307692 1.0700350999832153
108000 82.57692307692308 82.57692307692308 77.3076923076923 0.5544871794871794 135.8653846153846 45.28846153846154 1.1153846153846154 44.17307692307692 1.1615770002827048
110000 82.57692307692308 82.57692307692308 77.3076923076923 0.5544871794871794 135.8653846153846 45.28846153846154 1.1153846153846154 44.17307692307692 1.1956118000671268
112000 82.57692307692308 82.57692307692308 77.3076923076923 0.5544871794871794 135.8653846153846 45.28846153846154 1.1153846153846154 44.17307692307692 1.0666600996628404
114000 82.57692307692308 82.57692307692308 77.3076923076923 0.5544871794871794 135.8653846153846 45.28846153846154 1.1153846153846154 44.17307692307692 1.14168749935925
116000 82.57692307692308 82.57692307692308 77.3076923076923 0.5544871794871794 135.8653846153846 45.28846153846154 1.1153846153846154 44.17307692307692 1.1475254008546472
118000 82.57692307692308 82.57692307692308 77.3076923076923 0.5544871794871794 135.8653846153846 45.28846153846154 1.1153846153846154 44.17307692307692 1.0212735999375582
120000 82.57692307692308 82.57692307692308 77.3076923076923 0.5544871794871794 135.8653846153846 45.28846153846154 1.1153846153846154 44.17307692307692 1.0985118001699448
122000 82.57692307692308 82.57692307692308 77.3076923076923 0.5544871794871794 135.8653846153846 45.28846153846154 1.1153846153846154 44.17307692307692 1.127253900282085
124000 82.57692307692308 82.57692307692308 77.3076923076923 0.5544871794871794 135.8653846153846 45.28846153846154 1.1153846153846154 44.17307692307692 1.094072099775076
126000 82.57692307692308 82.57692307692308 77.3076923076923 0.5544871794871794 135.8653846153846 45.28846153846154 1.1153846153846154 44.17307692307692 1.0566792003810406
128000 82.57692307692308 82.57692307692308 77.3076923076923 0.5544871794871794 135.8653846153846 45.28846153846154 1.1153846153846154 44.17307692307692 1.0056510008871555
130000 82.57692307692308 82.57692307692308 77.3076923076923 0.5544871794871794 135.8653846153846 45.28846153846154 1.1153846153846154 44.17307692307692 1.0993398996070027
132000 82.57692307692308 82.57692307692308 77.3076923076923 0.5544871794871794 135.8653846153846 45.28846153846154 1.1153846153846154 44.17307692307692 1.0354974996298552
134000 82.57692307692308 82.57692307692308 77.3076923076923 0.5544871794871794 135.8653846153846 45.28846153846154 1.1153846153846154 44.17307692307692 1.0937371999025345
136000 82.57692307692308 82.57692307692308 77.3076923076923 0.5544871794871794 135.8653846153846 45.28846153846154 1.1153846153846154 44.17307692307692 1.0362683003768325
138000 82.57692307692308 82.57692307692308 77.3076923076923 0.5544871794871794 135.8653846153846 45.28846153846154 1.1153846153846154 44.17307692307692 1.0675591994076967
140000 82.57692307692308 82.57692307692308 77.3076923076923 0.5544871794871794 135.8653846153846 45.28846153846154 1.1153846153846154 44.17307692307692 1.0001039998605847
142000 82.57692307692308 82.57692307692308 77.3076923076923 0.5544871794871794 135.8653846153846 45.28846153846154 1.1153846153846154 44.17307692307692 1.1063876999542117
144000 82.57692307692308 82.57692307692308 77.3076923076923 0.5544871794871794 135.8653846153846 45.28846153846154 1.1153846153846154 44.17307692307692 1.0872005000710487
146000 82.57692307692308 82.57692307692308 77.3076923076923 0.5544871794871794 135.8653846153846 45.28846153846154 1.1153846153846154 44.17307692307692 1.0401108004152775
148000 82.57692307692308 82.57692307692308 77.3076923076923 0.5544871794871794 135.8653846153846 45.28846153846154 1.1153846153846154 44.17307692307692 1.1918689999729395
150000 82.57692307692308 82.57692307692308 77.3076923076923 0.5544871794871794 135.8653846153846 45.28846153846154 1.1153846153846154 44.17307692307692 1.1539202006533742
152000 82.57692307692308 82.57692307692308 77.3076923076923 0.5544871794871794 135.8653846153846 45.28846153846154 1.1153846153846154 44.17307692307692 1.0650357007980347
154000 82.57692307692308 82.57692307692308 77.3076923076923 0.5544871794871794 135.8653846153846 45.28846153846154 1.1153846153846154 44.17307692307692 1.0935706999152899
156000 82.57692307692308 82.57692307692308 77.3076923076923 0.5544871794871794 135.8653846153846 45.28846153846154 1.1153846153846154 44.17307692307692 1.0811738995835185
158000 82.57692307692308 82.57692307692308 77.3076923076923 0.5544871794871794 135.8653846153846 45.28846153846154 1.1153846153846154 44.17307692307692 1.2250570002943277
160000 82.57692307692308 82.57692307692308 77.3076923076923 0.5544871794871794 135.8653846153846 45.28846153846154 1.1153846153846154 44.17307692307692 1.2196760000661016
162000 82.57692307692308 82.57692307692308 77.3076923076923 0.5544871794871794 135.8653846153846 45.28846153846154 1.1153846153846154 44.17307692307692 1.1374931000173092
164000 82.57692307692308 82.57692307692308 77.3076923076923 0.5544871794871794 135.8653846153846 45.28846153846154 1.1153846153846154 44.17307692307692 1.1186296995729208
166000 82.57692307692308 82.57692307692308 77.3076923076923 0.5544871794871794 135.8653846153846 45.28846153846154 1.1153846153846154 44.17307692307692 1.021748099476099
168000 82.57692307692308 82.57692307692308 77.3076923076923 0.5544871794871794 135.8653846153846 45.28846153846154 1.1153846153846154 44.17307692307692 1.0565793998539448
170000 82.57692307692308 82.57692307692308 77.3076923076923 0.5544871794871794 135.8653846153846 45.28846153846154 1.1153846153846154 44.17307692307692 1.043363899923861
172000 82.57692307692308 82.57692307692308 77.3076923076923 0.5544871794871794 135.8653846153846 45.28846153846154 1.1153846153846154 44.17307692307692 1.084340000525117
174000 82.57692307692308 82.57692307692308 77.3076923076923 0.5544871794871794 135.8653846153846 45.28846153846154 1.1153846153846154 44.17307692307692 1.0736707001924515
176000 82.57692307692308 82.57692307692308 77.3076923076923 0.5544871794871794 135.8653846153846 45.28846153846154 1.1153846153846154 44.17307692307692 1.1356128994375467
178000 82.57692307692308 82.57692307692308 77.3076923076923 0.5544871794871794 135.8653846153846 45.28846153846154 1.1153846153846154 44.17307692307692 1.0267777005210519
180000 82.57692307692308 82.57692307692308 77.3076923076923 0.5544871794871794 135.8653846153846 45.28846153846154 1.1153846153846154 44.17307692307692 1.1028632000088692
182000 82.57692307692308 82.57692307692308 77.3076923076923 0.5544871794871794 135.8653846153846 45.28846153846154 1.1153846153846154 44.17307692307692 1.0570718999952078
184000 82.57692307692308 82.57692307692308 77.3076923076923 0.5544871794871794 135.8653846153846 45.28846153846154 1.1153846153846154 44.17307692307692 1.0736339995637536
186000 82.57692307692308 82.57692307692308 77.3076923076923 0.5544871794871794 135.8653846153846 45.28846153846154 1.1153846153846154 44.17307692307692 1.0590027002617717
188000 82.57692307692308 82.57692307692308 77.3076923076923 0.5544871794871794 135.8653846153846 45.28846153846154 1.1153846153846154 44.17307692307692 1.061646199785173
190000 82.57692307692308 82.57692307692308 77.3076923076923 0.5544871794871794 135.8653846153846 45.28846153846154 1.1153846153846154 44.17307692307692 1.1885549006983638
192000 82.57692307692308 82.57692307692308 77.3076923076923 0.5544871794871794 135.8653846153846 45.28846153846154 1.1153846153846154 44.17307692307692 1.2359192995354533
194000 82.57692307692308 82.57692307692308 77.3076923076923 0.5544871794871794 135.8653846153846 45.28846153846154 1.1153846153846154 44.17307692307692 1.0950926998630166
196000 82.57692307692308 82.57692307692308 77.3076923076923 0.5544871794871794 135.8653846153846 45.28846153846154 1.1153846153846154 44.17307692307692 1.030885899439454
198000 82.57692307692308 82.57692307692308 77.3076923076923 0.5544871794871794 135.8653846153846 45.28846153846154 1.1153846153846154 44.17307692307692 1.0925197005271912
200000 82.57692307692308 82.57692307692308 77.3076923076923 0.5544871794871794 135.8653846153846 45.28846153846154 1.1153846153846154 44.17307692307692 1.0875709997490048
202000 82.57692307692308 82.57692307692308 77.3076923076923 0.5544871794871794 135.8653846153846 45.28846153846154 1.1153846153846154 44.17307692307692 1.0467753000557423
204000 82.57692307692308 82.57692307692308 77.3076923076923 0.5544871794871794 135.8653846153846 45.28846153846154 1.1153846153846154 44.17307692307692 1.0884281005710363
206000 82.57692307692308 82.57692307692308 77.3076923076923 0.5544871794871794 135.8653846153846 45.28846153846154 1.1153846153846154 44.17307692307692 1.0831580003723502
208000 82.57692307692308 82.57692307692308 77.3076923076923 0.5544871794871794 135.8653846153846 45.28846153846154 1.1153846153846154 44.17307692307692 1.0719124004244804
210000 82.57692307692308 82.57692307692308 77.3076923076923 0.5544871794871794 135.8653846153846 45.28846153846154 1.1153846153846154 44.17307692307692 1.0249343998730183
212000 82.57692307692308 82.57692307692308 77.3076923076923 0.5544871794871794 135.8653846153846 45.28846153846154 1.1153846153846154 44.17307692307692 1.0339418994262815
214000 82.57692307692308 82.57692307692308 77.3076923076923 0.5544871794871794 135.8653846153846 45.28846153846154 1.1153846153846154 44.17307692307692 1.0737186009064317
216000 82.57692307692308 82.57692307692308 77.3076923076923 0.5544871794871794 135.8653846153846 45.28846153846154 1.1153846153846154 44.17307692307692 1.1475074999034405
218000 82.57692307692308 82.57692307692308 77.3076923076923 0.5544871794871794 135.8653846153846 45.28846153846154 1.1153846153846154 44.17307692307692 1.1293885996565223
220000 82.57692307692308 82.57692307692308 77.3076923076923 0.5544871794871794 135.8653846153846 45.28846153846154 1.1153846153846154 44.17307692307692 1.07032909989357
222000 82.57692307692308 82.57692307692308 77.3076923076923 0.5544871794871794 135.8653846153846 45.28846153846154 1.1153846153846154 44.17307692307692 1.116707100532949
224000 82.57692307692308 82.57692307692308 77.3076923076923 0.5544871794871794 135.8653846153846 45.28846153846154 1.1153846153846154 44.17307692307692 1.1111643994227052
226000 82.57692307692308 82.57692307692308 77.3076923076923 0.5544871794871794 135.8653846153846 45.28846153846154 1.1153846153846154 44.17307692307692 1.1247182004153728
228000 82.57692307692308 82.57692307692308 77.3076923076923 0.5544871794871794 135.8653846153846 45.28846153846154 1.1153846153846154 44.17307692307692 1.1767256995663047
230000 82.57692307692308 82.57692307692308 77.3076923076923 0.5544871794871794 135.8653846153846 45.28846153846154 1.1153846153846154 44.17307692307692 1.0197214996442199
232000 82.57692307692308 82.57692307692308 77.3076923076923 0.5544871794871794 135.8653846153846 45.28846153846154 1.1153846153846154 44.17307692307692 1.071222199127078
234000 82.57692307692308 82.57692307692308 77.3076923076923 0.5544871794871794 135.8653846153846 45.28846153846154 1.1153846153846154 44.17307692307692 1.0682010995224118
236000 82.57692307692308 82.57692307692308 77.3076923076923 0.5544871794871794 135.8653846153846 45.28846153846154 1.1153846153846154 44.17307692307692 1.1514650005847216
238000 82.57692307692308 82.57692307692308 77.3076923076923 0.5544871794871794 135.8653846153846 45.28846153846154 1.1153846153846154 44.17307692307692 1.1015605004504323
240000 82.57692307692308 82.57692307692308 77.3076923076923 0.5544871794871794 135.8653846153846 45.28846153846154 1.1153846153846154 44.17307692307692 1.1508546005934477
242000 82.57692307692308 82.57692307692308 77.3076923076923 0.5544871794871794 135.8653846153846 45.28846153846154 1.1153846153846154 44.17307692307692 1.0214745001867414
244000 82.57692307692308 82.57692307692308 77.3076923076923 0.5544871794871794 135.8653846153846 45.28846153846154 1.1153846153846154 44.17307692307692 0.996322900056839
246000 82.57692307692308 82.57692307692308 77.3076923076923 0.5544871794871794 135.8653846153846 45.28846153846154 1.1153846153846154 44.17307692307692 1.0585155002772808
248000 82.57692307692308 82.57692307692308 77.3076923076923 0.5544871794871794 135.8653846153846 45.28846153846154 1.1153846153846154 44.17307692307692 1.1941897999495268
250000 82.57692307692308 82.57692307692308 77.3076923076923 0.5544871794871794 135.8653846153846 45.28846153846154 1.1153846153846154 44.17307692307692 1.16687330044806
252000 82.57692307692308 82.57692307692308 77.3076923076923 0.5544871794871794 135.8653846153846 45.28846153846154 1.1153846153846154 44.17307692307692 1.1028041001409292
254000 82.57692307692308 82.57692307692308 77.3076923076923 0.5544871794871794 135.8653846153846 45.28846153846154 1.1153846153846154 44.17307692307692 1.0546942995861173
256000 82.57692307692308 82.57692307692308 77.3076923076923 0.5544871794871794 135.8653846153846 45.28846153846154 1.1153846153846154 44.17307692307692 1.1836178004741669
258000 82.57692307692308 82.57692307692308 77.3076923076923 0.5544871794871794 135.8653846153846 45.28846153846154 1.1153846153846154 44.17307692307692 1.050925400108099
260000 82.57692307692308 82.57692307692308 77.3076923076923 0.5544871794871794 135.8653846153846 45.28846153846154 1.1153846153846154 44.17307692307692 1.0775961000472307
262000 82.57692307692308 82.57692307692308 77.3076923076923 0.5544871794871794 135.8653846153846 45.28846153846154 1.1153846153846154 44.17307692307692 1.0738610997796059
264000 82.57692307692308 82.57692307692308 77.3076923076923 0.5544871794871794 135.8653846153846 45.28846153846154 1.1153846153846154 44.17307692307692 1.1361648999154568
266000 82.57692307692308 82.57692307692308 77.3076923076923 0.5544871794871794 135.8653846153846 45.28846153846154 1.1153846153846154 44.17307692307692 1.140378899872303
268000 82.57692307692308 82.57692307692308 77.3076923076923 0.5544871794871794 135.8653846153846 45.28846153846154 1.1153846153846154 44.17307692307692 1.1336722001433372
270000 82.57692307692308 82.57692307692308 77.3076923076923 0.5544871794871794 135.8653846153846 45.28846153846154 1.1153846153846154 44.17307692307692 1.0985143994912505
272000 82.57692307692308 82.57692307692308 77.3076923076923 0.5544871794871794 135.8653846153846 45.28846153846154 1.1153846153846154 44.17307692307692 1.0356411999091506
274000 82.57692307692308 82.57692307692308 77.3076923076923 0.5544871794871794 135.8653846153846 45.28846153846154 1.1153846153846154 44.17307692307692 1.1785928001627326
276000 82.57692307692308 82.57692307692308 77.3076923076923 0.5544871794871794 135.8653846153846 45.28846153846154 1.1153846153846154 44.17307692307692 1.1397131001576781
278000 82.57692307692308 82.57692307692308 77.3076923076923 0.5544871794871794 135.8653846153846 45.28846153846154 1.1153846153846154 44.17307692307692 1.1269600000232458
280000 82.57692307692308 82.57692307692308 77.3076923076923 0.5544871794871794 135.8653846153846 45.28846153846154 1.1153846153846154 44.17307692307692 1.097515900619328
282000 82.57692307692308 82.57692307692308 77.3076923076923 0.5544871794871794 135.8653846153846 45.28846153846154 1.1153846153846154 44.17307692307692 1.1030796999111772
284000 82.57692307692308 82.57692307692308 77.3076923076923 0.5544871794871794 135.8653846153846 45.28846153846154 1.1153846153846154 44.17307692307692 1.0525144999846816
286000 82.57692307692308 82.57692307692308 77.3076923076923 0.5544871794871794 135.8653846153846 45.28846153846154 1.1153846153846154 44.17307692307692 1.115175999701023
288000 82.57692307692308 82.57692307692308 77.3076923076923 0.5544871794871794 135.8653846153846 45.28846153846154 1.1153846153846154 44.17307692307692 1.1796252001076937
290000 82.57692307692308 82.57692307692308 77.3076923076923 0.5544871794871794 135.8653846153846 45.28846153846154 1.1153846153846154 44.17307692307692 1.0331073999404907
292000 82.57692307692308 82.57692307692308 77.3076923076923 0.5544871794871794 135.8653846153846 45.28846153846154 1.1153846153846154 44.17307692307692 1.084111999720335
294000 82.57692307692308 82.57692307692308 77.3076923076923 0.5544871794871794 135.8653846153846 45.28846153846154 1.1153846153846154 44.17307692307692 1.2470989003777504
296000 82.57692307692308 82.57692307692308 77.3076923076923 0.5544871794871794 135.8653846153846 45.28846153846154 1.1153846153846154 44.17307692307692 1.0130576007068157
298000 82.57692307692308 82.57692307692308 77.3076923076923 0.5544871794871794 135.8653846153846 45.28846153846154 1.1153846153846154 44.17307692307692 1.0865586996078491
300000 82.57692307692308 82.57692307692308 77.3076923076923 0.5544871794871794 135.8653846153846 45.28846153846154 1.1153846153846154 44.17307692307692 1.0718749007210135
302000 82.57692307692308 82.57692307692308 77.3076923076923 0.5544871794871794 135.8653846153846 45.28846153846154 1.1153846153846154 44.17307692307692 1.139920299872756
304000 82.57692307692308 82.57692307692308 77.3076923076923 0.5544871794871794 135.8653846153846 45.28846153846154 1.1153846153846154 44.17307692307692 1.085891299881041
306000 82.57692307692308 82.57692307692308 77.3076923076923 0.5544871794871794 135.8653846153846 45.28846153846154 1.1153846153846154 44.17307692307692 1.0249651996418834
308000 82.57692307692308 82.57692307692308 77.3076923076923 0.5544871794871794 135.8653846153846 45.28846153846154 1.1153846153846154 44.17307692307692 1.07175699993968
310000 82.57692307692308 82.57692307692308 77.3076923076923 0.5544871794871794 135.8653846153846 45.28846153846154 1.1153846153846154 44.17307692307692 1.1410846998915076
312000 82.57692307692308 82.57692307692308 77.3076923076923 0.5544871794871794 135.8653846153846 45.28846153846154 1.1153846153846154 44.17307692307692 1.0678621996194124
314000 82.57692307692308 82.57692307692308 77.3076923076923 0.5544871794871794 135.8653846153846 45.28846153846154 1.1153846153846154 44.17307692307692 1.0519269993528724
316000 82.57692307692308 82.57692307692308 77.3076923076923 0.5544871794871794 135.8653846153846 45.28846153846154 1.1153846153846154 44.17307692307692 1.0669377008453012
318000 82.57692307692308 82.57692307692308 77.3076923076923 0.5544871794871794 135.8653846153846 45.28846153846154 1.1153846153846154 44.17307692307692 1.1123610995709896
320000 82.57692307692308 82.57692307692308 77.3076923076923 0.5544871794871794 135.8653846153846 45.28846153846154 1.1153846153846154 44.17307692307692 1.0390607994049788
322000 82.57692307692308 82.57692307692308 77.3076923076923 0.5544871794871794 135.8653846153846 45.28846153846154 1.1153846153846154 44.17307692307692 1.1085499003529549
324000 82.57692307692308 82.57692307692308 77.3076923076923 0.5544871794871794 135.8653846153846 45.28846153846154 1.1153846153846154 44.17307692307692 1.0096947997808456
326000 82.57692307692308 82.57692307692308 77.3076923076923 0.5544871794871794 135.8653846153846 45.28846153846154 1.1153846153846154 44.17307692307692 1.0346184000372887
328000 82.57692307692308 82.57692307692308 77.3076923076923 0.5544871794871794 135.8653846153846 45.28846153846154 1.1153846153846154 44.17307692307692 1.036318600177765
330000 82.57692307692308 82.57692307692308 77.3076923076923 0.5544871794871794 135.8653846153846 45.28846153846154 1.1153846153846154 44.17307692307692 1.0958757996559143
332000 82.57692307692308 82.57692307692308 77.3076923076923 0.5544871794871794 135.8653846153846 45.28846153846154 1.1153846153846154 44.17307692307692 1.0889496998861432
334000 82.57692307692308 82.57692307692308 77.3076923076923 0.5544871794871794 135.8653846153846 45.28846153846154 1.1153846153846154 44.17307692307692 1.1126343999058008
336000 82.57692307692308 82.57692307692308 77.3076923076923 0.5544871794871794 135.8653846153846 45.28846153846154 1.1153846153846154 44.17307692307692 1.0750579992309213
338000 82.57692307692308 82.57692307692308 77.3076923076923 0.5544871794871794 135.8653846153846 45.28846153846154 1.1153846153846154 44.17307692307692 1.1330129001289606
340000 82.57692307692308 82.57692307692308 77.3076923076923 0.5544871794871794 135.8653846153846 45.28846153846154 1.1153846153846154 44.17307692307692 1.0395549004897475
342000 82.57692307692308 82.57692307692308 77.3076923076923 0.5544871794871794 135.8653846153846 45.28846153846154 1.1153846153846154 44.17307692307692 1.114002799615264
344000 82.57692307692308 82.57692307692308 77.3076923076923 0.5544871794871794 135.8653846153846 45.28846153846154 1.1153846153846154 44.17307692307692 1.157608799636364
346000 82.57692307692308 82.57692307692308 77.3076923076923 0.5544871794871794 135.8653846153846 45.28846153846154 1.1153846153846154 44.17307692307692 1.0567712001502514
348000 82.57692307692308 82.57692307692308 77.3076923076923 0.5544871794871794 135.8653846153846 45.28846153846154 1.1153846153846154 44.17307692307692 1.1495554996654391
350000 82.57692307692308 82.57692307692308 77.3076923076923 0.5544871794871794 135.8653846153846 45.28846153846154 1.1153846153846154 44.17307692307692 1.1622384004294872
352000 82.57692307692308 82.57692307692308 77.3076923076923 0.5544871794871794 135.8653846153846 45.28846153846154 1.1153846153846154 44.17307692307692 1.054535400122404
354000 82.57692307692308 82.57692307692308 77.3076923076923 0.5544871794871794 135.8653846153846 45.28846153846154 1.1153846153846154 44.17307692307692 1.0594437001273036
356000 82.57692307692308 82.57692307692308 77.3076923076923 0.5544871794871794 135.8653846153846 45.28846153846154 1.1153846153846154 44.17307692307692 1.0528204999864101
358000 82.57692307692308 82.57692307692308 77.3076923076923 0.5544871794871794 135.8653846153846 45.28846153846154 1.1153846153846154 44.17307692307692 1.0798200005665421
360000 82.57692307692308 82.57692307692308 77.3076923076923 0.5544871794871794 135.8653846153846 45.28846153846154 1.1153846153846154 44.17307692307692 1.036059900186956
362000 82.57692307692308 82.57692307692308 77.3076923076923 0.5544871794871794 135.8653846153846 45.28846153846154 1.1153846153846154 44.17307692307692 1.1506497003138065
364000 82.57692307692308 82.57692307692308 77.3076923076923 0.5544871794871794 135.8653846153846 45.28846153846154 1.1153846153846154 44.17307692307692 1.1400415003299713
366000 82.57692307692308 82.57692307692308 77.3076923076923 0.5544871794871794 135.8653846153846 45.28846153846154 1.1153846153846154 44.17307692307692 1.044527499936521
368000 82.57692307692308 82.57692307692308 77.3076923076923 0.5544871794871794 135.8653846153846 45.28846153846154 1.1153846153846154 44.17307692307692 1.1635865001007915
370000 82.57692307692308 82.57692307692308 77.3076923076923 0.5544871794871794 135.8653846153846 45.28846153846154 1.1153846153846154 44.17307692307692 1.1333561995998025
372000 82.57692307692308 82.57692307692308 77.3076923076923 0.5544871794871794 135.8653846153846 45.28846153846154 1.1153846153846154 44.17307692307692 1.0923718996345997
374000 82.57692307692308 82.57692307692308 77.3076923076923 0.5544871794871794 135.8653846153846 45.28846153846154 1.1153846153846154 44.17307692307692 1.1405915999785066
376000 82.57692307692308 82.57692307692308 77.3076923076923 0.5544871794871794 135.8653846153846 45.28846153846154 1.1153846153846154 44.17307692307692 1.1207633996382356
378000 82.57692307692308 82.57692307692308 77.3076923076923 0.5544871794871794 135.8653846153846 45.28846153846154 1.1153846153846154 44.17307692307692 1.053001900203526
380000 82.57692307692308 82.57692307692308 77.3076923076923 0.5544871794871794 135.8653846153846 45.28846153846154 1.1153846153846154 44.17307692307692 1.0267853997647762
382000 82.57692307692308 82.57692307692308 77.3076923076923 0.5544871794871794 135.8653846153846 45.28846153846154 1.1153846153846154 44.17307692307692 1.126625900156796
384000 82.57692307692308 82.57692307692308 77.3076923076923 0.5544871794871794 135.8653846153846 45.28846153846154 1.1153846153846154 44.17307692307692 1.099621300585568
386000 82.57692307692308 82.57692307692308 77.3076923076923 0.5544871794871794 135.8653846153846 45.28846153846154 1.1153846153846154 44.17307692307692 1.1037874994799495
388000 82.57692307692308 82.57692307692308 77.3076923076923 0.5544871794871794 135.8653846153846 45.28846153846154 1.1153846153846154 44.17307692307692 1.0635901000350714
390000 82.57692307692308 82.57692307692308 77.3076923076923 0.5544871794871794 135.8653846153846 45.28846153846154 1.1153846153846154 44.17307692307692 1.0410862993448973
392000 82.57692307692308 82.57692307692308 77.3076923076923 0.5544871794871794 135.8653846153846 45.28846153846154 1.1153846153846154 44.17307692307692 1.0138122998178005
394000 82.57692307692308 82.57692307692308 77.3076923076923 0.5544871794871794 135.8653846153846 45.28846153846154 1.1153846153846154 44.17307692307692 1.0588332004845142
396000 82.57692307692308 82.57692307692308 77.3076923076923 0.5544871794871794 135.8653846153846 45.28846153846154 1.1153846153846154 44.17307692307692 1.0731418998911977
398000 82.57692307692308 82.57692307692308 77.3076923076923 0.5544871794871794 135.8653846153846 45.28846153846154 1.1153846153846154 44.17307692307692 1.0901458002626896
400000 82.57692307692308 82.57692307692308 77.3076923076923 0.5544871794871794 135.8653846153846 45.28846153846154 1.1153846153846154 44.17307692307692 1.128552700392902
402000 82.57692307692308 82.57692307692308 77.3076923076923 0.5544871794871794 135.8653846153846 45.28846153846154 1.1153846153846154 44.17307692307692 1.1187934000045061
404000 82.57692307692308 82.57692307692308 77.3076923076923 0.5544871794871794 135.8653846153846 45.28846153846154 1.1153846153846154 44.17307692307692 1.0573888001963496
406000 82.57692307692308 82.57692307692308 77.3076923076923 0.5544871794871794 135.8653846153846 45.28846153846154 1.1153846153846154 44.17307692307692 1.0585872000083327
408000 82.57692307692308 82.57692307692308 77.3076923076923 0.5544871794871794 135.8653846153846 45.28846153846154 1.1153846153846154 44.17307692307692 1.0364994993433356
410000 82.57692307692308 82.57692307692308 77.3076923076923 0.5544871794871794 135.8653846153846 45.28846153846154 1.1153846153846154 44.17307692307692 1.0590540999546647
412000 82.57692307692308 82.57692307692308 77.3076923076923 0.5544871794871794 135.8653846153846 45.28846153846154 1.1153846153846154 44.17307692307692 1.165628899820149
414000 82.57692307692308 82.57692307692308 77.3076923076923 0.5544871794871794 135.8653846153846 45.28846153846154 1.1153846153846154 44.17307692307692 1.076035300269723
416000 82.57692307692308 82.57692307692308 77.3076923076923 0.5544871794871794 135.8653846153846 45.28846153846154 1.1153846153846154 44.17307692307692 1.1193327000364661
418000 82.57692307692308 82.57692307692308 77.3076923076923 0.5544871794871794 135.8653846153846 45.28846153846154 1.1153846153846154 44.17307692307692 1.0865740003064275
420000 82.57692307692308 82.57692307692308 77.3076923076923 0.5544871794871794 135.8653846153846 45.28846153846154 1.1153846153846154 44.17307692307692 1.1561553003266454
422000 82.57692307692308 82.57692307692308 77.3076923076923 0.5544871794871794 135.8653846153846 45.28846153846154 1.1153846153846154 44.17307692307692 1.1326277991756797
424000 82.57692307692308 82.57692307692308 77.3076923076923 0.5544871794871794 135.8653846153846 45.28846153846154 1.1153846153846154 44.17307692307692 1.091699999757111
426000 82.57692307692308 82.57692307692308 77.3076923076923 0.5544871794871794 135.8653846153846 45.28846153846154 1.1153846153846154 44.17307692307692 1.077688599936664
428000 82.57692307692308 82.57692307692308 77.3076923076923 0.5544871794871794 135.8653846153846 45.28846153846154 1.1153846153846154 44.17307692307692 1.1049815993756056
430000 82.57692307692308 82.57692307692308 77.3076923076923 0.5544871794871794 135.8653846153846 45.28846153846154 1.1153846153846154 44.17307692307692 1.1957625998184085
432000 82.57692307692308 82.57692307692308 77.3076923076923 0.5544871794871794 135.8653846153846 45.28846153846154 1.1153846153846154 44.17307692307692 1.1708060996606946
434000 82.57692307692308 82.57692307692308 77.3076923076923 0.5544871794871794 135.8653846153846 45.28846153846154 1.1153846153846154 44.17307692307692 1.0702764000743628
436000 82.57692307692308 82.57692307692308 77.3076923076923 0.5544871794871794 135.8653846153846 45.28846153846154 1.1153846153846154 44.17307692307692 1.0885180002078414
438000 82.57692307692308 82.57692307692308 77.3076923076923 0.5544871794871794 135.8653846153846 45.28846153846154 1.1153846153846154 44.17307692307692 1.0746635999530554
440000 82.57692307692308 82.57692307692308 77.3076923076923 0.5544871794871794 135.8653846153846 45.28846153846154 1.1153846153846154 44.17307692307692 1.0808449005708098
442000 82.57692307692308 82.57692307692308 77.3076923076923 0.5544871794871794 135.8653846153846 45.28846153846154 1.1153846153846154 44.17307692307692 1.0771296005696058
444000 82.57692307692308 82.57692307692308 77.3076923076923 0.5544871794871794 135.8653846153846 45.28846153846154 1.1153846153846154 44.17307692307692 1.0503885000944138
446000 82.57692307692308 82.57692307692308 77.3076923076923 0.5544871794871794 135.8653846153846 45.28846153846154 1.1153846153846154 44.17307692307692 1.1237192004919052
448000 82.57692307692308 82.57692307692308 77.3076923076923 0.5544871794871794 135.8653846153846 45.28846153846154 1.1153846153846154 44.17307692307692 1.0835756994783878
450000 82.57692307692308 82.57692307692308 77.3076923076923 0.5544871794871794 135.8653846153846 45.28846153846154 1.1153846153846154 44.17307692307692 1.030183400027454
452000 82.57692307692308 82.57692307692308 77.3076923076923 0.5544871794871794 135.8653846153846 45.28846153846154 1.1153846153846154 44.17307692307692 1.174193099141121
454000 82.57692307692308 82.57692307692308 77.3076923076923 0.5544871794871794 135.8653846153846 45.28846153846154 1.1153846153846154 44.17307692307692 1.0643577994778752
456000 82.57692307692308 82.57692307692308 77.3076923076923 0.5544871794871794 135.8653846153846 45.28846153846154 1.1153846153846154 44.17307692307692 1.0205752002075315
458000 82.57692307692308 82.57692307692308 77.3076923076923 0.5544871794871794 135.8653846153846 45.28846153846154 1.1153846153846154 44.17307692307692 1.0157287996262312
460000 82.57692307692308 82.57692307692308 77.3076923076923 0.5544871794871794 135.8653846153846 45.28846153846154 1.1153846153846154 44.17307692307692 1.0386375002563
462000 82.57692307692308 82.57692307692308 77.3076923076923 0.5544871794871794 135.8653846153846 45.28846153846154 1.1153846153846154 44.17307692307692 1.1876721000298858
464000 82.57692307692308 82.57692307692308 77.3076923076923 0.5544871794871794 135.8653846153846 45.28846153846154 1.1153846153846154 44.17307692307692 1.092077899724245
466000 82.57692307692308 82.57692307692308 77.3076923076923 0.5544871794871794 135.8653846153846 45.28846153846154 1.1153846153846154 44.17307692307692 1.0377422999590635
468000 82.57692307692308 82.57692307692308 77.3076923076923 0.5544871794871794 135.8653846153846 45.28846153846154 1.1153846153846154 44.17307692307692 1.0983624998480082
470000 82.57692307692308 82.57692307692308 77.3076923076923 0.5544871794871794 135.8653846153846 45.28846153846154 1.1153846153846154 44.17307692307692 1.0754703003913164
472000 82.57692307692308 82.57692307692308 77.3076923076923 0.5544871794871794 135.8653846153846 45.28846153846154 1.1153846153846154 44.17307692307692 1.0752178998664021
474000 82.57692307692308 82.57692307692308 77.3076923076923 0.5544871794871794 135.8653846153846 45.28846153846154 1.1153846153846154 44.17307692307692 0.9467470999807119
476000 82.57692307692308 82.57692307692308 77.3076923076923 0.5544871794871794 135.8653846153846 45.28846153846154 1.1153846153846154 44.17307692307692 1.0247597005218267
478000 82.57692307692308 82.57692307692308 77.3076923076923 0.5544871794871794 135.8653846153846 45.28846153846154 1.1153846153846154 44.17307692307692 0.9670573994517326
480000 82.57692307692308 82.57692307692308 77.3076923076923 0.5544871794871794 135.8653846153846 45.28846153846154 1.1153846153846154 44.17307692307692 0.6912818001583219
482000 82.57692307692308 82.57692307692308 77.3076923076923 0.5544871794871794 135.8653846153846 45.28846153846154 1.1153846153846154 44.17307692307692 0.689342400059104
484000 82.57692307692308 82.57692307692308 77.3076923076923 0.5544871794871794 135.8653846153846 45.28846153846154 1.1153846153846154 44.17307692307692 0.716405900195241
486000 82.57692307692308 82.57692307692308 77.3076923076923 0.5544871794871794 135.8653846153846 45.28846153846154 1.1153846153846154 44.17307692307692 0.7155418004840612
488000 82.57692307692308 82.57692307692308 77.3076923076923 0.5544871794871794 135.8653846153846 45.28846153846154 1.1153846153846154 44.17307692307692 0.5902752997353673
490000 82.57692307692308 82.57692307692308 77.3076923076923 0.5544871794871794 135.8653846153846 45.28846153846154 1.1153846153846154 44.17307692307692 0.6250326996669173
492000 82.57692307692308 82.57692307692308 77.3076923076923 0.5544871794871794 135.8653846153846 45.28846153846154 1.1153846153846154 44.17307692307692 0.698029600083828
494000 82.57692307692308 82.57692307692308 77.3076923076923 0.5544871794871794 135.8653846153846 45.28846153846154 1.1153846153846154 44.17307692307692 0.6007551001384854
496000 82.57692307692308 82.57692307692308 77.3076923076923 0.5544871794871794 135.8653846153846 45.28846153846154 1.1153846153846154 44.17307692307692 0.5995698999613523
498000 82.57692307692308 82.57692307692308 77.3076923076923 0.5544871794871794 135.8653846153846 45.28846153846154 1.1153846153846154 44.17307692307692 0.6121732005849481
500000 82.57692307692308 82.57692307692308 77.3076923076923 0.5544871794871794 135.8653846153846 45.28846153846154 1.1153846153846154 44.17307692307692 0.5943194003775716
