2000 1.7962962962962963 -0.05555555555555555 129.16666666666666 0.023148148148148147 135.5185185185185 45.333333333333336 0.0 45.333333333333336 0.5293001001700759
4000 1.4814814814814814 -1.0 129.2037037037037 0.029320987654320986 135.5185185185185 45.333333333333336 0.0 45.333333333333336 0.5448093004524708
6000 2.425925925925926 -0.7222222222222222 128.62962962962962 0.05864197530864197 135.5185185185185 45.333333333333336 0.0 45.333333333333336 0.7179079996421933
8000 16.51851851851852 15.962962962962964 124.87037037037037 0.22376543209876545 135.5185185185185 45.333333333333336 0.0 45.333333333333336 0.8269651997834444
10000 20.35185185185185 19.88888888888889 123.88888888888889 0.27469135802469136 135.5185185185185 45.333333333333336 0.0 45.333333333333336 0.8203761000186205
12000 21.38888888888889 20.925925925925927 123.87037037037037 0.2932098765432099 135.5185185185185 45.333333333333336 0.0 45.333333333333336 0.9207589998841286
14000 19.77777777777778 18.666666666666668 123.77777777777777 0.2932098765432099 135.5185185185185 45.333333333333336 0.0 45.333333333333336 1.001494700089097
16000 22.833333333333332 21.72222222222222 123.74074074074075 0.316358024691358 135.5185185185185 45.333333333333336 0.0 45.333333333333336 0.895134000107646
18000 26.62962962962963 26.62962962962963 123.51851851851852 0.3256172839506173 135.5185185185185 45.333333333333336 0.0 45.333333333333336 0.9324439996853471
20000 28.37037037037037 27.25925925925926 123.38888888888889 0.3040123456790123 135.5185185185185 45.333333333333336 0.0 45.333333333333336 0.9538776995614171
22000 41.407407407407405 40.2962962962963 121.33333333333333 0.40586419753086417 135.5185185185185 45.333333333333336 0.0 45.333333333333336 1.0629678005352616
24000 42.72222222222222 42.72222222222222 121.24074074074075 0.40586419753086417 135.5185185185185 45.333333333333336 0.0 45.333333333333336 1.096798500046134
26000 44.81481481481482 44.81481481481482 121.18518518518519 0.41820987654320985 135.5185185185185 45.333333333333336 0.0 45.333333333333336 1.1888186000287533
28000 44.81481481481482 44.81481481481482 121.18518518518519 0.41820987654320985 135.5185185185185 45.333333333333336 0.0 45.333333333333336 1.1599898003041744
30000 44.81481481481482 44.81481481481482 121.18518518518519 0.41820987654320985 135.5185185185185 45.333333333333336 0.0 45.333333333333336 1.1098432997241616
32000 52.98148148148148 52.98148148148148 119.57407407407408 0.41358024691358014 135.5185185185185 45.333333333333336 0.018518518518518517 45.31481481481482 1.0551696997135878
34000 52.98148148148148 52.98148148148148 119.57407407407408 0.41358024691358014 135.5185185185185 45.333333333333336 0.018518518518518517 45.31481481481482 1.1053086994215846
36000 52.98148148148148 52.98148148148148 119.57407407407408 0.41358024691358014 135.5185185185185 45.333333333333336 0.018518518518518517 45.31481481481482 1.1499248007312417
38000 82.46296296296296 82.46296296296296 118.98148148148148 0.4830246913580246 135.5185185185185 45.333333333333336 0.018518518518518517 45.31481481481482 1.1889870008453727
40000 82.46296296296296 82.46296296296296 118.98148148148148 0.4830246913580246 135.5185185185185 45.333333333333336 0.018518518518518517 45.31481481481482 1.191780500113964
42000 82.46296296296296 82.46296296296296 118.98148148148148 0.4830246913580246 135.5185185185185 45.333333333333336 0.018518518518518517 45.31481481481482 1.079801700077951
44000 82.46296296296296 82.46296296296296 118.98148148148148 0.4830246913580246 135.5185185185185 45.333333333333336 0.018518518518518517 45.31481481481482 1.143711999990046
46000 82.46296296296296 82.46296296296296 118.98148148148148 0.4830246913580246 135.5185185185185 45.333333333333336 0.018518518518518517 45.31481481481482 1.0620146999135613
48000 82.46296296296296 82.46296296296296 118.98148148148148 0.4830246913580246 135.5185185185185 45.333333333333336 0.018518518518518517 45.31481481481482 1.1217451998963952
50000 82.46296296296296 82.46296296296296 118.98148148148148 0.4830246913580246 135.5185185185185 45.333333333333336 0.018518518518518517 45.31481481481482 1.1511903004720807
52000 82.46296296296296 82.46296296296296 118.98148148148148 0.4830246913580246 135.5185185185185 45.333333333333336 0.018518518518518517 45.31481481481482 1.139619200490415
54000 82.46296296296296 82.46296296296296 118.98148148148148 0.4830246913580246 135.5185185185185 45.333333333333336 0.018518518518518517 45.31481481481482 1.1476344000548124
56000 82.46296296296296 82.46296296296296 118.98148148148148 0.4830246913580246 135.5185185185185 45.333333333333336 0.018518518518518517 45.31481481481482 1.0816516997292638
58000 82.46296296296296 82.46296296296296 118.98148148148148 0.4830246913580246 135.5185185185185 45.333333333333336 0.018518518518518517 45.31481481481482 1.1468796003609896
60000 82.46296296296296 82.46296296296296 118.98148148148148 0.4830246913580246 135.5185185185185 45.333333333333336 0.018518518518518517 45.31481481481482 1.1322157997637987
62000 82.46296296296296 82.46296296296296 118.98148148148148 0.4830246913580246 135.5185185185185 45.333333333333336 0.018518518518518517 45.31481481481482 1.1099372003227472
64000 82.46296296296296 82.46296296296296 118.98148148148148 0.4830246913580246 135.5185185185185 45.333333333333336 0.018518518518518517 45.31481481481482 1.221387299709022
66000 82.46296296296296 82.46296296296296 118.98148148148148 0.4830246913580246 135.5185185185185 45.333333333333336 0.018518518518518517 45.31481481481482 1.0696647996082902
68000 82.46296296296296 82.46296296296296 118.98148148148148 0.4830246913580246 135.5185185185185 45.333333333333336 0.018518518518518517 45.31481481481482 1.1883503999561071
70000 82.46296296296296 82.46296296296296 118.98148148148148 0.4830246913580246 135.5185185185185 45.333333333333336 0.018518518518518517 45.31481481481482 1.288255900144577
72000 82.46296296296296 82.46296296296296 118.98148148148148 0.4830246913580246 135.5185185185185 45.333333333333336 0.018518518518518517 45.31481481481482 1.108691900037229
74000 82.46296296296296 82.46296296296296 118.98148148148148 0.4830246913580246 135.5185185185185 45.333333333333336 0.018518518518518517 45.31481481481482 1.113013000227511
76000 82.46296296296296 82.46296296296296 118.98148148148148 0.4830246913580246 135.5185185185185 45.333333333333336 0.018518518518518517 45.31481481481482 1.1153696002438664
78000 82.46296296296296 82.46296296296296 118.98148148148148 0.4830246913580246 135.5185185185185 45.333333333333336 0.018518518518518517 45.31481481481482 1.1442875005304813
80000 82.46296296296296 82.46296296296296 118.98148148148148 0.4830246913580246 135.5185185185185 45.333333333333336 0.018518518518518517 45.31481481481482 1.0854559997096658
82000 82.46296296296296 82.46296296296296 118.98148148148148 0.4830246913580246 135.5185185185185 45.333333333333336 0.018518518518518517 45.31481481481482 1.137852099724114
84000 82.46296296296296 82.46296296296296 118.98148148148148 0.4830246913580246 135.5185185185185 45.333333333333336 0.018518518518518517 45.31481481481482 1.1146959997713566
86000 82.46296296296296 82.46296296296296 118.98148148148148 0.4830246913580246 135.5185185185185 45.333333333333336 0.018518518518518517 45.31481481481482 1.0782893998548388
88000 82.46296296296296 82.46296296296296 118.98148148148148 0.4830246913580246 135.5185185185185 45.333333333333336 0.018518518518518517 45.31481481481482 1.077432599849999
90000 82.46296296296296 82.46296296296296 118.98148148148148 0.4830246913580246 135.5185185185185 45.333333333333336 0.018518518518518517 45.31481481481482 1.1057575000450015
92000 82.46296296296296 82.46296296296296 118.98148148148148 0.4830246913580246 135.5185185185185 45.333333333333336 0.018518518518518517 45.31481481481482 1.06730579957366
94000 82.46296296296296 82.46296296296296 118.98148148148148 0.4830246913580246 135.5185185185185 45.333333333333336 0.018518518518518517 45.31481481481482 1.1069179000332952
96000 82.46296296296296 82.46296296296296 118.98148148148148 0.4830246913580246 135.5185185185185 45.333333333333336 0.018518518518518517 45.31481481481482 1.141738299280405
98000 82.46296296296296 82.46296296296296 118.98148148148148 0.4830246913580246 135.5185185185185 45.333333333333336 0.018518518518518517 45.31481481481482 1.1721703996881843
100000 82.46296296296296 82.46296296296296 118.98148148148148 0.4830246913580246 135.5185185185185 45.333333333333336 0.018518518518518517 45.31481481481482 1.0723043996840715
102000 82.46296296296296 82.46296296296296 118.98148148148148 0.4830246913580246 135.5185185185185 45.333333333333336 0.018518518518518517 45.31481481481482 1.1495821001008153
104000 82.46296296296296 82.46296296296296 118.98148148148148 0.4830246913580246 135.5185185185185 45.333333333333336 0.018518518518518517 45.31481481481482 1.1929443003609776
106000 82.46296296296296 82.46296296296296 118.98148148148148 0.4830246913580246 135.5185185185185 45.333333333333336 0.018518518518518517 45.31481481481482 1.122137499973178
108000 82.46296296296296 82.46296296296296 118.98148148148148 0.4830246913580246 135.5185185185185 45.333333333333336 0.018518518518518517 45.31481481481482 1.0450443997979164
110000 82.46296296296296 82.46296296296296 118.98148148148148 0.4830246913580246 135.5185185185185 45.333333333333336 0.018518518518518517 45.31481481481482 1.1147497994825244
112000 82.46296296296296 82.46296296296296 118.98148148148148 0.4830246913580246 135.5185185185185 45.333333333333336 0.018518518518518517 45.31481481481482 1.0624591000378132
114000 82.46296296296296 82.46296296296296 118.98148148148148 0.4830246913580246 135.5185185185185 45.333333333333336 0.018518518518518517 45.31481481481482 1.127950600348413
116000 82.46296296296296 82.46296296296296 118.98148148148148 0.4830246913580246 135.5185185185185 45.333333333333336 0.018518518518518517 45.31481481481482 1.1225910000503063
118000 82.46296296296296 82.46296296296296 118.98148148148148 0.4830246913580246 135.5185185185185 45.333333333333336 0.018518518518518517 45.31481481481482 1.097241099923849
120000 82.46296296296296 82.46296296296296 118.98148148148148 0.4830246913580246 135.5185185185185 45.333333333333336 0.018518518518518517 45.31481481481482 1.1436962001025677
122000 82.46296296296296 82.46296296296296 118.98148148148148 0.4830246913580246 135.5185185185185 45.333333333333336 0.018518518518518517 45.31481481481482 1.2166213002055883
124000 82.46296296296296 82.46296296296296 118.98148148148148 0.4830246913580246 135.5185185185185 45.333333333333336 0.018518518518518517 45.31481481481482 1.090293800458312
126000 82.46296296296296 82.46296296296296 118.98148148148148 0.4830246913580246 135.5185185185185 45.333333333333336 0.018518518518518517 45.31481481481482 1.205935699865222
128000 82.46296296296296 82.46296296296296 118.98148148148148 0.4830246913580246 135.5185185185185 45.333333333333336 0.018518518518518517 45.31481481481482 1.095656999386847
130000 82.46296296296296 82.46296296296296 118.98148148148148 0.4830246913580246 135.5185185185185 45.333333333333336 0.018518518518518517 45.31481481481482 1.0848948005586863
132000 82.46296296296296 82.46296296296296 118.98148148148148 0.4830246913580246 135.5185185185185 45.333333333333336 0.018518518518518517 45.31481481481482 1.0730488002300262
134000 82.46296296296296 82.46296296296296 118.98148148148148 0.4830246913580246 135.5185185185185 45.333333333333336 0.018518518518518517 45.31481481481482 1.1611172994598746
136000 82.46296296296296 82.46296296296296 118.98148148148148 0.4830246913580246 135.5185185185185 45.333333333333336 0.018518518518518517 45.31481481481482 1.2102184006944299
138000 82.46296296296296 82.46296296296296 118.98148148148148 0.4830246913580246 135.5185185185185 45.333333333333336 0.018518518518518517 45.31481481481482 1.1666047992184758
140000 82.46296296296296 82.46296296296296 118.98148148148148 0.4830246913580246 135.5185185185185 45.333333333333336 0.018518518518518517 45.31481481481482 1.0811039991676807
142000 82.46296296296296 82.46296296296296 118.98148148148148 0.4830246913580246 135.5185185185185 45.333333333333336 0.018518518518518517 45.31481481481482 1.1143789999186993
144000 82.46296296296296 82.46296296296296 118.98148148148148 0.4830246913580246 135.5185185185185 45.333333333333336 0.018518518518518517 45.31481481481482 1.2160968007519841
146000 82.46296296296296 82.46296296296296 118.98148148148148 0.4830246913580246 135.5185185185185 45.333333333333336 0.018518518518518517 45.31481481481482 1.0464229006320238
148000 82.46296296296296 82.46296296296296 118.98148148148148 0.4830246913580246 135.5185185185185 45.333333333333336 0.018518518518518517 45.31481481481482 1.0837580999359488
150000 82.46296296296296 82.46296296296296 118.98148148148148 0.4830246913580246 135.5185185185185 45.333333333333336 0.018518518518518517 45.31481481481482 1.1428047996014357
152000 82.46296296296296 82.46296296296296 118.98148148148148 0.4830246913580246 135.5185185185185 45.333333333333336 0.018518518518518517 45.31481481481482 1.1078359000384808
154000 82.46296296296296 82.46296296296296 118.98148148148148 0.4830246913580246 135.5185185185185 45.333333333333336 0.018518518518518517 45.31481481481482 1.1186994006857276
156000 82.46296296296296 82.46296296296296 118.98148148148148 0.4830246913580246 135.5185185185185 45.333333333333336 0.018518518518518517 45.31481481481482 1.083925599232316
158000 82.46296296296296 82.46296296296296 118.98148148148148 0.4830246913580246 135.5185185185185 45.333333333333336 0.018518518518518517 45.31481481481482 1.1054009003564715
160000 82.46296296296296 82.46296296296296 118.98148148148148 0.4830246913580246 135.5185185185185 45.333333333333336 0.018518518518518517 45.31481481481482 1.0996377002447844
162000 82.46296296296296 82.46296296296296 118.98148148148148 0.4830246913580246 135.5185185185185 45.333333333333336 0.018518518518518517 45.31481481481482 1.0698138996958733
164000 82.46296296296296 82.46296296296296 118.98148148148148 0.4830246913580246 135.5185185185185 45.333333333333336 0.018518518518518517 45.31481481481482 1.0908345002681017
166000 82.46296296296296 82.46296296296296 118.98148148148148 0.4830246913580246 135.5185185185185 45.333333333333336 0.018518518518518517 45.31481481481482 1.0785555001348257
168000 82.46296296296296 82.46296296296296 118.98148148148148 0.4830246913580246 135.5185185185185 45.333333333333336 0.018518518518518517 45.31481481481482 1.092965300194919
170000 82.46296296296296 82.46296296296296 118.98148148148148 0.4830246913580246 135.5185185185185 45.333333333333336 0.018518518518518517 45.31481481481482 1.0447674999013543
172000 82.46296296296296 82.46296296296296 118.98148148148148 0.4830246913580246 135.5185185185185 45.333333333333336 0.018518518518518517 45.31481481481482 1.1329279001802206
174000 82.46296296296296 82.46296296296296 118.98148148148148 0.4830246913580246 135.5185185185185 45.333333333333336 0.018518518518518517 45.31481481481482 1.0658788997679949
176000 82.46296296296296 82.46296296296296 118.98148148148148 0.4830246913580246 135.5185185185185 45.333333333333336 0.018518518518518517 45.31481481481482 1.0756831001490355
178000 82.46296296296296 82.46296296296296 118.98148148148148 0.4830246913580246 135.5185185185185 45.333333333333336 0.018518518518518517 45.31481481481482 1.1188203003257513
180000 82.46296296296296 82.46296296296296 118.98148148148148 0.4830246913580246 135.5185185185185 45.333333333333336 0.018518518518518517 45.31481481481482 1.0804180996492505
182000 82.46296296296296 82.46296296296296 118.98148148148148 0.4830246913580246 135.5185185185185 45.333333333333336 0.018518518518518517 45.31481481481482 1.1044135000556707
184000 82.46296296296296 82.46296296296296 118.98148148148148 0.4830246913580246 135.5185185185185 45.333333333333336 0.018518518518518517 45.31481481481482 1.2029315996915102
186000 82.46296296296296 82.46296296296296 118.98148148148148 0.4830246913580246 135.5185185185185 45.333333333333336 0.018518518518518517 45.31481481481482 1.2457942003384233
188000 82.46296296296296 82.46296296296296 118.98148148148148 0.4830246913580246 135.5185185185185 45.333333333333336 0.018518518518518517 45.31481481481482 1.1095439996570349
190000 82.46296296296296 82.46296296296296 118.98148148148148 0.4830246913580246 135.5185185185185 45.333333333333336 0.018518518518518517 45.31481481481482 1.1606208002194762
192000 82.46296296296296 82.46296296296296 118.98148148148148 0.4830246913580246 135.5185185185185 45.333333333333336 0.018518518518518517 45.31481481481482 1.1198134999722242
194000 82.46296296296296 82.46296296296296 118.98148148148148 0.4830246913580246 135.5185185185185 45.333333333333336 0.018518518518518517 45.31481481481482 1.1133861998096108
196000 82.46296296296296 82.46296296296296 118.98148148148148 0.4830246913580246 135.5185185185185 45.333333333333336 0.018518518518518517 45.31481481481482 1.0847360994666815
198000 82.46296296296296 82.46296296296296 118.98148148148148 0.4830246913580246 135.5185185185185 45.333333333333336 0.018518518518518517 45.31481481481482 1.1907453993335366
200000 82.46296296296296 82.46296296296296 118.98148148148148 0.4830246913580246 135.5185185185185 45.333333333333336 0.018518518518518517 45.31481481481482 1.0693824999034405
202000 82.46296296296296 82.46296296296296 118.98148148148148 0.4830246913580246 135.5185185185185 45.333333333333336 0.018518518518518517 45.31481481481482 1.0792870000004768
204000 82.46296296296296 82.46296296296296 118.98148148148148 0.4830246913580246 135.5185185185185 45.333333333333336 0.018518518518518517 45.31481481481482 1.100034199655056
206000 82.46296296296296 82.46296296296296 118.98148148148148 0.4830246913580246 135.5185185185185 45.333333333333336 0.018518518518518517 45.31481481481482 1.1258689993992448
208000 82.46296296296296 82.46296296296296 118.98148148148148 0.4830246913580246 135.5185185185185 45.333333333333336 0.018518518518518517 45.31481481481482 1.1881606001406908
210000 82.46296296296296 82.46296296296296 118.98148148148148 0.4830246913580246 135.5185185185185 45.333333333333336 0.018518518518518517 45.31481481481482 1.0874895006418228
212000 82.46296296296296 82.46296296296296 118.98148148148148 0.4830246913580246 135.5185185185185 45.333333333333336 0.018518518518518517 45.31481481481482 1.0735034998506308
214000 82.46296296296296 82.46296296296296 118.98148148148148 0.4830246913580246 135.5185185185185 45.333333333333336 0.018518518518518517 45.31481481481482 1.1598773002624512
216000 82.46296296296296 82.46296296296296 118.98148148148148 0.4830246913580246 135.5185185185185 45.333333333333336 0.018518518518518517 45.31481481481482 1.2400420000776649
218000 82.46296296296296 82.46296296296296 118.98148148148148 0.4830246913580246 135.5185185185185 45.333333333333336 0.018518518518518517 45.31481481481482 1.093023099936545
220000 82.46296296296296 82.46296296296296 118.98148148148148 0.4830246913580246 135.5185185185185 45.333333333333336 0.018518518518518517 45.31481481481482 1.1744003994390368
222000 82.46296296296296 82.46296296296296 118.98148148148148 0.4830246913580246 135.5185185185185 45.333333333333336 0.018518518518518517 45.31481481481482 1.0849828999489546
224000 82.46296296296296 82.46296296296296 118.98148148148148 0.4830246913580246 135.5185185185185 45.333333333333336 0.018518518518518517 45.31481481481482 1.1377913998439908
226000 82.46296296296296 82.46296296296296 118.98148148148148 0.4830246913580246 135.5185185185185 45.333333333333336 0.018518518518518517 45.31481481481482 1.1284467000514269
228000 82.46296296296296 82.46296296296296 118.98148148148148 0.4830246913580246 135.5185185185185 45.333333333333336 0.018518518518518517 45.31481481481482 1.0590831004083157
230000 82.46296296296296 82.46296296296296 118.98148148148148 0.4830246913580246 135.5185185185185 45.333333333333336 0.018518518518518517 45.31481481481482 1.048539599403739
232000 82.46296296296296 82.46296296296296 118.98148148148148 0.4830246913580246 135.5185185185185 45.333333333333336 0.018518518518518517 45.31481481481482 1.2101955004036427
234000 82.46296296296296 82.46296296296296 118.98148148148148 0.4830246913580246 135.5185185185185 45.333333333333336 0.018518518518518517 45.31481481481482 1.0733056999742985
236000 82.46296296296296 82.46296296296296 118.98148148148148 0.4830246913580246 135.5185185185185 45.333333333333336 0.018518518518518517 45.31481481481482 1.1312643997371197
238000 82.46296296296296 82.46296296296296 118.98148148148148 0.4830246913580246 135.5185185185185 45.333333333333336 0.018518518518518517 45.31481481481482 1.1537436004728079
240000 82.46296296296296 82.46296296296296 118.98148148148148 0.4830246913580246 135.5185185185185 45.333333333333336 0.018518518518518517 45.31481481481482 1.1090571004897356
242000 82.46296296296296 82.46296296296296 118.98148148148148 0.4830246913580246 135.5185185185185 45.333333333333336 0.018518518518518517 45.31481481481482 1.0772953005507588
244000 82.46296296296296 82.46296296296296 118.98148148148148 0.4830246913580246 135.5185185185185 45.333333333333336 0.018518518518518517 45.31481481481482 1.1839648000895977
246000 82.46296296296296 82.46296296296296 118.98148148148148 0.4830246913580246 135.5185185185185 45.333333333333336 0.018518518518518517 45.31481481481482 1.2740210993215442
248000 82.46296296296296 82.46296296296296 118.98148148148148 0.4830246913580246 135.5185185185185 45.333333333333336 0.018518518518518517 45.31481481481482 1.0489236004650593
250000 82.46296296296296 82.46296296296296 118.98148148148148 0.4830246913580246 135.5185185185185 45.333333333333336 0.018518518518518517 45.31481481481482 1.0655620004981756
252000 82.46296296296296 82.46296296296296 118.98148148148148 0.4830246913580246 135.5185185185185 45.333333333333336 0.018518518518518517 45.31481481481482 1.0972074996680021
254000 82.46296296296296 82.46296296296296 118.98148148148148 0.4830246913580246 135.5185185185185 45.333333333333336 0.018518518518518517 45.31481481481482 1.1075738007202744
256000 82.46296296296296 82.46296296296296 118.98148148148148 0.4830246913580246 135.5185185185185 45.333333333333336 0.018518518518518517 45.31481481481482 1.0650415997952223
258000 82.46296296296296 82.46296296296296 118.98148148148148 0.4830246913580246 135.5185185185185 45.333333333333336 0.018518518518518517 45.31481481481482 1.1483752001076937
260000 82.46296296296296 82.46296296296296 118.98148148148148 0.4830246913580246 135.5185185185185 45.333333333333336 0.018518518518518517 45.31481481481482 1.2270961003378034
262000 82.46296296296296 82.46296296296296 118.98148148148148 0.4830246913580246 135.5185185185185 45.333333333333336 0.018518518518518517 45.31481481481482 1.1215073997154832
264000 82.46296296296296 82.46296296296296 118.98148148148148 0.4830246913580246 135.5185185185185 45.333333333333336 0.018518518518518517 45.31481481481482 1.1718584997579455
266000 82.46296296296296 82.46296296296296 118.98148148148148 0.4830246913580246 135.5185185185185 45.333333333333336 0.018518518518518517 45.31481481481482 1.0794011997058988
268000 82.46296296296296 82.46296296296296 118.98148148148148 0.4830246913580246 135.5185185185185 45.333333333333336 0.018518518518518517 45.31481481481482 1.2367243999615312
270000 82.46296296296296 82.46296296296296 118.98148148148148 0.4830246913580246 135.5185185185185 45.333333333333336 0.018518518518518517 45.31481481481482 1.1060942001640797
272000 82.46296296296296 82.46296296296296 118.98148148148148 0.4830246913580246 135.5185185185185 45.333333333333336 0.018518518518518517 45.31481481481482 1.1403687000274658
274000 82.46296296296296 82.46296296296296 118.98148148148148 0.4830246913580246 135.5185185185185 45.333333333333336 0.018518518518518517 45.31481481481482 1.0804523006081581
276000 82.46296296296296 82.46296296296296 118.98148148148148 0.4830246913580246 135.5185185185185 45.333333333333336 0.018518518518518517 45.31481481481482 1.0947438003495336
278000 82.46296296296296 82.46296296296296 118.98148148148148 0.4830246913580246 135.5185185185185 45.333333333333336 0.018518518518518517 45.31481481481482 1.1033947002142668
280000 82.46296296296296 82.46296296296296 118.98148148148148 0.4830246913580246 135.5185185185185 45.333333333333336 0.018518518518518517 45.31481481481482 1.0795686999335885
282000 82.46296296296296 82.46296296296296 118.98148148148148 0.4830246913580246 135.5185185185185 45.333333333333336 0.018518518518518517 45.31481481481482 1.1171044008806348
284000 82.46296296296296 82.46296296296296 118.98148148148148 0.4830246913580246 135.5185185185185 45.333333333333336 0.018518518518518517 45.31481481481482 1.1068294001743197
286000 82.46296296296296 82.46296296296296 118.98148148148148 0.4830246913580246 135.5185185185185 45.333333333333336 0.018518518518518517 45.31481481481482 1.0639722002670169
288000 82.46296296296296 82.46296296296296 118.98148148148148 0.4830246913580246 135.5185185185185 45.333333333333336 0.018518518518518517 45.31481481481482 1.1127062998712063
290000 82.46296296296296 82.46296296296296 118.98148148148148 0.4830246913580246 135.5185185185185 45.333333333333336 0.018518518518518517 45.31481481481482 1.0948960995301604
292000 82.46296296296296 82.46296296296296 118.98148148148148 0.4830246913580246 135.5185185185185 45.333333333333336 0.018518518518518517 45.31481481481482 1.025462600402534
294000 82.46296296296296 82.46296296296296 118.98148148148148 0.4830246913580246 135.5185185185185 45.333333333333336 0.018518518518518517 45.31481481481482 1.032396100461483
296000 82.46296296296296 82.46296296296296 118.98148148148148 0.4830246913580246 135.5185185185185 45.333333333333336 0.018518518518518517 45.31481481481482 1.0372081995010376
298000 82.46296296296296 82.46296296296296 118.98148148148148 0.4830246913580246 135.5185185185185 45.333333333333336 0.018518518518518517 45.31481481481482 1.1013917997479439
300000 82.46296296296296 82.46296296296296 118.98148148148148 0.4830246913580246 135.5185185185185 45.333333333333336 0.018518518518518517 45.31481481481482 1.1409093998372555
302000 82.46296296296296 82.46296296296296 118.98148148148148 0.4830246913580246 135.5185185185185 45.333333333333336 0.018518518518518517 45.31481481481482 1.2040995992720127
304000 82.46296296296296 82.46296296296296 118.98148148148148 0.4830246913580246 135.5185185185185 45.333333333333336 0.018518518518518517 45.31481481481482 1.1193407997488976
306000 82.46296296296296 82.46296296296296 118.98148148148148 0.4830246913580246 135.5185185185185 45.333333333333336 0.018518518518518517 45.31481481481482 1.155201899819076
308000 82.46296296296296 82.46296296296296 118.98148148148148 0.4830246913580246 135.5185185185185 45.333333333333336 0.018518518518518517 45.31481481481482 1.1435794001445174
310000 82.46296296296296 82.46296296296296 118.98148148148148 0.4830246913580246 135.5185185185185 45.333333333333336 0.018518518518518517 45.31481481481482 1.0136485006660223
312000 82.46296296296296 82.46296296296296 118.98148148148148 0.4830246913580246 135.5185185185185 45.333333333333336 0.018518518518518517 45.31481481481482 1.071229299530387
314000 82.46296296296296 82.46296296296296 118.98148148148148 0.4830246913580246 135.5185185185185 45.333333333333336 0.018518518518518517 45.31481481481482 1.0760261006653309
316000 82.46296296296296 82.46296296296296 118.98148148148148 0.4830246913580246 135.5185185185185 45.333333333333336 0.018518518518518517 45.31481481481482 1.0511456998065114
318000 82.46296296296296 82.46296296296296 118.98148148148148 0.4830246913580246 135.5185185185185 45.333333333333336 0.018518518518518517 45.31481481481482 1.2036629999056458
320000 82.46296296296296 82.46296296296296 118.98148148148148 0.4830246913580246 135.5185185185185 45.333333333333336 0.018518518518518517 45.31481481481482 1.0535932006314397
322000 82.46296296296296 82.46296296296296 118.98148148148148 0.4830246913580246 135.5185185185185 45.333333333333336 0.018518518518518517 45.31481481481482 1.18886630050838
324000 82.46296296296296 82.46296296296296 118.98148148148148 0.4830246913580246 135.5185185185185 45.333333333333336 0.018518518518518517 45.31481481481482 1.050701000727713
326000 82.46296296296296 82.46296296296296 118.98148148148148 0.4830246913580246 135.5185185185185 45.333333333333336 0.018518518518518517 45.31481481481482 1.1884313998743892
328000 82.46296296296296 82.46296296296296 118.98148148148148 0.4830246913580246 135.5185185185185 45.333333333333336 0.018518518518518517 45.31481481481482 1.1832277001813054
330000 82.46296296296296 82.46296296296296 118.98148148148148 0.4830246913580246 135.5185185185185 45.333333333333336 0.018518518518518517 45.31481481481482 1.1911140996962786
332000 82.46296296296296 82.46296296296296 118.98148148148148 0.4830246913580246 135.5185185185185 45.333333333333336 0.018518518518518517 45.31481481481482 1.106953600421548
334000 82.46296296296296 82.46296296296296 118.98148148148148 0.4830246913580246 135.5185185185185 45.333333333333336 0.018518518518518517 45.31481481481482 1.07696139998734
336000 82.46296296296296 82.46296296296296 118.98148148148148 0.4830246913580246 135.5185185185185 45.333333333333336 0.018518518518518517 45.31481481481482 1.2035272996872663
338000 82.46296296296296 82.46296296296296 118.98148148148148 0.4830246913580246 135.5185185185185 45.333333333333336 0.018518518518518517 45.31481481481482 1.0552664007991552
340000 82.46296296296296 82.46296296296296 118.98148148148148 0.4830246913580246 135.5185185185185 45.333333333333336 0.018518518518518517 45.31481481481482 1.13090640027076
342000 82.46296296296296 82.46296296296296 118.98148148148148 0.4830246913580246 135.5185185185185 45.333333333333336 0.018518518518518517 45.31481481481482 1.0876075001433492
344000 82.46296296296296 82.46296296296296 118.98148148148148 0.4830246913580246 135.5185185185185 45.333333333333336 0.018518518518518517 45.31481481481482 1.133572000078857
346000 82.46296296296296 82.46296296296296 118.98148148148148 0.4830246913580246 135.5185185185185 45.333333333333336 0.018518518518518517 45.31481481481482 1.1835620002821088
348000 82.46296296296296 82.46296296296296 118.98148148148148 0.4830246913580246 135.5185185185185 45.333333333333336 0.018518518518518517 45.31481481481482 1.1087150005623698
350000 82.46296296296296 82.46296296296296 118.98148148148148 0.4830246913580246 135.5185185185185 45.333333333333336 0.018518518518518517 45.31481481481482 1.1027610003948212
352000 82.46296296296296 82.46296296296296 118.98148148148148 0.4830246913580246 135.5185185185185 45.333333333333336 0.018518518518518517 45.31481481481482 1.2267562998458743
354000 82.46296296296296 82.46296296296296 118.98148148148148 0.4830246913580246 135.5185185185185 45.333333333333336 0.018518518518518517 45.31481481481482 1.1588050993159413
356000 82.46296296296296 82.46296296296296 118.98148148148148 0.4830246913580246 135.5185185185185 45.333333333333336 0.018518518518518517 45.31481481481482 1.0443601999431849
358000 82.46296296296296 82.46296296296296 118.98148148148148 0.4830246913580246 135.5185185185185 45.333333333333336 0.018518518518518517 45.31481481481482 1.0453643994405866
360000 82.46296296296296 82.46296296296296 118.98148148148148 0.4830246913580246 135.5185185185185 45.333333333333336 0.018518518518518517 45.31481481481482 1.1390188001096249
362000 82.46296296296296 82.46296296296296 118.98148148148148 0.4830246913580246 135.5185185185185 45.333333333333336 0.018518518518518517 45.31481481481482 1.0507551999762654
364000 82.46296296296296 82.46296296296296 118.98148148148148 0.4830246913580246 135.5185185185185 45.333333333333336 0.018518518518518517 45.31481481481482 1.2765981005504727
366000 82.46296296296296 82.46296296296296 118.98148148148148 0.4830246913580246 135.5185185185185 45.333333333333336 0.018518518518518517 45.31481481481482 1.09955480042845
368000 82.46296296296296 82.46296296296296 118.98148148148148 0.4830246913580246 135.5185185185185 45.333333333333336 0.018518518518518517 45.31481481481482 1.2066767001524568
370000 82.46296296296296 82.46296296296296 118.98148148148148 0.4830246913580246 135.5185185185185 45.333333333333336 0.018518518518518517 45.31481481481482 1.2075535003095865
372000 82.46296296296296 82.46296296296296 118.98148148148148 0.4830246913580246 135.5185185185185 45.333333333333336 0.018518518518518517 45.31481481481482 1.097796299494803
374000 82.46296296296296 82.46296296296296 118.98148148148148 0.4830246913580246 135.5185185185185 45.333333333333336 0.018518518518518517 45.31481481481482 1.101639099419117
376000 82.46296296296296 82.46296296296296 118.98148148148148 0.4830246913580246 135.5185185185185 45.333333333333336 0.018518518518518517 45.31481481481482 1.0818453002721071
378000 82.46296296296296 82.46296296296296 118.98148148148148 0.4830246913580246 135.5185185185185 45.333333333333336 0.018518518518518517 45.31481481481482 1.1009452007710934
380000 82.46296296296296 82.46296296296296 118.98148148148148 0.4830246913580246 135.5185185185185 45.333333333333336 0.018518518518518517 45.31481481481482 1.0533013995736837
382000 82.46296296296296 82.46296296296296 118.98148148148148 0.4830246913580246 135.5185185185185 45.333333333333336 0.018518518518518517 45.31481481481482 1.0797824999317527
384000 82.46296296296296 82.46296296296296 118.98148148148148 0.4830246913580246 135.5185185185185 45.333333333333336 0.018518518518518517 45.31481481481482 1.0912037007510662
386000 82.46296296296296 82.46296296296296 118.98148148148148 0.4830246913580246 135.5185185185185 45.333333333333336 0.018518518518518517 45.31481481481482 1.1659928001463413
388000 82.46296296296296 82.46296296296296 118.98148148148148 0.4830246913580246 135.5185185185185 45.333333333333336 0.018518518518518517 45.31481481481482 1.0406926004216075
390000 82.46296296296296 82.46296296296296 118.98148148148148 0.4830246913580246 135.5185185185185 45.333333333333336 0.018518518518518517 45.31481481481482 1.1562395999208093
392000 82.46296296296296 82.46296296296296 118.98148148148148 0.4830246913580246 135.5185185185185 45.333333333333336 0.018518518518518517 45.31481481481482 1.093385700136423
394000 82.46296296296296 82.46296296296296 118.98148148148148 0.4830246913580246 135.5185185185185 45.333333333333336 0.018518518518518517 45.31481481481482 1.1405905997380614
396000 82.46296296296296 82.46296296296296 118.98148148148148 0.4830246913580246 135.5185185185185 45.333333333333336 0.018518518518518517 45.31481481481482 1.139851599931717
398000 82.46296296296296 82.46296296296296 118.98148148148148 0.4830246913580246 135.5185185185185 45.333333333333336 0.018518518518518517 45.31481481481482 1.1066114995628595
400000 82.46296296296296 82.46296296296296 118.98148148148148 0.4830246913580246 135.5185185185185 45.333333333333336 0.018518518518518517 45.31481481481482 1.126852199435234
402000 82.46296296296296 82.46296296296296 118.98148148148148 0.4830246913580246 135.5185185185185 45.333333333333336 0.018518518518518517 45.31481481481482 1.1483358992263675
404000 82.46296296296296 82.46296296296296 118.98148148148148 0.4830246913580246 135.5185185185185 45.333333333333336 0.018518518518518517 45.31481481481482 1.0908213006332517
406000 82.46296296296296 82.46296296296296 118.98148148148148 0.4830246913580246 135.5185185185185 45.333333333333336 0.018518518518518517 45.31481481481482 1.1791100995615125
408000 82.46296296296296 82.46296296296296 118.98148148148148 0.4830246913580246 135.5185185185185 45.333333333333336 0.018518518518518517 45.31481481481482 1.0812575994059443
410000 82.46296296296296 82.46296296296296 118.98148148148148 0.4830246913580246 135.5185185185185 45.333333333333336 0.018518518518518517 45.31481481481482 1.081899099983275
412000 82.46296296296296 82.46296296296296 118.98148148148148 0.4830246913580246 135.5185185185185 45.333333333333336 0.018518518518518517 45.31481481481482 1.0960762994363904
414000 82.46296296296296 82.46296296296296 118.98148148148148 0.4830246913580246 135.5185185185185 45.333333333333336 0.018518518518518517 45.31481481481482 1.0736012002453208
416000 82.46296296296296 82.46296296296296 118.98148148148148 0.4830246913580246 135.5185185185185 45.333333333333336 0.018518518518518517 45.31481481481482 1.144776999950409
418000 82.46296296296296 82.46296296296296 118.98148148148148 0.4830246913580246 135.5185185185185 45.333333333333336 0.018518518518518517 45.31481481481482 1.0310510005801916
420000 82.46296296296296 82.46296296296296 118.98148148148148 0.4830246913580246 135.5185185185185 45.333333333333336 0.018518518518518517 45.31481481481482 1.0843476997688413
422000 82.46296296296296 82.46296296296296 118.98148148148148 0.4830246913580246 135.5185185185185 45.333333333333336 0.018518518518518517 45.31481481481482 1.175419100560248
424000 82.46296296296296 82.46296296296296 118.98148148148148 0.4830246913580246 135.5185185185185 45.333333333333336 0.018518518518518517 45.31481481481482 1.0686742002144456
426000 82.46296296296296 82.46296296296296 118.98148148148148 0.4830246913580246 135.5185185185185 45.333333333333336 0.018518518518518517 45.31481481481482 1.0881003998219967
428000 82.46296296296296 82.46296296296296 118.98148148148148 0.4830246913580246 135.5185185185185 45.333333333333336 0.018518518518518517 45.31481481481482 1.1319380002096295
430000 82.46296296296296 82.46296296296296 118.98148148148148 0.4830246913580246 135.5185185185185 45.333333333333336 0.018518518518518517 45.31481481481482 1.2154950005933642
432000 82.46296296296296 82.46296296296296 118.98148148148148 0.4830246913580246 135.5185185185185 45.333333333333336 0.018518518518518517 45.31481481481482 1.0940595995634794
434000 82.46296296296296 82.46296296296296 118.98148148148148 0.4830246913580246 135.5185185185185 45.333333333333336 0.018518518518518517 45.31481481481482 1.2967902002856135
436000 82.46296296296296 82.46296296296296 118.98148148148148 0.4830246913580246 135.5185185185185 45.333333333333336 0.018518518518518517 45.31481481481482 1.193763899616897
438000 82.46296296296296 82.46296296296296 118.98148148148148 0.4830246913580246 135.5185185185185 45.333333333333336 0.018518518518518517 45.31481481481482 1.1244380995631218
440000 82.46296296296296 82.46296296296296 118.98148148148148 0.4830246913580246 135.5185185185185 45.333333333333336 0.018518518518518517 45.31481481481482 1.1757842004299164
442000 82.46296296296296 82.46296296296296 118.98148148148148 0.4830246913580246 135.5185185185185 45.333333333333336 0.018518518518518517 45.31481481481482 1.103634299710393
444000 82.46296296296296 82.46296296296296 118.98148148148148 0.4830246913580246 135.5185185185185 45.333333333333336 0.018518518518518517 45.31481481481482 1.2045536004006863
446000 82.46296296296296 82.46296296296296 118.98148148148148 0.4830246913580246 135.5185185185185 45.333333333333336 0.018518518518518517 45.31481481481482 1.1991959996521473
448000 82.46296296296296 82.46296296296296 118.98148148148148 0.4830246913580246 135.5185185185185 45.333333333333336 0.018518518518518517 45.31481481481482 1.0871814005076885
450000 82.46296296296296 82.46296296296296 118.98148148148148 0.4830246913580246 135.5185185185185 45.333333333333336 0.018518518518518517 45.31481481481482 1.0681112995371222
452000 82.46296296296296 82.46296296296296 118.98148148148148 0.4830246913580246 135.5185185185185 45.333333333333336 0.018518518518518517 45.31481481481482 1.042727599851787
454000 82.46296296296296 82.46296296296296 118.98148148148148 0.4830246913580246 135.5185185185185 45.333333333333336 0.018518518518518517 45.31481481481482 1.1221564998850226
456000 82.46296296296296 82.46296296296296 118.98148148148148 0.4830246913580246 135.5185185185185 45.333333333333336 0.018518518518518517 45.31481481481482 1.084565999917686
458000 82.46296296296296 82.46296296296296 118.98148148148148 0.4830246913580246 135.5185185185185 45.333333333333336 0.018518518518518517 45.31481481481482 1.082281800918281
460000 82.46296296296296 82.46296296296296 118.98148148148148 0.4830246913580246 135.5185185185185 45.333333333333336 0.018518518518518517 45.31481481481482 1.1303358003497124
462000 82.46296296296296 82.46296296296296 118.98148148148148 0.4830246913580246 135.5185185185185 45.333333333333336 0.018518518518518517 45.31481481481482 1.0548374000936747
464000 82.46296296296296 82.46296296296296 118.98148148148148 0.4830246913580246 135.5185185185185 45.333333333333336 0.018518518518518517 45.31481481481482 1.148326899856329
466000 82.46296296296296 82.46296296296296 118.98148148148148 0.4830246913580246 135.5185185185185 45.333333333333336 0.018518518518518517 45.31481481481482 1.1379663003608584
468000 82.46296296296296 82.46296296296296 118.98148148148148 0.4830246913580246 135.5185185185185 45.333333333333336 0.018518518518518517 45.31481481481482 1.097782600671053
470000 82.46296296296296 82.46296296296296 118.98148148148148 0.4830246913580246 135.5185185185185 45.333333333333336 0.018518518518518517 45.31481481481482 1.1546574998646975
472000 82.46296296296296 82.46296296296296 118.98148148148148 0.4830246913580246 135.5185185185185 45.333333333333336 0.018518518518518517 45.31481481481482 1.0627454994246364
474000 82.46296296296296 82.46296296296296 118.98148148148148 0.4830246913580246 135.5185185185185 45.333333333333336 0.018518518518518517 45.31481481481482 1.0920401997864246
476000 82.46296296296296 82.46296296296296 118.98148148148148 0.4830246913580246 135.5185185185185 45.333333333333336 0.018518518518518517 45.31481481481482 1.0978338001295924
478000 82.46296296296296 82.46296296296296 118.98148148148148 0.4830246913580246 135.5185185185185 45.333333333333336 0.018518518518518517 45.31481481481482 1.1146769998595119
480000 82.46296296296296 82.46296296296296 118.98148148148148 0.4830246913580246 135.5185185185185 45.333333333333336 0.018518518518518517 45.31481481481482 1.1102128000929952
482000 82.46296296296296 82.46296296296296 118.98148148148148 0.4830246913580246 135.5185185185185 45.333333333333336 0.018518518518518517 45.31481481481482 1.1723036002367735
484000 82.46296296296296 82.46296296296296 118.98148148148148 0.4830246913580246 135.5185185185185 45.333333333333336 0.018518518518518517 45.31481481481482 1.1895794002339244
486000 82.46296296296296 82.46296296296296 118.98148148148148 0.4830246913580246 135.5185185185185 45.333333333333336 0.018518518518518517 45.31481481481482 1.14092590007931
488000 82.46296296296296 82.46296296296296 118.98148148148148 0.4830246913580246 135.5185185185185 45.333333333333336 0.018518518518518517 45.31481481481482 1.0674787992611527
490000 82.46296296296296 82.46296296296296 118.98148148148148 0.4830246913580246 135.5185185185185 45.333333333333336 0.018518518518518517 45.31481481481482 1.0158611005172133
492000 82.46296296296296 82.46296296296296 118.98148148148148 0.4830246913580246 135.5185185185185 45.333333333333336 0.018518518518518517 45.31481481481482 1.0792573001235723
494000 82.46296296296296 82.46296296296296 118.98148148148148 0.4830246913580246 135.5185185185185 45.333333333333336 0.018518518518518517 45.31481481481482 1.089015499688685
496000 82.46296296296296 82.46296296296296 118.98148148148148 0.4830246913580246 135.5185185185185 45.333333333333336 0.018518518518518517 45.31481481481482 1.125526800751686
498000 82.46296296296296 82.46296296296296 118.98148148148148 0.4830246913580246 135.5185185185185 45.333333333333336 0.018518518518518517 45.31481481481482 1.0235934993252158
500000 82.46296296296296 82.46296296296296 118.98148148148148 0.4830246913580246 135.5185185185185 45.333333333333336 0.018518518518518517 45.31481481481482 0.9848265005275607
