2000 3.769230769230769 3.0576923076923075 127.15384615384616 0.1330128205128205 135.46153846153845 45.30769230769231 0.0 45.30769230769231 0.6938258996233344
4000 3.0 2.519230769230769 127.92307692307692 0.10576923076923077 135.46153846153845 45.30769230769231 0.0 45.30769230769231 0.655447899363935
6000 2.076923076923077 2.019230769230769 128.03846153846155 0.10897435897435896 135.46153846153845 45.30769230769231 0.0 45.30769230769231 0.9703445993363857
8000 7.134615384615385 2.75 125.25 0.25480769230769235 135.46153846153845 45.30769230769231 0.019230769230769232 45.28846153846154 0.7070474997162819
10000 9.846153846153847 3.769230769230769 123.75 0.3285256410256411 135.46153846153845 45.30769230769231 0.019230769230769232 45.28846153846154 0.906109600327909
12000 5.75 5.75 124.23076923076923 0.31410256410256415 135.46153846153845 45.30769230769231 0.0 45.30769230769231 0.9430491998791695
14000 5.826923076923077 5.826923076923077 124.09615384615384 0.31410256410256415 135.46153846153845 45.30769230769231 0.0 45.30769230769231 0.8129024002701044
16000 10.365384615384615 10.288461538461538 123.07692307692308 0.33333333333333337 135.46153846153845 45.30769230769231 0.019230769230769232 45.28846153846154 0.8933667000383139
18000 21.596153846153847 21.596153846153847 121.98076923076923 0.391025641025641 135.46153846153845 45.30769230769231 0.019230769230769232 45.28846153846154 0.9064694996923208
20000 21.596153846153847 21.596153846153847 121.98076923076923 0.391025641025641 135.46153846153845 45.30769230769231 0.019230769230769232 45.28846153846154 0.8902377998456359
22000 21.596153846153847 21.596153846153847 121.98076923076923 0.391025641025641 135.46153846153845 45.30769230769231 0.019230769230769232 45.28846153846154 0.8865622999146581
24000 21.596153846153847 21.596153846153847 121.98076923076923 0.391025641025641 135.46153846153845 45.30769230769231 0.019230769230769232 45.28846153846154 0.9178911000490189
26000 21.596153846153847 21.596153846153847 121.98076923076923 0.391025641025641 135.46153846153845 45.30769230769231 0.019230769230769232 45.28846153846154 1.123594000004232
28000 21.596153846153847 21.596153846153847 121.98076923076923 0.391025641025641 135.46153846153845 45.30769230769231 0.019230769230769232 45.28846153846154 1.0954083995893598
30000 21.596153846153847 21.596153846153847 121.98076923076923 0.391025641025641 135.46153846153845 45.30769230769231 0.019230769230769232 45.28846153846154 1.1257697008550167
32000 21.596153846153847 21.596153846153847 121.98076923076923 0.391025641025641 135.46153846153845 45.30769230769231 0.019230769230769232 45.28846153846154 1.0329474993050098
34000 34.92307692307692 34.92307692307692 120.84615384615384 0.4150641025641026 135.46153846153845 45.30769230769231 0.0 45.30769230769231 1.073433400131762
36000 34.92307692307692 34.92307692307692 120.84615384615384 0.4150641025641026 135.46153846153845 45.30769230769231 0.0 45.30769230769231 1.0755736995488405
38000 34.92307692307692 34.92307692307692 120.84615384615384 0.4150641025641026 135.46153846153845 45.30769230769231 0.0 45.30769230769231 1.0918745007365942
40000 34.92307692307692 34.92307692307692 120.84615384615384 0.4150641025641026 135.46153846153845 45.30769230769231 0.0 45.30769230769231 1.0200589001178741
42000 18.21153846153846 -1.0 123.09615384615384 0.3253205128205128 135.46153846153845 45.30769230769231 0.0 45.30769230769231 0.998361200094223
44000 111.59615384615384 111.59615384615384 119.5576923076923 0.49679487179487175 135.46153846153845 45.30769230769231 0.0 45.30769230769231 1.0203740997239947
46000 109.46153846153847 109.42307692307692 119.96153846153847 0.4823717948717948 135.46153846153845 45.30769230769231 0.0 45.30769230769231 1.021971999667585
48000 109.46153846153847 109.42307692307692 119.96153846153847 0.4823717948717948 135.46153846153845 45.30769230769231 0.0 45.30769230769231 1.0178514998406172
50000 72.9423076923077 37.0 121.1923076923077 0.41025641025641024 135.46153846153845 45.30769230769231 0.0 45.30769230769231 1.0825466001406312
52000 72.9423076923077 37.0 121.1923076923077 0.41025641025641024 135.46153846153845 45.30769230769231 0.0 45.30769230769231 1.0789133999496698
54000 72.9423076923077 37.0 121.1923076923077 0.41025641025641024 135.46153846153845 45.30769230769231 0.0 45.30769230769231 1.0968911992385983
56000 72.9423076923077 37.0 121.1923076923077 0.41025641025641024 135.46153846153845 45.30769230769231 0.0 45.30769230769231 1.0382399000227451
58000 72.9423076923077 37.0 121.1923076923077 0.41025641025641024 135.46153846153845 45.30769230769231 0.0 45.30769230769231 1.1833375003188848
60000 72.9423076923077 37.0 121.1923076923077 0.41025641025641024 135.46153846153845 45.30769230769231 0.0 45.30769230769231 0.9989921003580093
62000 72.9423076923077 37.0 121.1923076923077 0.41025641025641024 135.46153846153845 45.30769230769231 0.0 45.30769230769231 1.0309151001274586
64000 72.9423076923077 37.0 121.1923076923077 0.41025641025641024 135.46153846153845 45.30769230769231 0.0 45.30769230769231 1.0197282992303371
66000 72.9423076923077 37.0 121.1923076923077 0.41025641025641024 135.46153846153845 45.30769230769231 0.0 45.30769230769231 1.0405553998425603
68000 72.9423076923077 37.0 121.1923076923077 0.41025641025641024 135.46153846153845 45.30769230769231 0.0 45.30769230769231 1.037738099694252
70000 72.9423076923077 37.0 121.1923076923077 0.41025641025641024 135.46153846153845 45.30769230769231 0.0 45.30769230769231 1.0670272000133991
72000 72.9423076923077 37.0 121.1923076923077 0.41025641025641024 135.46153846153845 45.30769230769231 0.0 45.30769230769231 1.223963400349021
74000 72.9423076923077 37.0 121.1923076923077 0.41025641025641024 135.46153846153845 45.30769230769231 0.0 45.30769230769231 1.122733199968934
76000 109.46153846153847 109.42307692307692 119.96153846153847 0.4823717948717948 135.46153846153845 45.30769230769231 0.0 45.30769230769231 1.1853836001828313
78000 109.46153846153847 109.42307692307692 119.96153846153847 0.4823717948717948 135.46153846153845 45.30769230769231 0.0 45.30769230769231 1.023820400238037
80000 109.46153846153847 109.42307692307692 119.96153846153847 0.4823717948717948 135.46153846153845 45.30769230769231 0.0 45.30769230769231 1.0728452000766993
82000 109.46153846153847 109.42307692307692 119.96153846153847 0.4823717948717948 135.46153846153845 45.30769230769231 0.0 45.30769230769231 0.9762794999405742
84000 109.46153846153847 109.42307692307692 119.96153846153847 0.4823717948717948 135.46153846153845 45.30769230769231 0.0 45.30769230769231 1.0680104000493884
86000 109.46153846153847 109.42307692307692 119.96153846153847 0.4823717948717948 135.46153846153845 45.30769230769231 0.0 45.30769230769231 0.9575455999001861
88000 109.46153846153847 109.42307692307692 119.96153846153847 0.4823717948717948 135.46153846153845 45.30769230769231 0.0 45.30769230769231 1.0468972995877266
90000 109.46153846153847 109.42307692307692 119.96153846153847 0.4823717948717948 135.46153846153845 45.30769230769231 0.0 45.30769230769231 0.9991921000182629
92000 109.46153846153847 109.42307692307692 119.96153846153847 0.4823717948717948 135.46153846153845 45.30769230769231 0.0 45.30769230769231 1.0315450001507998
94000 109.46153846153847 109.42307692307692 119.96153846153847 0.4823717948717948 135.46153846153845 45.30769230769231 0.0 45.30769230769231 1.0613733995705843
96000 109.46153846153847 109.42307692307692 119.96153846153847 0.4823717948717948 135.46153846153845 45.30769230769231 0.0 45.30769230769231 1.0180474007502198
98000 109.46153846153847 109.42307692307692 119.96153846153847 0.4823717948717948 135.46153846153845 45.30769230769231 0.0 45.30769230769231 0.9679209003224969
100000 109.46153846153847 109.42307692307692 119.96153846153847 0.4823717948717948 135.46153846153845 45.30769230769231 0.0 45.30769230769231 1.0308993998914957
102000 109.46153846153847 109.42307692307692 119.96153846153847 0.4823717948717948 135.46153846153845 45.30769230769231 0.0 45.30769230769231 1.0213141990825534
104000 109.46153846153847 109.42307692307692 119.96153846153847 0.4823717948717948 135.46153846153845 45.30769230769231 0.0 45.30769230769231 1.1068799998611212
106000 109.46153846153847 109.42307692307692 119.96153846153847 0.4823717948717948 135.46153846153845 45.30769230769231 0.0 45.30769230769231 1.0986259002238512
108000 109.46153846153847 109.42307692307692 119.96153846153847 0.4823717948717948 135.46153846153845 45.30769230769231 0.0 45.30769230769231 1.0480386996641755
110000 109.46153846153847 109.42307692307692 119.96153846153847 0.4823717948717948 135.46153846153845 45.30769230769231 0.0 45.30769230769231 1.0452692992985249
112000 109.46153846153847 109.42307692307692 119.96153846153847 0.4823717948717948 135.46153846153845 45.30769230769231 0.0 45.30769230769231 1.1283868998289108
114000 109.46153846153847 109.42307692307692 119.96153846153847 0.4823717948717948 135.46153846153845 45.30769230769231 0.0 45.30769230769231 1.0952029004693031
116000 109.46153846153847 109.42307692307692 119.96153846153847 0.4823717948717948 135.46153846153845 45.30769230769231 0.0 45.30769230769231 1.0204541003331542
118000 109.46153846153847 109.42307692307692 119.96153846153847 0.4823717948717948 135.46153846153845 45.30769230769231 0.0 45.30769230769231 1.0571611002087593
120000 109.46153846153847 109.42307692307692 119.96153846153847 0.4823717948717948 135.46153846153845 45.30769230769231 0.0 45.30769230769231 1.0253705000504851
122000 109.46153846153847 109.42307692307692 119.96153846153847 0.4823717948717948 135.46153846153845 45.30769230769231 0.0 45.30769230769231 1.0513310004025698
124000 109.46153846153847 109.42307692307692 119.96153846153847 0.4823717948717948 135.46153846153845 45.30769230769231 0.0 45.30769230769231 1.054573300294578
126000 109.46153846153847 109.42307692307692 119.96153846153847 0.4823717948717948 135.46153846153845 45.30769230769231 0.0 45.30769230769231 1.0600518994033337
128000 109.46153846153847 109.42307692307692 119.96153846153847 0.4823717948717948 135.46153846153845 45.30769230769231 0.0 45.30769230769231 0.997877299785614
130000 109.46153846153847 109.42307692307692 119.96153846153847 0.4823717948717948 135.46153846153845 45.30769230769231 0.0 45.30769230769231 1.0199269000440836
132000 109.46153846153847 109.42307692307692 119.96153846153847 0.4823717948717948 135.46153846153845 45.30769230769231 0.0 45.30769230769231 1.0292967995628715
134000 109.46153846153847 109.42307692307692 119.96153846153847 0.4823717948717948 135.46153846153845 45.30769230769231 0.0 45.30769230769231 1.0535760000348091
136000 109.46153846153847 109.42307692307692 119.96153846153847 0.4823717948717948 135.46153846153845 45.30769230769231 0.0 45.30769230769231 1.06430790014565
138000 109.46153846153847 109.42307692307692 119.96153846153847 0.4823717948717948 135.46153846153845 45.30769230769231 0.0 45.30769230769231 1.0463062999770045
140000 109.46153846153847 109.42307692307692 119.96153846153847 0.4823717948717948 135.46153846153845 45.30769230769231 0.0 45.30769230769231 1.0893409000709653
142000 109.46153846153847 109.42307692307692 119.96153846153847 0.4823717948717948 135.46153846153845 45.30769230769231 0.0 45.30769230769231 1.1028224006295204
144000 109.46153846153847 109.42307692307692 119.96153846153847 0.4823717948717948 135.46153846153845 45.30769230769231 0.0 45.30769230769231 1.009331800043583
146000 109.46153846153847 109.42307692307692 119.96153846153847 0.4823717948717948 135.46153846153845 45.30769230769231 0.0 45.30769230769231 1.0857140999287367
148000 109.46153846153847 109.42307692307692 119.96153846153847 0.4823717948717948 135.46153846153845 45.30769230769231 0.0 45.30769230769231 1.0904144998639822
150000 109.46153846153847 109.42307692307692 119.96153846153847 0.4823717948717948 135.46153846153845 45.30769230769231 0.0 45.30769230769231 1.0117795998230577
152000 109.46153846153847 109.42307692307692 119.96153846153847 0.4823717948717948 135.46153846153845 45.30769230769231 0.0 45.30769230769231 1.1705021001398563
154000 109.46153846153847 109.42307692307692 119.96153846153847 0.4823717948717948 135.46153846153845 45.30769230769231 0.0 45.30769230769231 1.1399248000234365
156000 109.46153846153847 109.42307692307692 119.96153846153847 0.4823717948717948 135.46153846153845 45.30769230769231 0.0 45.30769230769231 1.0346675999462605
158000 109.46153846153847 109.42307692307692 119.96153846153847 0.4823717948717948 135.46153846153845 45.30769230769231 0.0 45.30769230769231 0.9934181999415159
160000 109.46153846153847 109.42307692307692 119.96153846153847 0.4823717948717948 135.46153846153845 45.30769230769231 0.0 45.30769230769231 1.0718210991472006
162000 109.46153846153847 109.42307692307692 119.96153846153847 0.4823717948717948 135.46153846153845 45.30769230769231 0.0 45.30769230769231 1.0895964996889234
164000 109.46153846153847 109.42307692307692 119.96153846153847 0.4823717948717948 135.46153846153845 45.30769230769231 0.0 45.30769230769231 1.0727810999378562
166000 109.46153846153847 109.42307692307692 119.96153846153847 0.4823717948717948 135.46153846153845 45.30769230769231 0.0 45.30769230769231 1.1014368999749422
168000 109.46153846153847 109.42307692307692 119.96153846153847 0.4823717948717948 135.46153846153845 45.30769230769231 0.0 45.30769230769231 1.0776787996292114
170000 109.46153846153847 109.42307692307692 119.96153846153847 0.4823717948717948 135.46153846153845 45.30769230769231 0.0 45.30769230769231 1.0296939993277192
172000 109.46153846153847 109.42307692307692 119.96153846153847 0.4823717948717948 135.46153846153845 45.30769230769231 0.0 45.30769230769231 0.9744231998920441
174000 109.46153846153847 109.42307692307692 119.96153846153847 0.4823717948717948 135.46153846153845 45.30769230769231 0.0 45.30769230769231 1.0845622001215816
176000 109.46153846153847 109.42307692307692 119.96153846153847 0.4823717948717948 135.46153846153845 45.30769230769231 0.0 45.30769230769231 1.0684503000229597
178000 109.46153846153847 109.42307692307692 119.96153846153847 0.4823717948717948 135.46153846153845 45.30769230769231 0.0 45.30769230769231 1.0867595998570323
180000 109.46153846153847 109.42307692307692 119.96153846153847 0.4823717948717948 135.46153846153845 45.30769230769231 0.0 45.30769230769231 1.1045458996668458
182000 109.46153846153847 109.42307692307692 119.96153846153847 0.4823717948717948 135.46153846153845 45.30769230769231 0.0 45.30769230769231 1.1390402996912599
184000 109.46153846153847 109.42307692307692 119.96153846153847 0.4823717948717948 135.46153846153845 45.30769230769231 0.0 45.30769230769231 1.1219415999948978
186000 109.46153846153847 109.42307692307692 119.96153846153847 0.4823717948717948 135.46153846153845 45.30769230769231 0.0 45.30769230769231 1.1107254000380635
188000 109.46153846153847 109.42307692307692 119.96153846153847 0.4823717948717948 135.46153846153845 45.30769230769231 0.0 45.30769230769231 1.0586379999294877
190000 109.46153846153847 109.42307692307692 119.96153846153847 0.4823717948717948 135.46153846153845 45.30769230769231 0.0 45.30769230769231 0.9869091995060444
192000 109.46153846153847 109.42307692307692 119.96153846153847 0.4823717948717948 135.46153846153845 45.30769230769231 0.0 45.30769230769231 1.12888010032475
194000 109.46153846153847 109.42307692307692 119.96153846153847 0.4823717948717948 135.46153846153845 45.30769230769231 0.0 45.30769230769231 1.009681699797511
196000 109.46153846153847 109.42307692307692 119.96153846153847 0.4823717948717948 135.46153846153845 45.30769230769231 0.0 45.30769230769231 1.0310331992805004
198000 109.46153846153847 109.42307692307692 119.96153846153847 0.4823717948717948 135.46153846153845 45.30769230769231 0.0 45.30769230769231 1.0174580002203584
200000 109.46153846153847 109.42307692307692 119.96153846153847 0.4823717948717948 135.46153846153845 45.30769230769231 0.0 45.30769230769231 1.1046177996322513
202000 109.46153846153847 109.42307692307692 119.96153846153847 0.4823717948717948 135.46153846153845 45.30769230769231 0.0 45.30769230769231 1.0289040002971888
204000 109.46153846153847 109.42307692307692 119.96153846153847 0.4823717948717948 135.46153846153845 45.30769230769231 0.0 45.30769230769231 1.0133215999230742
206000 109.46153846153847 109.42307692307692 119.96153846153847 0.4823717948717948 135.46153846153845 45.30769230769231 0.0 45.30769230769231 1.0584515994414687
208000 109.46153846153847 109.42307692307692 119.96153846153847 0.4823717948717948 135.46153846153845 45.30769230769231 0.0 45.30769230769231 0.9529331997036934
210000 109.46153846153847 109.42307692307692 119.96153846153847 0.4823717948717948 135.46153846153845 45.30769230769231 0.0 45.30769230769231 1.0578733999282122
212000 109.46153846153847 109.42307692307692 119.96153846153847 0.4823717948717948 135.46153846153845 45.30769230769231 0.0 45.30769230769231 1.0600091004744172
214000 109.46153846153847 109.42307692307692 119.96153846153847 0.4823717948717948 135.46153846153845 45.30769230769231 0.0 45.30769230769231 1.0005804998800159
216000 109.46153846153847 109.42307692307692 119.96153846153847 0.4823717948717948 135.46153846153845 45.30769230769231 0.0 45.30769230769231 1.137470600195229
218000 109.46153846153847 109.42307692307692 119.96153846153847 0.4823717948717948 135.46153846153845 45.30769230769231 0.0 45.30769230769231 1.0442303000018
220000 109.46153846153847 109.42307692307692 119.96153846153847 0.4823717948717948 135.46153846153845 45.30769230769231 0.0 45.30769230769231 1.0094697996973991
222000 109.46153846153847 109.42307692307692 119.96153846153847 0.4823717948717948 135.46153846153845 45.30769230769231 0.0 45.30769230769231 1.063399599865079
224000 109.46153846153847 109.42307692307692 119.96153846153847 0.4823717948717948 135.46153846153845 45.30769230769231 0.0 45.30769230769231 1.002849199809134
226000 109.46153846153847 109.42307692307692 119.96153846153847 0.4823717948717948 135.46153846153845 45.30769230769231 0.0 45.30769230769231 1.1028579995036125
228000 109.46153846153847 109.42307692307692 119.96153846153847 0.4823717948717948 135.46153846153845 45.30769230769231 0.0 45.30769230769231 1.0156997004523873
230000 109.46153846153847 109.42307692307692 119.96153846153847 0.4823717948717948 135.46153846153845 45.30769230769231 0.0 45.30769230769231 0.9959877002984285
232000 109.46153846153847 109.42307692307692 119.96153846153847 0.4823717948717948 135.46153846153845 45.30769230769231 0.0 45.30769230769231 1.1292436001822352
234000 109.46153846153847 109.42307692307692 119.96153846153847 0.4823717948717948 135.46153846153845 45.30769230769231 0.0 45.30769230769231 1.2029200000688434
236000 109.46153846153847 109.42307692307692 119.96153846153847 0.4823717948717948 135.46153846153845 45.30769230769231 0.0 45.30769230769231 1.1288990005850792
238000 109.46153846153847 109.42307692307692 119.96153846153847 0.4823717948717948 135.46153846153845 45.30769230769231 0.0 45.30769230769231 1.0822677994146943
240000 109.46153846153847 109.42307692307692 119.96153846153847 0.4823717948717948 135.46153846153845 45.30769230769231 0.0 45.30769230769231 1.1435558004304767
242000 109.46153846153847 109.42307692307692 119.96153846153847 0.4823717948717948 135.46153846153845 45.30769230769231 0.0 45.30769230769231 1.0591185996308923
244000 109.46153846153847 109.42307692307692 119.96153846153847 0.4823717948717948 135.46153846153845 45.30769230769231 0.0 45.30769230769231 1.14248130004853
246000 109.46153846153847 109.42307692307692 119.96153846153847 0.4823717948717948 135.46153846153845 45.30769230769231 0.0 45.30769230769231 1.0507650999352336
248000 109.46153846153847 109.42307692307692 119.96153846153847 0.4823717948717948 135.46153846153845 45.30769230769231 0.0 45.30769230769231 0.9825306003913283
250000 109.46153846153847 109.42307692307692 119.96153846153847 0.4823717948717948 135.46153846153845 45.30769230769231 0.0 45.30769230769231 1.0234869997948408
252000 109.46153846153847 109.42307692307692 119.96153846153847 0.4823717948717948 135.46153846153845 45.30769230769231 0.0 45.30769230769231 1.0885821003466845
254000 109.46153846153847 109.42307692307692 119.96153846153847 0.4823717948717948 135.46153846153845 45.30769230769231 0.0 45.30769230769231 1.1097399005666375
256000 109.46153846153847 109.42307692307692 119.96153846153847 0.4823717948717948 135.46153846153845 45.30769230769231 0.0 45.30769230769231 0.9998193001374602
258000 109.46153846153847 109.42307692307692 119.96153846153847 0.4823717948717948 135.46153846153845 45.30769230769231 0.0 45.30769230769231 1.0440459996461868
260000 109.46153846153847 109.42307692307692 119.96153846153847 0.4823717948717948 135.46153846153845 45.30769230769231 0.0 45.30769230769231 1.0451519005000591
262000 109.46153846153847 109.42307692307692 119.96153846153847 0.4823717948717948 135.46153846153845 45.30769230769231 0.0 45.30769230769231 1.060440099798143
264000 109.46153846153847 109.42307692307692 119.96153846153847 0.4823717948717948 135.46153846153845 45.30769230769231 0.0 45.30769230769231 1.0273958994075656
266000 109.46153846153847 109.42307692307692 119.96153846153847 0.4823717948717948 135.46153846153845 45.30769230769231 0.0 45.30769230769231 1.0757632004097104
268000 109.46153846153847 109.42307692307692 119.96153846153847 0.4823717948717948 135.46153846153845 45.30769230769231 0.0 45.30769230769231 1.0518738999962807
270000 109.46153846153847 109.42307692307692 119.96153846153847 0.4823717948717948 135.46153846153845 45.30769230769231 0.0 45.30769230769231 1.0691923992708325
272000 109.46153846153847 109.42307692307692 119.96153846153847 0.4823717948717948 135.46153846153845 45.30769230769231 0.0 45.30769230769231 1.1226585004478693
274000 109.46153846153847 109.42307692307692 119.96153846153847 0.4823717948717948 135.46153846153845 45.30769230769231 0.0 45.30769230769231 1.0540706003084779
276000 109.46153846153847 109.42307692307692 119.96153846153847 0.4823717948717948 135.46153846153845 45.30769230769231 0.0 45.30769230769231 1.0413385005667806
278000 109.46153846153847 109.42307692307692 119.96153846153847 0.4823717948717948 135.46153846153845 45.30769230769231 0.0 45.30769230769231 1.0148943001404405
280000 109.46153846153847 109.42307692307692 119.96153846153847 0.4823717948717948 135.46153846153845 45.30769230769231 0.0 45.30769230769231 1.1094545992091298
282000 109.46153846153847 109.42307692307692 119.96153846153847 0.4823717948717948 135.46153846153845 45.30769230769231 0.0 45.30769230769231 1.2062685005366802
284000 109.46153846153847 109.42307692307692 119.96153846153847 0.4823717948717948 135.46153846153845 45.30769230769231 0.0 45.30769230769231 1.1935310997068882
286000 109.46153846153847 109.42307692307692 119.96153846153847 0.4823717948717948 135.46153846153845 45.30769230769231 0.0 45.30769230769231 1.11199039965868
288000 109.46153846153847 109.42307692307692 119.96153846153847 0.4823717948717948 135.46153846153845 45.30769230769231 0.0 45.30769230769231 1.029415300115943
290000 109.46153846153847 109.42307692307692 119.96153846153847 0.4823717948717948 135.46153846153845 45.30769230769231 0.0 45.30769230769231 1.0949742002412677
292000 109.46153846153847 109.42307692307692 119.96153846153847 0.4823717948717948 135.46153846153845 45.30769230769231 0.0 45.30769230769231 1.0593991000205278
294000 109.46153846153847 109.42307692307692 119.96153846153847 0.4823717948717948 135.46153846153845 45.30769230769231 0.0 45.30769230769231 1.0559876998886466
296000 109.46153846153847 109.42307692307692 119.96153846153847 0.4823717948717948 135.46153846153845 45.30769230769231 0.0 45.30769230769231 1.0323633002117276
298000 109.46153846153847 109.42307692307692 119.96153846153847 0.4823717948717948 135.46153846153845 45.30769230769231 0.0 45.30769230769231 1.0636867992579937
300000 109.46153846153847 109.42307692307692 119.96153846153847 0.4823717948717948 135.46153846153845 45.30769230769231 0.0 45.30769230769231 1.0720122996717691
302000 109.46153846153847 109.42307692307692 119.96153846153847 0.4823717948717948 135.46153846153845 45.30769230769231 0.0 45.30769230769231 1.0037096999585629
304000 109.46153846153847 109.42307692307692 119.96153846153847 0.4823717948717948 135.46153846153845 45.30769230769231 0.0 45.30769230769231 1.0328564001247287
306000 109.46153846153847 109.42307692307692 119.96153846153847 0.4823717948717948 135.46153846153845 45.30769230769231 0.0 45.30769230769231 1.0281744999811053
308000 109.46153846153847 109.42307692307692 119.96153846153847 0.4823717948717948 135.46153846153845 45.30769230769231 0.0 45.30769230769231 0.969484499655664
310000 109.46153846153847 109.42307692307692 119.96153846153847 0.4823717948717948 135.46153846153845 45.30769230769231 0.0 45.30769230769231 0.9642297001555562
312000 109.46153846153847 109.42307692307692 119.96153846153847 0.4823717948717948 135.46153846153845 45.30769230769231 0.0 45.30769230769231 0.9974334007129073
314000 109.46153846153847 109.42307692307692 119.96153846153847 0.4823717948717948 135.46153846153845 45.30769230769231 0.0 45.30769230769231 1.1192693999037147
316000 109.46153846153847 109.42307692307692 119.96153846153847 0.4823717948717948 135.46153846153845 45.30769230769231 0.0 45.30769230769231 1.1855547996237874
318000 109.46153846153847 109.42307692307692 119.96153846153847 0.4823717948717948 135.46153846153845 45.30769230769231 0.0 45.30769230769231 1.0704077994450927
320000 109.46153846153847 109.42307692307692 119.96153846153847 0.4823717948717948 135.46153846153845 45.30769230769231 0.0 45.30769230769231 1.0307411001995206
322000 109.46153846153847 109.42307692307692 119.96153846153847 0.4823717948717948 135.46153846153845 45.30769230769231 0.0 45.30769230769231 0.9908723998814821
324000 109.46153846153847 109.42307692307692 119.96153846153847 0.4823717948717948 135.46153846153845 45.30769230769231 0.0 45.30769230769231 1.0361070996150374
326000 109.46153846153847 109.42307692307692 119.96153846153847 0.4823717948717948 135.46153846153845 45.30769230769231 0.0 45.30769230769231 1.0368983997032046
328000 109.46153846153847 109.42307692307692 119.96153846153847 0.4823717948717948 135.46153846153845 45.30769230769231 0.0 45.30769230769231 1.0620029997080564
330000 109.46153846153847 109.42307692307692 119.96153846153847 0.4823717948717948 135.46153846153845 45.30769230769231 0.0 45.30769230769231 1.0974038001149893
332000 109.46153846153847 109.42307692307692 119.96153846153847 0.4823717948717948 135.46153846153845 45.30769230769231 0.0 45.30769230769231 0.9979287004098296
334000 109.46153846153847 109.42307692307692 119.96153846153847 0.4823717948717948 135.46153846153845 45.30769230769231 0.0 45.30769230769231 0.9867720995098352
336000 109.46153846153847 109.42307692307692 119.96153846153847 0.4823717948717948 135.46153846153845 45.30769230769231 0.0 45.30769230769231 1.1114541999995708
338000 109.46153846153847 109.42307692307692 119.96153846153847 0.4823717948717948 135.46153846153845 45.30769230769231 0.0 45.30769230769231 1.1079884003847837
340000 109.46153846153847 109.42307692307692 119.96153846153847 0.4823717948717948 135.46153846153845 45.30769230769231 0.0 45.30769230769231 1.1431425996124744
342000 109.46153846153847 109.42307692307692 119.96153846153847 0.4823717948717948 135.46153846153845 45.30769230769231 0.0 45.30769230769231 1.0949411001056433
344000 109.46153846153847 109.42307692307692 119.96153846153847 0.4823717948717948 135.46153846153845 45.30769230769231 0.0 45.30769230769231 1.0581626994535327
346000 109.46153846153847 109.42307692307692 119.96153846153847 0.4823717948717948 135.46153846153845 45.30769230769231 0.0 45.30769230769231 1.0320124998688698
348000 109.46153846153847 109.42307692307692 119.96153846153847 0.4823717948717948 135.46153846153845 45.30769230769231 0.0 45.30769230769231 1.0998592991381884
350000 109.46153846153847 109.42307692307692 119.96153846153847 0.4823717948717948 135.46153846153845 45.30769230769231 0.0 45.30769230769231 1.0053547993302345
352000 109.46153846153847 109.42307692307692 119.96153846153847 0.4823717948717948 135.46153846153845 45.30769230769231 0.0 45.30769230769231 1.0621510995551944
354000 109.46153846153847 109.42307692307692 119.96153846153847 0.4823717948717948 135.46153846153845 45.30769230769231 0.0 45.30769230769231 1.0475852005183697
356000 109.46153846153847 109.42307692307692 119.96153846153847 0.4823717948717948 135.46153846153845 45.30769230769231 0.0 45.30769230769231 1.0930166002362967
358000 109.46153846153847 109.42307692307692 119.96153846153847 0.4823717948717948 135.46153846153845 45.30769230769231 0.0 45.30769230769231 1.0808186000213027
360000 109.46153846153847 109.42307692307692 119.96153846153847 0.4823717948717948 135.46153846153845 45.30769230769231 0.0 45.30769230769231 1.086144500412047
362000 109.46153846153847 109.42307692307692 119.96153846153847 0.4823717948717948 135.46153846153845 45.30769230769231 0.0 45.30769230769231 1.163790199905634
364000 109.46153846153847 109.42307692307692 119.96153846153847 0.4823717948717948 135.46153846153845 45.30769230769231 0.0 45.30769230769231 1.026629600673914
366000 109.46153846153847 109.42307692307692 119.96153846153847 0.4823717948717948 135.46153846153845 45.30769230769231 0.0 45.30769230769231 1.0047006998211145
368000 109.46153846153847 109.42307692307692 119.96153846153847 0.4823717948717948 135.46153846153845 45.30769230769231 0.0 45.30769230769231 1.077254300005734
370000 109.46153846153847 109.42307692307692 119.96153846153847 0.4823717948717948 135.46153846153845 45.30769230769231 0.0 45.30769230769231 1.1539251999929547
372000 109.46153846153847 109.42307692307692 119.96153846153847 0.4823717948717948 135.46153846153845 45.30769230769231 0.0 45.30769230769231 1.0072088995948434
374000 109.46153846153847 109.42307692307692 119.96153846153847 0.4823717948717948 135.46153846153845 45.30769230769231 0.0 45.30769230769231 1.0863127000629902
376000 109.46153846153847 109.42307692307692 119.96153846153847 0.4823717948717948 135.46153846153845 45.30769230769231 0.0 45.30769230769231 1.052848600782454
378000 109.46153846153847 109.42307692307692 119.96153846153847 0.4823717948717948 135.46153846153845 45.30769230769231 0.0 45.30769230769231 0.9648625003173947
380000 109.46153846153847 109.42307692307692 119.96153846153847 0.4823717948717948 135.46153846153845 45.30769230769231 0.0 45.30769230769231 1.073030199855566
382000 109.46153846153847 109.42307692307692 119.96153846153847 0.4823717948717948 135.46153846153845 45.30769230769231 0.0 45.30769230769231 1.043207200244069
384000 109.46153846153847 109.42307692307692 119.96153846153847 0.4823717948717948 135.46153846153845 45.30769230769231 0.0 45.30769230769231 1.0414083003997803
386000 109.46153846153847 109.42307692307692 119.96153846153847 0.4823717948717948 135.46153846153845 45.30769230769231 0.0 45.30769230769231 1.0505155995488167
388000 109.46153846153847 109.42307692307692 119.96153846153847 0.4823717948717948 135.46153846153845 45.30769230769231 0.0 45.30769230769231 1.0845219995826483
390000 109.46153846153847 109.42307692307692 119.96153846153847 0.4823717948717948 135.46153846153845 45.30769230769231 0.0 45.30769230769231 1.0312080001458526
392000 109.46153846153847 109.42307692307692 119.96153846153847 0.4823717948717948 135.46153846153845 45.30769230769231 0.0 45.30769230769231 1.0012571001425385
394000 109.46153846153847 109.42307692307692 119.96153846153847 0.4823717948717948 135.46153846153845 45.30769230769231 0.0 45.30769230769231 0.9818585002794862
396000 109.46153846153847 109.42307692307692 119.96153846153847 0.4823717948717948 135.46153846153845 45.30769230769231 0.0 45.30769230769231 1.067362000234425
398000 109.46153846153847 109.42307692307692 119.96153846153847 0.4823717948717948 135.46153846153845 45.30769230769231 0.0 45.30769230769231 1.0391742996871471
400000 109.46153846153847 109.42307692307692 119.96153846153847 0.4823717948717948 135.46153846153845 45.30769230769231 0.0 45.30769230769231 1.0229305000975728
402000 109.46153846153847 109.42307692307692 119.96153846153847 0.4823717948717948 135.46153846153845 45.30769230769231 0.0 45.30769230769231 1.1143527003005147
404000 109.46153846153847 109.42307692307692 119.96153846153847 0.4823717948717948 135.46153846153845 45.30769230769231 0.0 45.30769230769231 1.0215445002540946
406000 109.46153846153847 109.42307692307692 119.96153846153847 0.4823717948717948 135.46153846153845 45.30769230769231 0.0 45.30769230769231 1.0465795006603003
408000 111.59615384615384 111.59615384615384 119.5576923076923 0.49679487179487175 135.46153846153845 45.30769230769231 0.0 45.30769230769231 1.115587399341166
410000 111.59615384615384 111.59615384615384 119.5576923076923 0.49679487179487175 135.46153846153845 45.30769230769231 0.0 45.30769230769231 1.0813308004289865
412000 111.59615384615384 111.59615384615384 119.5576923076923 0.49679487179487175 135.46153846153845 45.30769230769231 0.0 45.30769230769231 1.069718200713396
414000 111.59615384615384 111.59615384615384 119.5576923076923 0.49679487179487175 135.46153846153845 45.30769230769231 0.0 45.30769230769231 1.0451114000752568
416000 111.59615384615384 111.59615384615384 119.5576923076923 0.49679487179487175 135.46153846153845 45.30769230769231 0.0 45.30769230769231 0.9809817997738719
418000 111.59615384615384 111.59615384615384 119.5576923076923 0.49679487179487175 135.46153846153845 45.30769230769231 0.0 45.30769230769231 1.0150168994441628
420000 111.59615384615384 111.59615384615384 119.5576923076923 0.49679487179487175 135.46153846153845 45.30769230769231 0.0 45.30769230769231 1.1081641996279359
422000 111.59615384615384 111.59615384615384 119.5576923076923 0.49679487179487175 135.46153846153845 45.30769230769231 0.0 45.30769230769231 1.0322211002930999
424000 111.59615384615384 111.59615384615384 119.5576923076923 0.49679487179487175 135.46153846153845 45.30769230769231 0.0 45.30769230769231 1.0805051000788808
426000 111.59615384615384 111.59615384615384 119.5576923076923 0.49679487179487175 135.46153846153845 45.30769230769231 0.0 45.30769230769231 1.0203841999173164
428000 111.59615384615384 111.59615384615384 119.5576923076923 0.49679487179487175 135.46153846153845 45.30769230769231 0.0 45.30769230769231 1.209065000526607
430000 111.59615384615384 111.59615384615384 119.5576923076923 0.49679487179487175 135.46153846153845 45.30769230769231 0.0 45.30769230769231 1.0150797003880143
432000 111.59615384615384 111.59615384615384 119.5576923076923 0.49679487179487175 135.46153846153845 45.30769230769231 0.0 45.30769230769231 1.1310735000297427
434000 109.46153846153847 109.42307692307692 119.96153846153847 0.4823717948717948 135.46153846153845 45.30769230769231 0.0 45.30769230769231 1.036680200137198
436000 109.46153846153847 109.42307692307692 119.96153846153847 0.4823717948717948 135.46153846153845 45.30769230769231 0.0 45.30769230769231 1.0751732997596264
438000 109.46153846153847 109.42307692307692 119.96153846153847 0.4823717948717948 135.46153846153845 45.30769230769231 0.0 45.30769230769231 1.0704028001055121
440000 109.46153846153847 109.42307692307692 119.96153846153847 0.4823717948717948 135.46153846153845 45.30769230769231 0.0 45.30769230769231 1.0651723993942142
442000 109.46153846153847 109.42307692307692 119.96153846153847 0.4823717948717948 135.46153846153845 45.30769230769231 0.0 45.30769230769231 1.0189747996628284
444000 109.46153846153847 109.42307692307692 119.96153846153847 0.4823717948717948 135.46153846153845 45.30769230769231 0.0 45.30769230769231 1.004466500133276
446000 109.46153846153847 109.42307692307692 119.96153846153847 0.4823717948717948 135.46153846153845 45.30769230769231 0.0 45.30769230769231 1.1768706999719143
448000 109.46153846153847 109.42307692307692 119.96153846153847 0.4823717948717948 135.46153846153845 45.30769230769231 0.0 45.30769230769231 1.0330190993845463
450000 109.46153846153847 109.42307692307692 119.96153846153847 0.4823717948717948 135.46153846153845 45.30769230769231 0.0 45.30769230769231 1.0111060999333858
452000 109.46153846153847 109.42307692307692 119.96153846153847 0.4823717948717948 135.46153846153845 45.30769230769231 0.0 45.30769230769231 1.0561020001769066
454000 109.46153846153847 109.42307692307692 119.96153846153847 0.4823717948717948 135.46153846153845 45.30769230769231 0.0 45.30769230769231 1.0124214002862573
456000 109.46153846153847 109.42307692307692 119.96153846153847 0.4823717948717948 135.46153846153845 45.30769230769231 0.0 45.30769230769231 1.0616627000272274
458000 109.46153846153847 109.42307692307692 119.96153846153847 0.4823717948717948 135.46153846153845 45.30769230769231 0.0 45.30769230769231 1.0328488992527127
460000 109.46153846153847 109.42307692307692 119.96153846153847 0.4823717948717948 135.46153846153845 45.30769230769231 0.0 45.30769230769231 1.1446532001718879
462000 109.46153846153847 109.42307692307692 119.96153846153847 0.4823717948717948 135.46153846153845 45.30769230769231 0.0 45.30769230769231 1.0983722992241383
464000 111.59615384615384 111.59615384615384 119.5576923076923 0.49679487179487175 135.46153846153845 45.30769230769231 0.0 45.30769230769231 1.0798251992091537
466000 111.59615384615384 111.59615384615384 119.5576923076923 0.49679487179487175 135.46153846153845 45.30769230769231 0.0 45.30769230769231 1.0484862998127937
468000 111.59615384615384 111.59615384615384 119.5576923076923 0.49679487179487175 135.46153846153845 45.30769230769231 0.0 45.30769230769231 1.0674152998253703
470000 111.59615384615384 111.59615384615384 119.5576923076923 0.49679487179487175 135.46153846153845 45.30769230769231 0.0 45.30769230769231 1.141427700407803
472000 111.59615384615384 111.59615384615384 119.5576923076923 0.49679487179487175 135.46153846153845 45.30769230769231 0.0 45.30769230769231 1.175637699663639
474000 111.59615384615384 111.59615384615384 119.5576923076923 0.49679487179487175 135.46153846153845 45.30769230769231 0.0 45.30769230769231 1.1376962000504136
476000 109.46153846153847 109.42307692307692 119.96153846153847 0.4823717948717948 135.46153846153845 45.30769230769231 0.0 45.30769230769231 1.0234767999500036
478000 109.46153846153847 109.42307692307692 119.96153846153847 0.4823717948717948 135.46153846153845 45.30769230769231 0.0 45.30769230769231 0.9923984995111823
480000 111.59615384615384 111.59615384615384 119.5576923076923 0.49679487179487175 135.46153846153845 45.30769230769231 0.0 45.30769230769231 1.0937370005995035
482000 111.59615384615384 111.59615384615384 119.5576923076923 0.49679487179487175 135.46153846153845 45.30769230769231 0.0 45.30769230769231 1.0318045001477003
484000 111.59615384615384 111.59615384615384 119.5576923076923 0.49679487179487175 135.46153846153845 45.30769230769231 0.0 45.30769230769231 1.0639339005574584
486000 111.59615384615384 111.59615384615384 119.5576923076923 0.49679487179487175 135.46153846153845 45.30769230769231 0.0 45.30769230769231 1.0646026991307735
488000 111.59615384615384 111.59615384615384 119.5576923076923 0.49679487179487175 135.46153846153845 45.30769230769231 0.0 45.30769230769231 1.0211538998410106
490000 111.59615384615384 111.59615384615384 119.5576923076923 0.49679487179487175 135.46153846153845 45.30769230769231 0.0 45.30769230769231 1.0567793007940054
492000 111.59615384615384 111.59615384615384 119.5576923076923 0.49679487179487175 135.46153846153845 45.30769230769231 0.0 45.30769230769231 0.9754991000518203
494000 111.59615384615384 111.59615384615384 119.5576923076923 0.49679487179487175 135.46153846153845 45.30769230769231 0.0 45.30769230769231 1.078478799201548
496000 111.59615384615384 111.59615384615384 119.5576923076923 0.49679487179487175 135.46153846153845 45.30769230769231 0.0 45.30769230769231 1.191657199524343
498000 111.59615384615384 111.59615384615384 119.5576923076923 0.49679487179487175 135.46153846153845 45.30769230769231 0.0 45.30769230769231 1.060796500183642
500000 111.59615384615384 111.59615384615384 119.5576923076923 0.49679487179487175 135.46153846153845 45.30769230769231 0.0 45.30769230769231 1.1856825994327664
