2000 0.9444444444444444 -0.3333333333333333 129.77777777777777 0.023148148148148147 135.5185185185185 45.333333333333336 0.0 45.333333333333336 0.5906297992914915
4000 0.8148148148148148 -1.0 129.75925925925927 0.035493827160493825 135.5185185185185 45.333333333333336 0.0 45.333333333333336 0.6135988002642989
6000 1.462962962962963 -0.7592592592592593 129.12962962962962 0.06944444444444445 135.5185185185185 45.333333333333336 0.0 45.333333333333336 0.6972384005784988
8000 10.88888888888889 10.462962962962964 125.29629629629629 0.2654320987654321 135.5185185185185 45.333333333333336 0.0 45.333333333333336 0.8759514996781945
10000 12.962962962962964 12.61111111111111 124.42592592592592 0.3225308641975309 135.5185185185185 45.333333333333336 0.0 45.333333333333336 0.8628013003617525
12000 12.24074074074074 11.88888888888889 124.38888888888889 0.3410493827160494 135.5185185185185 45.333333333333336 0.0 45.333333333333336 0.9146352997049689
14000 12.555555555555555 11.907407407407407 124.25925925925925 0.3410493827160494 135.5185185185185 45.333333333333336 0.0 45.333333333333336 0.8875878006219864
16000 14.314814814814815 13.666666666666666 124.25925925925925 0.35956790123456794 135.5185185185185 45.333333333333336 0.0 45.333333333333336 0.9557184996083379
18000 16.27777777777778 16.27777777777778 124.05555555555556 0.3688271604938272 135.5185185185185 45.333333333333336 0.0 45.333333333333336 1.081423900090158
20000 17.64814814814815 17.0 123.98148148148148 0.3472222222222222 135.5185185185185 45.333333333333336 0.0 45.333333333333336 1.0336720002815127
22000 30.27777777777778 29.62962962962963 121.85185185185185 0.47222222222222215 135.5185185185185 45.333333333333336 0.0 45.333333333333336 1.2650293000042439
24000 30.944444444444443 30.944444444444443 121.74074074074075 0.47222222222222215 135.5185185185185 45.333333333333336 0.0 45.333333333333336 1.075823500752449
26000 31.88888888888889 31.88888888888889 121.72222222222223 0.478395061728395 135.5185185185185 45.333333333333336 0.0 45.333333333333336 1.1128327995538712
28000 31.88888888888889 31.88888888888889 121.72222222222223 0.478395061728395 135.5185185185185 45.333333333333336 0.0 45.333333333333336 1.1392755005508661
30000 31.88888888888889 31.88888888888889 121.72222222222223 0.478395061728395 135.5185185185185 45.333333333333336 0.0 45.333333333333336 1.1998624997213483
32000 36.666666666666664 36.666666666666664 120.14814814814815 0.4737654320987654 135.5185185185185 45.333333333333336 0.018518518518518517 45.31481481481482 1.1368174999952316
34000 36.666666666666664 36.666666666666664 120.14814814814815 0.4737654320987654 135.5185185185185 45.333333333333336 0.018518518518518517 45.31481481481482 1.1184856994077563
36000 36.666666666666664 36.666666666666664 120.14814814814815 0.4737654320987654 135.5185185185185 45.333333333333336 0.018518518518518517 45.31481481481482 1.1153207998722792
38000 57.2037037037037 57.2037037037037 119.4074074074074 0.5308641975308641 135.5185185185185 45.333333333333336 0.018518518518518517 45.31481481481482 1.113167000003159
40000 57.2037037037037 57.2037037037037 119.4074074074074 0.5308641975308641 135.5185185185185 45.333333333333336 0.018518518518518517 45.31481481481482 1.141580500639975
42000 57.2037037037037 57.2037037037037 119.4074074074074 0.5308641975308641 135.5185185185185 45.333333333333336 0.018518518518518517 45.31481481481482 1.1033733999356627
44000 57.2037037037037 57.2037037037037 119.4074074074074 0.5308641975308641 135.5185185185185 45.333333333333336 0.018518518518518517 45.31481481481482 1.0840067993849516
46000 57.2037037037037 57.2037037037037 119.4074074074074 0.5308641975308641 135.5185185185185 45.333333333333336 0.018518518518518517 45.31481481481482 1.1242882004007697
48000 57.2037037037037 57.2037037037037 119.4074074074074 0.5308641975308641 135.5185185185185 45.333333333333336 0.018518518518518517 45.31481481481482 1.0964414002373815
50000 57.2037037037037 57.2037037037037 119.4074074074074 0.5308641975308641 135.5185185185185 45.333333333333336 0.018518518518518517 45.31481481481482 1.2157239997759461
52000 57.2037037037037 57.2037037037037 119.4074074074074 0.5308641975308641 135.5185185185185 45.333333333333336 0.018518518518518517 45.31481481481482 1.1212349999696016
54000 57.2037037037037 57.2037037037037 119.4074074074074 0.5308641975308641 135.5185185185185 45.333333333333336 0.018518518518518517 45.31481481481482 1.2054505003616214
56000 57.2037037037037 57.2037037037037 119.4074074074074 0.5308641975308641 135.5185185185185 45.333333333333336 0.018518518518518517 45.31481481481482 1.253770699724555
58000 57.2037037037037 57.2037037037037 119.4074074074074 0.5308641975308641 135.5185185185185 45.333333333333336 0.018518518518518517 45.31481481481482 1.107931800186634
60000 57.2037037037037 57.2037037037037 119.4074074074074 0.5308641975308641 135.5185185185185 45.333333333333336 0.018518518518518517 45.31481481481482 1.0927595002576709
62000 57.2037037037037 57.2037037037037 119.4074074074074 0.5308641975308641 135.5185185185185 45.333333333333336 0.018518518518518517 45.31481481481482 1.081568100489676
64000 57.2037037037037 57.2037037037037 119.4074074074074 0.5308641975308641 135.5185185185185 45.333333333333336 0.018518518518518517 45.31481481481482 1.0879805004224181
66000 57.2037037037037 57.2037037037037 119.4074074074074 0.5308641975308641 135.5185185185185 45.333333333333336 0.018518518518518517 45.31481481481482 1.2053137002512813
68000 57.2037037037037 57.2037037037037 119.4074074074074 0.5308641975308641 135.5185185185185 45.333333333333336 0.018518518518518517 45.31481481481482 1.175976200029254
70000 57.2037037037037 57.2037037037037 119.4074074074074 0.5308641975308641 135.5185185185185 45.333333333333336 0.018518518518518517 45.31481481481482 1.1886374996975064
72000 57.2037037037037 57.2037037037037 119.4074074074074 0.5308641975308641 135.5185185185185 45.333333333333336 0.018518518518518517 45.31481481481482 1.1581912003457546
74000 57.2037037037037 57.2037037037037 119.4074074074074 0.5308641975308641 135.5185185185185 45.333333333333336 0.018518518518518517 45.31481481481482 1.0464150998741388
76000 57.2037037037037 57.2037037037037 119.4074074074074 0.5308641975308641 135.5185185185185 45.333333333333336 0.018518518518518517 45.31481481481482 1.1317551005631685
78000 57.2037037037037 57.2037037037037 119.4074074074074 0.5308641975308641 135.5185185185185 45.333333333333336 0.018518518518518517 45.31481481481482 1.0825592000037432
80000 57.2037037037037 57.2037037037037 119.4074074074074 0.5308641975308641 135.5185185185185 45.333333333333336 0.018518518518518517 45.31481481481482 1.1677032997831702
82000 57.2037037037037 57.2037037037037 119.4074074074074 0.5308641975308641 135.5185185185185 45.333333333333336 0.018518518518518517 45.31481481481482 1.0576928006485105
84000 57.2037037037037 57.2037037037037 119.4074074074074 0.5308641975308641 135.5185185185185 45.333333333333336 0.018518518518518517 45.31481481481482 1.0681290002539754
86000 57.2037037037037 57.2037037037037 119.4074074074074 0.5308641975308641 135.5185185185185 45.333333333333336 0.018518518518518517 45.31481481481482 1.0779149997979403
88000 57.2037037037037 57.2037037037037 119.4074074074074 0.5308641975308641 135.5185185185185 45.333333333333336 0.018518518518518517 45.31481481481482 1.0746885007247329
90000 57.2037037037037 57.2037037037037 119.4074074074074 0.5308641975308641 135.5185185185185 45.333333333333336 0.018518518518518517 45.31481481481482 1.1172138005495071
92000 57.2037037037037 57.2037037037037 119.4074074074074 0.5308641975308641 135.5185185185185 45.333333333333336 0.018518518518518517 45.31481481481482 1.1419131997972727
94000 57.2037037037037 57.2037037037037 119.4074074074074 0.5308641975308641 135.5185185185185 45.333333333333336 0.018518518518518517 45.31481481481482 1.065871899947524
96000 57.2037037037037 57.2037037037037 119.4074074074074 0.5308641975308641 135.5185185185185 45.333333333333336 0.018518518518518517 45.31481481481482 1.1170151997357607
98000 57.2037037037037 57.2037037037037 119.4074074074074 0.5308641975308641 135.5185185185185 45.333333333333336 0.018518518518518517 45.31481481481482 1.070260999724269
100000 57.2037037037037 57.2037037037037 119.4074074074074 0.5308641975308641 135.5185185185185 45.333333333333336 0.018518518518518517 45.31481481481482 1.257396100088954
102000 57.2037037037037 57.2037037037037 119.4074074074074 0.5308641975308641 135.5185185185185 45.333333333333336 0.018518518518518517 45.31481481481482 1.1344459997490048
104000 57.2037037037037 57.2037037037037 119.4074074074074 0.5308641975308641 135.5185185185185 45.333333333333336 0.018518518518518517 45.31481481481482 1.171272199600935
106000 57.2037037037037 57.2037037037037 119.4074074074074 0.5308641975308641 135.5185185185185 45.333333333333336 0.018518518518518517 45.31481481481482 1.1927977995947003
108000 57.2037037037037 57.2037037037037 119.4074074074074 0.5308641975308641 135.5185185185185 45.333333333333336 0.018518518518518517 45.31481481481482 1.1112453993409872
110000 57.2037037037037 57.2037037037037 119.4074074074074 0.5308641975308641 135.5185185185185 45.333333333333336 0.018518518518518517 45.31481481481482 1.0979388002306223
112000 57.2037037037037 57.2037037037037 119.4074074074074 0.5308641975308641 135.5185185185185 45.333333333333336 0.018518518518518517 45.31481481481482 1.1377265993505716
114000 57.2037037037037 57.2037037037037 119.4074074074074 0.5308641975308641 135.5185185185185 45.333333333333336 0.018518518518518517 45.31481481481482 1.0973282000049949
116000 57.2037037037037 57.2037037037037 119.4074074074074 0.5308641975308641 135.5185185185185 45.333333333333336 0.018518518518518517 45.31481481481482 1.113094300031662
118000 57.2037037037037 57.2037037037037 119.4074074074074 0.5308641975308641 135.5185185185185 45.333333333333336 0.018518518518518517 45.31481481481482 1.2093385001644492
120000 57.2037037037037 57.2037037037037 119.4074074074074 0.5308641975308641 135.5185185185185 45.333333333333336 0.018518518518518517 45.31481481481482 1.2892573000863194
122000 57.2037037037037 57.2037037037037 119.4074074074074 0.5308641975308641 135.5185185185185 45.333333333333336 0.018518518518518517 45.31481481481482 1.1343391994014382
124000 57.2037037037037 57.2037037037037 119.4074074074074 0.5308641975308641 135.5185185185185 45.333333333333336 0.018518518518518517 45.31481481481482 1.1193552995100617
126000 57.2037037037037 57.2037037037037 119.4074074074074 0.5308641975308641 135.5185185185185 45.333333333333336 0.018518518518518517 45.31481481481482 1.1139275999739766
128000 57.2037037037037 57.2037037037037 119.4074074074074 0.5308641975308641 135.5185185185185 45.333333333333336 0.018518518518518517 45.31481481481482 1.1512791998684406
130000 57.2037037037037 57.2037037037037 119.4074074074074 0.5308641975308641 135.5185185185185 45.333333333333336 0.018518518518518517 45.31481481481482 1.1128389006480575
132000 57.2037037037037 57.2037037037037 119.4074074074074 0.5308641975308641 135.5185185185185 45.333333333333336 0.018518518518518517 45.31481481481482 1.1526146000251174
134000 57.2037037037037 57.2037037037037 119.4074074074074 0.5308641975308641 135.5185185185185 45.333333333333336 0.018518518518518517 45.31481481481482 1.0611909991130233
136000 57.2037037037037 57.2037037037037 119.4074074074074 0.5308641975308641 135.5185185185185 45.333333333333336 0.018518518518518517 45.31481481481482 1.069357699714601
138000 57.2037037037037 57.2037037037037 119.4074074074074 0.5308641975308641 135.5185185185185 45.333333333333336 0.018518518518518517 45.31481481481482 1.0545048005878925
140000 57.2037037037037 57.2037037037037 119.4074074074074 0.5308641975308641 135.5185185185185 45.333333333333336 0.018518518518518517 45.31481481481482 1.0786821004003286
142000 57.2037037037037 57.2037037037037 119.4074074074074 0.5308641975308641 135.5185185185185 45.333333333333336 0.018518518518518517 45.31481481481482 1.1429753992706537
144000 57.2037037037037 57.2037037037037 119.4074074074074 0.5308641975308641 135.5185185185185 45.333333333333336 0.018518518518518517 45.31481481481482 1.0961127998307347
146000 57.2037037037037 57.2037037037037 119.4074074074074 0.5308641975308641 135.5185185185185 45.333333333333336 0.018518518518518517 45.31481481481482 1.1972728008404374
148000 57.2037037037037 57.2037037037037 119.4074074074074 0.5308641975308641 135.5185185185185 45.333333333333336 0.018518518518518517 45.31481481481482 1.1222801003605127
150000 57.2037037037037 57.2037037037037 119.4074074074074 0.5308641975308641 135.5185185185185 45.333333333333336 0.018518518518518517 45.31481481481482 1.14820840023458
152000 57.2037037037037 57.2037037037037 119.4074074074074 0.5308641975308641 135.5185185185185 45.333333333333336 0.018518518518518517 45.31481481481482 1.094455599784851
154000 57.2037037037037 57.2037037037037 119.4074074074074 0.5308641975308641 135.5185185185185 45.333333333333336 0.018518518518518517 45.31481481481482 1.0994228003546596
156000 57.2037037037037 57.2037037037037 119.4074074074074 0.5308641975308641 135.5185185185185 45.333333333333336 0.018518518518518517 45.31481481481482 1.108683799393475
158000 57.2037037037037 57.2037037037037 119.4074074074074 0.5308641975308641 135.5185185185185 45.333333333333336 0.018518518518518517 45.31481481481482 1.1363802002742887
160000 57.2037037037037 57.2037037037037 119.4074074074074 0.5308641975308641 135.5185185185185 45.333333333333336 0.018518518518518517 45.31481481481482 1.0061059994623065
162000 57.2037037037037 57.2037037037037 119.4074074074074 0.5308641975308641 135.5185185185185 45.333333333333336 0.018518518518518517 45.31481481481482 1.097117300145328
164000 57.2037037037037 57.2037037037037 119.4074074074074 0.5308641975308641 135.5185185185185 45.333333333333336 0.018518518518518517 45.31481481481482 1.0827624006196856
166000 57.2037037037037 57.2037037037037 119.4074074074074 0.5308641975308641 135.5185185185185 45.333333333333336 0.018518518518518517 45.31481481481482 1.0848947996273637
168000 57.2037037037037 57.2037037037037 119.4074074074074 0.5308641975308641 135.5185185185185 45.333333333333336 0.018518518518518517 45.31481481481482 1.0445979991927743
170000 57.2037037037037 57.2037037037037 119.4074074074074 0.5308641975308641 135.5185185185185 45.333333333333336 0.018518518518518517 45.31481481481482 1.076982299797237
172000 57.2037037037037 57.2037037037037 119.4074074074074 0.5308641975308641 135.5185185185185 45.333333333333336 0.018518518518518517 45.31481481481482 1.1602428993210196
174000 57.2037037037037 57.2037037037037 119.4074074074074 0.5308641975308641 135.5185185185185 45.333333333333336 0.018518518518518517 45.31481481481482 1.092052899301052
176000 57.2037037037037 57.2037037037037 119.4074074074074 0.5308641975308641 135.5185185185185 45.333333333333336 0.018518518518518517 45.31481481481482 1.0458718994632363
178000 57.2037037037037 57.2037037037037 119.4074074074074 0.5308641975308641 135.5185185185185 45.333333333333336 0.018518518518518517 45.31481481481482 1.1404528999701142
180000 57.2037037037037 57.2037037037037 119.4074074074074 0.5308641975308641 135.5185185185185 45.333333333333336 0.018518518518518517 45.31481481481482 1.1427387008443475
182000 57.2037037037037 57.2037037037037 119.4074074074074 0.5308641975308641 135.5185185185185 45.333333333333336 0.018518518518518517 45.31481481481482 1.1026686998084188
184000 57.2037037037037 57.2037037037037 119.4074074074074 0.5308641975308641 135.5185185185185 45.333333333333336 0.018518518518518517 45.31481481481482 1.063446200452745
186000 57.2037037037037 57.2037037037037 119.4074074074074 0.5308641975308641 135.5185185185185 45.333333333333336 0.018518518518518517 45.31481481481482 1.1095379004254937
188000 57.2037037037037 57.2037037037037 119.4074074074074 0.5308641975308641 135.5185185185185 45.333333333333336 0.018518518518518517 45.31481481481482 1.050560800358653
190000 57.2037037037037 57.2037037037037 119.4074074074074 0.5308641975308641 135.5185185185185 45.333333333333336 0.018518518518518517 45.31481481481482 1.2231614999473095
192000 57.2037037037037 57.2037037037037 119.4074074074074 0.5308641975308641 135.5185185185185 45.333333333333336 0.018518518518518517 45.31481481481482 1.1925169005990028
194000 57.2037037037037 57.2037037037037 119.4074074074074 0.5308641975308641 135.5185185185185 45.333333333333336 0.018518518518518517 45.31481481481482 1.1953872004523873
196000 57.2037037037037 57.2037037037037 119.4074074074074 0.5308641975308641 135.5185185185185 45.333333333333336 0.018518518518518517 45.31481481481482 1.0984631003811955
198000 57.2037037037037 57.2037037037037 119.4074074074074 0.5308641975308641 135.5185185185185 45.333333333333336 0.018518518518518517 45.31481481481482 1.0914757000282407
200000 57.2037037037037 57.2037037037037 119.4074074074074 0.5308641975308641 135.5185185185185 45.333333333333336 0.018518518518518517 45.31481481481482 1.09633170068264
202000 57.2037037037037 57.2037037037037 119.4074074074074 0.5308641975308641 135.5185185185185 45.333333333333336 0.018518518518518517 45.31481481481482 1.17514059972018
204000 57.2037037037037 57.2037037037037 119.4074074074074 0.5308641975308641 135.5185185185185 45.333333333333336 0.018518518518518517 45.31481481481482 1.0879167998209596
206000 57.2037037037037 57.2037037037037 119.4074074074074 0.5308641975308641 135.5185185185185 45.333333333333336 0.018518518518518517 45.31481481481482 1.1090289000421762
208000 57.2037037037037 57.2037037037037 119.4074074074074 0.5308641975308641 135.5185185185185 45.333333333333336 0.018518518518518517 45.31481481481482 1.0663075996562839
210000 57.2037037037037 57.2037037037037 119.4074074074074 0.5308641975308641 135.5185185185185 45.333333333333336 0.018518518518518517 45.31481481481482 1.1448098002001643
212000 57.2037037037037 57.2037037037037 119.4074074074074 0.5308641975308641 135.5185185185185 45.333333333333336 0.018518518518518517 45.31481481481482 1.1535576991736889
214000 57.2037037037037 57.2037037037037 119.4074074074074 0.5308641975308641 135.5185185185185 45.333333333333336 0.018518518518518517 45.31481481481482 1.0419052001088858
216000 57.2037037037037 57.2037037037037 119.4074074074074 0.5308641975308641 135.5185185185185 45.333333333333336 0.018518518518518517 45.31481481481482 1.0771206999197602
218000 57.2037037037037 57.2037037037037 119.4074074074074 0.5308641975308641 135.5185185185185 45.333333333333336 0.018518518518518517 45.31481481481482 1.0658943001180887
220000 57.2037037037037 57.2037037037037 119.4074074074074 0.5308641975308641 135.5185185185185 45.333333333333336 0.018518518518518517 45.31481481481482 1.07368309982121
222000 57.2037037037037 57.2037037037037 119.4074074074074 0.5308641975308641 135.5185185185185 45.333333333333336 0.018518518518518517 45.31481481481482 1.0368889002129436
224000 57.2037037037037 57.2037037037037 119.4074074074074 0.5308641975308641 135.5185185185185 45.333333333333336 0.018518518518518517 45.31481481481482 1.0862276991829276
226000 57.2037037037037 57.2037037037037 119.4074074074074 0.5308641975308641 135.5185185185185 45.333333333333336 0.018518518518518517 45.31481481481482 1.0518411006778479
228000 57.2037037037037 57.2037037037037 119.4074074074074 0.5308641975308641 135.5185185185185 45.333333333333336 0.018518518518518517 45.31481481481482 1.1542406994849443
230000 57.2037037037037 57.2037037037037 119.4074074074074 0.5308641975308641 135.5185185185185 45.333333333333336 0.018518518518518517 45.31481481481482 1.1880850996822119
232000 57.2037037037037 57.2037037037037 119.4074074074074 0.5308641975308641 135.5185185185185 45.333333333333336 0.018518518518518517 45.31481481481482 1.1454788008704782
234000 57.2037037037037 57.2037037037037 119.4074074074074 0.5308641975308641 135.5185185185185 45.333333333333336 0.018518518518518517 45.31481481481482 1.0880881994962692
236000 57.2037037037037 57.2037037037037 119.4074074074074 0.5308641975308641 135.5185185185185 45.333333333333336 0.018518518518518517 45.31481481481482 1.0575253004208207
238000 57.2037037037037 57.2037037037037 119.4074074074074 0.5308641975308641 135.5185185185185 45.333333333333336 0.018518518518518517 45.31481481481482 1.1151732001453638
240000 57.2037037037037 57.2037037037037 119.4074074074074 0.5308641975308641 135.5185185185185 45.333333333333336 0.018518518518518517 45.31481481481482 1.1011232007294893
242000 57.2037037037037 57.2037037037037 119.4074074074074 0.5308641975308641 135.5185185185185 45.333333333333336 0.018518518518518517 45.31481481481482 1.0632039997726679
244000 57.2037037037037 57.2037037037037 119.4074074074074 0.5308641975308641 135.5185185185185 45.333333333333336 0.018518518518518517 45.31481481481482 1.1108145993202925
246000 57.2037037037037 57.2037037037037 119.4074074074074 0.5308641975308641 135.5185185185185 45.333333333333336 0.018518518518518517 45.31481481481482 0.9968143999576569
248000 57.2037037037037 57.2037037037037 119.4074074074074 0.5308641975308641 135.5185185185185 45.333333333333336 0.018518518518518517 45.31481481481482 1.1178299002349377
250000 57.2037037037037 57.2037037037037 119.4074074074074 0.5308641975308641 135.5185185185185 45.333333333333336 0.018518518518518517 45.31481481481482 1.1114406995475292
252000 57.2037037037037 57.2037037037037 119.4074074074074 0.5308641975308641 135.5185185185185 45.333333333333336 0.018518518518518517 45.31481481481482 1.1040956005454063
254000 57.2037037037037 57.2037037037037 119.4074074074074 0.5308641975308641 135.5185185185185 45.333333333333336 0.018518518518518517 45.31481481481482 1.0997564001008868
256000 57.2037037037037 57.2037037037037 119.4074074074074 0.5308641975308641 135.5185185185185 45.333333333333336 0.018518518518518517 45.31481481481482 1.0482335006818175
258000 57.2037037037037 57.2037037037037 119.4074074074074 0.5308641975308641 135.5185185185185 45.333333333333336 0.018518518518518517 45.31481481481482 1.1577030001208186
260000 57.2037037037037 57.2037037037037 119.4074074074074 0.5308641975308641 135.5185185185185 45.333333333333336 0.018518518518518517 45.31481481481482 1.0637210998684168
262000 57.2037037037037 57.2037037037037 119.4074074074074 0.5308641975308641 135.5185185185185 45.333333333333336 0.018518518518518517 45.31481481481482 1.07913569919765
264000 57.2037037037037 57.2037037037037 119.4074074074074 0.5308641975308641 135.5185185185185 45.333333333333336 0.018518518518518517 45.31481481481482 1.141721099615097
266000 57.2037037037037 57.2037037037037 119.4074074074074 0.5308641975308641 135.5185185185185 45.333333333333336 0.018518518518518517 45.31481481481482 1.0644850004464388
268000 57.2037037037037 57.2037037037037 119.4074074074074 0.5308641975308641 135.5185185185185 45.333333333333336 0.018518518518518517 45.31481481481482 1.0954392002895474
270000 57.2037037037037 57.2037037037037 119.4074074074074 0.5308641975308641 135.5185185185185 45.333333333333336 0.018518518518518517 45.31481481481482 1.1195240998640656
272000 57.2037037037037 57.2037037037037 119.4074074074074 0.5308641975308641 135.5185185185185 45.333333333333336 0.018518518518518517 45.31481481481482 1.1963176997378469
274000 57.2037037037037 57.2037037037037 119.4074074074074 0.5308641975308641 135.5185185185185 45.333333333333336 0.018518518518518517 45.31481481481482 1.098955299705267
276000 57.2037037037037 57.2037037037037 119.4074074074074 0.5308641975308641 135.5185185185185 45.333333333333336 0.018518518518518517 45.31481481481482 1.0464994003996253
278000 57.2037037037037 57.2037037037037 119.4074074074074 0.5308641975308641 135.5185185185185 45.333333333333336 0.018518518518518517 45.31481481481482 1.128740300424397
280000 57.2037037037037 57.2037037037037 119.4074074074074 0.5308641975308641 135.5185185185185 45.333333333333336 0.018518518518518517 45.31481481481482 1.129653599113226
282000 57.2037037037037 57.2037037037037 119.4074074074074 0.5308641975308641 135.5185185185185 45.333333333333336 0.018518518518518517 45.31481481481482 1.092735500074923
284000 57.2037037037037 57.2037037037037 119.4074074074074 0.5308641975308641 135.5185185185185 45.333333333333336 0.018518518518518517 45.31481481481482 1.0627725003287196
286000 57.2037037037037 57.2037037037037 119.4074074074074 0.5308641975308641 135.5185185185185 45.333333333333336 0.018518518518518517 45.31481481481482 1.135585599578917
288000 57.2037037037037 57.2037037037037 119.4074074074074 0.5308641975308641 135.5185185185185 45.333333333333336 0.018518518518518517 45.31481481481482 1.1135023003444076
290000 57.2037037037037 57.2037037037037 119.4074074074074 0.5308641975308641 135.5185185185185 45.333333333333336 0.018518518518518517 45.31481481481482 1.0792386997491121
292000 57.2037037037037 57.2037037037037 119.4074074074074 0.5308641975308641 135.5185185185185 45.333333333333336 0.018518518518518517 45.31481481481482 1.0813269997015595
294000 57.2037037037037 57.2037037037037 119.4074074074074 0.5308641975308641 135.5185185185185 45.333333333333336 0.018518518518518517 45.31481481481482 1.174778699874878
296000 57.2037037037037 57.2037037037037 119.4074074074074 0.5308641975308641 135.5185185185185 45.333333333333336 0.018518518518518517 45.31481481481482 1.0980626000091434
298000 57.2037037037037 57.2037037037037 119.4074074074074 0.5308641975308641 135.5185185185185 45.333333333333336 0.018518518518518517 45.31481481481482 1.03903319966048
300000 57.2037037037037 57.2037037037037 119.4074074074074 0.5308641975308641 135.5185185185185 45.333333333333336 0.018518518518518517 45.31481481481482 1.0849123001098633
302000 57.2037037037037 57.2037037037037 119.4074074074074 0.5308641975308641 135.5185185185185 45.333333333333336 0.018518518518518517 45.31481481481482 1.170451500453055
304000 57.2037037037037 57.2037037037037 119.4074074074074 0.5308641975308641 135.5185185185185 45.333333333333336 0.018518518518518517 45.31481481481482 1.361082199960947
306000 57.2037037037037 57.2037037037037 119.4074074074074 0.5308641975308641 135.5185185185185 45.333333333333336 0.018518518518518517 45.31481481481482 1.1266866000369191
308000 57.2037037037037 57.2037037037037 119.4074074074074 0.5308641975308641 135.5185185185185 45.333333333333336 0.018518518518518517 45.31481481481482 1.131848900578916
310000 57.2037037037037 57.2037037037037 119.4074074074074 0.5308641975308641 135.5185185185185 45.333333333333336 0.018518518518518517 45.31481481481482 1.0814143000170588
312000 57.2037037037037 57.2037037037037 119.4074074074074 0.5308641975308641 135.5185185185185 45.333333333333336 0.018518518518518517 45.31481481481482 1.1201008995994925
314000 57.2037037037037 57.2037037037037 119.4074074074074 0.5308641975308641 135.5185185185185 45.333333333333336 0.018518518518518517 45.31481481481482 1.082396000623703
316000 57.2037037037037 57.2037037037037 119.4074074074074 0.5308641975308641 135.5185185185185 45.333333333333336 0.018518518518518517 45.31481481481482 1.0541428001597524
318000 57.2037037037037 57.2037037037037 119.4074074074074 0.5308641975308641 135.5185185185185 45.333333333333336 0.018518518518518517 45.31481481481482 1.122032099403441
320000 57.2037037037037 57.2037037037037 119.4074074074074 0.5308641975308641 135.5185185185185 45.333333333333336 0.018518518518518517 45.31481481481482 1.0726152006536722
322000 57.2037037037037 57.2037037037037 119.4074074074074 0.5308641975308641 135.5185185185185 45.333333333333336 0.018518518518518517 45.31481481481482 1.184701600112021
324000 57.2037037037037 57.2037037037037 119.4074074074074 0.5308641975308641 135.5185185185185 45.333333333333336 0.018518518518518517 45.31481481481482 1.1570541001856327
326000 57.2037037037037 57.2037037037037 119.4074074074074 0.5308641975308641 135.5185185185185 45.333333333333336 0.018518518518518517 45.31481481481482 1.158159900456667
328000 57.2037037037037 57.2037037037037 119.4074074074074 0.5308641975308641 135.5185185185185 45.333333333333336 0.018518518518518517 45.31481481481482 1.0768069000914693
330000 57.2037037037037 57.2037037037037 119.4074074074074 0.5308641975308641 135.5185185185185 45.333333333333336 0.018518518518518517 45.31481481481482 1.0496894996613264
332000 57.2037037037037 57.2037037037037 119.4074074074074 0.5308641975308641 135.5185185185185 45.333333333333336 0.018518518518518517 45.31481481481482 1.046858699992299
334000 57.2037037037037 57.2037037037037 119.4074074074074 0.5308641975308641 135.5185185185185 45.333333333333336 0.018518518518518517 45.31481481481482 1.211982499808073
336000 57.2037037037037 57.2037037037037 119.4074074074074 0.5308641975308641 135.5185185185185 45.333333333333336 0.018518518518518517 45.31481481481482 1.166563699953258
338000 57.2037037037037 57.2037037037037 119.4074074074074 0.5308641975308641 135.5185185185185 45.333333333333336 0.018518518518518517 45.31481481481482 1.1575768999755383
340000 57.2037037037037 57.2037037037037 119.4074074074074 0.5308641975308641 135.5185185185185 45.333333333333336 0.018518518518518517 45.31481481481482 1.2186720008030534
342000 57.2037037037037 57.2037037037037 119.4074074074074 0.5308641975308641 135.5185185185185 45.333333333333336 0.018518518518518517 45.31481481481482 1.1140788001939654
344000 57.2037037037037 57.2037037037037 119.4074074074074 0.5308641975308641 135.5185185185185 45.333333333333336 0.018518518518518517 45.31481481481482 1.0875289998948574
346000 57.2037037037037 57.2037037037037 119.4074074074074 0.5308641975308641 135.5185185185185 45.333333333333336 0.018518518518518517 45.31481481481482 1.1723482999950647
348000 57.2037037037037 57.2037037037037 119.4074074074074 0.5308641975308641 135.5185185185185 45.333333333333336 0.018518518518518517 45.31481481481482 1.082628800533712
350000 57.2037037037037 57.2037037037037 119.4074074074074 0.5308641975308641 135.5185185185185 45.333333333333336 0.018518518518518517 45.31481481481482 1.2174037005752325
352000 57.2037037037037 57.2037037037037 119.4074074074074 0.5308641975308641 135.5185185185185 45.333333333333336 0.018518518518518517 45.31481481481482 1.0920013999566436
354000 57.2037037037037 57.2037037037037 119.4074074074074 0.5308641975308641 135.5185185185185 45.333333333333336 0.018518518518518517 45.31481481481482 1.0393504006788135
356000 57.2037037037037 57.2037037037037 119.4074074074074 0.5308641975308641 135.5185185185185 45.333333333333336 0.018518518518518517 45.31481481481482 1.1855901004746556
358000 57.2037037037037 57.2037037037037 119.4074074074074 0.5308641975308641 135.5185185185185 45.333333333333336 0.018518518518518517 45.31481481481482 1.0729263005778193
360000 57.2037037037037 57.2037037037037 119.4074074074074 0.5308641975308641 135.5185185185185 45.333333333333336 0.018518518518518517 45.31481481481482 1.0653219996020198
362000 57.2037037037037 57.2037037037037 119.4074074074074 0.5308641975308641 135.5185185185185 45.333333333333336 0.018518518518518517 45.31481481481482 1.15813609957695
364000 57.2037037037037 57.2037037037037 119.4074074074074 0.5308641975308641 135.5185185185185 45.333333333333336 0.018518518518518517 45.31481481481482 1.1422488996759057
366000 57.2037037037037 57.2037037037037 119.4074074074074 0.5308641975308641 135.5185185185185 45.333333333333336 0.018518518518518517 45.31481481481482 1.1078614005818963
368000 57.2037037037037 57.2037037037037 119.4074074074074 0.5308641975308641 135.5185185185185 45.333333333333336 0.018518518518518517 45.31481481481482 1.0990741001442075
370000 57.2037037037037 57.2037037037037 119.4074074074074 0.5308641975308641 135.5185185185185 45.333333333333336 0.018518518518518517 45.31481481481482 1.1851607002317905
372000 57.2037037037037 57.2037037037037 119.4074074074074 0.5308641975308641 135.5185185185185 45.333333333333336 0.018518518518518517 45.31481481481482 1.1537601994350553
374000 57.2037037037037 57.2037037037037 119.4074074074074 0.5308641975308641 135.5185185185185 45.333333333333336 0.018518518518518517 45.31481481481482 1.153498100116849
376000 57.2037037037037 57.2037037037037 119.4074074074074 0.5308641975308641 135.5185185185185 45.333333333333336 0.018518518518518517 45.31481481481482 1.1084626000374556
378000 57.2037037037037 57.2037037037037 119.4074074074074 0.5308641975308641 135.5185185185185 45.333333333333336 0.018518518518518517 45.31481481481482 1.0876507004722953
380000 57.2037037037037 57.2037037037037 119.4074074074074 0.5308641975308641 135.5185185185185 45.333333333333336 0.018518518518518517 45.31481481481482 1.1149300998076797
382000 57.2037037037037 57.2037037037037 119.4074074074074 0.5308641975308641 135.5185185185185 45.333333333333336 0.018518518518518517 45.31481481481482 1.0528587996959686
384000 57.2037037037037 57.2037037037037 119.4074074074074 0.5308641975308641 135.5185185185185 45.333333333333336 0.018518518518518517 45.31481481481482 1.1347158001735806
386000 57.2037037037037 57.2037037037037 119.4074074074074 0.5308641975308641 135.5185185185185 45.333333333333336 0.018518518518518517 45.31481481481482 1.101187700405717
388000 57.2037037037037 57.2037037037037 119.4074074074074 0.5308641975308641 135.5185185185185 45.333333333333336 0.018518518518518517 45.31481481481482 1.1460955999791622
390000 57.2037037037037 57.2037037037037 119.4074074074074 0.5308641975308641 135.5185185185185 45.333333333333336 0.018518518518518517 45.31481481481482 1.130481599830091
392000 57.2037037037037 57.2037037037037 119.4074074074074 0.5308641975308641 135.5185185185185 45.333333333333336 0.018518518518518517 45.31481481481482 1.080664599314332
394000 57.2037037037037 57.2037037037037 119.4074074074074 0.5308641975308641 135.5185185185185 45.333333333333336 0.018518518518518517 45.31481481481482 1.1969117997214198
396000 57.2037037037037 57.2037037037037 119.4074074074074 0.5308641975308641 135.5185185185185 45.333333333333336 0.018518518518518517 45.31481481481482 1.1033937996253371
398000 57.2037037037037 57.2037037037037 119.4074074074074 0.5308641975308641 135.5185185185185 45.333333333333336 0.018518518518518517 45.31481481481482 1.1849694000557065
400000 57.2037037037037 57.2037037037037 119.4074074074074 0.5308641975308641 135.5185185185185 45.333333333333336 0.018518518518518517 45.31481481481482 1.1026500007137656
402000 57.2037037037037 57.2037037037037 119.4074074074074 0.5308641975308641 135.5185185185185 45.333333333333336 0.018518518518518517 45.31481481481482 1.1643914999440312
404000 57.2037037037037 57.2037037037037 119.4074074074074 0.5308641975308641 135.5185185185185 45.333333333333336 0.018518518518518517 45.31481481481482 1.1551187997683883
406000 57.2037037037037 57.2037037037037 119.4074074074074 0.5308641975308641 135.5185185185185 45.333333333333336 0.018518518518518517 45.31481481481482 1.0842377999797463
408000 57.2037037037037 57.2037037037037 119.4074074074074 0.5308641975308641 135.5185185185185 45.333333333333336 0.018518518518518517 45.31481481481482 1.0612872000783682
410000 57.2037037037037 57.2037037037037 119.4074074074074 0.5308641975308641 135.5185185185185 45.333333333333336 0.018518518518518517 45.31481481481482 1.1375625999644399
412000 57.2037037037037 57.2037037037037 119.4074074074074 0.5308641975308641 135.5185185185185 45.333333333333336 0.018518518518518517 45.31481481481482 1.1433113999664783
414000 57.2037037037037 57.2037037037037 119.4074074074074 0.5308641975308641 135.5185185185185 45.333333333333336 0.018518518518518517 45.31481481481482 1.0863317996263504
416000 57.2037037037037 57.2037037037037 119.4074074074074 0.5308641975308641 135.5185185185185 45.333333333333336 0.018518518518518517 45.31481481481482 1.0722567001357675
418000 57.2037037037037 57.2037037037037 119.4074074074074 0.5308641975308641 135.5185185185185 45.333333333333336 0.018518518518518517 45.31481481481482 1.1260131997987628
420000 57.2037037037037 57.2037037037037 119.4074074074074 0.5308641975308641 135.5185185185185 45.333333333333336 0.018518518518518517 45.31481481481482 1.222460899502039
422000 57.2037037037037 57.2037037037037 119.4074074074074 0.5308641975308641 135.5185185185185 45.333333333333336 0.018518518518518517 45.31481481481482 1.0618988992646337
424000 57.2037037037037 57.2037037037037 119.4074074074074 0.5308641975308641 135.5185185185185 45.333333333333336 0.018518518518518517 45.31481481481482 1.0486019002273679
426000 57.2037037037037 57.2037037037037 119.4074074074074 0.5308641975308641 135.5185185185185 45.333333333333336 0.018518518518518517 45.31481481481482 1.1264891000464559
428000 57.2037037037037 57.2037037037037 119.4074074074074 0.5308641975308641 135.5185185185185 45.333333333333336 0.018518518518518517 45.31481481481482 1.0390141000971198
430000 57.2037037037037 57.2037037037037 119.4074074074074 0.5308641975308641 135.5185185185185 45.333333333333336 0.018518518518518517 45.31481481481482 1.1123101999983191
432000 57.2037037037037 57.2037037037037 119.4074074074074 0.5308641975308641 135.5185185185185 45.333333333333336 0.018518518518518517 45.31481481481482 1.2163114994764328
434000 57.2037037037037 57.2037037037037 119.4074074074074 0.5308641975308641 135.5185185185185 45.333333333333336 0.018518518518518517 45.31481481481482 1.1545891994610429
436000 57.2037037037037 57.2037037037037 119.4074074074074 0.5308641975308641 135.5185185185185 45.333333333333336 0.018518518518518517 45.31481481481482 1.1250218003988266
438000 57.2037037037037 57.2037037037037 119.4074074074074 0.5308641975308641 135.5185185185185 45.333333333333336 0.018518518518518517 45.31481481481482 1.1564557999372482
440000 57.2037037037037 57.2037037037037 119.4074074074074 0.5308641975308641 135.5185185185185 45.333333333333336 0.018518518518518517 45.31481481481482 1.0942617002874613
442000 57.2037037037037 57.2037037037037 119.4074074074074 0.5308641975308641 135.5185185185185 45.333333333333336 0.018518518518518517 45.31481481481482 1.0878969002515078
444000 57.2037037037037 57.2037037037037 119.4074074074074 0.5308641975308641 135.5185185185185 45.333333333333336 0.018518518518518517 45.31481481481482 1.1472131991758943
446000 57.2037037037037 57.2037037037037 119.4074074074074 0.5308641975308641 135.5185185185185 45.333333333333336 0.018518518518518517 45.31481481481482 1.128222399391234
448000 57.2037037037037 57.2037037037037 119.4074074074074 0.5308641975308641 135.5185185185185 45.333333333333336 0.018518518518518517 45.31481481481482 1.1466189995408058
450000 57.2037037037037 57.2037037037037 119.4074074074074 0.5308641975308641 135.5185185185185 45.333333333333336 0.018518518518518517 45.31481481481482 1.1430715005844831
452000 57.2037037037037 57.2037037037037 119.4074074074074 0.5308641975308641 135.5185185185185 45.333333333333336 0.018518518518518517 45.31481481481482 1.020383999682963
454000 57.2037037037037 57.2037037037037 119.4074074074074 0.5308641975308641 135.5185185185185 45.333333333333336 0.018518518518518517 45.31481481481482 1.2679364001378417
456000 57.2037037037037 57.2037037037037 119.4074074074074 0.5308641975308641 135.5185185185185 45.333333333333336 0.018518518518518517 45.31481481481482 1.1370399994775653
458000 57.2037037037037 57.2037037037037 119.4074074074074 0.5308641975308641 135.5185185185185 45.333333333333336 0.018518518518518517 45.31481481481482 1.0530754001811147
460000 57.2037037037037 57.2037037037037 119.4074074074074 0.5308641975308641 135.5185185185185 45.333333333333336 0.018518518518518517 45.31481481481482 1.1779467007145286
462000 57.2037037037037 57.2037037037037 119.4074074074074 0.5308641975308641 135.5185185185185 45.333333333333336 0.018518518518518517 45.31481481481482 1.1467247996479273
464000 57.2037037037037 57.2037037037037 119.4074074074074 0.5308641975308641 135.5185185185185 45.333333333333336 0.018518518518518517 45.31481481481482 1.122550000436604
466000 57.2037037037037 57.2037037037037 119.4074074074074 0.5308641975308641 135.5185185185185 45.333333333333336 0.018518518518518517 45.31481481481482 1.2443148996680975
468000 57.2037037037037 57.2037037037037 119.4074074074074 0.5308641975308641 135.5185185185185 45.333333333333336 0.018518518518518517 45.31481481481482 1.1244576005265117
470000 57.2037037037037 57.2037037037037 119.4074074074074 0.5308641975308641 135.5185185185185 45.333333333333336 0.018518518518518517 45.31481481481482 1.089122399687767
472000 57.2037037037037 57.2037037037037 119.4074074074074 0.5308641975308641 135.5185185185185 45.333333333333336 0.018518518518518517 45.31481481481482 1.1321894004940987
474000 57.2037037037037 57.2037037037037 119.4074074074074 0.5308641975308641 135.5185185185185 45.333333333333336 0.018518518518518517 45.31481481481482 1.124818299897015
476000 57.2037037037037 57.2037037037037 119.4074074074074 0.5308641975308641 135.5185185185185 45.333333333333336 0.018518518518518517 45.31481481481482 1.0834602005779743
478000 57.2037037037037 57.2037037037037 119.4074074074074 0.5308641975308641 135.5185185185185 45.333333333333336 0.018518518518518517 45.31481481481482 1.1262726001441479
480000 57.2037037037037 57.2037037037037 119.4074074074074 0.5308641975308641 135.5185185185185 45.333333333333336 0.018518518518518517 45.31481481481482 1.1725909002125263
482000 57.2037037037037 57.2037037037037 119.4074074074074 0.5308641975308641 135.5185185185185 45.333333333333336 0.018518518518518517 45.31481481481482 1.0866215992718935
484000 57.2037037037037 57.2037037037037 119.4074074074074 0.5308641975308641 135.5185185185185 45.333333333333336 0.018518518518518517 45.31481481481482 1.056266000494361
486000 57.2037037037037 57.2037037037037 119.4074074074074 0.5308641975308641 135.5185185185185 45.333333333333336 0.018518518518518517 45.31481481481482 1.0692717004567385
488000 57.2037037037037 57.2037037037037 119.4074074074074 0.5308641975308641 135.5185185185185 45.333333333333336 0.018518518518518517 45.31481481481482 1.0665635000914335
490000 57.2037037037037 57.2037037037037 119.4074074074074 0.5308641975308641 135.5185185185185 45.333333333333336 0.018518518518518517 45.31481481481482 1.0652366997674108
492000 57.2037037037037 57.2037037037037 119.4074074074074 0.5308641975308641 135.5185185185185 45.333333333333336 0.018518518518518517 45.31481481481482 1.1158392000943422
494000 57.2037037037037 57.2037037037037 119.4074074074074 0.5308641975308641 135.5185185185185 45.333333333333336 0.018518518518518517 45.31481481481482 1.1587132001295686
496000 57.2037037037037 57.2037037037037 119.4074074074074 0.5308641975308641 135.5185185185185 45.333333333333336 0.018518518518518517 45.31481481481482 1.0139905996620655
498000 57.2037037037037 57.2037037037037 119.4074074074074 0.5308641975308641 135.5185185185185 45.333333333333336 0.018518518518518517 45.31481481481482 0.9985445998609066
500000 57.2037037037037 57.2037037037037 119.4074074074074 0.5308641975308641 135.5185185185185 45.333333333333336 0.018518518518518517 45.31481481481482 1.0274176998063922
