2000 0.19230769230769232 0.046875
4000 0.3076923076923077 0.0625
6000 0.46153846153846156 0.046875
8000 0.7884615384615384 0.0625
10000 0.7307692307692307 0.078125
12000 0.9423076923076923 0.078125
14000 1.0 0.0625
16000 0.9807692307692307 0.078125
18000 0.9615384615384616 0.078125
20000 0.9807692307692307 0.078125
22000 1.0384615384615385 0.0625
24000 1.0576923076923077 0.109375
26000 1.0576923076923077 0.09375
28000 1.1538461538461537 0.078125
30000 1.2307692307692308 0.109375
32000 1.4615384615384615 0.140625
34000 1.6153846153846154 0.109375
36000 1.8846153846153846 0.125
38000 2.5 0.140625
40000 2.6153846153846154 0.125
42000 2.9423076923076925 0.1875
44000 3.1538461538461537 0.140625
46000 3.0384615384615383 0.140625
48000 3.173076923076923 0.125
50000 3.5 0.15625
52000 3.5576923076923075 0.125
54000 3.5576923076923075 0.140625
56000 3.6153846153846154 0.1875
58000 3.6153846153846154 0.140625
60000 3.7115384615384617 0.140625
62000 3.730769230769231 0.109375
64000 3.9615384615384617 0.140625
66000 3.980769230769231 0.140625
68000 4.211538461538462 0.140625
70000 5.019230769230769 0.140625
72000 6.519230769230769 0.140625
74000 8.51923076923077 0.15625
76000 8.865384615384615 0.140625
78000 9.211538461538462 0.171875
80000 9.576923076923077 0.21875
82000 9.826923076923077 0.265625
84000 9.807692307692308 0.28125
86000 9.807692307692308 0.140625
88000 9.846153846153847 0.140625
90000 9.846153846153847 0.15625
92000 9.807692307692308 0.140625
94000 10.115384615384615 0.15625
96000 10.038461538461538 0.140625
98000 9.807692307692308 0.109375
100000 10.057692307692308 0.125
102000 9.884615384615385 0.140625
104000 9.961538461538462 0.140625
106000 10.057692307692308 0.171875
108000 10.038461538461538 0.171875
110000 10.038461538461538 0.15625
112000 10.115384615384615 0.140625
114000 10.23076923076923 0.15625
116000 10.134615384615385 0.140625
118000 10.173076923076923 0.140625
120000 10.23076923076923 0.140625
122000 10.25 0.125
124000 10.288461538461538 0.140625
126000 10.26923076923077 0.140625
128000 10.26923076923077 0.140625
130000 10.288461538461538 0.125
132000 10.288461538461538 0.109375
134000 10.288461538461538 0.125
136000 10.192307692307692 0.140625
138000 10.288461538461538 0.125
140000 10.288461538461538 0.171875
142000 10.307692307692308 0.140625
144000 10.288461538461538 0.140625
146000 10.26923076923077 0.140625
148000 10.288461538461538 0.140625
150000 10.288461538461538 0.109375
152000 10.288461538461538 0.140625
154000 10.288461538461538 0.1875
156000 10.307692307692308 0.15625
158000 10.25 0.140625
160000 10.307692307692308 0.125
162000 10.307692307692308 0.15625
164000 10.307692307692308 0.203125
166000 10.307692307692308 0.21875
168000 10.307692307692308 0.296875
170000 10.25 0.3125
172000 10.25 0.15625
174000 10.25 0.140625
176000 10.307692307692308 0.109375
178000 10.307692307692308 0.15625
180000 10.25 0.140625
182000 10.25 0.171875
184000 10.23076923076923 0.140625
186000 10.307692307692308 0.125
188000 10.326923076923077 0.171875
190000 10.326923076923077 0.140625
192000 10.326923076923077 0.15625
194000 10.326923076923077 0.140625
196000 10.403846153846153 0.125
198000 10.326923076923077 0.140625
200000 10.384615384615385 0.09375
202000 10.384615384615385 0.140625
204000 10.326923076923077 0.1875
206000 10.326923076923077 0.125
208000 10.326923076923077 0.15625
210000 10.326923076923077 0.140625
212000 10.384615384615385 0.15625
214000 10.384615384615385 0.125
216000 10.384615384615385 0.140625
218000 10.365384615384615 0.140625
220000 10.403846153846153 0.1875
222000 10.384615384615385 0.140625
224000 10.384615384615385 0.140625
226000 10.403846153846153 0.140625
228000 10.384615384615385 0.171875
230000 10.403846153846153 0.140625
232000 10.384615384615385 0.140625
234000 10.384615384615385 0.109375
236000 10.384615384615385 0.109375
238000 10.403846153846153 0.171875
240000 10.384615384615385 0.140625
242000 10.384615384615385 0.125
244000 10.403846153846153 0.125
246000 10.384615384615385 0.140625
248000 10.384615384615385 0.140625
250000 10.403846153846153 0.15625
252000 10.384615384615385 0.234375
254000 10.423076923076923 0.28125
256000 10.423076923076923 0.140625
258000 10.403846153846153 0.125
260000 10.365384615384615 0.140625
262000 10.365384615384615 0.125
264000 10.384615384615385 0.140625
266000 10.365384615384615 0.125
268000 10.384615384615385 0.109375
270000 10.384615384615385 0.171875
272000 10.384615384615385 0.15625
274000 10.384615384615385 0.125
276000 10.384615384615385 0.09375
278000 10.384615384615385 0.140625
280000 10.384615384615385 0.125
282000 10.384615384615385 0.125
284000 10.346153846153847 0.140625
286000 10.365384615384615 0.1875
288000 10.365384615384615 0.171875
290000 10.384615384615385 0.125
292000 10.346153846153847 0.140625
294000 10.346153846153847 0.140625
296000 10.384615384615385 0.140625
298000 10.384615384615385 0.15625
300000 10.384615384615385 0.15625
302000 10.384615384615385 0.1875
304000 10.384615384615385 0.171875
306000 10.384615384615385 0.140625
308000 10.384615384615385 0.140625
310000 10.384615384615385 0.140625
312000 10.326923076923077 0.171875
314000 10.403846153846153 0.1875
316000 10.403846153846153 0.15625
318000 10.365384615384615 0.1875
320000 10.365384615384615 0.1875
322000 10.384615384615385 0.078125
324000 10.403846153846153 0.09375
326000 10.384615384615385 0.09375
328000 10.346153846153847 0.109375
330000 10.384615384615385 0.140625
332000 10.384615384615385 0.15625
334000 10.384615384615385 0.1875
336000 10.384615384615385 0.21875
338000 10.326923076923077 0.21875
340000 10.326923076923077 0.15625
342000 10.326923076923077 0.109375
344000 10.384615384615385 0.109375
346000 10.384615384615385 0.078125
348000 10.403846153846153 0.09375
350000 10.403846153846153 0.078125
352000 10.384615384615385 0.078125
354000 10.403846153846153 0.078125
356000 10.384615384615385 0.09375
358000 10.384615384615385 0.078125
360000 10.384615384615385 0.125
362000 10.403846153846153 0.0625
364000 10.365384615384615 0.078125
366000 10.038461538461538 0.140625
368000 10.403846153846153 0.15625
370000 10.403846153846153 0.078125
372000 10.403846153846153 0.125
374000 10.346153846153847 0.109375
376000 10.346153846153847 0.109375
378000 10.403846153846153 0.078125
380000 10.038461538461538 0.078125
382000 10.038461538461538 0.09375
384000 10.423076923076923 0.125
386000 10.01923076923077 0.078125
388000 10.326923076923077 0.09375
390000 10.384615384615385 0.09375
392000 10.365384615384615 0.140625
394000 10.403846153846153 0.078125
396000 10.384615384615385 0.078125
398000 10.384615384615385 0.078125
400000 10.365384615384615 0.15625
402000 10.01923076923077 0.078125
404000 10.384615384615385 0.09375
406000 10.423076923076923 0.078125
408000 10.423076923076923 0.140625
410000 10.423076923076923 0.140625
412000 10.423076923076923 0.21875
414000 10.403846153846153 0.09375
416000 10.384615384615385 0.109375
418000 10.403846153846153 0.15625
420000 10.403846153846153 0.203125
422000 10.403846153846153 0.234375
424000 10.384615384615385 0.234375
426000 10.384615384615385 0.25
428000 10.384615384615385 0.09375
430000 10.403846153846153 0.09375
432000 10.403846153846153 0.109375
434000 10.384615384615385 0.140625
436000 10.384615384615385 0.15625
438000 10.423076923076923 0.1875
440000 10.423076923076923 0.15625
442000 10.403846153846153 0.109375
444000 10.403846153846153 0.15625
446000 10.423076923076923 0.21875
448000 10.403846153846153 0.171875
450000 10.01923076923077 0.140625
452000 10.211538461538462 0.125
454000 10.423076923076923 0.140625
456000 10.403846153846153 0.15625
458000 10.423076923076923 0.109375
460000 10.423076923076923 0.109375
462000 10.423076923076923 0.140625
464000 10.403846153846153 0.109375
466000 10.403846153846153 0.109375
468000 10.403846153846153 0.1875
470000 10.384615384615385 0.15625
472000 10.403846153846153 0.171875
474000 10.403846153846153 0.171875
476000 10.365384615384615 0.140625
478000 10.384615384615385 0.171875
480000 10.384615384615385 0.125
482000 10.384615384615385 0.125
484000 10.365384615384615 0.140625
486000 10.384615384615385 0.125
488000 10.384615384615385 0.15625
490000 10.384615384615385 0.171875
492000 10.346153846153847 0.125
494000 10.403846153846153 0.125
496000 10.403846153846153 0.15625
498000 10.211538461538462 0.125
500000 10.211538461538462 0.1875
