2000 5.25 0.375
4000 8.23076923076923 0.359375
6000 9.846153846153847 0.390625
8000 10.211538461538462 0.390625
10000 10.211538461538462 0.40625
12000 10.211538461538462 0.453125
14000 9.923076923076923 0.40625
16000 10.192307692307692 0.40625
18000 10.192307692307692 0.421875
20000 10.192307692307692 0.34375
22000 10.192307692307692 0.328125
24000 10.192307692307692 0.375
26000 10.442307692307692 0.328125
28000 10.442307692307692 0.375
30000 10.192307692307692 0.390625
32000 10.346153846153847 0.390625
34000 10.442307692307692 0.40625
36000 10.442307692307692 0.296875
38000 10.442307692307692 0.328125
40000 10.23076923076923 0.328125
42000 10.442307692307692 0.390625
44000 10.442307692307692 0.359375
46000 12.115384615384615 0.390625
48000 12.115384615384615 0.453125
50000 12.115384615384615 0.328125
52000 12.115384615384615 0.390625
54000 12.115384615384615 0.390625
56000 12.115384615384615 0.40625
58000 12.115384615384615 0.421875
60000 12.115384615384615 0.453125
62000 11.942307692307692 0.40625
64000 12.134615384615385 0.390625
66000 12.115384615384615 0.390625
68000 12.115384615384615 0.375
70000 12.115384615384615 0.375
72000 11.942307692307692 0.375
74000 12.115384615384615 0.375
76000 12.115384615384615 0.28125
78000 12.153846153846153 0.390625
80000 12.115384615384615 0.578125
82000 12.115384615384615 0.609375
84000 12.115384615384615 0.546875
86000 12.153846153846153 0.5625
88000 12.134615384615385 0.578125
90000 12.173076923076923 0.59375
92000 12.115384615384615 0.46875
94000 12.115384615384615 0.578125
96000 12.134615384615385 0.609375
98000 12.173076923076923 0.609375
100000 11.942307692307692 0.609375
102000 12.173076923076923 0.578125
104000 12.26923076923077 0.609375
106000 12.25 0.59375
108000 12.307692307692308 0.609375
110000 12.173076923076923 0.578125
112000 12.173076923076923 0.6875
114000 12.23076923076923 0.75
116000 12.173076923076923 0.671875
118000 12.115384615384615 0.625
120000 12.134615384615385 0.671875
122000 12.23076923076923 0.703125
124000 12.23076923076923 0.609375
126000 12.26923076923077 0.625
128000 12.26923076923077 0.640625
130000 12.173076923076923 0.75
132000 12.25 0.65625
134000 12.134615384615385 0.65625
136000 12.23076923076923 0.671875
138000 12.288461538461538 0.609375
140000 12.26923076923077 0.703125
142000 12.23076923076923 0.671875
144000 12.326923076923077 0.640625
146000 12.23076923076923 0.609375
148000 12.153846153846153 0.75
150000 12.057692307692308 0.734375
152000 12.173076923076923 0.640625
154000 12.25 0.65625
156000 12.25 0.625
158000 12.153846153846153 0.671875
160000 12.173076923076923 0.65625
162000 12.307692307692308 0.65625
164000 12.307692307692308 0.6875
166000 12.115384615384615 0.71875
168000 12.26923076923077 0.6875
170000 12.26923076923077 0.640625
172000 12.461538461538462 0.625
174000 12.326923076923077 0.625
176000 12.307692307692308 0.625
178000 12.307692307692308 0.625
180000 12.23076923076923 0.640625
182000 12.326923076923077 0.65625
184000 12.326923076923077 0.6875
186000 12.326923076923077 0.703125
188000 12.326923076923077 0.671875
190000 12.115384615384615 0.59375
192000 12.26923076923077 0.65625
194000 12.26923076923077 0.625
196000 12.48076923076923 0.671875
198000 12.115384615384615 0.6875
200000 12.326923076923077 0.75
202000 12.48076923076923 0.671875
204000 12.423076923076923 0.640625
206000 12.403846153846153 0.640625
208000 12.23076923076923 0.671875
210000 12.153846153846153 0.6875
212000 12.057692307692308 0.625
214000 12.192307692307692 0.578125
216000 12.173076923076923 0.640625
218000 12.384615384615385 0.65625
220000 12.384615384615385 0.75
222000 12.384615384615385 0.65625
224000 12.346153846153847 0.65625
226000 12.403846153846153 0.640625
228000 12.153846153846153 0.703125
230000 12.461538461538462 0.65625
232000 12.442307692307692 0.625
234000 12.384615384615385 0.671875
236000 12.461538461538462 0.703125
238000 12.461538461538462 0.6875
240000 12.211538461538462 0.65625
242000 12.365384615384615 0.578125
244000 12.346153846153847 0.6875
246000 12.384615384615385 0.625
248000 12.442307692307692 0.640625
250000 12.288461538461538 0.71875
252000 12.576923076923077 0.6875
254000 12.461538461538462 0.625
256000 12.5 0.65625
258000 12.384615384615385 0.625
260000 12.115384615384615 0.671875
262000 12.48076923076923 0.71875
264000 12.365384615384615 0.671875
266000 12.48076923076923 0.671875
268000 12.307692307692308 0.671875
270000 12.615384615384615 0.75
272000 12.538461538461538 0.703125
274000 12.326923076923077 0.640625
276000 12.442307692307692 0.625
278000 12.25 0.640625
280000 12.557692307692308 0.703125
282000 12.307692307692308 0.625
284000 12.346153846153847 0.625
286000 12.23076923076923 0.703125
288000 12.423076923076923 0.71875
290000 12.442307692307692 0.671875
292000 12.403846153846153 0.71875
294000 12.48076923076923 0.65625
296000 12.192307692307692 0.6875
298000 12.403846153846153 0.625
300000 12.442307692307692 0.625
302000 12.403846153846153 0.640625
304000 12.48076923076923 0.65625
306000 12.384615384615385 0.703125
308000 12.288461538461538 0.6875
310000 12.346153846153847 0.671875
312000 12.23076923076923 0.640625
314000 12.365384615384615 0.640625
316000 12.211538461538462 0.671875
318000 12.192307692307692 0.734375
320000 12.25 0.703125
322000 12.211538461538462 0.6875
324000 11.961538461538462 0.71875
326000 12.096153846153847 0.625
328000 12.25 0.65625
330000 12.423076923076923 0.671875
332000 12.557692307692308 0.6875
334000 12.403846153846153 0.671875
336000 12.192307692307692 0.703125
338000 12.75 0.671875
340000 12.538461538461538 0.65625
342000 12.865384615384615 0.703125
344000 12.653846153846153 0.703125
346000 12.73076923076923 0.6875
348000 12.634615384615385 0.65625
350000 12.48076923076923 0.6875
352000 12.865384615384615 0.6875
354000 12.75 0.625
356000 12.807692307692308 0.6875
358000 12.76923076923077 0.703125
360000 12.576923076923077 0.671875
362000 12.596153846153847 0.71875
364000 12.673076923076923 0.640625
366000 12.75 0.671875
368000 12.51923076923077 0.71875
370000 12.461538461538462 0.6875
372000 12.48076923076923 0.703125
374000 12.403846153846153 0.65625
376000 12.711538461538462 0.609375
378000 12.673076923076923 0.640625
380000 12.634615384615385 0.65625
382000 12.788461538461538 0.6875
384000 12.596153846153847 0.671875
386000 12.634615384615385 0.6875
388000 12.711538461538462 0.65625
390000 12.711538461538462 0.6875
392000 12.73076923076923 0.703125
394000 12.76923076923077 0.609375
396000 12.73076923076923 0.6875
398000 12.692307692307692 0.640625
400000 12.73076923076923 0.640625
402000 12.615384615384615 0.640625
404000 12.615384615384615 0.734375
406000 12.653846153846153 0.6875
408000 12.596153846153847 0.671875
410000 12.615384615384615 0.625
412000 12.653846153846153 0.671875
414000 12.634615384615385 0.578125
416000 12.692307692307692 0.6875
418000 12.673076923076923 0.6875
420000 12.673076923076923 0.765625
422000 12.596153846153847 0.640625
424000 12.596153846153847 0.640625
426000 12.692307692307692 0.671875
428000 12.711538461538462 0.671875
430000 12.557692307692308 0.671875
432000 12.557692307692308 0.65625
434000 12.538461538461538 0.65625
436000 12.673076923076923 0.703125
438000 12.692307692307692 0.734375
440000 12.576923076923077 0.671875
442000 12.576923076923077 0.65625
444000 12.673076923076923 0.65625
446000 12.75 0.59375
448000 12.788461538461538 0.65625
450000 12.788461538461538 0.671875
452000 12.75 0.671875
454000 12.673076923076923 0.6875
456000 12.673076923076923 0.703125
458000 12.596153846153847 0.640625
460000 12.673076923076923 0.625
462000 12.634615384615385 0.671875
464000 12.634615384615385 0.65625
466000 12.634615384615385 0.625
468000 12.673076923076923 0.71875
470000 12.711538461538462 0.734375
472000 12.596153846153847 0.75
474000 12.634615384615385 0.65625
476000 12.673076923076923 0.609375
478000 12.73076923076923 0.671875
480000 12.673076923076923 0.65625
482000 12.634615384615385 0.671875
484000 12.596153846153847 0.65625
486000 12.653846153846153 0.671875
488000 12.653846153846153 0.578125
490000 12.596153846153847 0.609375
492000 12.596153846153847 0.640625
494000 12.596153846153847 0.671875
496000 12.692307692307692 0.671875
498000 12.634615384615385 0.59375
500000 12.596153846153847 0.6875
