2000 0.36538461538461536 0.0625
4000 0.9807692307692307 0.078125
6000 1.0576923076923077 0.078125
8000 1.0576923076923077 0.125
10000 1.0769230769230769 0.140625
12000 1.4230769230769231 0.15625
14000 2.076923076923077 0.203125
16000 1.7692307692307692 0.21875
18000 2.076923076923077 0.21875
20000 2.1923076923076925 0.21875
22000 2.25 0.21875
24000 2.3076923076923075 0.21875
26000 2.3076923076923075 0.21875
28000 2.3461538461538463 0.1875
30000 2.4038461538461537 0.21875
32000 2.5 0.1875
34000 2.5384615384615383 0.21875
36000 2.673076923076923 0.21875
38000 2.7115384615384617 0.203125
40000 2.6346153846153846 0.234375
42000 2.6346153846153846 0.203125
44000 2.5961538461538463 0.21875
46000 2.6346153846153846 0.203125
48000 2.5576923076923075 0.203125
50000 2.6923076923076925 0.203125
52000 3.019230769230769 0.1875
54000 3.5 0.21875
56000 3.75 0.21875
58000 3.7884615384615383 0.21875
60000 3.7884615384615383 0.203125
62000 3.673076923076923 0.21875
64000 3.8653846153846154 0.21875
66000 3.75 0.1875
68000 3.8653846153846154 0.21875
70000 3.75 0.203125
72000 4.0 0.28125
74000 3.9038461538461537 0.265625
76000 3.8461538461538463 0.21875
78000 3.9038461538461537 0.234375
80000 4.038461538461538 0.25
82000 3.826923076923077 0.203125
84000 4.115384615384615 0.25
86000 4.019230769230769 0.28125
88000 4.153846153846154 0.1875
90000 4.0576923076923075 0.25
92000 4.115384615384615 0.28125
94000 4.076923076923077 0.234375
96000 3.8461538461538463 0.265625
98000 4.211538461538462 0.265625
100000 3.9038461538461537 0.265625
102000 4.1923076923076925 0.25
104000 4.115384615384615 0.265625
106000 4.096153846153846 0.421875
108000 4.115384615384615 0.40625
110000 4.134615384615385 0.390625
112000 4.038461538461538 0.375
114000 4.1923076923076925 0.359375
116000 4.0576923076923075 0.328125
118000 4.0576923076923075 0.28125
120000 4.153846153846154 0.265625
122000 4.134615384615385 0.28125
124000 4.0576923076923075 0.265625
126000 4.115384615384615 0.28125
128000 4.153846153846154 0.25
130000 4.1923076923076925 0.296875
132000 3.519230769230769 0.234375
134000 4.096153846153846 0.25
136000 3.5961538461538463 0.265625
138000 4.211538461538462 0.25
140000 4.25 0.28125
142000 5.6923076923076925 0.25
144000 5.730769230769231 0.25
146000 5.8076923076923075 0.296875
148000 5.134615384615385 0.234375
150000 2.673076923076923 0.1875
152000 5.480769230769231 0.21875
154000 4.980769230769231 0.203125
156000 5.673076923076923 0.265625
158000 5.923076923076923 0.25
160000 5.865384615384615 0.328125
162000 5.903846153846154 0.265625
164000 5.903846153846154 0.25
166000 6.5 0.265625
168000 6.230769230769231 0.234375
170000 6.403846153846154 0.265625
172000 5.980769230769231 0.28125
174000 6.25 0.265625
176000 6.346153846153846 0.265625
178000 5.884615384615385 0.28125
180000 5.673076923076923 0.25
182000 5.730769230769231 0.265625
184000 6.25 0.265625
186000 6.211538461538462 0.28125
188000 5.903846153846154 0.203125
190000 5.826923076923077 0.25
192000 6.519230769230769 0.265625
194000 6.211538461538462 0.265625
196000 6.461538461538462 0.25
198000 6.365384615384615 0.28125
200000 5.673076923076923 0.28125
202000 6.365384615384615 0.265625
204000 6.1923076923076925 0.265625
206000 5.826923076923077 0.25
208000 6.153846153846154 0.265625
210000 6.0576923076923075 0.25
212000 6.288461538461538 0.28125
214000 5.019230769230769 0.234375
216000 6.365384615384615 0.25
218000 6.25 0.25
220000 5.980769230769231 0.28125
222000 6.0 0.234375
224000 5.9423076923076925 0.265625
226000 6.403846153846154 0.265625
228000 5.923076923076923 0.296875
230000 6.230769230769231 0.3125
232000 6.25 0.296875
234000 6.5576923076923075 0.34375
236000 6.576923076923077 0.359375
238000 6.4423076923076925 0.3125
240000 6.211538461538462 0.328125
242000 5.846153846153846 0.296875
244000 6.288461538461538 0.328125
246000 6.288461538461538 0.296875
248000 6.076923076923077 0.359375
250000 5.6923076923076925 0.28125
252000 6.096153846153846 0.296875
254000 6.596153846153846 0.328125
256000 6.538461538461538 0.328125
258000 6.423076923076923 0.34375
260000 6.230769230769231 0.328125
262000 6.75 0.3125
264000 6.75 0.3125
266000 6.75 0.359375
268000 6.115384615384615 0.3125
270000 6.269230769230769 0.3125
272000 6.096153846153846 0.3125
274000 4.9423076923076925 0.296875
276000 6.1923076923076925 0.28125
278000 6.269230769230769 0.28125
280000 5.923076923076923 0.234375
282000 6.096153846153846 0.28125
284000 5.923076923076923 0.296875
286000 6.519230769230769 0.296875
288000 6.153846153846154 0.28125
290000 6.519230769230769 0.25
292000 6.019230769230769 0.265625
294000 6.0576923076923075 0.234375
296000 6.038461538461538 0.25
298000 6.365384615384615 0.234375
300000 6.480769230769231 0.28125
302000 5.9423076923076925 0.265625
304000 5.846153846153846 0.234375
306000 5.788461538461538 0.265625
308000 6.096153846153846 0.25
310000 6.096153846153846 0.21875
312000 6.153846153846154 0.3125
314000 6.0576923076923075 0.25
316000 5.980769230769231 0.25
318000 5.903846153846154 0.25
320000 5.903846153846154 0.25
322000 6.153846153846154 0.265625
324000 5.769230769230769 0.25
326000 5.75 0.25
328000 5.884615384615385 0.265625
330000 6.153846153846154 0.25
332000 6.480769230769231 0.265625
334000 6.076923076923077 0.25
336000 5.884615384615385 0.265625
338000 6.038461538461538 0.28125
340000 6.038461538461538 0.265625
342000 5.846153846153846 0.296875
344000 5.826923076923077 0.265625
346000 5.903846153846154 0.234375
348000 6.423076923076923 0.265625
350000 5.75 0.25
352000 5.846153846153846 0.234375
354000 5.846153846153846 0.28125
356000 6.038461538461538 0.28125
358000 6.115384615384615 0.265625
360000 6.480769230769231 0.265625
362000 6.576923076923077 0.265625
364000 6.576923076923077 0.234375
366000 6.480769230769231 0.25
368000 6.480769230769231 0.28125
370000 6.576923076923077 0.25
372000 6.461538461538462 0.28125
374000 6.480769230769231 0.25
376000 6.461538461538462 0.265625
378000 6.3076923076923075 0.265625
380000 6.5 0.25
382000 6.038461538461538 0.234375
384000 6.461538461538462 0.265625
386000 6.634615384615385 0.296875
388000 6.211538461538462 0.28125
390000 6.173076923076923 0.234375
392000 6.269230769230769 0.265625
394000 6.538461538461538 0.265625
396000 6.269230769230769 0.296875
398000 6.634615384615385 0.25
400000 6.634615384615385 0.265625
402000 6.711538461538462 0.25
404000 6.711538461538462 0.265625
406000 6.711538461538462 0.25
408000 6.846153846153846 0.28125
410000 6.75 0.265625
412000 6.6923076923076925 0.28125
414000 6.653846153846154 0.28125
416000 6.596153846153846 0.25
418000 6.653846153846154 0.28125
420000 6.634615384615385 0.3125
422000 6.673076923076923 0.28125
424000 6.653846153846154 0.265625
426000 6.673076923076923 0.296875
428000 6.653846153846154 0.265625
430000 6.5576923076923075 0.28125
432000 6.634615384615385 0.265625
434000 6.6923076923076925 0.28125
436000 6.6923076923076925 0.28125
438000 6.75 0.265625
440000 6.673076923076923 0.25
442000 6.653846153846154 0.234375
444000 6.615384615384615 0.296875
446000 6.711538461538462 0.28125
448000 6.6923076923076925 0.234375
450000 6.6923076923076925 0.265625
452000 6.5576923076923075 0.265625
454000 6.615384615384615 0.25
456000 6.6923076923076925 0.296875
458000 6.673076923076923 0.265625
460000 6.615384615384615 0.265625
462000 6.615384615384615 0.234375
464000 6.576923076923077 0.25
466000 6.634615384615385 0.25
468000 6.596153846153846 0.25
470000 6.769230769230769 0.234375
472000 6.596153846153846 0.265625
474000 6.596153846153846 0.265625
476000 6.730769230769231 0.296875
478000 6.75 0.265625
480000 6.788461538461538 0.265625
482000 6.826923076923077 0.296875
484000 6.730769230769231 0.265625
486000 6.653846153846154 0.296875
488000 6.6923076923076925 0.28125
490000 6.769230769230769 0.28125
492000 6.653846153846154 0.28125
494000 6.653846153846154 0.265625
496000 6.653846153846154 0.28125
498000 6.653846153846154 0.265625
500000 6.634615384615385 0.265625
