2000 1.3653846153846154 0.25
4000 1.75 0.328125
6000 2.326923076923077 0.359375
8000 2.5961538461538463 0.328125
10000 3.8653846153846154 0.25
12000 4.846153846153846 0.296875
14000 5.538461538461538 0.25
16000 5.480769230769231 0.328125
18000 7.019230769230769 0.28125
20000 7.269230769230769 0.328125
22000 7.730769230769231 0.234375
24000 8.0 0.34375
26000 7.903846153846154 0.265625
28000 7.980769230769231 0.34375
30000 8.115384615384615 0.265625
32000 8.173076923076923 0.3125
34000 8.326923076923077 0.359375
36000 8.326923076923077 0.328125
38000 8.423076923076923 0.359375
40000 8.807692307692308 0.3125
42000 8.826923076923077 0.328125
44000 8.865384615384615 0.1875
46000 9.903846153846153 0.25
48000 9.846153846153847 0.3125
50000 9.826923076923077 0.203125
52000 9.846153846153847 0.234375
54000 9.846153846153847 0.203125
56000 9.846153846153847 0.171875
58000 9.826923076923077 0.1875
60000 10.01923076923077 0.203125
62000 9.961538461538462 0.265625
64000 9.884615384615385 0.28125
66000 9.865384615384615 0.4375
68000 9.865384615384615 0.328125
70000 9.942307692307692 0.328125
72000 10.865384615384615 0.359375
74000 11.096153846153847 0.34375
76000 11.326923076923077 0.34375
78000 11.442307692307692 0.328125
80000 11.538461538461538 0.328125
82000 11.596153846153847 0.34375
84000 11.711538461538462 0.484375
86000 11.711538461538462 0.28125
88000 11.826923076923077 0.25
90000 11.826923076923077 0.234375
92000 11.826923076923077 0.28125
94000 11.788461538461538 0.3125
96000 11.788461538461538 0.359375
98000 11.788461538461538 0.265625
100000 11.788461538461538 0.265625
102000 11.788461538461538 0.25
104000 11.884615384615385 0.265625
106000 11.884615384615385 0.328125
108000 12.076923076923077 0.28125
110000 12.076923076923077 0.28125
112000 11.98076923076923 0.265625
114000 12.038461538461538 0.296875
116000 12.076923076923077 0.28125
118000 12.038461538461538 0.265625
120000 12.153846153846153 0.328125
122000 12.173076923076923 0.328125
124000 12.076923076923077 0.328125
126000 12.076923076923077 0.3125
128000 12.384615384615385 0.3125
130000 12.192307692307692 0.40625
132000 12.307692307692308 0.5
134000 12.23076923076923 0.296875
136000 12.23076923076923 0.328125
138000 12.23076923076923 0.28125
140000 12.23076923076923 0.46875
142000 12.23076923076923 0.375
144000 12.26923076923077 0.484375
146000 12.26923076923077 0.28125
148000 12.326923076923077 0.328125
150000 12.307692307692308 0.3125
152000 12.211538461538462 0.265625
154000 12.25 0.265625
156000 12.307692307692308 0.390625
158000 12.326923076923077 0.40625
160000 12.403846153846153 0.28125
162000 12.326923076923077 0.34375
164000 12.096153846153847 0.421875
166000 11.942307692307692 0.3125
168000 12.076923076923077 0.4375
170000 12.076923076923077 0.46875
172000 12.076923076923077 0.390625
174000 12.403846153846153 0.453125
176000 12.423076923076923 0.328125
178000 12.403846153846153 0.3125
180000 12.26923076923077 0.390625
182000 12.26923076923077 0.3125
184000 12.25 0.328125
186000 12.26923076923077 0.3125
188000 11.923076923076923 0.46875
190000 11.923076923076923 0.328125
192000 11.884615384615385 0.375
194000 11.923076923076923 0.453125
196000 11.942307692307692 0.28125
198000 12.057692307692308 0.390625
200000 12.01923076923077 0.34375
202000 12.01923076923077 0.390625
204000 12.0 0.34375
206000 12.211538461538462 0.328125
208000 12.26923076923077 0.3125
210000 12.365384615384615 0.28125
212000 12.326923076923077 0.390625
214000 12.423076923076923 0.28125
216000 12.423076923076923 0.296875
218000 12.423076923076923 0.328125
220000 12.23076923076923 0.296875
222000 12.307692307692308 0.328125
224000 12.346153846153847 0.28125
226000 12.384615384615385 0.296875
228000 12.23076923076923 0.40625
230000 12.23076923076923 0.390625
232000 12.538461538461538 0.328125
234000 12.403846153846153 0.375
236000 12.538461538461538 0.328125
238000 12.538461538461538 0.375
240000 12.442307692307692 0.328125
242000 12.576923076923077 0.34375
244000 12.653846153846153 0.328125
246000 12.711538461538462 0.296875
248000 12.711538461538462 0.359375
250000 12.615384615384615 0.296875
252000 12.51923076923077 0.34375
254000 12.673076923076923 0.390625
256000 12.673076923076923 0.265625
258000 12.711538461538462 0.28125
260000 12.576923076923077 0.28125
262000 12.538461538461538 0.265625
264000 12.51923076923077 0.265625
266000 12.596153846153847 0.265625
268000 12.576923076923077 0.265625
270000 12.557692307692308 0.25
272000 12.634615384615385 0.265625
274000 12.557692307692308 0.28125
276000 12.576923076923077 0.28125
278000 12.576923076923077 0.234375
280000 12.557692307692308 0.28125
282000 12.673076923076923 0.25
284000 12.692307692307692 0.265625
286000 12.673076923076923 0.25
288000 12.673076923076923 0.25
290000 12.673076923076923 0.265625
292000 12.576923076923077 0.328125
294000 12.5 0.28125
296000 12.557692307692308 0.265625
298000 12.461538461538462 0.265625
300000 12.442307692307692 0.296875
302000 12.365384615384615 0.34375
304000 12.423076923076923 0.296875
306000 12.288461538461538 0.34375
308000 12.384615384615385 0.328125
310000 12.461538461538462 0.3125
312000 12.423076923076923 0.421875
314000 12.596153846153847 0.3125
316000 12.384615384615385 0.3125
318000 12.576923076923077 0.34375
320000 12.51923076923077 0.328125
322000 12.442307692307692 0.296875
324000 12.365384615384615 0.328125
326000 12.384615384615385 0.34375
328000 12.384615384615385 0.3125
330000 12.538461538461538 0.328125
332000 12.403846153846153 0.28125
334000 12.326923076923077 0.40625
336000 12.326923076923077 0.34375
338000 12.365384615384615 0.390625
340000 12.326923076923077 0.453125
342000 12.326923076923077 0.265625
344000 12.48076923076923 0.375
346000 12.51923076923077 0.28125
348000 12.557692307692308 0.375
350000 12.5 0.296875
352000 12.596153846153847 0.5
354000 12.596153846153847 0.4375
356000 12.51923076923077 0.453125
358000 12.442307692307692 0.484375
360000 12.346153846153847 0.515625
362000 12.442307692307692 0.359375
364000 12.326923076923077 0.5
366000 12.346153846153847 0.421875
368000 12.307692307692308 0.453125
370000 12.538461538461538 0.40625
372000 12.26923076923077 0.375
374000 12.192307692307692 0.375
376000 12.26923076923077 0.359375
378000 12.307692307692308 0.296875
380000 12.23076923076923 0.28125
382000 12.134615384615385 0.453125
384000 12.173076923076923 0.3125
386000 12.51923076923077 0.453125
388000 12.403846153846153 0.265625
390000 12.576923076923077 0.296875
392000 12.461538461538462 0.296875
394000 12.384615384615385 0.265625
396000 12.326923076923077 0.265625
398000 12.23076923076923 0.265625
400000 12.096153846153847 0.359375
402000 12.115384615384615 0.265625
404000 12.134615384615385 0.25
406000 12.01923076923077 0.328125
408000 12.096153846153847 0.359375
410000 12.134615384615385 0.328125
412000 12.134615384615385 0.328125
414000 12.26923076923077 0.40625
416000 12.326923076923077 0.359375
418000 12.384615384615385 0.328125
420000 12.5 0.390625
422000 12.384615384615385 0.375
424000 12.461538461538462 0.40625
426000 12.26923076923077 0.46875
428000 12.26923076923077 0.265625
430000 12.538461538461538 0.28125
432000 12.461538461538462 0.265625
434000 12.634615384615385 0.28125
436000 12.403846153846153 0.265625
438000 12.423076923076923 0.25
440000 12.5 0.296875
442000 12.538461538461538 0.25
444000 12.48076923076923 0.265625
446000 12.48076923076923 0.265625
448000 12.48076923076923 0.25
450000 12.461538461538462 0.265625
452000 12.461538461538462 0.296875
454000 12.48076923076923 0.265625
456000 12.307692307692308 0.265625
458000 12.307692307692308 0.25
460000 12.346153846153847 0.25
462000 12.48076923076923 0.34375
464000 12.48076923076923 0.25
466000 12.461538461538462 0.25
468000 12.365384615384615 0.234375
470000 12.403846153846153 0.28125
472000 12.288461538461538 0.421875
474000 12.288461538461538 0.28125
476000 12.326923076923077 0.25
478000 12.288461538461538 0.28125
480000 12.346153846153847 0.328125
482000 12.288461538461538 0.375
484000 12.211538461538462 0.328125
486000 12.346153846153847 0.296875
488000 12.25 0.3125
490000 12.288461538461538 0.390625
492000 12.192307692307692 0.390625
494000 11.923076923076923 0.328125
496000 12.26923076923077 0.34375
498000 12.096153846153847 0.359375
500000 12.307692307692308 0.359375
