2000 1.0769230769230769 0.703125
4000 1.3269230769230769 0.546875
6000 1.5 0.546875
8000 3.3846153846153846 0.546875
10000 8.288461538461538 0.796875
12000 8.423076923076923 0.890625
14000 8.538461538461538 0.890625
16000 8.884615384615385 0.921875
18000 8.903846153846153 0.890625
20000 9.576923076923077 0.921875
22000 9.211538461538462 0.859375
24000 9.26923076923077 1.203125
26000 9.576923076923077 0.859375
28000 9.557692307692308 0.8125
30000 9.673076923076923 0.984375
32000 9.307692307692308 0.875
34000 9.307692307692308 0.8125
36000 9.673076923076923 0.828125
38000 9.557692307692308 1.140625
40000 9.557692307692308 0.859375
42000 9.576923076923077 0.984375
44000 9.51923076923077 1.109375
46000 9.596153846153847 0.828125
48000 11.307692307692308 0.953125
50000 11.653846153846153 0.84375
52000 11.576923076923077 0.875
54000 11.942307692307692 0.890625
56000 11.903846153846153 0.96875
58000 11.75 1.0625
60000 11.596153846153847 0.8125
62000 11.711538461538462 1.046875
64000 12.01923076923077 1.125
66000 11.615384615384615 0.84375
68000 11.807692307692308 0.828125
70000 11.673076923076923 1.15625
72000 11.5 0.859375
74000 11.884615384615385 0.96875
76000 11.846153846153847 0.828125
78000 11.673076923076923 0.84375
80000 11.865384615384615 0.859375
82000 11.865384615384615 0.890625
84000 11.673076923076923 0.859375
86000 11.788461538461538 0.890625
88000 11.923076923076923 0.859375
90000 11.942307692307692 1.078125
92000 11.98076923076923 0.828125
94000 12.0 0.84375
96000 11.98076923076923 0.875
98000 11.961538461538462 0.8125
100000 11.98076923076923 0.828125
102000 12.038461538461538 0.828125
104000 11.576923076923077 1.1875
106000 11.903846153846153 1.078125
108000 11.865384615384615 0.859375
110000 12.115384615384615 1.109375
112000 11.942307692307692 1.234375
114000 12.346153846153847 0.875
116000 12.384615384615385 1.046875
118000 12.346153846153847 1.09375
120000 12.26923076923077 0.921875
122000 12.288461538461538 0.828125
124000 12.307692307692308 0.96875
126000 12.423076923076923 0.859375
128000 12.365384615384615 1.015625
130000 11.98076923076923 1.09375
132000 11.903846153846153 0.859375
134000 12.365384615384615 0.859375
136000 12.403846153846153 1.0
138000 12.365384615384615 1.0
140000 12.384615384615385 0.90625
142000 12.423076923076923 0.859375
144000 12.211538461538462 1.0
146000 12.192307692307692 0.828125
148000 12.01923076923077 0.9375
150000 12.346153846153847 1.140625
152000 12.173076923076923 0.84375
154000 12.288461538461538 0.828125
156000 12.346153846153847 0.84375
158000 12.153846153846153 1.25
160000 12.307692307692308 0.875
162000 12.153846153846153 0.9375
164000 12.288461538461538 0.859375
166000 12.115384615384615 0.875
168000 12.25 0.890625
170000 12.25 1.15625
172000 12.26923076923077 0.90625
174000 12.211538461538462 0.90625
176000 12.307692307692308 1.1875
178000 12.115384615384615 0.875
180000 12.403846153846153 0.9375
182000 12.288461538461538 1.140625
184000 12.576923076923077 0.890625
186000 12.461538461538462 0.859375
188000 12.288461538461538 0.875
190000 12.288461538461538 1.09375
192000 12.326923076923077 0.8125
194000 12.211538461538462 0.875
196000 12.134615384615385 1.1875
198000 12.23076923076923 0.90625
200000 12.307692307692308 1.171875
202000 12.346153846153847 1.03125
204000 12.346153846153847 0.859375
206000 12.384615384615385 0.890625
208000 12.48076923076923 1.078125
210000 12.365384615384615 1.015625
212000 12.288461538461538 0.953125
214000 12.096153846153847 0.828125
216000 12.153846153846153 1.1875
218000 12.076923076923077 0.9375
220000 11.884615384615385 0.90625
222000 12.115384615384615 1.546875
224000 12.211538461538462 1.140625
226000 12.25 1.046875
228000 12.211538461538462 1.09375
230000 12.25 1.09375
232000 12.115384615384615 1.0
234000 12.076923076923077 1.1875
236000 12.288461538461538 0.84375
238000 12.096153846153847 0.9375
240000 12.26923076923077 0.953125
242000 12.26923076923077 1.171875
244000 12.26923076923077 1.109375
246000 12.25 1.015625
248000 12.25 1.203125
250000 12.192307692307692 1.09375
252000 12.076923076923077 1.171875
254000 12.346153846153847 0.953125
256000 12.288461538461538 0.921875
258000 12.423076923076923 0.953125
260000 12.307692307692308 1.015625
262000 12.211538461538462 1.015625
264000 12.365384615384615 1.046875
266000 12.461538461538462 1.296875
268000 12.461538461538462 0.875
270000 12.403846153846153 0.84375
272000 12.365384615384615 1.0
274000 12.192307692307692 1.265625
276000 12.26923076923077 1.15625
278000 12.326923076923077 1.359375
280000 12.307692307692308 1.0625
282000 12.461538461538462 0.96875
284000 12.403846153846153 1.109375
286000 12.442307692307692 0.921875
288000 12.26923076923077 0.921875
290000 12.634615384615385 1.078125
292000 12.557692307692308 0.96875
294000 12.48076923076923 0.890625
296000 12.423076923076923 1.0
298000 12.25 1.171875
300000 12.153846153846153 0.796875
302000 12.211538461538462 1.15625
304000 12.5 1.265625
306000 12.326923076923077 1.125
308000 12.403846153846153 0.90625
310000 12.096153846153847 1.1875
312000 12.211538461538462 0.890625
314000 12.346153846153847 0.828125
316000 12.307692307692308 1.171875
318000 12.26923076923077 0.984375
320000 12.23076923076923 0.9375
322000 12.25 1.171875
324000 12.25 1.0
326000 12.384615384615385 0.8125
328000 12.423076923076923 0.875
330000 12.538461538461538 0.96875
332000 12.576923076923077 0.8125
334000 12.538461538461538 0.953125
336000 12.596153846153847 0.828125
338000 12.557692307692308 0.984375
340000 12.0 0.953125
342000 11.98076923076923 1.140625
344000 11.788461538461538 0.8125
346000 12.307692307692308 0.796875
348000 12.48076923076923 0.8125
350000 12.711538461538462 0.8125
352000 12.403846153846153 0.90625
354000 12.73076923076923 1.015625
356000 12.75 1.015625
358000 12.615384615384615 0.921875
360000 12.73076923076923 0.890625
362000 12.153846153846153 1.28125
364000 12.25 1.078125
366000 12.442307692307692 0.890625
368000 12.48076923076923 0.96875
370000 12.423076923076923 1.328125
372000 12.576923076923077 1.265625
374000 12.384615384615385 1.03125
376000 12.384615384615385 0.890625
378000 12.615384615384615 1.453125
380000 12.423076923076923 1.125
382000 12.692307692307692 1.359375
384000 12.615384615384615 0.8125
386000 12.596153846153847 0.84375
388000 12.615384615384615 1.09375
390000 12.442307692307692 1.09375
392000 12.461538461538462 0.9375
394000 12.538461538461538 1.0
396000 12.634615384615385 1.234375
398000 12.538461538461538 1.078125
400000 12.615384615384615 1.09375
402000 12.557692307692308 1.390625
404000 12.653846153846153 0.953125
406000 12.673076923076923 1.046875
408000 12.634615384615385 1.125
410000 12.653846153846153 1.1875
412000 12.653846153846153 1.234375
414000 12.538461538461538 1.234375
416000 12.442307692307692 1.078125
418000 12.5 0.90625
420000 12.653846153846153 0.9375
422000 12.634615384615385 1.125
424000 12.615384615384615 1.25
426000 12.557692307692308 1.328125
428000 12.634615384615385 0.90625
430000 12.653846153846153 1.203125
432000 12.596153846153847 1.15625
434000 12.653846153846153 0.875
436000 12.48076923076923 1.078125
438000 12.384615384615385 0.96875
440000 12.365384615384615 1.109375
442000 12.442307692307692 0.921875
444000 12.461538461538462 1.5
446000 12.5 0.890625
448000 12.557692307692308 0.84375
450000 12.557692307692308 0.875
452000 12.557692307692308 0.875
454000 12.51923076923077 0.90625
456000 12.192307692307692 0.9375
458000 12.51923076923077 1.03125
460000 12.596153846153847 0.84375
462000 12.51923076923077 0.921875
464000 12.365384615384615 1.03125
466000 12.653846153846153 0.875
468000 12.461538461538462 0.9375
470000 12.538461538461538 1.375
472000 12.538461538461538 1.046875
474000 12.51923076923077 1.0625
476000 12.423076923076923 1.015625
478000 12.461538461538462 0.890625
480000 12.557692307692308 0.953125
482000 12.557692307692308 1.140625
484000 12.653846153846153 0.953125
486000 12.653846153846153 0.96875
488000 12.576923076923077 1.09375
490000 12.615384615384615 1.125
492000 12.576923076923077 1.234375
494000 12.576923076923077 1.140625
496000 12.48076923076923 1.171875
498000 12.384615384615385 1.28125
500000 12.423076923076923 1.15625
