2000 1.0192307692307692 0.375
4000 1.1923076923076923 0.390625
6000 1.2115384615384615 0.421875
8000 1.8269230769230769 0.578125
10000 4.173076923076923 0.578125
12000 7.4423076923076925 0.34375
14000 8.211538461538462 0.375
16000 8.26923076923077 0.40625
18000 9.076923076923077 0.40625
20000 9.557692307692308 0.578125
22000 9.826923076923077 0.46875
24000 10.461538461538462 0.390625
26000 10.865384615384615 0.46875
28000 10.903846153846153 0.453125
30000 10.942307692307692 0.546875
32000 10.961538461538462 0.53125
34000 10.038461538461538 0.375
36000 9.903846153846153 0.390625
38000 11.76923076923077 0.40625
40000 11.75 0.4375
42000 11.903846153846153 0.5625
44000 11.307692307692308 0.453125
46000 11.326923076923077 0.390625
48000 11.692307692307692 0.40625
50000 11.615384615384615 0.375
52000 11.711538461538462 0.5
54000 11.673076923076923 0.5
56000 11.76923076923077 0.421875
58000 11.942307692307692 0.375
60000 11.615384615384615 0.421875
62000 11.73076923076923 0.5
64000 11.884615384615385 0.375
66000 11.865384615384615 0.46875
68000 11.865384615384615 0.671875
70000 11.692307692307692 0.640625
72000 11.576923076923077 0.53125
74000 11.615384615384615 0.5625
76000 11.865384615384615 0.421875
78000 12.038461538461538 0.4375
80000 12.0 0.390625
82000 11.634615384615385 0.515625
84000 11.98076923076923 0.59375
86000 11.826923076923077 0.53125
88000 11.75 0.40625
90000 11.73076923076923 0.484375
92000 11.98076923076923 0.40625
94000 11.807692307692308 0.578125
96000 11.884615384615385 0.40625
98000 11.884615384615385 0.5
100000 12.0 0.46875
102000 12.134615384615385 0.546875
104000 12.173076923076923 0.421875
106000 12.038461538461538 0.671875
108000 12.115384615384615 0.46875
110000 11.76923076923077 0.578125
112000 12.134615384615385 0.59375
114000 12.134615384615385 0.546875
116000 12.134615384615385 0.546875
118000 12.173076923076923 0.453125
120000 12.153846153846153 0.5
122000 12.134615384615385 0.546875
124000 12.0 0.4375
126000 12.0 0.5
128000 12.076923076923077 0.375
130000 12.153846153846153 0.453125
132000 12.057692307692308 0.5
134000 11.903846153846153 0.453125
136000 11.75 0.421875
138000 12.096153846153847 0.609375
140000 12.23076923076923 0.671875
142000 12.25 0.5625
144000 12.192307692307692 0.515625
146000 12.23076923076923 0.546875
148000 12.211538461538462 0.578125
150000 12.115384615384615 0.453125
152000 12.115384615384615 0.390625
154000 12.25 0.40625
156000 12.288461538461538 0.46875
158000 11.961538461538462 0.5625
160000 11.788461538461538 0.484375
162000 11.98076923076923 0.46875
164000 12.096153846153847 0.46875
166000 12.134615384615385 0.515625
168000 12.115384615384615 0.390625
170000 11.98076923076923 0.59375
172000 12.057692307692308 0.390625
174000 12.115384615384615 0.40625
176000 12.057692307692308 0.4375
178000 12.0 0.515625
180000 12.153846153846153 0.53125
182000 12.365384615384615 0.53125
184000 12.461538461538462 0.453125
186000 12.442307692307692 0.359375
188000 12.26923076923077 0.515625
190000 12.26923076923077 0.578125
192000 12.211538461538462 0.4375
194000 12.403846153846153 0.4375
196000 12.326923076923077 0.375
198000 12.0 0.40625
200000 12.403846153846153 0.53125
202000 12.442307692307692 0.59375
204000 12.5 0.5
206000 12.403846153846153 0.40625
208000 12.25 0.4375
210000 12.461538461538462 0.515625
212000 12.403846153846153 0.609375
214000 12.461538461538462 0.515625
216000 12.23076923076923 0.453125
218000 12.134615384615385 0.625
220000 12.192307692307692 0.59375
222000 12.153846153846153 0.65625
224000 12.326923076923077 0.671875
226000 12.307692307692308 0.546875
228000 12.211538461538462 0.390625
230000 12.307692307692308 0.53125
232000 12.461538461538462 0.578125
234000 12.26923076923077 0.578125
236000 12.288461538461538 0.46875
238000 12.288461538461538 0.453125
240000 12.288461538461538 0.4375
242000 12.288461538461538 0.453125
244000 12.153846153846153 0.59375
246000 12.173076923076923 0.453125
248000 12.192307692307692 0.453125
250000 12.288461538461538 0.46875
252000 11.961538461538462 0.625
254000 12.173076923076923 0.515625
256000 12.461538461538462 0.390625
258000 12.346153846153847 0.4375
260000 12.403846153846153 0.453125
262000 12.538461538461538 0.390625
264000 12.711538461538462 0.390625
266000 12.48076923076923 0.5625
268000 12.576923076923077 0.4375
270000 12.346153846153847 0.515625
272000 12.038461538461538 0.515625
274000 12.23076923076923 0.578125
276000 12.26923076923077 0.59375
278000 11.961538461538462 0.375
280000 11.98076923076923 0.390625
282000 12.173076923076923 0.453125
284000 12.076923076923077 0.46875
286000 12.211538461538462 0.59375
288000 12.23076923076923 0.5
290000 12.23076923076923 0.484375
292000 12.192307692307692 0.484375
294000 12.25 0.453125
296000 12.346153846153847 0.484375
298000 12.461538461538462 0.640625
300000 12.461538461538462 0.53125
302000 12.576923076923077 0.484375
304000 12.365384615384615 0.421875
306000 12.423076923076923 0.421875
308000 12.461538461538462 0.546875
310000 12.51923076923077 0.53125
312000 12.615384615384615 0.59375
314000 12.5 0.71875
316000 12.442307692307692 0.765625
318000 12.461538461538462 0.546875
320000 12.461538461538462 0.5
322000 12.423076923076923 0.546875
324000 12.115384615384615 0.453125
326000 12.23076923076923 0.59375
328000 12.346153846153847 0.453125
330000 12.25 0.703125
332000 12.288461538461538 0.625
334000 12.346153846153847 0.484375
336000 12.134615384615385 0.453125
338000 12.365384615384615 0.4375
340000 12.307692307692308 0.546875
342000 12.423076923076923 0.4375
344000 12.615384615384615 0.53125
346000 12.557692307692308 0.484375
348000 12.442307692307692 0.421875
350000 12.51923076923077 0.46875
352000 12.51923076923077 0.4375
354000 12.48076923076923 0.453125
356000 12.384615384615385 0.484375
358000 12.557692307692308 0.4375
360000 12.461538461538462 0.375
362000 12.365384615384615 0.609375
364000 12.096153846153847 0.46875
366000 12.557692307692308 0.390625
368000 12.596153846153847 0.5625
370000 12.557692307692308 0.421875
372000 12.346153846153847 0.546875
374000 12.384615384615385 0.4375
376000 12.51923076923077 0.671875
378000 12.634615384615385 0.484375
380000 12.442307692307692 0.421875
382000 12.288461538461538 0.59375
384000 12.038461538461538 0.40625
386000 12.615384615384615 0.421875
388000 12.692307692307692 0.359375
390000 12.538461538461538 0.359375
392000 12.192307692307692 0.453125
394000 12.403846153846153 0.671875
396000 12.461538461538462 0.46875
398000 12.153846153846153 0.46875
400000 12.711538461538462 0.40625
402000 12.615384615384615 0.421875
404000 12.615384615384615 0.546875
406000 12.634615384615385 0.421875
408000 12.576923076923077 0.59375
410000 12.576923076923077 0.40625
412000 12.51923076923077 0.421875
414000 12.711538461538462 0.515625
416000 12.711538461538462 0.390625
418000 12.596153846153847 0.4375
420000 12.442307692307692 0.359375
422000 12.153846153846153 0.40625
424000 12.211538461538462 0.4375
426000 12.5 0.578125
428000 12.51923076923077 0.59375
430000 12.423076923076923 0.40625
432000 12.365384615384615 0.421875
434000 12.26923076923077 0.390625
436000 12.461538461538462 0.5
438000 12.538461538461538 0.46875
440000 12.461538461538462 0.546875
442000 12.538461538461538 0.390625
444000 12.538461538461538 0.390625
446000 12.51923076923077 0.53125
448000 12.576923076923077 0.453125
450000 12.403846153846153 0.453125
452000 12.5 0.34375
454000 12.461538461538462 0.4375
456000 12.5 0.5
458000 12.461538461538462 0.59375
460000 12.365384615384615 0.53125
462000 12.365384615384615 0.328125
464000 12.307692307692308 0.578125
466000 12.384615384615385 0.421875
468000 12.307692307692308 0.546875
470000 12.326923076923077 0.53125
472000 12.576923076923077 0.53125
474000 12.384615384615385 0.453125
476000 12.423076923076923 0.421875
478000 12.423076923076923 0.546875
480000 12.557692307692308 0.625
482000 12.48076923076923 0.421875
484000 12.5 0.46875
486000 12.5 0.390625
488000 12.51923076923077 0.453125
490000 12.423076923076923 0.578125
492000 12.5 0.515625
494000 12.461538461538462 0.46875
496000 12.461538461538462 0.484375
498000 12.48076923076923 0.4375
500000 12.48076923076923 0.71875
