2000 1.25 0.328125
4000 0.9423076923076923 0.375
6000 1.3846153846153846 0.4375
8000 2.6153846153846154 0.4375
10000 3.3653846153846154 0.625
12000 4.634615384615385 0.546875
14000 8.173076923076923 0.53125
16000 10.057692307692308 0.59375
18000 9.923076923076923 0.5625
20000 9.826923076923077 0.578125
22000 10.288461538461538 0.609375
24000 10.48076923076923 0.671875
26000 9.903846153846153 0.59375
28000 10.826923076923077 0.59375
30000 10.826923076923077 0.625
32000 10.903846153846153 0.59375
34000 10.096153846153847 0.640625
36000 10.923076923076923 0.609375
38000 11.0 0.578125
40000 11.423076923076923 0.625
42000 11.615384615384615 0.75
44000 11.326923076923077 0.71875
46000 11.826923076923077 0.65625
48000 11.48076923076923 0.65625
50000 11.76923076923077 0.640625
52000 11.673076923076923 0.734375
54000 11.826923076923077 0.6875
56000 11.826923076923077 0.6875
58000 11.76923076923077 0.703125
60000 11.826923076923077 0.75
62000 11.711538461538462 0.71875
64000 11.75 0.75
66000 11.75 0.71875
68000 11.75 0.734375
70000 11.711538461538462 0.703125
72000 11.807692307692308 0.671875
74000 11.711538461538462 0.703125
76000 11.884615384615385 0.6875
78000 11.923076923076923 0.71875
80000 11.903846153846153 0.6875
82000 11.942307692307692 0.703125
84000 11.826923076923077 0.75
86000 11.884615384615385 0.75
88000 11.942307692307692 0.734375
90000 12.057692307692308 0.734375
92000 12.173076923076923 0.765625
94000 12.01923076923077 0.71875
96000 11.884615384615385 0.765625
98000 11.884615384615385 0.703125
100000 12.076923076923077 0.6875
102000 12.192307692307692 0.734375
104000 12.01923076923077 0.65625
106000 11.884615384615385 0.703125
108000 12.326923076923077 0.703125
110000 12.26923076923077 0.765625
112000 12.192307692307692 0.625
114000 12.134615384615385 0.671875
116000 12.038461538461538 0.75
118000 11.98076923076923 0.640625
120000 12.01923076923077 0.625
122000 11.865384615384615 0.625
124000 11.884615384615385 0.671875
126000 12.038461538461538 0.625
128000 12.307692307692308 0.640625
130000 12.173076923076923 0.640625
132000 11.942307692307692 0.640625
134000 12.038461538461538 0.703125
136000 11.75 0.71875
138000 12.038461538461538 0.703125
140000 11.788461538461538 0.671875
142000 12.01923076923077 0.5625
144000 11.634615384615385 0.671875
146000 11.826923076923077 0.671875
148000 11.98076923076923 0.703125
150000 12.153846153846153 0.671875
152000 12.365384615384615 0.734375
154000 12.076923076923077 0.640625
156000 11.923076923076923 0.671875
158000 11.48076923076923 0.671875
160000 12.076923076923077 0.765625
162000 11.961538461538462 0.703125
164000 12.057692307692308 0.71875
166000 11.615384615384615 0.734375
168000 12.153846153846153 0.734375
170000 11.942307692307692 0.671875
172000 12.307692307692308 0.75
174000 12.115384615384615 0.734375
176000 11.75 0.6875
178000 11.942307692307692 0.671875
180000 11.807692307692308 0.671875
182000 11.884615384615385 0.71875
184000 11.846153846153847 0.71875
186000 11.903846153846153 0.734375
188000 11.826923076923077 0.71875
190000 11.884615384615385 0.71875
192000 11.826923076923077 0.703125
194000 11.903846153846153 0.6875
196000 11.653846153846153 0.71875
198000 11.73076923076923 0.671875
200000 11.788461538461538 0.703125
202000 11.711538461538462 0.703125
204000 11.711538461538462 0.71875
206000 11.653846153846153 0.671875
208000 11.711538461538462 0.703125
210000 11.634615384615385 0.71875
212000 11.75 0.75
214000 11.865384615384615 0.78125
216000 12.115384615384615 0.734375
218000 12.153846153846153 0.765625
220000 12.365384615384615 0.71875
222000 12.01923076923077 0.75
224000 11.692307692307692 0.703125
226000 11.846153846153847 0.703125
228000 11.653846153846153 0.703125
230000 12.173076923076923 0.734375
232000 12.057692307692308 0.765625
234000 12.115384615384615 0.75
236000 12.115384615384615 0.703125
238000 12.115384615384615 0.6875
240000 12.326923076923077 0.75
242000 12.326923076923077 0.734375
244000 12.01923076923077 0.765625
246000 11.826923076923077 0.765625
248000 12.173076923076923 0.671875
250000 12.038461538461538 0.71875
252000 12.23076923076923 0.703125
254000 12.115384615384615 0.703125
256000 12.365384615384615 0.71875
258000 12.076923076923077 0.828125
260000 12.307692307692308 0.734375
262000 12.153846153846153 0.796875
264000 12.173076923076923 0.71875
266000 12.307692307692308 0.71875
268000 12.192307692307692 0.765625
270000 12.25 0.765625
272000 12.423076923076923 0.734375
274000 12.346153846153847 0.75
276000 12.384615384615385 0.6875
278000 12.288461538461538 0.71875
280000 12.307692307692308 0.6875
282000 11.961538461538462 0.765625
284000 12.73076923076923 0.703125
286000 12.423076923076923 0.703125
288000 12.5 0.71875
290000 12.365384615384615 0.71875
292000 12.384615384615385 0.734375
294000 11.846153846153847 0.78125
296000 12.403846153846153 0.703125
298000 12.692307692307692 0.703125
300000 12.5 0.765625
302000 12.326923076923077 0.71875
304000 12.403846153846153 0.71875
306000 12.48076923076923 0.6875
308000 12.442307692307692 0.703125
310000 12.461538461538462 0.75
312000 12.326923076923077 0.71875
314000 12.288461538461538 0.6875
316000 12.288461538461538 0.765625
318000 12.884615384615385 0.671875
320000 12.346153846153847 0.71875
322000 12.307692307692308 0.65625
324000 12.346153846153847 0.671875
326000 12.076923076923077 0.671875
328000 11.903846153846153 0.6875
330000 12.134615384615385 0.703125
332000 12.192307692307692 0.671875
334000 12.365384615384615 0.6875
336000 12.25 0.625
338000 12.461538461538462 0.671875
340000 12.346153846153847 0.6875
342000 12.365384615384615 0.703125
344000 12.403846153846153 0.703125
346000 12.346153846153847 0.671875
348000 12.326923076923077 0.6875
350000 12.423076923076923 0.640625
352000 12.403846153846153 0.640625
354000 12.442307692307692 0.625
356000 12.48076923076923 0.6875
358000 12.51923076923077 0.6875
360000 12.442307692307692 0.65625
362000 12.403846153846153 0.671875
364000 12.346153846153847 0.703125
366000 12.365384615384615 0.703125
368000 12.23076923076923 0.65625
370000 12.115384615384615 0.75
372000 12.596153846153847 0.734375
374000 12.692307692307692 0.703125
376000 12.634615384615385 0.703125
378000 12.961538461538462 0.75
380000 13.0 0.703125
382000 12.923076923076923 0.6875
384000 12.576923076923077 0.703125
386000 13.057692307692308 0.671875
388000 12.942307692307692 0.703125
390000 12.846153846153847 0.75
392000 12.788461538461538 0.703125
394000 12.48076923076923 0.734375
396000 12.48076923076923 0.71875
398000 12.634615384615385 0.71875
400000 12.846153846153847 0.71875
402000 12.807692307692308 0.75
404000 12.76923076923077 0.703125
406000 12.846153846153847 0.6875
408000 12.865384615384615 0.671875
410000 12.461538461538462 0.6875
412000 12.788461538461538 0.703125
414000 12.73076923076923 0.65625
416000 12.788461538461538 0.65625
418000 12.461538461538462 0.703125
420000 12.903846153846153 0.640625
422000 12.692307692307692 0.671875
424000 12.615384615384615 0.734375
426000 12.596153846153847 0.671875
428000 12.5 0.703125
430000 12.557692307692308 0.65625
432000 12.442307692307692 0.65625
434000 12.48076923076923 0.671875
436000 12.596153846153847 0.671875
438000 12.653846153846153 0.671875
440000 12.634615384615385 0.65625
442000 12.461538461538462 0.65625
444000 12.48076923076923 0.703125
446000 12.634615384615385 0.625
448000 12.538461538461538 0.625
450000 12.51923076923077 0.625
452000 12.5 0.6875
454000 12.73076923076923 0.71875
456000 12.923076923076923 0.71875
458000 13.153846153846153 0.71875
460000 13.0 0.703125
462000 13.01923076923077 0.734375
464000 13.096153846153847 0.6875
466000 13.173076923076923 0.71875
468000 13.153846153846153 0.71875
470000 13.038461538461538 0.703125
472000 13.153846153846153 0.65625
474000 13.076923076923077 0.6875
476000 13.057692307692308 0.703125
478000 13.076923076923077 0.671875
480000 13.057692307692308 0.734375
482000 13.057692307692308 0.6875
484000 13.115384615384615 0.734375
486000 13.096153846153847 0.671875
488000 13.01923076923077 0.734375
490000 12.865384615384615 0.703125
492000 13.038461538461538 0.734375
494000 13.134615384615385 0.703125
496000 13.173076923076923 0.703125
498000 13.192307692307692 0.671875
500000 13.192307692307692 0.734375
