2000 1.2115384615384615 0.78125
4000 1.1538461538461537 0.71875
6000 1.8846153846153846 0.78125
8000 1.9423076923076923 0.796875
10000 2.9615384615384617 0.796875
12000 7.096153846153846 0.765625
14000 8.173076923076923 0.859375
16000 9.826923076923077 0.796875
18000 9.826923076923077 0.8125
20000 10.865384615384615 0.78125
22000 11.596153846153847 0.75
24000 11.51923076923077 0.84375
26000 11.807692307692308 0.828125
28000 11.538461538461538 0.765625
30000 11.942307692307692 0.953125
32000 11.942307692307692 0.96875
34000 11.653846153846153 0.953125
36000 11.903846153846153 0.96875
38000 11.903846153846153 0.9375
40000 11.942307692307692 0.90625
42000 11.884615384615385 0.9375
44000 11.942307692307692 0.984375
46000 11.846153846153847 1.015625
48000 11.807692307692308 0.984375
50000 11.942307692307692 0.890625
52000 11.942307692307692 1.015625
54000 11.846153846153847 1.015625
56000 11.48076923076923 0.953125
58000 11.826923076923077 0.953125
60000 11.903846153846153 1.03125
62000 11.788461538461538 0.984375
64000 11.75 0.984375
66000 12.0 0.984375
68000 11.365384615384615 0.984375
70000 11.807692307692308 1.015625
72000 12.038461538461538 1.03125
74000 12.038461538461538 1.03125
76000 12.365384615384615 1.015625
78000 12.076923076923077 0.984375
80000 12.115384615384615 1.03125
82000 12.057692307692308 0.984375
84000 12.25 1.0
86000 12.23076923076923 1.0
88000 12.25 1.015625
90000 12.26923076923077 1.0625
92000 12.288461538461538 1.03125
94000 12.307692307692308 1.015625
96000 12.26923076923077 1.0625
98000 12.288461538461538 0.953125
100000 11.846153846153847 1.0
102000 12.326923076923077 1.015625
104000 12.115384615384615 0.984375
106000 12.076923076923077 1.015625
108000 11.942307692307692 1.078125
110000 11.98076923076923 1.046875
112000 12.076923076923077 1.046875
114000 12.115384615384615 1.078125
116000 11.98076923076923 1.03125
118000 11.865384615384615 0.953125
120000 11.98076923076923 1.015625
122000 11.903846153846153 0.953125
124000 12.173076923076923 0.875
126000 11.903846153846153 0.921875
128000 11.903846153846153 0.84375
130000 12.25 0.890625
132000 12.134615384615385 0.90625
134000 12.326923076923077 0.9375
136000 12.096153846153847 0.921875
138000 12.346153846153847 0.90625
140000 12.307692307692308 0.859375
142000 12.365384615384615 0.890625
144000 12.403846153846153 0.890625
146000 12.365384615384615 0.875
148000 12.288461538461538 0.890625
150000 12.211538461538462 0.84375
152000 12.307692307692308 0.890625
154000 12.26923076923077 0.921875
156000 12.115384615384615 0.921875
158000 12.403846153846153 0.921875
160000 12.23076923076923 0.890625
162000 12.307692307692308 1.0
164000 12.442307692307692 0.96875
166000 12.557692307692308 1.0625
168000 12.173076923076923 1.015625
170000 12.384615384615385 0.984375
172000 12.211538461538462 1.03125
174000 12.076923076923077 1.0625
176000 12.307692307692308 1.0
178000 12.25 1.015625
180000 12.25 1.015625
182000 12.423076923076923 0.9375
184000 12.076923076923077 1.03125
186000 11.903846153846153 1.0
188000 12.346153846153847 1.03125
190000 12.173076923076923 1.015625
192000 12.173076923076923 0.984375
194000 12.326923076923077 1.03125
196000 12.48076923076923 1.046875
198000 12.384615384615385 0.96875
200000 12.365384615384615 1.015625
202000 12.403846153846153 1.015625
204000 12.307692307692308 1.0
206000 12.288461538461538 1.015625
208000 12.403846153846153 1.015625
210000 12.153846153846153 1.015625
212000 12.326923076923077 0.921875
214000 12.384615384615385 1.03125
216000 12.384615384615385 1.015625
218000 12.326923076923077 0.953125
220000 12.057692307692308 0.96875
222000 12.134615384615385 1.015625
224000 12.25 0.953125
226000 12.076923076923077 0.953125
228000 12.307692307692308 0.984375
230000 12.384615384615385 1.0625
232000 12.211538461538462 1.015625
234000 12.192307692307692 0.984375
236000 12.23076923076923 0.9375
238000 12.48076923076923 1.015625
240000 12.461538461538462 0.96875
242000 12.346153846153847 0.96875
244000 12.346153846153847 0.984375
246000 12.403846153846153 1.03125
248000 12.115384615384615 1.0
250000 12.307692307692308 1.03125
252000 12.326923076923077 1.046875
254000 12.115384615384615 1.015625
256000 12.115384615384615 0.9375
258000 12.384615384615385 1.078125
260000 12.653846153846153 1.0
262000 12.326923076923077 1.015625
264000 12.25 0.9375
266000 12.115384615384615 1.015625
268000 12.26923076923077 1.0
270000 12.192307692307692 1.046875
272000 12.461538461538462 1.0
274000 12.442307692307692 1.015625
276000 12.173076923076923 0.9375
278000 12.326923076923077 0.890625
280000 12.288461538461538 1.03125
282000 12.365384615384615 1.015625
284000 12.26923076923077 1.0625
286000 12.346153846153847 1.015625
288000 12.423076923076923 0.984375
290000 12.346153846153847 0.96875
292000 12.288461538461538 1.0625
294000 12.134615384615385 1.046875
296000 12.115384615384615 1.03125
298000 12.153846153846153 1.015625
300000 12.538461538461538 1.046875
302000 12.25 0.953125
304000 12.48076923076923 0.9375
306000 12.26923076923077 1.03125
308000 12.346153846153847 0.953125
310000 12.442307692307692 1.015625
312000 12.365384615384615 1.0
314000 11.692307692307692 0.984375
316000 12.25 1.015625
318000 12.25 0.984375
320000 12.576923076923077 1.046875
322000 12.557692307692308 1.046875
324000 12.538461538461538 0.96875
326000 12.615384615384615 0.96875
328000 12.557692307692308 1.046875
330000 12.423076923076923 0.96875
332000 12.25 0.96875
334000 12.442307692307692 1.046875
336000 12.423076923076923 1.015625
338000 12.73076923076923 0.984375
340000 12.673076923076923 0.96875
342000 12.653846153846153 0.921875
344000 12.615384615384615 0.953125
346000 12.557692307692308 1.046875
348000 12.538461538461538 1.015625
350000 12.307692307692308 1.015625
352000 12.307692307692308 0.9375
354000 12.288461538461538 1.03125
356000 12.461538461538462 0.953125
358000 12.326923076923077 1.03125
360000 12.615384615384615 1.015625
362000 12.346153846153847 0.953125
364000 12.403846153846153 0.96875
366000 12.48076923076923 0.984375
368000 12.134615384615385 1.0625
370000 12.403846153846153 1.046875
372000 11.98076923076923 0.953125
374000 12.173076923076923 0.953125
376000 12.153846153846153 1.0625
378000 12.326923076923077 0.890625
380000 12.307692307692308 1.0
382000 12.192307692307692 0.96875
384000 12.115384615384615 0.96875
386000 12.192307692307692 1.046875
388000 12.365384615384615 1.03125
390000 12.346153846153847 0.90625
392000 12.461538461538462 0.90625
394000 12.346153846153847 0.90625
396000 12.326923076923077 0.921875
398000 12.326923076923077 0.90625
400000 12.596153846153847 0.859375
402000 12.461538461538462 0.96875
404000 12.5 0.890625
406000 12.538461538461538 0.84375
408000 12.461538461538462 0.84375
410000 12.615384615384615 0.9375
412000 12.442307692307692 0.875
414000 12.384615384615385 0.96875
416000 12.557692307692308 0.890625
418000 12.634615384615385 0.90625
420000 12.826923076923077 0.890625
422000 12.73076923076923 0.96875
424000 12.884615384615385 0.84375
426000 12.865384615384615 1.0
428000 12.48076923076923 1.0
430000 12.557692307692308 0.875
432000 12.788461538461538 1.0625
434000 12.75 0.953125
436000 12.846153846153847 0.953125
438000 12.596153846153847 0.828125
440000 12.788461538461538 0.921875
442000 12.76923076923077 0.859375
444000 12.846153846153847 0.859375
446000 12.826923076923077 0.859375
448000 12.788461538461538 0.9375
450000 12.73076923076923 0.984375
452000 12.576923076923077 0.84375
454000 12.538461538461538 0.84375
456000 12.26923076923077 1.015625
458000 12.557692307692308 0.875
460000 12.26923076923077 0.90625
462000 12.23076923076923 0.84375
464000 12.211538461538462 0.90625
466000 12.557692307692308 0.921875
468000 12.634615384615385 0.890625
470000 12.442307692307692 0.859375
472000 12.51923076923077 0.953125
474000 12.461538461538462 0.90625
476000 12.538461538461538 0.984375
478000 12.538461538461538 1.078125
480000 12.538461538461538 0.96875
482000 12.557692307692308 1.046875
484000 12.76923076923077 1.03125
486000 12.75 0.953125
488000 12.538461538461538 1.046875
490000 12.538461538461538 1.0
492000 12.5 1.015625
494000 12.538461538461538 0.9375
496000 12.538461538461538 1.09375
498000 12.538461538461538 0.703125
500000 12.538461538461538 0.75
