2000 6.673076923076923 0.578125
4000 8.326923076923077 0.578125
6000 10.211538461538462 0.609375
8000 10.134615384615385 0.65625
10000 10.211538461538462 0.59375
12000 11.75 0.5625
14000 11.557692307692308 0.546875
16000 11.903846153846153 0.65625
18000 11.903846153846153 0.625
20000 11.903846153846153 0.53125
22000 11.903846153846153 0.578125
24000 11.48076923076923 0.578125
26000 11.442307692307692 0.640625
28000 11.384615384615385 0.65625
30000 11.51923076923077 0.609375
32000 11.51923076923077 0.71875
34000 11.461538461538462 0.671875
36000 11.5 0.671875
38000 11.442307692307692 0.6875
40000 11.865384615384615 0.703125
42000 11.403846153846153 0.71875
44000 11.442307692307692 0.703125
46000 11.403846153846153 0.671875
48000 11.807692307692308 0.625
50000 11.442307692307692 0.8125
52000 11.442307692307692 0.71875
54000 11.692307692307692 0.703125
56000 11.634615384615385 0.765625
58000 11.961538461538462 0.75
60000 11.865384615384615 0.71875
62000 11.538461538461538 0.671875
64000 11.826923076923077 0.71875
66000 11.75 0.71875
68000 11.826923076923077 0.703125
70000 11.711538461538462 0.75
72000 11.846153846153847 0.71875
74000 11.961538461538462 0.71875
76000 11.846153846153847 0.78125
78000 12.173076923076923 0.734375
80000 11.98076923076923 0.6875
82000 11.903846153846153 0.6875
84000 12.057692307692308 0.71875
86000 12.076923076923077 0.640625
88000 12.115384615384615 0.75
90000 11.961538461538462 0.71875
92000 12.038461538461538 0.75
94000 12.173076923076923 0.75
96000 12.134615384615385 0.71875
98000 12.096153846153847 0.65625
100000 12.038461538461538 0.6875
102000 12.115384615384615 0.75
104000 12.096153846153847 0.734375
106000 12.115384615384615 0.65625
108000 12.076923076923077 0.703125
110000 12.173076923076923 0.6875
112000 12.076923076923077 0.6875
114000 12.173076923076923 0.71875
116000 12.26923076923077 0.671875
118000 12.076923076923077 0.6875
120000 12.0 0.640625
122000 11.807692307692308 0.640625
124000 11.98076923076923 0.65625
126000 12.01923076923077 0.71875
128000 12.192307692307692 0.71875
130000 12.153846153846153 0.625
132000 12.038461538461538 0.671875
134000 12.115384615384615 0.71875
136000 12.153846153846153 0.6875
138000 11.98076923076923 0.703125
140000 11.942307692307692 0.65625
142000 12.211538461538462 0.703125
144000 12.0 0.640625
146000 12.01923076923077 0.703125
148000 12.115384615384615 0.6875
150000 11.865384615384615 0.71875
152000 12.038461538461538 0.71875
154000 12.038461538461538 0.765625
156000 12.0 0.765625
158000 12.0 0.71875
160000 12.115384615384615 0.6875
162000 12.134615384615385 0.65625
164000 12.211538461538462 0.734375
166000 12.153846153846153 0.734375
168000 12.173076923076923 0.734375
170000 12.076923076923077 0.671875
172000 12.076923076923077 0.734375
174000 12.134615384615385 0.75
176000 12.192307692307692 0.734375
178000 11.942307692307692 0.6875
180000 12.0 0.71875
182000 12.326923076923077 0.765625
184000 12.288461538461538 0.703125
186000 12.326923076923077 0.6875
188000 12.153846153846153 0.671875
190000 12.134615384615385 0.734375
192000 12.038461538461538 0.734375
194000 12.173076923076923 0.703125
196000 12.096153846153847 0.6875
198000 11.903846153846153 0.703125
200000 11.923076923076923 0.6875
202000 12.096153846153847 0.734375
204000 11.846153846153847 0.765625
206000 11.807692307692308 0.765625
208000 11.961538461538462 0.671875
210000 12.173076923076923 0.75
212000 12.01923076923077 0.75
214000 12.01923076923077 0.71875
216000 12.096153846153847 0.75
218000 11.923076923076923 0.6875
220000 11.961538461538462 0.734375
222000 12.096153846153847 0.71875
224000 12.115384615384615 0.765625
226000 12.173076923076923 0.75
228000 11.711538461538462 0.65625
230000 12.288461538461538 0.75
232000 12.115384615384615 0.78125
234000 11.846153846153847 0.71875
236000 11.788461538461538 0.734375
238000 12.115384615384615 0.703125
240000 12.173076923076923 0.703125
242000 12.192307692307692 0.71875
244000 12.192307692307692 0.703125
246000 12.115384615384615 0.703125
248000 12.173076923076923 0.703125
250000 11.942307692307692 0.6875
252000 12.25 0.671875
254000 11.846153846153847 0.703125
256000 12.134615384615385 0.65625
258000 12.307692307692308 0.71875
260000 12.307692307692308 0.75
262000 12.326923076923077 0.703125
264000 12.326923076923077 0.71875
266000 12.307692307692308 0.765625
268000 12.26923076923077 0.734375
270000 12.211538461538462 0.734375
272000 12.307692307692308 0.671875
274000 12.346153846153847 0.703125
276000 12.346153846153847 0.734375
278000 12.26923076923077 0.765625
280000 11.865384615384615 0.765625
282000 11.192307692307692 0.75
284000 12.346153846153847 0.75
286000 12.25 0.75
288000 12.192307692307692 0.734375
290000 12.25 0.75
292000 12.038461538461538 0.796875
294000 11.865384615384615 0.703125
296000 12.153846153846153 0.75
298000 12.038461538461538 0.6875
300000 11.961538461538462 0.71875
302000 11.884615384615385 0.75
304000 11.442307692307692 0.75
306000 11.76923076923077 0.71875
308000 12.403846153846153 0.734375
310000 12.211538461538462 0.6875
312000 12.115384615384615 0.65625
314000 12.307692307692308 0.640625
316000 12.115384615384615 0.65625
318000 12.26923076923077 0.671875
320000 12.25 0.703125
322000 11.788461538461538 0.6875
324000 11.692307692307692 0.671875
326000 12.0 0.703125
328000 12.307692307692308 0.640625
330000 12.365384615384615 0.703125
332000 11.942307692307692 0.671875
334000 12.038461538461538 0.703125
336000 11.134615384615385 0.671875
338000 12.057692307692308 0.640625
340000 12.326923076923077 0.6875
342000 12.288461538461538 0.65625
344000 12.211538461538462 0.71875
346000 12.365384615384615 0.640625
348000 12.326923076923077 0.65625
350000 12.288461538461538 0.65625
352000 12.288461538461538 0.703125
354000 12.346153846153847 0.671875
356000 12.326923076923077 0.671875
358000 12.173076923076923 0.796875
360000 12.307692307692308 0.734375
362000 12.442307692307692 0.734375
364000 12.442307692307692 0.71875
366000 12.365384615384615 0.703125
368000 12.403846153846153 0.765625
370000 12.307692307692308 0.703125
372000 12.23076923076923 0.703125
374000 12.0 0.796875
376000 12.307692307692308 0.765625
378000 11.98076923076923 0.734375
380000 12.173076923076923 0.6875
382000 11.98076923076923 0.734375
384000 12.211538461538462 0.71875
386000 12.096153846153847 0.703125
388000 12.192307692307692 0.75
390000 12.211538461538462 0.734375
392000 12.211538461538462 0.65625
394000 12.26923076923077 0.6875
396000 12.26923076923077 0.734375
398000 12.0 0.703125
400000 12.23076923076923 0.703125
402000 12.115384615384615 0.703125
404000 12.23076923076923 0.625
406000 12.173076923076923 0.734375
408000 12.134615384615385 0.671875
410000 12.211538461538462 0.65625
412000 12.211538461538462 0.6875
414000 12.26923076923077 0.6875
416000 12.365384615384615 0.71875
418000 12.346153846153847 0.65625
420000 12.48076923076923 0.640625
422000 12.403846153846153 0.671875
424000 12.26923076923077 0.703125
426000 12.153846153846153 0.65625
428000 12.288461538461538 0.640625
430000 12.25 0.6875
432000 12.51923076923077 0.703125
434000 12.538461538461538 0.609375
436000 12.384615384615385 0.6875
438000 12.403846153846153 0.734375
440000 12.442307692307692 0.71875
442000 12.461538461538462 0.6875
444000 12.25 0.703125
446000 12.192307692307692 0.703125
448000 12.365384615384615 0.734375
450000 12.403846153846153 0.703125
452000 12.134615384615385 0.703125
454000 12.173076923076923 0.71875
456000 12.346153846153847 0.734375
458000 12.326923076923077 0.75
460000 12.307692307692308 0.671875
462000 12.346153846153847 0.71875
464000 12.326923076923077 0.71875
466000 12.25 0.71875
468000 12.365384615384615 0.75
470000 12.403846153846153 0.671875
472000 12.48076923076923 0.734375
474000 12.423076923076923 0.6875
476000 12.346153846153847 0.703125
478000 12.326923076923077 0.75
480000 12.48076923076923 0.703125
482000 12.403846153846153 0.734375
484000 12.423076923076923 0.71875
486000 12.403846153846153 0.671875
488000 12.403846153846153 0.484375
490000 12.403846153846153 0.453125
492000 12.403846153846153 0.453125
494000 12.403846153846153 0.4375
496000 12.403846153846153 0.453125
498000 12.403846153846153 0.46875
500000 12.403846153846153 0.5
