2000 6.519230769230769 0.625
4000 8.0 0.6875
6000 9.634615384615385 0.75
8000 9.5 0.796875
10000 10.211538461538462 0.78125
12000 10.211538461538462 0.71875
14000 9.961538461538462 0.75
16000 11.173076923076923 0.796875
18000 11.788461538461538 0.734375
20000 11.288461538461538 0.78125
22000 11.884615384615385 0.828125
24000 11.826923076923077 0.84375
26000 11.807692307692308 0.859375
28000 11.884615384615385 0.78125
30000 11.865384615384615 0.78125
32000 11.826923076923077 0.890625
34000 11.884615384615385 0.890625
36000 11.346153846153847 0.859375
38000 11.403846153846153 0.9375
40000 11.384615384615385 0.890625
42000 11.403846153846153 0.921875
44000 11.711538461538462 0.875
46000 11.73076923076923 0.9375
48000 11.711538461538462 0.984375
50000 11.76923076923077 0.96875
52000 11.75 1.0
54000 11.423076923076923 1.03125
56000 11.576923076923077 1.0625
58000 11.961538461538462 0.96875
60000 11.865384615384615 0.984375
62000 11.51923076923077 0.96875
64000 11.5 1.046875
66000 11.673076923076923 1.046875
68000 11.615384615384615 1.09375
70000 11.596153846153847 1.015625
72000 11.98076923076923 1.03125
74000 11.826923076923077 0.984375
76000 11.596153846153847 1.015625
78000 11.73076923076923 1.0
80000 11.923076923076923 1.015625
82000 11.98076923076923 1.046875
84000 12.0 0.953125
86000 11.865384615384615 1.015625
88000 11.942307692307692 1.046875
90000 12.038461538461538 0.984375
92000 12.153846153846153 1.0625
94000 11.923076923076923 0.9375
96000 10.961538461538462 0.9375
98000 11.865384615384615 0.984375
100000 12.173076923076923 0.984375
102000 12.076923076923077 1.03125
104000 11.98076923076923 1.046875
106000 12.038461538461538 1.046875
108000 12.076923076923077 1.046875
110000 12.01923076923077 1.015625
112000 11.923076923076923 0.96875
114000 11.98076923076923 1.03125
116000 12.038461538461538 1.0
118000 11.403846153846153 1.0
120000 11.365384615384615 1.015625
122000 11.384615384615385 1.03125
124000 11.73076923076923 1.015625
126000 12.115384615384615 0.875
128000 11.826923076923077 0.890625
130000 11.865384615384615 0.921875
132000 11.98076923076923 0.890625
134000 11.923076923076923 0.875
136000 12.0 0.828125
138000 11.961538461538462 0.890625
140000 12.153846153846153 0.953125
142000 11.884615384615385 0.9375
144000 11.942307692307692 0.859375
146000 11.884615384615385 0.90625
148000 11.846153846153847 0.859375
150000 11.923076923076923 0.890625
152000 12.01923076923077 0.875
154000 12.038461538461538 0.875
156000 12.23076923076923 0.84375
158000 12.0 0.875
160000 12.01923076923077 0.921875
162000 11.961538461538462 0.953125
164000 11.73076923076923 0.921875
166000 12.134615384615385 0.984375
168000 12.115384615384615 0.953125
170000 12.076923076923077 1.078125
172000 11.903846153846153 1.015625
174000 11.711538461538462 1.078125
176000 11.826923076923077 1.03125
178000 12.0 0.984375
180000 11.807692307692308 1.0
182000 12.057692307692308 1.015625
184000 11.884615384615385 0.96875
186000 11.846153846153847 1.03125
188000 11.788461538461538 0.984375
190000 12.115384615384615 1.046875
192000 11.846153846153847 0.984375
194000 12.134615384615385 1.046875
196000 11.923076923076923 1.0625
198000 12.076923076923077 1.015625
200000 12.153846153846153 1.015625
202000 12.134615384615385 0.90625
204000 12.115384615384615 0.984375
206000 12.076923076923077 0.96875
208000 12.0 1.0625
210000 12.115384615384615 1.0
212000 12.115384615384615 0.984375
214000 12.096153846153847 0.96875
216000 11.942307692307692 0.9375
218000 12.307692307692308 1.046875
220000 12.211538461538462 0.9375
222000 11.923076923076923 0.953125
224000 11.846153846153847 1.0
226000 11.788461538461538 0.890625
228000 12.25 0.9375
230000 12.076923076923077 1.0
232000 12.192307692307692 1.015625
234000 12.192307692307692 0.984375
236000 12.115384615384615 0.96875
238000 11.76923076923077 0.96875
240000 12.0 0.9375
242000 11.76923076923077 0.984375
244000 11.846153846153847 1.0
246000 11.576923076923077 0.96875
248000 11.865384615384615 1.015625
250000 12.134615384615385 0.96875
252000 11.923076923076923 0.96875
254000 12.076923076923077 1.078125
256000 11.73076923076923 1.03125
258000 11.788461538461538 0.984375
260000 12.076923076923077 0.921875
262000 12.057692307692308 1.03125
264000 11.288461538461538 1.09375
266000 11.865384615384615 0.984375
268000 12.0 1.078125
270000 11.942307692307692 1.0
272000 12.0 0.9375
274000 11.923076923076923 0.9375
276000 11.884615384615385 1.03125
278000 11.942307692307692 0.96875
280000 12.115384615384615 1.03125
282000 12.134615384615385 0.984375
284000 12.153846153846153 1.0
286000 12.096153846153847 0.984375
288000 12.346153846153847 0.96875
290000 12.192307692307692 0.90625
292000 12.25 0.984375
294000 12.26923076923077 0.96875
296000 12.288461538461538 1.0
298000 12.115384615384615 0.9375
300000 12.192307692307692 1.0
302000 12.153846153846153 1.03125
304000 12.25 0.953125
306000 12.25 0.96875
308000 12.23076923076923 0.953125
310000 12.115384615384615 0.96875
312000 12.25 0.9375
314000 12.096153846153847 1.015625
316000 12.173076923076923 1.0
318000 12.134615384615385 0.984375
320000 12.01923076923077 1.0
322000 12.192307692307692 0.921875
324000 12.192307692307692 1.0625
326000 12.307692307692308 1.015625
328000 12.25 1.03125
330000 12.403846153846153 1.015625
332000 12.307692307692308 1.0
334000 12.384615384615385 0.953125
336000 12.423076923076923 0.984375
338000 12.288461538461538 0.984375
340000 12.442307692307692 0.984375
342000 12.461538461538462 1.015625
344000 12.134615384615385 0.96875
346000 12.423076923076923 1.03125
348000 12.173076923076923 0.953125
350000 12.384615384615385 0.984375
352000 12.307692307692308 0.96875
354000 12.403846153846153 0.96875
356000 12.076923076923077 1.03125
358000 12.096153846153847 1.03125
360000 12.23076923076923 0.9375
362000 12.384615384615385 1.109375
364000 12.51923076923077 1.03125
366000 12.538461538461538 0.953125
368000 12.423076923076923 0.96875
370000 12.48076923076923 1.015625
372000 12.346153846153847 1.078125
374000 12.384615384615385 1.0
376000 12.365384615384615 1.0
378000 12.442307692307692 0.984375
380000 12.192307692307692 1.0
382000 12.076923076923077 1.03125
384000 12.326923076923077 0.984375
386000 12.0 1.0625
388000 12.26923076923077 0.953125
390000 12.442307692307692 1.03125
392000 12.538461538461538 1.0
394000 12.5 0.9375
396000 12.442307692307692 0.875
398000 12.307692307692308 0.984375
400000 12.403846153846153 0.890625
402000 12.48076923076923 0.875
404000 12.48076923076923 0.921875
406000 12.5 0.90625
408000 12.576923076923077 0.90625
410000 12.538461538461538 0.875
412000 12.538461538461538 0.90625
414000 12.5 0.921875
416000 12.346153846153847 0.921875
418000 12.51923076923077 0.921875
420000 12.51923076923077 0.890625
422000 12.442307692307692 0.84375
424000 12.173076923076923 0.96875
426000 12.307692307692308 0.890625
428000 12.346153846153847 0.9375
430000 12.384615384615385 0.953125
432000 12.326923076923077 0.90625
434000 12.288461538461538 0.90625
436000 12.25 1.0
438000 12.192307692307692 0.984375
440000 12.346153846153847 0.890625
442000 12.461538461538462 0.859375
444000 12.51923076923077 0.875
446000 12.51923076923077 0.875
448000 12.346153846153847 0.875
450000 12.423076923076923 0.9375
452000 12.423076923076923 0.859375
454000 12.442307692307692 0.921875
456000 12.365384615384615 0.8125
458000 12.307692307692308 0.9375
460000 12.326923076923077 0.875
462000 12.48076923076923 0.859375
464000 12.51923076923077 0.9375
466000 12.48076923076923 1.015625
468000 12.48076923076923 0.859375
470000 12.365384615384615 0.984375
472000 12.25 0.828125
474000 12.384615384615385 0.921875
476000 12.5 0.984375
478000 12.51923076923077 0.859375
480000 12.423076923076923 0.953125
482000 12.461538461538462 0.984375
484000 12.442307692307692 1.0
486000 12.557692307692308 1.0
488000 12.538461538461538 1.015625
490000 12.538461538461538 1.0
492000 12.403846153846153 1.03125
494000 12.403846153846153 0.984375
496000 12.442307692307692 0.96875
498000 12.365384615384615 1.0
500000 12.403846153846153 1.046875
