2000 15.596153846153847 15.596153846153847 88.98076923076923 0.3766025641025641 135.8653846153846 45.28846153846154 1.1730769230769231 44.11538461538461 0.772108200006187
4000 6.711538461538462 6.711538461538462 104.59615384615384 0.20512820512820512 135.8653846153846 45.28846153846154 1.1153846153846154 44.17307692307692 0.9615326998755336
6000 7.1923076923076925 7.1923076923076925 101.6923076923077 0.2676282051282051 135.8653846153846 45.28846153846154 1.1153846153846154 44.17307692307692 1.029051800025627
8000 39.69230769230769 39.69230769230769 84.71153846153847 0.4230769230769231 135.8653846153846 45.28846153846154 4.865384615384615 40.42307692307692 1.1608088000211865
10000 35.30769230769231 35.30769230769231 89.61538461538461 0.4439102564102564 135.8653846153846 45.28846153846154 1.1153846153846154 44.17307692307692 1.1352509998250753
12000 105.21153846153847 105.21153846153847 75.11538461538461 0.5737179487179487 135.8653846153846 45.28846153846154 1.1153846153846154 44.17307692307692 1.1731626000255346
14000 108.92307692307692 108.92307692307692 73.84615384615384 0.5689102564102565 135.8653846153846 45.28846153846154 1.1923076923076923 44.09615384615385 1.3074862998910248
16000 109.65384615384616 109.65384615384616 73.63461538461539 0.5785256410256411 135.8653846153846 45.28846153846154 1.1153846153846154 44.17307692307692 1.336268899962306
18000 129.34615384615384 129.34615384615384 70.38461538461539 0.6073717948717949 135.8653846153846 45.28846153846154 1.1153846153846154 44.17307692307692 1.2536195998545736
20000 130.8846153846154 130.8846153846154 70.25 0.6137820512820513 135.8653846153846 45.28846153846154 1.1153846153846154 44.17307692307692 1.174601700156927
22000 130.8846153846154 130.8846153846154 70.25 0.6137820512820513 135.8653846153846 45.28846153846154 1.1153846153846154 44.17307692307692 1.3500033000018448
24000 137.84615384615384 137.84615384615384 69.84615384615384 0.6185897435897437 135.8653846153846 45.28846153846154 1.1153846153846154 44.17307692307692 1.2805437999777496
26000 153.90384615384616 153.90384615384616 68.34615384615384 0.6330128205128206 135.8653846153846 45.28846153846154 1.1153846153846154 44.17307692307692 1.254179600160569
28000 153.90384615384616 153.90384615384616 68.34615384615384 0.6330128205128206 135.8653846153846 45.28846153846154 1.1153846153846154 44.17307692307692 1.2061584999319166
30000 153.90384615384616 153.90384615384616 68.34615384615384 0.6330128205128206 135.8653846153846 45.28846153846154 1.1153846153846154 44.17307692307692 1.227643300080672
32000 153.90384615384616 153.90384615384616 68.34615384615384 0.6330128205128206 135.8653846153846 45.28846153846154 1.1153846153846154 44.17307692307692 1.3308138998690993
34000 205.23076923076923 205.23076923076923 62.90384615384615 0.6522435897435899 135.8653846153846 45.28846153846154 1.1153846153846154 44.17307692307692 1.3328088000416756
36000 205.23076923076923 205.23076923076923 62.90384615384615 0.6522435897435899 135.8653846153846 45.28846153846154 1.1153846153846154 44.17307692307692 1.194845600053668
38000 205.23076923076923 205.23076923076923 62.90384615384615 0.6522435897435899 135.8653846153846 45.28846153846154 1.1153846153846154 44.17307692307692 1.3370517999865115
40000 205.23076923076923 205.23076923076923 62.90384615384615 0.6522435897435899 135.8653846153846 45.28846153846154 1.1153846153846154 44.17307692307692 1.2568119999486953
42000 205.23076923076923 205.23076923076923 62.90384615384615 0.6522435897435899 135.8653846153846 45.28846153846154 1.1153846153846154 44.17307692307692 1.3106666000094265
44000 205.23076923076923 205.23076923076923 62.90384615384615 0.6522435897435899 135.8653846153846 45.28846153846154 1.1153846153846154 44.17307692307692 1.1802541001234204
46000 205.23076923076923 205.23076923076923 62.90384615384615 0.6522435897435899 135.8653846153846 45.28846153846154 1.1153846153846154 44.17307692307692 1.354853699915111
48000 205.23076923076923 205.23076923076923 62.90384615384615 0.6522435897435899 135.8653846153846 45.28846153846154 1.1153846153846154 44.17307692307692 1.2208610998932272
50000 205.23076923076923 205.23076923076923 62.90384615384615 0.6522435897435899 135.8653846153846 45.28846153846154 1.1153846153846154 44.17307692307692 1.1824477000627667
52000 205.23076923076923 205.23076923076923 62.90384615384615 0.6522435897435899 135.8653846153846 45.28846153846154 1.1153846153846154 44.17307692307692 1.2697107000276446
54000 205.23076923076923 205.23076923076923 62.90384615384615 0.6522435897435899 135.8653846153846 45.28846153846154 1.1153846153846154 44.17307692307692 1.5100663998164237
56000 205.23076923076923 205.23076923076923 62.90384615384615 0.6522435897435899 135.8653846153846 45.28846153846154 1.1153846153846154 44.17307692307692 1.2237683001440018
58000 205.23076923076923 205.23076923076923 62.90384615384615 0.6522435897435899 135.8653846153846 45.28846153846154 1.1153846153846154 44.17307692307692 1.3384483999107033
60000 205.23076923076923 205.23076923076923 62.90384615384615 0.6522435897435899 135.8653846153846 45.28846153846154 1.1153846153846154 44.17307692307692 1.2197153999004513
62000 205.23076923076923 205.23076923076923 62.90384615384615 0.6522435897435899 135.8653846153846 45.28846153846154 1.1153846153846154 44.17307692307692 1.2179560998920351
64000 205.23076923076923 205.23076923076923 62.90384615384615 0.6522435897435899 135.8653846153846 45.28846153846154 1.1153846153846154 44.17307692307692 1.2492302001919597
66000 205.23076923076923 205.23076923076923 62.90384615384615 0.6522435897435899 135.8653846153846 45.28846153846154 1.1153846153846154 44.17307692307692 1.3021857000421733
68000 205.23076923076923 205.23076923076923 62.90384615384615 0.6522435897435899 135.8653846153846 45.28846153846154 1.1153846153846154 44.17307692307692 1.255969800055027
70000 205.23076923076923 205.23076923076923 62.90384615384615 0.6522435897435899 135.8653846153846 45.28846153846154 1.1153846153846154 44.17307692307692 1.384250600123778
72000 205.23076923076923 205.23076923076923 62.90384615384615 0.6522435897435899 135.8653846153846 45.28846153846154 1.1153846153846154 44.17307692307692 1.2214174999389797
74000 205.23076923076923 205.23076923076923 62.90384615384615 0.6522435897435899 135.8653846153846 45.28846153846154 1.1153846153846154 44.17307692307692 1.2473885000217706
76000 205.23076923076923 205.23076923076923 62.90384615384615 0.6522435897435899 135.8653846153846 45.28846153846154 1.1153846153846154 44.17307692307692 1.293993900064379
78000 285.13461538461536 285.13461538461536 63.11538461538461 0.6810897435897437 135.8653846153846 45.28846153846154 3.0 42.28846153846154 1.4157104999758303
80000 285.13461538461536 285.13461538461536 63.11538461538461 0.6810897435897437 135.8653846153846 45.28846153846154 3.0 42.28846153846154 1.2447158000431955
82000 285.13461538461536 285.13461538461536 63.11538461538461 0.6810897435897437 135.8653846153846 45.28846153846154 3.0 42.28846153846154 1.3393021998926997
84000 285.13461538461536 285.13461538461536 63.11538461538461 0.6810897435897437 135.8653846153846 45.28846153846154 3.0 42.28846153846154 1.2411527000367641
86000 285.13461538461536 285.13461538461536 63.11538461538461 0.6810897435897437 135.8653846153846 45.28846153846154 3.0 42.28846153846154 1.3092124001123011
88000 285.13461538461536 285.13461538461536 63.11538461538461 0.6810897435897437 135.8653846153846 45.28846153846154 3.0 42.28846153846154 1.2061622000765055
90000 285.13461538461536 285.13461538461536 63.11538461538461 0.6810897435897437 135.8653846153846 45.28846153846154 3.0 42.28846153846154 1.3711722998414189
92000 285.13461538461536 285.13461538461536 63.11538461538461 0.6810897435897437 135.8653846153846 45.28846153846154 3.0 42.28846153846154 1.2814133998472244
94000 285.13461538461536 285.13461538461536 63.11538461538461 0.6810897435897437 135.8653846153846 45.28846153846154 3.0 42.28846153846154 1.3370880000293255
96000 285.13461538461536 285.13461538461536 63.11538461538461 0.6810897435897437 135.8653846153846 45.28846153846154 3.0 42.28846153846154 1.2679944999981672
98000 285.13461538461536 285.13461538461536 63.11538461538461 0.6810897435897437 135.8653846153846 45.28846153846154 3.0 42.28846153846154 1.3018219999503344
100000 285.13461538461536 285.13461538461536 63.11538461538461 0.6810897435897437 135.8653846153846 45.28846153846154 3.0 42.28846153846154 1.3186063000466675
102000 285.13461538461536 285.13461538461536 63.11538461538461 0.6810897435897437 135.8653846153846 45.28846153846154 3.0 42.28846153846154 1.432823000010103
104000 285.13461538461536 285.13461538461536 63.11538461538461 0.6810897435897437 135.8653846153846 45.28846153846154 3.0 42.28846153846154 1.3724185000173748
106000 285.13461538461536 285.13461538461536 63.11538461538461 0.6810897435897437 135.8653846153846 45.28846153846154 3.0 42.28846153846154 1.3226533001288772
108000 285.13461538461536 285.13461538461536 63.11538461538461 0.6810897435897437 135.8653846153846 45.28846153846154 3.0 42.28846153846154 1.208135100081563
110000 285.13461538461536 285.13461538461536 63.11538461538461 0.6810897435897437 135.8653846153846 45.28846153846154 3.0 42.28846153846154 1.2190020999405533
112000 285.13461538461536 285.13461538461536 63.11538461538461 0.6810897435897437 135.8653846153846 45.28846153846154 3.0 42.28846153846154 1.226738499943167
114000 285.13461538461536 285.13461538461536 63.11538461538461 0.6810897435897437 135.8653846153846 45.28846153846154 3.0 42.28846153846154 1.3373589999973774
116000 285.13461538461536 285.13461538461536 63.11538461538461 0.6810897435897437 135.8653846153846 45.28846153846154 3.0 42.28846153846154 1.3592894000466913
118000 285.13461538461536 285.13461538461536 63.11538461538461 0.6810897435897437 135.8653846153846 45.28846153846154 3.0 42.28846153846154 1.3687426999676973
120000 285.13461538461536 285.13461538461536 63.11538461538461 0.6810897435897437 135.8653846153846 45.28846153846154 3.0 42.28846153846154 1.4282861999236047
122000 285.13461538461536 285.13461538461536 63.11538461538461 0.6810897435897437 135.8653846153846 45.28846153846154 3.0 42.28846153846154 1.3638434000313282
124000 285.13461538461536 285.13461538461536 63.11538461538461 0.6810897435897437 135.8653846153846 45.28846153846154 3.0 42.28846153846154 1.33226289995946
126000 285.13461538461536 285.13461538461536 63.11538461538461 0.6810897435897437 135.8653846153846 45.28846153846154 3.0 42.28846153846154 1.2403861000202596
128000 285.13461538461536 285.13461538461536 63.11538461538461 0.6810897435897437 135.8653846153846 45.28846153846154 3.0 42.28846153846154 1.2365403000731021
130000 285.13461538461536 285.13461538461536 63.11538461538461 0.6810897435897437 135.8653846153846 45.28846153846154 3.0 42.28846153846154 1.282870399998501
132000 285.13461538461536 285.13461538461536 63.11538461538461 0.6810897435897437 135.8653846153846 45.28846153846154 3.0 42.28846153846154 1.388808700023219
134000 285.13461538461536 285.13461538461536 63.11538461538461 0.6810897435897437 135.8653846153846 45.28846153846154 3.0 42.28846153846154 1.267297799931839
136000 285.13461538461536 285.13461538461536 63.11538461538461 0.6810897435897437 135.8653846153846 45.28846153846154 3.0 42.28846153846154 1.2846005000174046
138000 285.13461538461536 285.13461538461536 63.11538461538461 0.6810897435897437 135.8653846153846 45.28846153846154 3.0 42.28846153846154 1.2581274001859128
140000 285.13461538461536 285.13461538461536 63.11538461538461 0.6810897435897437 135.8653846153846 45.28846153846154 3.0 42.28846153846154 1.3899083998985589
142000 285.13461538461536 285.13461538461536 63.11538461538461 0.6810897435897437 135.8653846153846 45.28846153846154 3.0 42.28846153846154 1.4168153000064194
144000 285.13461538461536 285.13461538461536 63.11538461538461 0.6810897435897437 135.8653846153846 45.28846153846154 3.0 42.28846153846154 1.3423812999390066
146000 285.13461538461536 285.13461538461536 63.11538461538461 0.6810897435897437 135.8653846153846 45.28846153846154 3.0 42.28846153846154 1.2968373000621796
148000 285.13461538461536 285.13461538461536 63.11538461538461 0.6810897435897437 135.8653846153846 45.28846153846154 3.0 42.28846153846154 1.3170028000604361
150000 285.13461538461536 285.13461538461536 63.11538461538461 0.6810897435897437 135.8653846153846 45.28846153846154 3.0 42.28846153846154 1.2944455998949707
152000 285.13461538461536 285.13461538461536 63.11538461538461 0.6810897435897437 135.8653846153846 45.28846153846154 3.0 42.28846153846154 1.2874169000424445
154000 285.13461538461536 285.13461538461536 63.11538461538461 0.6810897435897437 135.8653846153846 45.28846153846154 3.0 42.28846153846154 1.2366748999338597
156000 285.13461538461536 285.13461538461536 63.11538461538461 0.6810897435897437 135.8653846153846 45.28846153846154 3.0 42.28846153846154 1.2422094999346882
158000 285.13461538461536 285.13461538461536 63.11538461538461 0.6810897435897437 135.8653846153846 45.28846153846154 3.0 42.28846153846154 1.4174347000662237
160000 285.13461538461536 285.13461538461536 63.11538461538461 0.6810897435897437 135.8653846153846 45.28846153846154 3.0 42.28846153846154 1.2933220998384058
162000 285.13461538461536 285.13461538461536 63.11538461538461 0.6810897435897437 135.8653846153846 45.28846153846154 3.0 42.28846153846154 1.191439599962905
164000 285.13461538461536 285.13461538461536 63.11538461538461 0.6810897435897437 135.8653846153846 45.28846153846154 3.0 42.28846153846154 1.274213599972427
166000 285.13461538461536 285.13461538461536 63.11538461538461 0.6810897435897437 135.8653846153846 45.28846153846154 3.0 42.28846153846154 1.232533800182864
168000 285.13461538461536 285.13461538461536 63.11538461538461 0.6810897435897437 135.8653846153846 45.28846153846154 3.0 42.28846153846154 1.2196422000415623
170000 285.13461538461536 285.13461538461536 63.11538461538461 0.6810897435897437 135.8653846153846 45.28846153846154 3.0 42.28846153846154 1.2563636000268161
172000 285.13461538461536 285.13461538461536 63.11538461538461 0.6810897435897437 135.8653846153846 45.28846153846154 3.0 42.28846153846154 1.2278932998888195
174000 285.13461538461536 285.13461538461536 63.11538461538461 0.6810897435897437 135.8653846153846 45.28846153846154 3.0 42.28846153846154 1.3090254000853747
176000 285.13461538461536 285.13461538461536 63.11538461538461 0.6810897435897437 135.8653846153846 45.28846153846154 3.0 42.28846153846154 1.2655142999719828
178000 285.13461538461536 285.13461538461536 63.11538461538461 0.6810897435897437 135.8653846153846 45.28846153846154 3.0 42.28846153846154 1.271255400031805
180000 285.13461538461536 285.13461538461536 63.11538461538461 0.6810897435897437 135.8653846153846 45.28846153846154 3.0 42.28846153846154 1.1956507000140846
182000 285.13461538461536 285.13461538461536 63.11538461538461 0.6810897435897437 135.8653846153846 45.28846153846154 3.0 42.28846153846154 1.2981364999432117
184000 285.13461538461536 285.13461538461536 63.11538461538461 0.6810897435897437 135.8653846153846 45.28846153846154 3.0 42.28846153846154 1.2514839000068605
186000 285.13461538461536 285.13461538461536 63.11538461538461 0.6810897435897437 135.8653846153846 45.28846153846154 3.0 42.28846153846154 1.366270500002429
188000 285.13461538461536 285.13461538461536 63.11538461538461 0.6810897435897437 135.8653846153846 45.28846153846154 3.0 42.28846153846154 1.2690713999327272
190000 285.13461538461536 285.13461538461536 63.11538461538461 0.6810897435897437 135.8653846153846 45.28846153846154 3.0 42.28846153846154 1.3023854000493884
192000 285.13461538461536 285.13461538461536 63.11538461538461 0.6810897435897437 135.8653846153846 45.28846153846154 3.0 42.28846153846154 1.3500570999458432
194000 285.13461538461536 285.13461538461536 63.11538461538461 0.6810897435897437 135.8653846153846 45.28846153846154 3.0 42.28846153846154 1.4253195999190211
196000 285.13461538461536 285.13461538461536 63.11538461538461 0.6810897435897437 135.8653846153846 45.28846153846154 3.0 42.28846153846154 1.3294228001032025
198000 285.13461538461536 285.13461538461536 63.11538461538461 0.6810897435897437 135.8653846153846 45.28846153846154 3.0 42.28846153846154 1.3017229000106454
200000 285.13461538461536 285.13461538461536 63.11538461538461 0.6810897435897437 135.8653846153846 45.28846153846154 3.0 42.28846153846154 1.2799150999635458
202000 285.13461538461536 285.13461538461536 63.11538461538461 0.6810897435897437 135.8653846153846 45.28846153846154 3.0 42.28846153846154 1.2871283001732081
204000 285.13461538461536 285.13461538461536 63.11538461538461 0.6810897435897437 135.8653846153846 45.28846153846154 3.0 42.28846153846154 1.271180700045079
206000 285.13461538461536 285.13461538461536 63.11538461538461 0.6810897435897437 135.8653846153846 45.28846153846154 3.0 42.28846153846154 1.2244524001143873
208000 285.13461538461536 285.13461538461536 63.11538461538461 0.6810897435897437 135.8653846153846 45.28846153846154 3.0 42.28846153846154 1.2258320001419634
210000 285.13461538461536 285.13461538461536 63.11538461538461 0.6810897435897437 135.8653846153846 45.28846153846154 3.0 42.28846153846154 1.3351366000715643
212000 285.13461538461536 285.13461538461536 63.11538461538461 0.6810897435897437 135.8653846153846 45.28846153846154 3.0 42.28846153846154 1.324672400020063
214000 285.13461538461536 285.13461538461536 63.11538461538461 0.6810897435897437 135.8653846153846 45.28846153846154 3.0 42.28846153846154 1.3273383998312056
216000 285.13461538461536 285.13461538461536 63.11538461538461 0.6810897435897437 135.8653846153846 45.28846153846154 3.0 42.28846153846154 1.2029659999534488
218000 285.13461538461536 285.13461538461536 63.11538461538461 0.6810897435897437 135.8653846153846 45.28846153846154 3.0 42.28846153846154 1.2323896999005228
220000 285.13461538461536 285.13461538461536 63.11538461538461 0.6810897435897437 135.8653846153846 45.28846153846154 3.0 42.28846153846154 1.1982022998854518
222000 285.13461538461536 285.13461538461536 63.11538461538461 0.6810897435897437 135.8653846153846 45.28846153846154 3.0 42.28846153846154 1.3327413001097739
224000 285.13461538461536 285.13461538461536 63.11538461538461 0.6810897435897437 135.8653846153846 45.28846153846154 3.0 42.28846153846154 1.2565464999061078
226000 285.13461538461536 285.13461538461536 63.11538461538461 0.6810897435897437 135.8653846153846 45.28846153846154 3.0 42.28846153846154 1.2251539998687804
228000 285.13461538461536 285.13461538461536 63.11538461538461 0.6810897435897437 135.8653846153846 45.28846153846154 3.0 42.28846153846154 1.3084911000914872
230000 285.13461538461536 285.13461538461536 63.11538461538461 0.6810897435897437 135.8653846153846 45.28846153846154 3.0 42.28846153846154 1.2948452001437545
232000 285.13461538461536 285.13461538461536 63.11538461538461 0.6810897435897437 135.8653846153846 45.28846153846154 3.0 42.28846153846154 1.2388504000846297
234000 285.13461538461536 285.13461538461536 63.11538461538461 0.6810897435897437 135.8653846153846 45.28846153846154 3.0 42.28846153846154 1.3348143000621349
236000 285.13461538461536 285.13461538461536 63.11538461538461 0.6810897435897437 135.8653846153846 45.28846153846154 3.0 42.28846153846154 1.2219098000787199
238000 285.13461538461536 285.13461538461536 63.11538461538461 0.6810897435897437 135.8653846153846 45.28846153846154 3.0 42.28846153846154 1.263440900016576
240000 450.71153846153845 450.65384615384613 63.59615384615385 0.6666666666666667 135.8653846153846 45.28846153846154 6.615384615384615 38.67307692307692 1.2021868000738323
242000 523.0192307692307 522.9615384615385 63.05769230769231 0.6458333333333334 135.8653846153846 45.28846153846154 8.153846153846153 37.13461538461539 1.2582581001333892
244000 523.0192307692307 522.9615384615385 63.05769230769231 0.6458333333333334 135.8653846153846 45.28846153846154 8.153846153846153 37.13461538461539 1.4240904999896884
246000 523.0192307692307 522.9615384615385 63.05769230769231 0.6458333333333334 135.8653846153846 45.28846153846154 8.153846153846153 37.13461538461539 1.2906790999695659
248000 523.0192307692307 522.9615384615385 63.05769230769231 0.6458333333333334 135.8653846153846 45.28846153846154 8.153846153846153 37.13461538461539 1.1976385999005288
250000 523.0192307692307 522.9615384615385 63.05769230769231 0.6458333333333334 135.8653846153846 45.28846153846154 8.153846153846153 37.13461538461539 1.2365639000199735
252000 503.3076923076923 503.25 64.23076923076923 0.6458333333333334 135.8653846153846 45.28846153846154 8.153846153846153 37.13461538461539 1.1896647999528795
254000 486.2692307692308 486.21153846153845 64.84615384615384 0.6458333333333334 135.8653846153846 45.28846153846154 8.153846153846153 37.13461538461539 1.177147600101307
256000 486.2692307692308 486.21153846153845 64.84615384615384 0.6458333333333334 135.8653846153846 45.28846153846154 8.153846153846153 37.13461538461539 1.242868599947542
258000 486.2692307692308 486.21153846153845 64.84615384615384 0.6458333333333334 135.8653846153846 45.28846153846154 8.153846153846153 37.13461538461539 1.3442118000239134
260000 478.8076923076923 478.7307692307692 66.0 0.6314102564102565 135.8653846153846 45.28846153846154 8.0 37.28846153846154 1.2186623997986317
262000 478.8076923076923 478.7307692307692 66.0 0.6314102564102565 135.8653846153846 45.28846153846154 8.0 37.28846153846154 1.272739099804312
264000 478.8076923076923 478.7307692307692 66.0 0.6314102564102565 135.8653846153846 45.28846153846154 8.0 37.28846153846154 1.236231799935922
266000 478.8076923076923 478.7307692307692 66.0 0.6314102564102565 135.8653846153846 45.28846153846154 8.0 37.28846153846154 1.1746423998847604
268000 478.8076923076923 478.7307692307692 66.0 0.6314102564102565 135.8653846153846 45.28846153846154 8.0 37.28846153846154 1.2033595000393689
270000 478.8076923076923 478.7307692307692 66.0 0.6314102564102565 135.8653846153846 45.28846153846154 8.0 37.28846153846154 1.368670600000769
272000 478.8076923076923 478.7307692307692 66.0 0.6314102564102565 135.8653846153846 45.28846153846154 8.0 37.28846153846154 1.3600995000451803
274000 478.8076923076923 478.7307692307692 66.0 0.6314102564102565 135.8653846153846 45.28846153846154 8.0 37.28846153846154 1.2933906000107527
276000 478.8076923076923 478.7307692307692 66.0 0.6314102564102565 135.8653846153846 45.28846153846154 8.0 37.28846153846154 1.2198123999405652
278000 478.8076923076923 478.7307692307692 66.0 0.6314102564102565 135.8653846153846 45.28846153846154 8.0 37.28846153846154 1.2672490999102592
280000 478.8076923076923 478.7307692307692 66.0 0.6314102564102565 135.8653846153846 45.28846153846154 8.0 37.28846153846154 1.1968914000317454
282000 478.8076923076923 478.7307692307692 66.0 0.6314102564102565 135.8653846153846 45.28846153846154 8.0 37.28846153846154 1.1779533000662923
284000 478.8076923076923 478.7307692307692 66.0 0.6314102564102565 135.8653846153846 45.28846153846154 8.0 37.28846153846154 1.1977543998509645
286000 478.8076923076923 478.7307692307692 66.0 0.6314102564102565 135.8653846153846 45.28846153846154 8.0 37.28846153846154 1.1540547998156399
288000 478.8076923076923 478.7307692307692 66.0 0.6314102564102565 135.8653846153846 45.28846153846154 8.0 37.28846153846154 1.271435699891299
290000 478.8076923076923 478.7307692307692 66.0 0.6314102564102565 135.8653846153846 45.28846153846154 8.0 37.28846153846154 1.2065826999023557
292000 514.0961538461538 514.0192307692307 64.26923076923077 0.6314102564102565 135.8653846153846 45.28846153846154 8.0 37.28846153846154 1.1626045000739396
294000 478.8076923076923 478.7307692307692 66.0 0.6314102564102565 135.8653846153846 45.28846153846154 8.0 37.28846153846154 1.2654061999637634
296000 478.8076923076923 478.7307692307692 66.0 0.6314102564102565 135.8653846153846 45.28846153846154 8.0 37.28846153846154 1.2251349000725895
298000 478.8076923076923 478.7307692307692 66.0 0.6314102564102565 135.8653846153846 45.28846153846154 8.0 37.28846153846154 1.1351787999738008
300000 478.8076923076923 478.7307692307692 66.0 0.6314102564102565 135.8653846153846 45.28846153846154 8.0 37.28846153846154 1.1617846000008285
302000 478.8076923076923 478.7307692307692 66.0 0.6314102564102565 135.8653846153846 45.28846153846154 8.0 37.28846153846154 1.1703588000964373
304000 478.8076923076923 478.7307692307692 66.0 0.6314102564102565 135.8653846153846 45.28846153846154 8.0 37.28846153846154 1.2492333000991493
306000 478.8076923076923 478.7307692307692 66.0 0.6314102564102565 135.8653846153846 45.28846153846154 8.0 37.28846153846154 1.205973100150004
308000 478.8076923076923 478.7307692307692 66.0 0.6314102564102565 135.8653846153846 45.28846153846154 8.0 37.28846153846154 1.1529484998900443
310000 478.8076923076923 478.7307692307692 66.0 0.6314102564102565 135.8653846153846 45.28846153846154 8.0 37.28846153846154 1.2681436999700963
312000 478.8076923076923 478.7307692307692 66.0 0.6314102564102565 135.8653846153846 45.28846153846154 8.0 37.28846153846154 1.3516883000265807
314000 478.8076923076923 478.7307692307692 66.0 0.6314102564102565 135.8653846153846 45.28846153846154 8.0 37.28846153846154 1.2310110998805612
316000 478.8076923076923 478.7307692307692 66.0 0.6314102564102565 135.8653846153846 45.28846153846154 8.0 37.28846153846154 1.2171757998876274
318000 478.8076923076923 478.7307692307692 66.0 0.6314102564102565 135.8653846153846 45.28846153846154 8.0 37.28846153846154 1.252163999946788
320000 478.8076923076923 478.7307692307692 66.0 0.6314102564102565 135.8653846153846 45.28846153846154 8.0 37.28846153846154 1.2193513000383973
322000 478.8076923076923 478.7307692307692 66.0 0.6314102564102565 135.8653846153846 45.28846153846154 8.0 37.28846153846154 1.3139383001253009
324000 478.8076923076923 478.7307692307692 66.0 0.6314102564102565 135.8653846153846 45.28846153846154 8.0 37.28846153846154 1.1876648999750614
326000 478.8076923076923 478.7307692307692 66.0 0.6314102564102565 135.8653846153846 45.28846153846154 8.0 37.28846153846154 1.2037557000294328
328000 478.8076923076923 478.7307692307692 66.0 0.6314102564102565 135.8653846153846 45.28846153846154 8.0 37.28846153846154 1.2171708000823855
330000 478.8076923076923 478.7307692307692 66.0 0.6314102564102565 135.8653846153846 45.28846153846154 8.0 37.28846153846154 1.213181999977678
332000 478.8076923076923 478.7307692307692 66.0 0.6314102564102565 135.8653846153846 45.28846153846154 8.0 37.28846153846154 1.2958132999483496
334000 478.8076923076923 478.7307692307692 66.0 0.6314102564102565 135.8653846153846 45.28846153846154 8.0 37.28846153846154 1.2093408999498934
336000 478.8076923076923 478.7307692307692 66.0 0.6314102564102565 135.8653846153846 45.28846153846154 8.0 37.28846153846154 1.187178899999708
338000 478.8076923076923 478.7307692307692 66.0 0.6314102564102565 135.8653846153846 45.28846153846154 8.0 37.28846153846154 1.2473366998601705
340000 514.0961538461538 514.0192307692307 64.26923076923077 0.6314102564102565 135.8653846153846 45.28846153846154 8.0 37.28846153846154 1.1695737999398261
342000 514.0961538461538 514.0192307692307 64.26923076923077 0.6314102564102565 135.8653846153846 45.28846153846154 8.0 37.28846153846154 1.210014599841088
344000 514.0961538461538 514.0192307692307 64.26923076923077 0.6314102564102565 135.8653846153846 45.28846153846154 8.0 37.28846153846154 1.2509167999960482
346000 514.0961538461538 514.0192307692307 64.26923076923077 0.6314102564102565 135.8653846153846 45.28846153846154 8.0 37.28846153846154 1.13472960004583
348000 514.0961538461538 514.0192307692307 64.26923076923077 0.6314102564102565 135.8653846153846 45.28846153846154 8.0 37.28846153846154 1.3258662999141961
350000 514.0961538461538 514.0192307692307 64.26923076923077 0.6314102564102565 135.8653846153846 45.28846153846154 8.0 37.28846153846154 1.2456014000345021
352000 514.0961538461538 514.0192307692307 64.26923076923077 0.6314102564102565 135.8653846153846 45.28846153846154 8.0 37.28846153846154 1.1740178000181913
354000 514.0961538461538 514.0192307692307 64.26923076923077 0.6314102564102565 135.8653846153846 45.28846153846154 8.0 37.28846153846154 1.1936115000862628
356000 514.0961538461538 514.0192307692307 64.26923076923077 0.6314102564102565 135.8653846153846 45.28846153846154 8.0 37.28846153846154 1.1518154998775572
358000 514.0961538461538 514.0192307692307 64.26923076923077 0.6314102564102565 135.8653846153846 45.28846153846154 8.0 37.28846153846154 1.2467870998661965
360000 514.0961538461538 514.0192307692307 64.26923076923077 0.6314102564102565 135.8653846153846 45.28846153846154 8.0 37.28846153846154 1.1803216999396682
362000 514.0961538461538 514.0192307692307 64.26923076923077 0.6314102564102565 135.8653846153846 45.28846153846154 8.0 37.28846153846154 1.1884665999095887
364000 514.0961538461538 514.0192307692307 64.26923076923077 0.6314102564102565 135.8653846153846 45.28846153846154 8.0 37.28846153846154 1.201890700031072
366000 514.0961538461538 514.0192307692307 64.26923076923077 0.6314102564102565 135.8653846153846 45.28846153846154 8.0 37.28846153846154 1.4006340000778437
368000 514.0961538461538 514.0192307692307 64.26923076923077 0.6314102564102565 135.8653846153846 45.28846153846154 8.0 37.28846153846154 1.207964199827984
370000 514.0961538461538 514.0192307692307 64.26923076923077 0.6314102564102565 135.8653846153846 45.28846153846154 8.0 37.28846153846154 1.2246684001293033
372000 514.0961538461538 514.0192307692307 64.26923076923077 0.6314102564102565 135.8653846153846 45.28846153846154 8.0 37.28846153846154 1.264269100036472
374000 514.0961538461538 514.0192307692307 64.26923076923077 0.6314102564102565 135.8653846153846 45.28846153846154 8.0 37.28846153846154 1.1665823999792337
376000 514.0961538461538 514.0192307692307 64.26923076923077 0.6314102564102565 135.8653846153846 45.28846153846154 8.0 37.28846153846154 1.161690799985081
378000 514.0961538461538 514.0192307692307 64.26923076923077 0.6314102564102565 135.8653846153846 45.28846153846154 8.0 37.28846153846154 1.1842537000775337
380000 514.0961538461538 514.0192307692307 64.26923076923077 0.6314102564102565 135.8653846153846 45.28846153846154 8.0 37.28846153846154 1.2679201001301408
382000 514.0961538461538 514.0192307692307 64.26923076923077 0.6314102564102565 135.8653846153846 45.28846153846154 8.0 37.28846153846154 1.1884554999414831
384000 514.0961538461538 514.0192307692307 64.26923076923077 0.6314102564102565 135.8653846153846 45.28846153846154 8.0 37.28846153846154 1.1894569001160562
386000 514.0961538461538 514.0192307692307 64.26923076923077 0.6314102564102565 135.8653846153846 45.28846153846154 8.0 37.28846153846154 1.1264516001101583
388000 514.0961538461538 514.0192307692307 64.26923076923077 0.6314102564102565 135.8653846153846 45.28846153846154 8.0 37.28846153846154 1.3897165001835674
390000 514.0961538461538 514.0192307692307 64.26923076923077 0.6314102564102565 135.8653846153846 45.28846153846154 8.0 37.28846153846154 1.2511910998728126
392000 514.0961538461538 514.0192307692307 64.26923076923077 0.6314102564102565 135.8653846153846 45.28846153846154 8.0 37.28846153846154 1.2154784998856485
394000 514.0961538461538 514.0192307692307 64.26923076923077 0.6314102564102565 135.8653846153846 45.28846153846154 8.0 37.28846153846154 1.133665299974382
396000 514.0961538461538 514.0192307692307 64.26923076923077 0.6314102564102565 135.8653846153846 45.28846153846154 8.0 37.28846153846154 1.238663800060749
398000 514.0961538461538 514.0192307692307 64.26923076923077 0.6314102564102565 135.8653846153846 45.28846153846154 8.0 37.28846153846154 1.1581164000090212
400000 514.0961538461538 514.0192307692307 64.26923076923077 0.6314102564102565 135.8653846153846 45.28846153846154 8.0 37.28846153846154 1.1881176000460982
402000 514.0961538461538 514.0192307692307 64.26923076923077 0.6314102564102565 135.8653846153846 45.28846153846154 8.0 37.28846153846154 1.147556799929589
404000 514.0961538461538 514.0192307692307 64.26923076923077 0.6314102564102565 135.8653846153846 45.28846153846154 8.0 37.28846153846154 1.1383861999493092
406000 514.0961538461538 514.0192307692307 64.26923076923077 0.6314102564102565 135.8653846153846 45.28846153846154 8.0 37.28846153846154 1.16489650006406
408000 514.0961538461538 514.0192307692307 64.26923076923077 0.6314102564102565 135.8653846153846 45.28846153846154 8.0 37.28846153846154 1.1981573000084609
410000 514.0961538461538 514.0192307692307 64.26923076923077 0.6314102564102565 135.8653846153846 45.28846153846154 8.0 37.28846153846154 1.1585303999017924
412000 514.0961538461538 514.0192307692307 64.26923076923077 0.6314102564102565 135.8653846153846 45.28846153846154 8.0 37.28846153846154 1.341946000000462
414000 514.0961538461538 514.0192307692307 64.26923076923077 0.6314102564102565 135.8653846153846 45.28846153846154 8.0 37.28846153846154 1.419037900166586
416000 514.0961538461538 514.0192307692307 64.26923076923077 0.6314102564102565 135.8653846153846 45.28846153846154 8.0 37.28846153846154 1.4272146001458168
418000 514.0961538461538 514.0192307692307 64.26923076923077 0.6314102564102565 135.8653846153846 45.28846153846154 8.0 37.28846153846154 1.3696860999334604
420000 514.0961538461538 514.0192307692307 64.26923076923077 0.6314102564102565 135.8653846153846 45.28846153846154 8.0 37.28846153846154 1.4189812000840902
422000 514.0961538461538 514.0192307692307 64.26923076923077 0.6314102564102565 135.8653846153846 45.28846153846154 8.0 37.28846153846154 1.4830447998829186
424000 514.0961538461538 514.0192307692307 64.26923076923077 0.6314102564102565 135.8653846153846 45.28846153846154 8.0 37.28846153846154 1.3923509998712689
426000 514.0961538461538 514.0192307692307 64.26923076923077 0.6314102564102565 135.8653846153846 45.28846153846154 8.0 37.28846153846154 1.5994239998981357
428000 514.0961538461538 514.0192307692307 64.26923076923077 0.6314102564102565 135.8653846153846 45.28846153846154 8.0 37.28846153846154 1.4066514999140054
430000 514.0961538461538 514.0192307692307 64.26923076923077 0.6314102564102565 135.8653846153846 45.28846153846154 8.0 37.28846153846154 1.463327500037849
432000 514.0961538461538 514.0192307692307 64.26923076923077 0.6314102564102565 135.8653846153846 45.28846153846154 8.0 37.28846153846154 1.4167569999117404
434000 514.0961538461538 514.0192307692307 64.26923076923077 0.6314102564102565 135.8653846153846 45.28846153846154 8.0 37.28846153846154 1.3783238001633435
436000 514.0961538461538 514.0192307692307 64.26923076923077 0.6314102564102565 135.8653846153846 45.28846153846154 8.0 37.28846153846154 1.5142878000624478
438000 514.0961538461538 514.0192307692307 64.26923076923077 0.6314102564102565 135.8653846153846 45.28846153846154 8.0 37.28846153846154 1.4110306999646127
440000 514.0961538461538 514.0192307692307 64.26923076923077 0.6314102564102565 135.8653846153846 45.28846153846154 8.0 37.28846153846154 1.4594552998896688
442000 514.0961538461538 514.0192307692307 64.26923076923077 0.6314102564102565 135.8653846153846 45.28846153846154 8.0 37.28846153846154 1.493763499893248
444000 514.0961538461538 514.0192307692307 64.26923076923077 0.6314102564102565 135.8653846153846 45.28846153846154 8.0 37.28846153846154 1.4159935000352561
446000 514.0961538461538 514.0192307692307 64.26923076923077 0.6314102564102565 135.8653846153846 45.28846153846154 8.0 37.28846153846154 1.3509331999812275
448000 514.0961538461538 514.0192307692307 64.26923076923077 0.6314102564102565 135.8653846153846 45.28846153846154 8.0 37.28846153846154 1.5104185999371111
450000 514.0961538461538 514.0192307692307 64.26923076923077 0.6314102564102565 135.8653846153846 45.28846153846154 8.0 37.28846153846154 1.3902438001241535
452000 514.0961538461538 514.0192307692307 64.26923076923077 0.6314102564102565 135.8653846153846 45.28846153846154 8.0 37.28846153846154 1.3733198998961598
454000 514.0961538461538 514.0192307692307 64.26923076923077 0.6314102564102565 135.8653846153846 45.28846153846154 8.0 37.28846153846154 1.270980300148949
456000 514.0961538461538 514.0192307692307 64.26923076923077 0.6314102564102565 135.8653846153846 45.28846153846154 8.0 37.28846153846154 1.2444122000597417
458000 514.0961538461538 514.0192307692307 64.26923076923077 0.6314102564102565 135.8653846153846 45.28846153846154 8.0 37.28846153846154 1.147081600036472
460000 514.0961538461538 514.0192307692307 64.26923076923077 0.6314102564102565 135.8653846153846 45.28846153846154 8.0 37.28846153846154 1.1439227999653667
462000 514.0961538461538 514.0192307692307 64.26923076923077 0.6314102564102565 135.8653846153846 45.28846153846154 8.0 37.28846153846154 1.218723300145939
464000 514.0961538461538 514.0192307692307 64.26923076923077 0.6314102564102565 135.8653846153846 45.28846153846154 8.0 37.28846153846154 1.2778006000444293
466000 514.0961538461538 514.0192307692307 64.26923076923077 0.6314102564102565 135.8653846153846 45.28846153846154 8.0 37.28846153846154 1.1778879999183118
468000 514.0961538461538 514.0192307692307 64.26923076923077 0.6314102564102565 135.8653846153846 45.28846153846154 8.0 37.28846153846154 1.1554451999254525
470000 514.0961538461538 514.0192307692307 64.26923076923077 0.6314102564102565 135.8653846153846 45.28846153846154 8.0 37.28846153846154 1.2380069000646472
472000 514.0961538461538 514.0192307692307 64.26923076923077 0.6314102564102565 135.8653846153846 45.28846153846154 8.0 37.28846153846154 1.2474308998789638
474000 514.0961538461538 514.0192307692307 64.26923076923077 0.6314102564102565 135.8653846153846 45.28846153846154 8.0 37.28846153846154 1.1365446001291275
476000 514.0961538461538 514.0192307692307 64.26923076923077 0.6314102564102565 135.8653846153846 45.28846153846154 8.0 37.28846153846154 1.2462302998173982
478000 514.0961538461538 514.0192307692307 64.26923076923077 0.6314102564102565 135.8653846153846 45.28846153846154 8.0 37.28846153846154 1.133422499988228
480000 514.0961538461538 514.0192307692307 64.26923076923077 0.6314102564102565 135.8653846153846 45.28846153846154 8.0 37.28846153846154 1.1347529001068324
482000 514.0961538461538 514.0192307692307 64.26923076923077 0.6314102564102565 135.8653846153846 45.28846153846154 8.0 37.28846153846154 1.1697804001159966
484000 514.0961538461538 514.0192307692307 64.26923076923077 0.6314102564102565 135.8653846153846 45.28846153846154 8.0 37.28846153846154 1.1467579000163823
486000 514.0961538461538 514.0192307692307 64.26923076923077 0.6314102564102565 135.8653846153846 45.28846153846154 8.0 37.28846153846154 1.2571056000888348
488000 514.0961538461538 514.0192307692307 64.26923076923077 0.6314102564102565 135.8653846153846 45.28846153846154 8.0 37.28846153846154 1.3085914000403136
490000 514.0961538461538 514.0192307692307 64.26923076923077 0.6314102564102565 135.8653846153846 45.28846153846154 8.0 37.28846153846154 1.1412469998467714
492000 514.0961538461538 514.0192307692307 64.26923076923077 0.6314102564102565 135.8653846153846 45.28846153846154 8.0 37.28846153846154 1.1118583001662046
494000 514.0961538461538 514.0192307692307 64.26923076923077 0.6314102564102565 135.8653846153846 45.28846153846154 8.0 37.28846153846154 1.0611229999922216
496000 514.0961538461538 514.0192307692307 64.26923076923077 0.6314102564102565 135.8653846153846 45.28846153846154 8.0 37.28846153846154 1.131585800088942
498000 514.0961538461538 514.0192307692307 64.26923076923077 0.6314102564102565 135.8653846153846 45.28846153846154 8.0 37.28846153846154 1.1089140998665243
500000 514.0961538461538 514.0192307692307 64.26923076923077 0.6314102564102565 135.8653846153846 45.28846153846154 8.0 37.28846153846154 0.9991157001350075
