2000 3.0925925925925926 0.5 128.87037037037038 0.05401234567901234 135.5185185185185 45.333333333333336 0.0 45.333333333333336 0.7706134000327438
4000 2.425925925925926 -0.2222222222222222 128.6851851851852 0.05555555555555555 135.5185185185185 45.333333333333336 0.0 45.333333333333336 0.9405734001193196
6000 2.5555555555555554 0.12962962962962962 128.3148148148148 0.07253086419753087 135.5185185185185 45.333333333333336 0.0 45.333333333333336 0.8166207000613213
8000 7.7592592592592595 5.62962962962963 127.0 0.13580246913580243 135.5185185185185 45.333333333333336 0.0 45.333333333333336 0.9786308000329882
10000 13.277777777777779 13.277777777777779 123.20370370370371 0.34722222222222227 135.5185185185185 45.333333333333336 0.0 45.333333333333336 1.4647989999502897
12000 39.96296296296296 37.333333333333336 121.5 0.4429012345679012 135.5185185185185 45.333333333333336 0.0 45.333333333333336 1.3463199001271278
14000 16.90740740740741 16.185185185185187 122.5 0.40895061728395066 135.5185185185185 45.333333333333336 0.0 45.333333333333336 1.2257873001508415
16000 17.833333333333332 11.314814814814815 123.38888888888889 0.3487654320987654 135.5185185185185 45.333333333333336 0.0 45.333333333333336 1.1595805999822915
18000 16.72222222222222 10.203703703703704 123.48148148148148 0.3487654320987654 135.5185185185185 45.333333333333336 0.0 45.333333333333336 1.0981250000186265
20000 16.72222222222222 10.203703703703704 123.48148148148148 0.3487654320987654 135.5185185185185 45.333333333333336 0.0 45.333333333333336 1.131330399774015
22000 29.14814814814815 22.537037037037038 123.11111111111111 0.3256172839506173 135.5185185185185 45.333333333333336 0.0 45.333333333333336 1.1066836998797953
24000 39.851851851851855 28.037037037037038 122.74074074074075 0.2916666666666667 135.5185185185185 45.333333333333336 0.0 45.333333333333336 1.1328006000258029
26000 39.851851851851855 28.037037037037038 122.74074074074075 0.2916666666666667 135.5185185185185 45.333333333333336 0.0 45.333333333333336 1.1329984001349658
28000 43.870370370370374 11.037037037037036 122.62962962962963 0.3225308641975309 135.5185185185185 45.333333333333336 0.0 45.333333333333336 1.0654035999905318
30000 52.092592592592595 25.833333333333332 122.46296296296296 0.3487654320987654 135.5185185185185 45.333333333333336 0.0 45.333333333333336 1.0693248000461608
32000 66.16666666666667 39.907407407407405 122.29629629629629 0.353395061728395 135.5185185185185 45.333333333333336 0.0 45.333333333333336 1.0830829001497477
34000 227.37037037037038 156.0 116.79629629629629 0.552469135802469 135.5185185185185 45.333333333333336 0.0 45.333333333333336 1.277266699820757
36000 215.25925925925927 135.61111111111111 116.24074074074075 0.5586419753086419 135.5185185185185 45.333333333333336 0.0 45.333333333333336 1.5491164999548346
38000 215.25925925925927 135.61111111111111 116.24074074074075 0.5586419753086419 135.5185185185185 45.333333333333336 0.0 45.333333333333336 1.3301700002048165
40000 215.25925925925927 135.61111111111111 116.24074074074075 0.5586419753086419 135.5185185185185 45.333333333333336 0.0 45.333333333333336 1.2574920000042766
42000 215.25925925925927 135.61111111111111 116.24074074074075 0.5586419753086419 135.5185185185185 45.333333333333336 0.0 45.333333333333336 1.244935000082478
44000 215.25925925925927 135.61111111111111 116.24074074074075 0.5586419753086419 135.5185185185185 45.333333333333336 0.0 45.333333333333336 1.3655061000026762
46000 222.57407407407408 142.92592592592592 116.25925925925925 0.5586419753086419 135.5185185185185 45.333333333333336 0.0 45.333333333333336 1.358257899992168
48000 222.53703703703704 221.24074074074073 116.0925925925926 0.5709876543209876 135.5185185185185 45.333333333333336 0.0 45.333333333333336 1.4572094001341611
50000 231.72222222222223 171.90740740740742 116.20370370370371 0.5709876543209876 135.5185185185185 45.333333333333336 0.0 45.333333333333336 1.4109873999841511
52000 222.53703703703704 221.24074074074073 116.0925925925926 0.5709876543209876 135.5185185185185 45.333333333333336 0.0 45.333333333333336 1.301707400009036
54000 222.53703703703704 221.24074074074073 116.0925925925926 0.5709876543209876 135.5185185185185 45.333333333333336 0.0 45.333333333333336 1.4133240000810474
56000 222.53703703703704 221.24074074074073 116.0925925925926 0.5709876543209876 135.5185185185185 45.333333333333336 0.0 45.333333333333336 1.485676100011915
58000 222.53703703703704 221.24074074074073 116.0925925925926 0.5709876543209876 135.5185185185185 45.333333333333336 0.0 45.333333333333336 1.3254168001003563
60000 222.57407407407408 142.92592592592592 116.25925925925925 0.5586419753086419 135.5185185185185 45.333333333333336 0.0 45.333333333333336 1.3335907000582665
62000 245.7962962962963 166.14814814814815 116.14814814814815 0.5632716049382714 135.5185185185185 45.333333333333336 0.0 45.333333333333336 1.4161994000896811
64000 184.46296296296296 -1.0 117.46296296296296 0.5478395061728395 135.5185185185185 45.333333333333336 0.0 45.333333333333336 1.3258477998897433
66000 184.46296296296296 -1.0 117.46296296296296 0.5478395061728395 135.5185185185185 45.333333333333336 0.0 45.333333333333336 1.3886669999919832
68000 184.46296296296296 -1.0 117.46296296296296 0.5478395061728395 135.5185185185185 45.333333333333336 0.0 45.333333333333336 1.3734502999577671
70000 184.46296296296296 -1.0 117.46296296296296 0.5478395061728395 135.5185185185185 45.333333333333336 0.0 45.333333333333336 1.3825147000607103
72000 184.46296296296296 -1.0 117.46296296296296 0.5478395061728395 135.5185185185185 45.333333333333336 0.0 45.333333333333336 1.3611802000086755
74000 184.46296296296296 -1.0 117.46296296296296 0.5478395061728395 135.5185185185185 45.333333333333336 0.0 45.333333333333336 1.3119925002101809
76000 184.46296296296296 -1.0 117.46296296296296 0.5478395061728395 135.5185185185185 45.333333333333336 0.0 45.333333333333336 1.4140054997988045
78000 184.46296296296296 -1.0 117.46296296296296 0.5478395061728395 135.5185185185185 45.333333333333336 0.0 45.333333333333336 1.4108526001218706
80000 184.46296296296296 -1.0 117.46296296296296 0.5478395061728395 135.5185185185185 45.333333333333336 0.0 45.333333333333336 1.3912386998999864
82000 184.46296296296296 -1.0 117.46296296296296 0.5478395061728395 135.5185185185185 45.333333333333336 0.0 45.333333333333336 1.3457940998487175
84000 184.46296296296296 -1.0 117.46296296296296 0.5478395061728395 135.5185185185185 45.333333333333336 0.0 45.333333333333336 1.2951603999827057
86000 184.46296296296296 -1.0 117.46296296296296 0.5478395061728395 135.5185185185185 45.333333333333336 0.0 45.333333333333336 1.4743807001505047
88000 184.46296296296296 -1.0 117.46296296296296 0.5478395061728395 135.5185185185185 45.333333333333336 0.0 45.333333333333336 1.4071762000676244
90000 184.46296296296296 -1.0 117.46296296296296 0.5478395061728395 135.5185185185185 45.333333333333336 0.0 45.333333333333336 1.3629800002090633
92000 184.46296296296296 -1.0 117.46296296296296 0.5478395061728395 135.5185185185185 45.333333333333336 0.0 45.333333333333336 1.4251512000337243
94000 483.18518518518516 421.94444444444446 115.53703703703704 0.5694444444444444 135.5185185185185 45.333333333333336 0.0 45.333333333333336 1.330278999870643
96000 464.64814814814815 421.94444444444446 115.85185185185185 0.5601851851851852 135.5185185185185 45.333333333333336 0.0 45.333333333333336 1.4077133999671787
98000 464.64814814814815 421.94444444444446 115.85185185185185 0.5601851851851852 135.5185185185185 45.333333333333336 0.0 45.333333333333336 1.37466279999353
100000 464.64814814814815 421.94444444444446 115.85185185185185 0.5601851851851852 135.5185185185185 45.333333333333336 0.0 45.333333333333336 1.3221175000071526
102000 464.64814814814815 421.94444444444446 115.85185185185185 0.5601851851851852 135.5185185185185 45.333333333333336 0.0 45.333333333333336 1.3219524999149144
104000 464.64814814814815 421.94444444444446 115.85185185185185 0.5601851851851852 135.5185185185185 45.333333333333336 0.0 45.333333333333336 1.3253750000149012
106000 464.64814814814815 421.94444444444446 115.85185185185185 0.5601851851851852 135.5185185185185 45.333333333333336 0.0 45.333333333333336 1.3983966999221593
108000 464.64814814814815 421.94444444444446 115.85185185185185 0.5601851851851852 135.5185185185185 45.333333333333336 0.0 45.333333333333336 1.33534360001795
110000 464.64814814814815 421.94444444444446 115.85185185185185 0.5601851851851852 135.5185185185185 45.333333333333336 0.0 45.333333333333336 1.3386090998537838
112000 464.64814814814815 421.94444444444446 115.85185185185185 0.5601851851851852 135.5185185185185 45.333333333333336 0.0 45.333333333333336 1.383889000164345
114000 464.64814814814815 421.94444444444446 115.85185185185185 0.5601851851851852 135.5185185185185 45.333333333333336 0.0 45.333333333333336 1.340430200099945
116000 464.64814814814815 421.94444444444446 115.85185185185185 0.5601851851851852 135.5185185185185 45.333333333333336 0.0 45.333333333333336 1.3716108999215066
118000 464.64814814814815 421.94444444444446 115.85185185185185 0.5601851851851852 135.5185185185185 45.333333333333336 0.0 45.333333333333336 1.3388808998279274
120000 464.64814814814815 421.94444444444446 115.85185185185185 0.5601851851851852 135.5185185185185 45.333333333333336 0.0 45.333333333333336 1.394021799787879
122000 464.64814814814815 421.94444444444446 115.85185185185185 0.5601851851851852 135.5185185185185 45.333333333333336 0.0 45.333333333333336 1.383020899957046
124000 464.64814814814815 421.94444444444446 115.85185185185185 0.5601851851851852 135.5185185185185 45.333333333333336 0.0 45.333333333333336 1.3332372999284416
126000 464.64814814814815 421.94444444444446 115.85185185185185 0.5601851851851852 135.5185185185185 45.333333333333336 0.0 45.333333333333336 1.3583760999608785
128000 464.64814814814815 421.94444444444446 115.85185185185185 0.5601851851851852 135.5185185185185 45.333333333333336 0.0 45.333333333333336 1.3237541001290083
130000 464.64814814814815 421.94444444444446 115.85185185185185 0.5601851851851852 135.5185185185185 45.333333333333336 0.0 45.333333333333336 1.3019133999478072
132000 464.64814814814815 421.94444444444446 115.85185185185185 0.5601851851851852 135.5185185185185 45.333333333333336 0.0 45.333333333333336 1.3667205998208374
134000 464.64814814814815 421.94444444444446 115.85185185185185 0.5601851851851852 135.5185185185185 45.333333333333336 0.0 45.333333333333336 1.301958099938929
136000 464.64814814814815 421.94444444444446 115.85185185185185 0.5601851851851852 135.5185185185185 45.333333333333336 0.0 45.333333333333336 1.4987439999822527
138000 464.64814814814815 421.94444444444446 115.85185185185185 0.5601851851851852 135.5185185185185 45.333333333333336 0.0 45.333333333333336 1.4334821000229567
140000 464.64814814814815 421.94444444444446 115.85185185185185 0.5601851851851852 135.5185185185185 45.333333333333336 0.0 45.333333333333336 1.349659000057727
142000 464.64814814814815 421.94444444444446 115.85185185185185 0.5601851851851852 135.5185185185185 45.333333333333336 0.0 45.333333333333336 1.3613605999853462
144000 464.64814814814815 421.94444444444446 115.85185185185185 0.5601851851851852 135.5185185185185 45.333333333333336 0.0 45.333333333333336 1.4055719999596477
146000 464.64814814814815 421.94444444444446 115.85185185185185 0.5601851851851852 135.5185185185185 45.333333333333336 0.0 45.333333333333336 1.2839623999316245
148000 464.64814814814815 421.94444444444446 115.85185185185185 0.5601851851851852 135.5185185185185 45.333333333333336 0.0 45.333333333333336 1.2970416999887675
150000 464.64814814814815 421.94444444444446 115.85185185185185 0.5601851851851852 135.5185185185185 45.333333333333336 0.0 45.333333333333336 1.360702599864453
152000 464.64814814814815 421.94444444444446 115.85185185185185 0.5601851851851852 135.5185185185185 45.333333333333336 0.0 45.333333333333336 1.3319019998889416
154000 464.64814814814815 421.94444444444446 115.85185185185185 0.5601851851851852 135.5185185185185 45.333333333333336 0.0 45.333333333333336 1.3692652001045644
156000 464.64814814814815 421.94444444444446 115.85185185185185 0.5601851851851852 135.5185185185185 45.333333333333336 0.0 45.333333333333336 1.337923499988392
158000 464.64814814814815 421.94444444444446 115.85185185185185 0.5601851851851852 135.5185185185185 45.333333333333336 0.0 45.333333333333336 1.3045302000828087
160000 464.64814814814815 421.94444444444446 115.85185185185185 0.5601851851851852 135.5185185185185 45.333333333333336 0.0 45.333333333333336 1.3856174000538886
162000 464.64814814814815 421.94444444444446 115.85185185185185 0.5601851851851852 135.5185185185185 45.333333333333336 0.0 45.333333333333336 1.4914571000263095
164000 464.64814814814815 421.94444444444446 115.85185185185185 0.5601851851851852 135.5185185185185 45.333333333333336 0.0 45.333333333333336 1.295735799940303
166000 464.64814814814815 421.94444444444446 115.85185185185185 0.5601851851851852 135.5185185185185 45.333333333333336 0.0 45.333333333333336 1.2795261000283062
168000 464.64814814814815 421.94444444444446 115.85185185185185 0.5601851851851852 135.5185185185185 45.333333333333336 0.0 45.333333333333336 1.2939340001903474
170000 464.64814814814815 421.94444444444446 115.85185185185185 0.5601851851851852 135.5185185185185 45.333333333333336 0.0 45.333333333333336 1.3958033001981676
172000 464.64814814814815 421.94444444444446 115.85185185185185 0.5601851851851852 135.5185185185185 45.333333333333336 0.0 45.333333333333336 1.2536116000264883
174000 464.64814814814815 421.94444444444446 115.85185185185185 0.5601851851851852 135.5185185185185 45.333333333333336 0.0 45.333333333333336 1.339739300077781
176000 464.64814814814815 421.94444444444446 115.85185185185185 0.5601851851851852 135.5185185185185 45.333333333333336 0.0 45.333333333333336 1.4547419000882655
178000 464.64814814814815 421.94444444444446 115.85185185185185 0.5601851851851852 135.5185185185185 45.333333333333336 0.0 45.333333333333336 1.4379004000220448
180000 464.64814814814815 421.94444444444446 115.85185185185185 0.5601851851851852 135.5185185185185 45.333333333333336 0.0 45.333333333333336 1.319760100217536
182000 464.64814814814815 421.94444444444446 115.85185185185185 0.5601851851851852 135.5185185185185 45.333333333333336 0.0 45.333333333333336 1.3552919998764992
184000 464.64814814814815 421.94444444444446 115.85185185185185 0.5601851851851852 135.5185185185185 45.333333333333336 0.0 45.333333333333336 1.3452273001894355
186000 464.64814814814815 421.94444444444446 115.85185185185185 0.5601851851851852 135.5185185185185 45.333333333333336 0.0 45.333333333333336 1.323595399968326
188000 464.64814814814815 421.94444444444446 115.85185185185185 0.5601851851851852 135.5185185185185 45.333333333333336 0.0 45.333333333333336 1.3751604999415576
190000 464.64814814814815 421.94444444444446 115.85185185185185 0.5601851851851852 135.5185185185185 45.333333333333336 0.0 45.333333333333336 1.4289001000579447
192000 464.64814814814815 421.94444444444446 115.85185185185185 0.5601851851851852 135.5185185185185 45.333333333333336 0.0 45.333333333333336 1.368927099974826
194000 464.64814814814815 421.94444444444446 115.85185185185185 0.5601851851851852 135.5185185185185 45.333333333333336 0.0 45.333333333333336 1.4047582000494003
196000 464.64814814814815 421.94444444444446 115.85185185185185 0.5601851851851852 135.5185185185185 45.333333333333336 0.0 45.333333333333336 1.2821781998500228
198000 464.64814814814815 421.94444444444446 115.85185185185185 0.5601851851851852 135.5185185185185 45.333333333333336 0.0 45.333333333333336 1.3567628001328558
200000 464.64814814814815 421.94444444444446 115.85185185185185 0.5601851851851852 135.5185185185185 45.333333333333336 0.0 45.333333333333336 1.3526945000048727
202000 464.64814814814815 421.94444444444446 115.85185185185185 0.5601851851851852 135.5185185185185 45.333333333333336 0.0 45.333333333333336 1.5268191001378
204000 464.64814814814815 421.94444444444446 115.85185185185185 0.5601851851851852 135.5185185185185 45.333333333333336 0.0 45.333333333333336 1.3330594999715686
206000 464.64814814814815 421.94444444444446 115.85185185185185 0.5601851851851852 135.5185185185185 45.333333333333336 0.0 45.333333333333336 1.4426887000445276
208000 464.64814814814815 421.94444444444446 115.85185185185185 0.5601851851851852 135.5185185185185 45.333333333333336 0.0 45.333333333333336 1.4122373999562114
210000 464.64814814814815 421.94444444444446 115.85185185185185 0.5601851851851852 135.5185185185185 45.333333333333336 0.0 45.333333333333336 1.4089775001630187
212000 464.64814814814815 421.94444444444446 115.85185185185185 0.5601851851851852 135.5185185185185 45.333333333333336 0.0 45.333333333333336 1.3879186001140624
214000 464.64814814814815 421.94444444444446 115.85185185185185 0.5601851851851852 135.5185185185185 45.333333333333336 0.0 45.333333333333336 1.5104217000771314
216000 464.64814814814815 421.94444444444446 115.85185185185185 0.5601851851851852 135.5185185185185 45.333333333333336 0.0 45.333333333333336 1.4733313999604434
218000 464.64814814814815 421.94444444444446 115.85185185185185 0.5601851851851852 135.5185185185185 45.333333333333336 0.0 45.333333333333336 1.3696675000246614
220000 464.64814814814815 421.94444444444446 115.85185185185185 0.5601851851851852 135.5185185185185 45.333333333333336 0.0 45.333333333333336 1.3567417999729514
222000 464.64814814814815 421.94444444444446 115.85185185185185 0.5601851851851852 135.5185185185185 45.333333333333336 0.0 45.333333333333336 1.5813134999480098
224000 464.64814814814815 421.94444444444446 115.85185185185185 0.5601851851851852 135.5185185185185 45.333333333333336 0.0 45.333333333333336 1.4507632001768798
226000 464.64814814814815 421.94444444444446 115.85185185185185 0.5601851851851852 135.5185185185185 45.333333333333336 0.0 45.333333333333336 1.355433999793604
228000 464.64814814814815 421.94444444444446 115.85185185185185 0.5601851851851852 135.5185185185185 45.333333333333336 0.0 45.333333333333336 1.3232691998127848
230000 464.64814814814815 421.94444444444446 115.85185185185185 0.5601851851851852 135.5185185185185 45.333333333333336 0.0 45.333333333333336 1.4168253999669105
232000 464.64814814814815 421.94444444444446 115.85185185185185 0.5601851851851852 135.5185185185185 45.333333333333336 0.0 45.333333333333336 1.3757010998670012
234000 464.64814814814815 421.94444444444446 115.85185185185185 0.5601851851851852 135.5185185185185 45.333333333333336 0.0 45.333333333333336 1.2995551000349224
236000 464.64814814814815 421.94444444444446 115.85185185185185 0.5601851851851852 135.5185185185185 45.333333333333336 0.0 45.333333333333336 1.279355099890381
238000 464.64814814814815 421.94444444444446 115.85185185185185 0.5601851851851852 135.5185185185185 45.333333333333336 0.0 45.333333333333336 1.5065034001599997
240000 464.64814814814815 421.94444444444446 115.85185185185185 0.5601851851851852 135.5185185185185 45.333333333333336 0.0 45.333333333333336 1.372805800056085
242000 464.64814814814815 421.94444444444446 115.85185185185185 0.5601851851851852 135.5185185185185 45.333333333333336 0.0 45.333333333333336 1.4074564999900758
244000 464.64814814814815 421.94444444444446 115.85185185185185 0.5601851851851852 135.5185185185185 45.333333333333336 0.0 45.333333333333336 1.3424125998280942
246000 464.64814814814815 421.94444444444446 115.85185185185185 0.5601851851851852 135.5185185185185 45.333333333333336 0.0 45.333333333333336 1.3062930000014603
248000 464.64814814814815 421.94444444444446 115.85185185185185 0.5601851851851852 135.5185185185185 45.333333333333336 0.0 45.333333333333336 1.364781100070104
250000 464.64814814814815 421.94444444444446 115.85185185185185 0.5601851851851852 135.5185185185185 45.333333333333336 0.0 45.333333333333336 1.3377805000636727
252000 464.64814814814815 421.94444444444446 115.85185185185185 0.5601851851851852 135.5185185185185 45.333333333333336 0.0 45.333333333333336 1.3379003000445664
254000 464.64814814814815 421.94444444444446 115.85185185185185 0.5601851851851852 135.5185185185185 45.333333333333336 0.0 45.333333333333336 1.351128099951893
256000 464.64814814814815 421.94444444444446 115.85185185185185 0.5601851851851852 135.5185185185185 45.333333333333336 0.0 45.333333333333336 1.2583250000607222
258000 464.64814814814815 421.94444444444446 115.85185185185185 0.5601851851851852 135.5185185185185 45.333333333333336 0.0 45.333333333333336 1.3192182001657784
260000 464.64814814814815 421.94444444444446 115.85185185185185 0.5601851851851852 135.5185185185185 45.333333333333336 0.0 45.333333333333336 1.425799700198695
262000 464.64814814814815 421.94444444444446 115.85185185185185 0.5601851851851852 135.5185185185185 45.333333333333336 0.0 45.333333333333336 1.367847900139168
264000 464.64814814814815 421.94444444444446 115.85185185185185 0.5601851851851852 135.5185185185185 45.333333333333336 0.0 45.333333333333336 1.3281868000049144
266000 464.64814814814815 421.94444444444446 115.85185185185185 0.5601851851851852 135.5185185185185 45.333333333333336 0.0 45.333333333333336 1.4570297999307513
268000 464.64814814814815 421.94444444444446 115.85185185185185 0.5601851851851852 135.5185185185185 45.333333333333336 0.0 45.333333333333336 1.3090224000625312
270000 464.64814814814815 421.94444444444446 115.85185185185185 0.5601851851851852 135.5185185185185 45.333333333333336 0.0 45.333333333333336 1.3397705000825226
272000 464.64814814814815 421.94444444444446 115.85185185185185 0.5601851851851852 135.5185185185185 45.333333333333336 0.0 45.333333333333336 1.3771218000911176
274000 464.64814814814815 421.94444444444446 115.85185185185185 0.5601851851851852 135.5185185185185 45.333333333333336 0.0 45.333333333333336 1.39495879993774
276000 464.64814814814815 421.94444444444446 115.85185185185185 0.5601851851851852 135.5185185185185 45.333333333333336 0.0 45.333333333333336 1.4112906998489052
278000 464.64814814814815 421.94444444444446 115.85185185185185 0.5601851851851852 135.5185185185185 45.333333333333336 0.0 45.333333333333336 1.332607900025323
280000 464.64814814814815 421.94444444444446 115.85185185185185 0.5601851851851852 135.5185185185185 45.333333333333336 0.0 45.333333333333336 1.3860941999591887
282000 464.64814814814815 421.94444444444446 115.85185185185185 0.5601851851851852 135.5185185185185 45.333333333333336 0.0 45.333333333333336 1.3439185000024736
284000 464.64814814814815 421.94444444444446 115.85185185185185 0.5601851851851852 135.5185185185185 45.333333333333336 0.0 45.333333333333336 1.3818011998664588
286000 464.64814814814815 421.94444444444446 115.85185185185185 0.5601851851851852 135.5185185185185 45.333333333333336 0.0 45.333333333333336 1.3593456000089645
288000 464.64814814814815 421.94444444444446 115.85185185185185 0.5601851851851852 135.5185185185185 45.333333333333336 0.0 45.333333333333336 1.2887654998339713
290000 464.64814814814815 421.94444444444446 115.85185185185185 0.5601851851851852 135.5185185185185 45.333333333333336 0.0 45.333333333333336 1.2746953000314534
292000 464.64814814814815 421.94444444444446 115.85185185185185 0.5601851851851852 135.5185185185185 45.333333333333336 0.0 45.333333333333336 1.3889780000317842
294000 464.64814814814815 421.94444444444446 115.85185185185185 0.5601851851851852 135.5185185185185 45.333333333333336 0.0 45.333333333333336 1.3526749999728054
296000 464.64814814814815 421.94444444444446 115.85185185185185 0.5601851851851852 135.5185185185185 45.333333333333336 0.0 45.333333333333336 1.4207365999463946
298000 464.64814814814815 421.94444444444446 115.85185185185185 0.5601851851851852 135.5185185185185 45.333333333333336 0.0 45.333333333333336 1.3671758999116719
300000 464.64814814814815 421.94444444444446 115.85185185185185 0.5601851851851852 135.5185185185185 45.333333333333336 0.0 45.333333333333336 1.3232527999207377
302000 464.64814814814815 421.94444444444446 115.85185185185185 0.5601851851851852 135.5185185185185 45.333333333333336 0.0 45.333333333333336 1.3010686000343412
304000 464.64814814814815 421.94444444444446 115.85185185185185 0.5601851851851852 135.5185185185185 45.333333333333336 0.0 45.333333333333336 1.309653100091964
306000 464.64814814814815 421.94444444444446 115.85185185185185 0.5601851851851852 135.5185185185185 45.333333333333336 0.0 45.333333333333336 1.4630568998400122
308000 464.64814814814815 421.94444444444446 115.85185185185185 0.5601851851851852 135.5185185185185 45.333333333333336 0.0 45.333333333333336 1.358339199796319
310000 464.64814814814815 421.94444444444446 115.85185185185185 0.5601851851851852 135.5185185185185 45.333333333333336 0.0 45.333333333333336 1.463998300023377
312000 464.64814814814815 421.94444444444446 115.85185185185185 0.5601851851851852 135.5185185185185 45.333333333333336 0.0 45.333333333333336 1.3267951000016183
314000 464.64814814814815 421.94444444444446 115.85185185185185 0.5601851851851852 135.5185185185185 45.333333333333336 0.0 45.333333333333336 1.2699727998115122
316000 464.64814814814815 421.94444444444446 115.85185185185185 0.5601851851851852 135.5185185185185 45.333333333333336 0.0 45.333333333333336 1.3207578000146896
318000 464.64814814814815 421.94444444444446 115.85185185185185 0.5601851851851852 135.5185185185185 45.333333333333336 0.0 45.333333333333336 1.3230260000564158
320000 464.64814814814815 421.94444444444446 115.85185185185185 0.5601851851851852 135.5185185185185 45.333333333333336 0.0 45.333333333333336 1.4155576000921428
322000 464.64814814814815 421.94444444444446 115.85185185185185 0.5601851851851852 135.5185185185185 45.333333333333336 0.0 45.333333333333336 1.2784406000282615
324000 464.64814814814815 421.94444444444446 115.85185185185185 0.5601851851851852 135.5185185185185 45.333333333333336 0.0 45.333333333333336 1.3002361999824643
326000 464.64814814814815 421.94444444444446 115.85185185185185 0.5601851851851852 135.5185185185185 45.333333333333336 0.0 45.333333333333336 1.356500299880281
328000 464.64814814814815 421.94444444444446 115.85185185185185 0.5601851851851852 135.5185185185185 45.333333333333336 0.0 45.333333333333336 1.4939697000663728
330000 464.64814814814815 421.94444444444446 115.85185185185185 0.5601851851851852 135.5185185185185 45.333333333333336 0.0 45.333333333333336 1.3937537998426706
332000 464.64814814814815 421.94444444444446 115.85185185185185 0.5601851851851852 135.5185185185185 45.333333333333336 0.0 45.333333333333336 1.5658177000004798
334000 464.64814814814815 421.94444444444446 115.85185185185185 0.5601851851851852 135.5185185185185 45.333333333333336 0.0 45.333333333333336 1.2952991998754442
336000 464.64814814814815 421.94444444444446 115.85185185185185 0.5601851851851852 135.5185185185185 45.333333333333336 0.0 45.333333333333336 1.4023257000371814
338000 464.64814814814815 421.94444444444446 115.85185185185185 0.5601851851851852 135.5185185185185 45.333333333333336 0.0 45.333333333333336 1.377834000159055
340000 464.64814814814815 421.94444444444446 115.85185185185185 0.5601851851851852 135.5185185185185 45.333333333333336 0.0 45.333333333333336 1.3531513998750597
342000 464.64814814814815 421.94444444444446 115.85185185185185 0.5601851851851852 135.5185185185185 45.333333333333336 0.0 45.333333333333336 1.278910799883306
344000 464.64814814814815 421.94444444444446 115.85185185185185 0.5601851851851852 135.5185185185185 45.333333333333336 0.0 45.333333333333336 1.3315274000633508
346000 464.64814814814815 421.94444444444446 115.85185185185185 0.5601851851851852 135.5185185185185 45.333333333333336 0.0 45.333333333333336 1.293842799961567
348000 464.64814814814815 421.94444444444446 115.85185185185185 0.5601851851851852 135.5185185185185 45.333333333333336 0.0 45.333333333333336 1.380935600027442
350000 464.64814814814815 421.94444444444446 115.85185185185185 0.5601851851851852 135.5185185185185 45.333333333333336 0.0 45.333333333333336 1.4219772999640554
352000 464.64814814814815 421.94444444444446 115.85185185185185 0.5601851851851852 135.5185185185185 45.333333333333336 0.0 45.333333333333336 1.3804349000565708
354000 464.64814814814815 421.94444444444446 115.85185185185185 0.5601851851851852 135.5185185185185 45.333333333333336 0.0 45.333333333333336 1.4308701001573354
356000 464.64814814814815 421.94444444444446 115.85185185185185 0.5601851851851852 135.5185185185185 45.333333333333336 0.0 45.333333333333336 1.321522300131619
358000 464.64814814814815 421.94444444444446 115.85185185185185 0.5601851851851852 135.5185185185185 45.333333333333336 0.0 45.333333333333336 1.3785188000183553
360000 464.64814814814815 421.94444444444446 115.85185185185185 0.5601851851851852 135.5185185185185 45.333333333333336 0.0 45.333333333333336 1.4376767000649124
362000 464.64814814814815 421.94444444444446 115.85185185185185 0.5601851851851852 135.5185185185185 45.333333333333336 0.0 45.333333333333336 1.5719723000656813
364000 464.64814814814815 421.94444444444446 115.85185185185185 0.5601851851851852 135.5185185185185 45.333333333333336 0.0 45.333333333333336 1.5175294999498874
366000 464.64814814814815 421.94444444444446 115.85185185185185 0.5601851851851852 135.5185185185185 45.333333333333336 0.0 45.333333333333336 1.3963515001814812
368000 464.64814814814815 421.94444444444446 115.85185185185185 0.5601851851851852 135.5185185185185 45.333333333333336 0.0 45.333333333333336 1.420068999985233
370000 464.64814814814815 421.94444444444446 115.85185185185185 0.5601851851851852 135.5185185185185 45.333333333333336 0.0 45.333333333333336 1.3789343000389636
372000 464.64814814814815 421.94444444444446 115.85185185185185 0.5601851851851852 135.5185185185185 45.333333333333336 0.0 45.333333333333336 1.414214599877596
374000 464.64814814814815 421.94444444444446 115.85185185185185 0.5601851851851852 135.5185185185185 45.333333333333336 0.0 45.333333333333336 1.2858692998997867
376000 464.64814814814815 421.94444444444446 115.85185185185185 0.5601851851851852 135.5185185185185 45.333333333333336 0.0 45.333333333333336 1.3310547000728548
378000 464.64814814814815 421.94444444444446 115.85185185185185 0.5601851851851852 135.5185185185185 45.333333333333336 0.0 45.333333333333336 1.329949100036174
380000 464.64814814814815 421.94444444444446 115.85185185185185 0.5601851851851852 135.5185185185185 45.333333333333336 0.0 45.333333333333336 1.336366199888289
382000 464.64814814814815 421.94444444444446 115.85185185185185 0.5601851851851852 135.5185185185185 45.333333333333336 0.0 45.333333333333336 1.4178422999102622
384000 464.64814814814815 421.94444444444446 115.85185185185185 0.5601851851851852 135.5185185185185 45.333333333333336 0.0 45.333333333333336 1.400841899914667
386000 464.64814814814815 421.94444444444446 115.85185185185185 0.5601851851851852 135.5185185185185 45.333333333333336 0.0 45.333333333333336 1.3103095998521894
388000 464.64814814814815 421.94444444444446 115.85185185185185 0.5601851851851852 135.5185185185185 45.333333333333336 0.0 45.333333333333336 1.3743519000709057
390000 464.64814814814815 421.94444444444446 115.85185185185185 0.5601851851851852 135.5185185185185 45.333333333333336 0.0 45.333333333333336 1.369096500100568
392000 464.64814814814815 421.94444444444446 115.85185185185185 0.5601851851851852 135.5185185185185 45.333333333333336 0.0 45.333333333333336 1.2959448001347482
394000 464.64814814814815 421.94444444444446 115.85185185185185 0.5601851851851852 135.5185185185185 45.333333333333336 0.0 45.333333333333336 1.3289397000335157
396000 464.64814814814815 421.94444444444446 115.85185185185185 0.5601851851851852 135.5185185185185 45.333333333333336 0.0 45.333333333333336 1.318318200064823
398000 464.64814814814815 421.94444444444446 115.85185185185185 0.5601851851851852 135.5185185185185 45.333333333333336 0.0 45.333333333333336 1.3657311999704689
400000 464.64814814814815 421.94444444444446 115.85185185185185 0.5601851851851852 135.5185185185185 45.333333333333336 0.0 45.333333333333336 1.3316049000713974
402000 464.64814814814815 421.94444444444446 115.85185185185185 0.5601851851851852 135.5185185185185 45.333333333333336 0.0 45.333333333333336 1.3410523000638932
404000 464.64814814814815 421.94444444444446 115.85185185185185 0.5601851851851852 135.5185185185185 45.333333333333336 0.0 45.333333333333336 1.3243480001110584
406000 464.64814814814815 421.94444444444446 115.85185185185185 0.5601851851851852 135.5185185185185 45.333333333333336 0.0 45.333333333333336 1.2821418000385165
408000 464.64814814814815 421.94444444444446 115.85185185185185 0.5601851851851852 135.5185185185185 45.333333333333336 0.0 45.333333333333336 1.4548605000600219
410000 464.64814814814815 421.94444444444446 115.85185185185185 0.5601851851851852 135.5185185185185 45.333333333333336 0.0 45.333333333333336 1.3871071999892592
412000 464.64814814814815 421.94444444444446 115.85185185185185 0.5601851851851852 135.5185185185185 45.333333333333336 0.0 45.333333333333336 1.5682813001330942
414000 464.64814814814815 421.94444444444446 115.85185185185185 0.5601851851851852 135.5185185185185 45.333333333333336 0.0 45.333333333333336 1.683939800132066
416000 464.64814814814815 421.94444444444446 115.85185185185185 0.5601851851851852 135.5185185185185 45.333333333333336 0.0 45.333333333333336 1.5963922999799252
418000 464.64814814814815 421.94444444444446 115.85185185185185 0.5601851851851852 135.5185185185185 45.333333333333336 0.0 45.333333333333336 1.561047499999404
420000 464.64814814814815 421.94444444444446 115.85185185185185 0.5601851851851852 135.5185185185185 45.333333333333336 0.0 45.333333333333336 1.5735353000927716
422000 464.64814814814815 421.94444444444446 115.85185185185185 0.5601851851851852 135.5185185185185 45.333333333333336 0.0 45.333333333333336 1.463974199956283
424000 464.64814814814815 421.94444444444446 115.85185185185185 0.5601851851851852 135.5185185185185 45.333333333333336 0.0 45.333333333333336 1.6439010999165475
426000 464.64814814814815 421.94444444444446 115.85185185185185 0.5601851851851852 135.5185185185185 45.333333333333336 0.0 45.333333333333336 1.6527802001219243
428000 464.64814814814815 421.94444444444446 115.85185185185185 0.5601851851851852 135.5185185185185 45.333333333333336 0.0 45.333333333333336 1.5303319999948144
430000 464.64814814814815 421.94444444444446 115.85185185185185 0.5601851851851852 135.5185185185185 45.333333333333336 0.0 45.333333333333336 1.5015760001260787
432000 464.64814814814815 421.94444444444446 115.85185185185185 0.5601851851851852 135.5185185185185 45.333333333333336 0.0 45.333333333333336 1.6119567002169788
434000 464.64814814814815 421.94444444444446 115.85185185185185 0.5601851851851852 135.5185185185185 45.333333333333336 0.0 45.333333333333336 1.5576132000423968
436000 464.64814814814815 421.94444444444446 115.85185185185185 0.5601851851851852 135.5185185185185 45.333333333333336 0.0 45.333333333333336 1.6067542000673711
438000 464.64814814814815 421.94444444444446 115.85185185185185 0.5601851851851852 135.5185185185185 45.333333333333336 0.0 45.333333333333336 1.5695150000974536
440000 464.64814814814815 421.94444444444446 115.85185185185185 0.5601851851851852 135.5185185185185 45.333333333333336 0.0 45.333333333333336 1.516495100222528
442000 464.64814814814815 421.94444444444446 115.85185185185185 0.5601851851851852 135.5185185185185 45.333333333333336 0.0 45.333333333333336 1.5338561001699418
444000 464.64814814814815 421.94444444444446 115.85185185185185 0.5601851851851852 135.5185185185185 45.333333333333336 0.0 45.333333333333336 1.5960225998423994
446000 464.64814814814815 421.94444444444446 115.85185185185185 0.5601851851851852 135.5185185185185 45.333333333333336 0.0 45.333333333333336 1.4920243001542985
448000 464.64814814814815 421.94444444444446 115.85185185185185 0.5601851851851852 135.5185185185185 45.333333333333336 0.0 45.333333333333336 1.6379768000915647
450000 464.64814814814815 421.94444444444446 115.85185185185185 0.5601851851851852 135.5185185185185 45.333333333333336 0.0 45.333333333333336 1.5061792000196874
452000 464.64814814814815 421.94444444444446 115.85185185185185 0.5601851851851852 135.5185185185185 45.333333333333336 0.0 45.333333333333336 1.4584045000374317
454000 464.64814814814815 421.94444444444446 115.85185185185185 0.5601851851851852 135.5185185185185 45.333333333333336 0.0 45.333333333333336 1.3125110999681056
456000 464.64814814814815 421.94444444444446 115.85185185185185 0.5601851851851852 135.5185185185185 45.333333333333336 0.0 45.333333333333336 1.3910799999721348
458000 464.64814814814815 421.94444444444446 115.85185185185185 0.5601851851851852 135.5185185185185 45.333333333333336 0.0 45.333333333333336 1.4185609000269324
460000 464.64814814814815 421.94444444444446 115.85185185185185 0.5601851851851852 135.5185185185185 45.333333333333336 0.0 45.333333333333336 1.3632759000174701
462000 464.64814814814815 421.94444444444446 115.85185185185185 0.5601851851851852 135.5185185185185 45.333333333333336 0.0 45.333333333333336 1.375583300134167
464000 464.64814814814815 421.94444444444446 115.85185185185185 0.5601851851851852 135.5185185185185 45.333333333333336 0.0 45.333333333333336 1.2934799999929965
466000 464.64814814814815 421.94444444444446 115.85185185185185 0.5601851851851852 135.5185185185185 45.333333333333336 0.0 45.333333333333336 1.3602163998875767
468000 464.64814814814815 421.94444444444446 115.85185185185185 0.5601851851851852 135.5185185185185 45.333333333333336 0.0 45.333333333333336 1.362169299973175
470000 464.64814814814815 421.94444444444446 115.85185185185185 0.5601851851851852 135.5185185185185 45.333333333333336 0.0 45.333333333333336 1.349871200043708
472000 464.64814814814815 421.94444444444446 115.85185185185185 0.5601851851851852 135.5185185185185 45.333333333333336 0.0 45.333333333333336 1.3066020999103785
474000 464.64814814814815 421.94444444444446 115.85185185185185 0.5601851851851852 135.5185185185185 45.333333333333336 0.0 45.333333333333336 1.3583253000397235
476000 464.64814814814815 421.94444444444446 115.85185185185185 0.5601851851851852 135.5185185185185 45.333333333333336 0.0 45.333333333333336 1.3318619998171926
478000 464.64814814814815 421.94444444444446 115.85185185185185 0.5601851851851852 135.5185185185185 45.333333333333336 0.0 45.333333333333336 1.2642763999756426
480000 464.64814814814815 421.94444444444446 115.85185185185185 0.5601851851851852 135.5185185185185 45.333333333333336 0.0 45.333333333333336 1.4506797997746617
482000 464.64814814814815 421.94444444444446 115.85185185185185 0.5601851851851852 135.5185185185185 45.333333333333336 0.0 45.333333333333336 1.3424613000825047
484000 464.64814814814815 421.94444444444446 115.85185185185185 0.5601851851851852 135.5185185185185 45.333333333333336 0.0 45.333333333333336 1.2548700000625104
486000 464.64814814814815 421.94444444444446 115.85185185185185 0.5601851851851852 135.5185185185185 45.333333333333336 0.0 45.333333333333336 1.4097295000683516
488000 464.64814814814815 421.94444444444446 115.85185185185185 0.5601851851851852 135.5185185185185 45.333333333333336 0.0 45.333333333333336 1.3331542999949306
490000 464.64814814814815 421.94444444444446 115.85185185185185 0.5601851851851852 135.5185185185185 45.333333333333336 0.0 45.333333333333336 1.3765134999994189
492000 464.64814814814815 421.94444444444446 115.85185185185185 0.5601851851851852 135.5185185185185 45.333333333333336 0.0 45.333333333333336 1.1630126000382006
494000 464.64814814814815 421.94444444444446 115.85185185185185 0.5601851851851852 135.5185185185185 45.333333333333336 0.0 45.333333333333336 1.1394601999782026
496000 483.18518518518516 421.94444444444446 115.53703703703704 0.5694444444444444 135.5185185185185 45.333333333333336 0.0 45.333333333333336 1.2069098998326808
498000 483.18518518518516 421.94444444444446 115.53703703703704 0.5694444444444444 135.5185185185185 45.333333333333336 0.0 45.333333333333336 1.126176399877295
500000 483.18518518518516 421.94444444444446 115.53703703703704 0.5694444444444444 135.5185185185185 45.333333333333336 0.0 45.333333333333336 1.1108778999187052
