2000 0.038461538461538464 0.203125
4000 0.07692307692307693 0.234375
6000 0.15384615384615385 0.40625
8000 0.15384615384615385 0.28125
10000 0.23076923076923078 0.296875
12000 0.4230769230769231 0.421875
14000 0.7115384615384616 0.453125
16000 0.7115384615384616 0.390625
18000 0.9230769230769231 0.46875
20000 1.0 0.578125
22000 1.0384615384615385 0.53125
24000 0.9423076923076923 0.484375
26000 1.0192307692307692 0.5625
28000 1.1346153846153846 0.59375
30000 1.1730769230769231 0.703125
32000 1.25 0.796875
34000 1.1538461538461537 0.703125
36000 1.2115384615384615 0.984375
38000 1.2307692307692308 0.796875
40000 1.3461538461538463 0.796875
42000 1.4615384615384615 0.796875
44000 1.5576923076923077 0.78125
46000 2.25 0.78125
48000 2.4423076923076925 0.8125
50000 3.0 0.78125
52000 3.480769230769231 0.75
54000 2.9615384615384617 0.765625
56000 3.3846153846153846 0.796875
58000 3.326923076923077 0.890625
60000 3.4423076923076925 0.84375
62000 3.980769230769231 1.234375
64000 3.9038461538461537 0.953125
66000 3.8461538461538463 0.828125
68000 3.923076923076923 0.8125
70000 4.173076923076923 0.78125
72000 5.9423076923076925 0.828125
74000 6.038461538461538 0.78125
76000 7.403846153846154 0.875
78000 6.923076923076923 0.75
80000 8.596153846153847 0.90625
82000 8.673076923076923 0.859375
84000 8.403846153846153 1.46875
86000 8.634615384615385 0.984375
88000 8.48076923076923 1.15625
90000 9.692307692307692 1.375
92000 8.51923076923077 1.1875
94000 9.25 0.90625
96000 8.942307692307692 1.125
98000 8.846153846153847 1.0
100000 9.98076923076923 0.96875
102000 9.365384615384615 0.859375
104000 9.442307692307692 0.84375
106000 9.307692307692308 0.796875
108000 9.057692307692308 0.8125
110000 9.461538461538462 0.890625
112000 9.884615384615385 0.875
114000 9.153846153846153 0.796875
116000 9.673076923076923 0.828125
118000 8.788461538461538 0.8125
120000 9.288461538461538 0.828125
122000 9.423076923076923 0.8125
124000 9.26923076923077 0.921875
126000 10.403846153846153 0.796875
128000 9.51923076923077 0.890625
130000 9.346153846153847 0.796875
132000 10.173076923076923 0.78125
134000 9.192307692307692 0.84375
136000 10.384615384615385 0.828125
138000 9.557692307692308 0.90625
140000 9.75 0.984375
142000 9.653846153846153 1.0
144000 8.884615384615385 0.890625
146000 9.48076923076923 0.921875
148000 9.076923076923077 0.859375
150000 9.634615384615385 0.875
152000 9.192307692307692 0.796875
154000 10.0 0.796875
156000 9.576923076923077 0.875
158000 9.615384615384615 0.90625
160000 9.73076923076923 0.84375
162000 9.788461538461538 0.84375
164000 10.26923076923077 0.921875
166000 10.307692307692308 0.890625
168000 10.0 0.8125
170000 9.923076923076923 1.921875
172000 9.807692307692308 0.859375
174000 9.903846153846153 0.859375
176000 9.807692307692308 0.875
178000 10.403846153846153 0.96875
180000 10.423076923076923 0.96875
182000 10.461538461538462 0.71875
184000 11.038461538461538 0.9375
186000 9.73076923076923 0.90625
188000 9.403846153846153 0.96875
190000 10.076923076923077 0.921875
192000 10.307692307692308 1.046875
194000 10.442307692307692 1.15625
196000 9.961538461538462 0.859375
198000 10.557692307692308 0.90625
200000 9.75 0.8125
202000 10.326923076923077 0.90625
204000 10.288461538461538 0.84375
206000 10.153846153846153 0.953125
208000 10.26923076923077 1.140625
210000 9.711538461538462 1.046875
212000 10.211538461538462 0.875
214000 10.26923076923077 0.890625
216000 10.096153846153847 0.859375
218000 9.903846153846153 0.828125
220000 10.615384615384615 0.84375
222000 10.576923076923077 0.90625
224000 10.115384615384615 0.796875
226000 9.942307692307692 0.765625
228000 9.76923076923077 0.875
230000 10.75 0.84375
232000 10.673076923076923 0.828125
234000 10.057692307692308 0.859375
236000 10.538461538461538 0.875
238000 9.961538461538462 0.796875
240000 9.673076923076923 0.875
242000 10.576923076923077 0.921875
244000 10.384615384615385 0.828125
246000 9.153846153846153 0.90625
248000 10.326923076923077 0.859375
250000 10.307692307692308 1.09375
252000 10.26923076923077 0.890625
254000 10.557692307692308 0.890625
256000 10.538461538461538 0.90625
258000 9.653846153846153 0.859375
260000 10.01923076923077 0.84375
262000 10.0 0.875
264000 10.153846153846153 0.8125
266000 10.442307692307692 0.921875
268000 9.942307692307692 0.875
270000 10.134615384615385 1.0
272000 10.48076923076923 0.921875
274000 10.01923076923077 1.046875
276000 10.288461538461538 1.328125
278000 10.26923076923077 1.4375
280000 10.076923076923077 1.125
282000 9.692307692307692 0.96875
284000 10.01923076923077 0.953125
286000 10.192307692307692 0.90625
288000 9.634615384615385 0.859375
290000 10.057692307692308 0.9375
292000 10.057692307692308 0.875
294000 9.403846153846153 0.859375
296000 9.98076923076923 0.859375
298000 10.365384615384615 0.828125
300000 10.038461538461538 0.890625
302000 10.461538461538462 0.875
304000 9.76923076923077 0.875
306000 10.288461538461538 0.796875
308000 10.173076923076923 0.890625
310000 10.134615384615385 0.828125
312000 10.538461538461538 1.09375
314000 9.673076923076923 1.15625
316000 10.057692307692308 1.046875
318000 9.98076923076923 0.90625
320000 11.115384615384615 0.875
322000 10.01923076923077 0.890625
324000 10.73076923076923 0.859375
326000 10.365384615384615 0.921875
328000 9.903846153846153 0.859375
330000 10.26923076923077 0.890625
332000 10.23076923076923 0.984375
334000 10.5 0.890625
336000 10.711538461538462 1.0625
338000 9.653846153846153 1.09375
340000 9.942307692307692 1.109375
342000 10.23076923076923 0.90625
344000 10.0 0.8125
346000 10.576923076923077 0.875
348000 10.384615384615385 0.953125
350000 10.73076923076923 0.921875
352000 9.961538461538462 0.96875
354000 10.115384615384615 0.90625
356000 10.26923076923077 0.84375
358000 9.557692307692308 0.859375
360000 9.48076923076923 0.875
362000 9.75 0.90625
364000 10.115384615384615 0.984375
366000 10.365384615384615 1.109375
368000 9.461538461538462 0.875
370000 9.865384615384615 1.015625
372000 10.038461538461538 0.984375
374000 10.711538461538462 0.9375
376000 10.25 1.0
378000 10.192307692307692 1.046875
380000 9.711538461538462 0.890625
382000 10.942307692307692 0.859375
384000 9.807692307692308 0.96875
386000 10.788461538461538 1.03125
388000 9.865384615384615 0.953125
390000 10.5 0.953125
392000 10.096153846153847 0.875
394000 10.307692307692308 0.859375
396000 9.98076923076923 0.8125
398000 9.903846153846153 0.796875
400000 10.846153846153847 0.84375
402000 10.5 0.875
404000 9.326923076923077 1.109375
406000 10.076923076923077 0.9375
408000 10.365384615384615 0.96875
410000 10.326923076923077 0.984375
412000 10.826923076923077 0.984375
414000 9.961538461538462 1.015625
416000 10.01923076923077 1.078125
418000 9.98076923076923 1.0
420000 10.23076923076923 1.015625
422000 10.442307692307692 1.15625
424000 10.26923076923077 0.84375
426000 10.153846153846153 1.546875
428000 10.076923076923077 0.796875
430000 10.076923076923077 0.84375
432000 10.865384615384615 0.875
434000 9.615384615384615 0.796875
436000 10.692307692307692 0.8125
438000 10.25 0.921875
440000 9.76923076923077 0.875
442000 10.038461538461538 0.859375
444000 10.134615384615385 0.828125
446000 10.307692307692308 0.796875
448000 9.98076923076923 0.890625
450000 10.346153846153847 0.828125
452000 9.653846153846153 0.78125
454000 9.884615384615385 0.84375
456000 10.211538461538462 0.921875
458000 10.192307692307692 0.921875
460000 10.0 0.875
462000 10.23076923076923 0.796875
464000 9.846153846153847 0.859375
466000 10.25 0.875
468000 10.076923076923077 0.921875
470000 10.423076923076923 0.921875
472000 10.173076923076923 0.90625
474000 10.153846153846153 0.84375
476000 10.403846153846153 0.890625
478000 10.711538461538462 0.890625
480000 10.038461538461538 0.8125
482000 10.576923076923077 0.90625
484000 10.653846153846153 0.921875
486000 10.211538461538462 0.890625
488000 10.096153846153847 0.828125
490000 9.711538461538462 0.890625
492000 10.173076923076923 0.796875
494000 9.903846153846153 0.875
496000 10.634615384615385 1.0625
498000 9.5 1.0
500000 9.596153846153847 0.796875
