2000 2.7115384615384617 0.3125
4000 6.8076923076923075 0.296875
6000 8.346153846153847 0.390625
8000 10.211538461538462 0.34375
10000 10.211538461538462 0.484375
12000 9.576923076923077 0.3125
14000 9.576923076923077 0.3125
16000 9.923076923076923 0.265625
18000 10.211538461538462 0.375
20000 10.211538461538462 0.453125
22000 10.211538461538462 0.3125
24000 10.211538461538462 0.296875
26000 10.211538461538462 0.296875
28000 10.211538461538462 0.359375
30000 10.211538461538462 0.40625
32000 10.211538461538462 0.34375
34000 10.211538461538462 0.296875
36000 11.596153846153847 0.296875
38000 11.596153846153847 0.3125
40000 11.51923076923077 0.34375
42000 11.596153846153847 0.484375
44000 11.596153846153847 0.3125
46000 11.596153846153847 0.34375
48000 11.596153846153847 0.296875
50000 11.692307692307692 0.375
52000 11.692307692307692 0.375
54000 11.692307692307692 0.265625
56000 11.692307692307692 0.296875
58000 11.692307692307692 0.359375
60000 11.692307692307692 0.328125
62000 11.692307692307692 0.421875
64000 11.692307692307692 0.296875
66000 11.692307692307692 0.28125
68000 11.692307692307692 0.328125
70000 11.692307692307692 0.359375
72000 11.692307692307692 0.40625
74000 11.692307692307692 0.453125
76000 11.692307692307692 0.3125
78000 11.692307692307692 0.3125
80000 11.692307692307692 0.28125
82000 11.692307692307692 0.359375
84000 11.51923076923077 0.46875
86000 11.692307692307692 0.3125
88000 11.692307692307692 0.28125
90000 11.692307692307692 0.296875
92000 11.692307692307692 0.3125
94000 11.692307692307692 0.359375
96000 11.692307692307692 0.359375
98000 11.634615384615385 0.296875
100000 11.692307692307692 0.3125
102000 11.384615384615385 0.375
104000 11.692307692307692 0.390625
106000 11.788461538461538 0.53125
108000 11.826923076923077 0.296875
110000 11.807692307692308 0.28125
112000 11.788461538461538 0.3125
114000 11.51923076923077 0.3125
116000 11.442307692307692 0.46875
118000 11.692307692307692 0.296875
120000 11.692307692307692 0.3125
122000 11.692307692307692 0.359375
124000 11.692307692307692 0.328125
126000 11.692307692307692 0.421875
128000 11.692307692307692 0.296875
130000 11.692307692307692 0.296875
132000 11.596153846153847 0.28125
134000 11.692307692307692 0.40625
136000 11.634615384615385 0.390625
138000 11.692307692307692 0.421875
140000 11.692307692307692 0.359375
142000 11.692307692307692 0.28125
144000 11.692307692307692 0.421875
146000 11.576923076923077 0.375
148000 11.596153846153847 0.421875
150000 11.692307692307692 0.296875
152000 11.692307692307692 0.28125
154000 11.692307692307692 0.296875
156000 11.692307692307692 0.328125
158000 11.692307692307692 0.484375
160000 11.692307692307692 0.265625
162000 11.442307692307692 0.296875
164000 11.48076923076923 0.3125
166000 11.153846153846153 0.296875
168000 11.442307692307692 0.3125
170000 11.596153846153847 0.46875
172000 11.442307692307692 0.375
174000 11.653846153846153 0.25
176000 11.653846153846153 0.34375
178000 11.615384615384615 0.375
180000 11.673076923076923 0.453125
182000 11.615384615384615 0.375
184000 11.5 0.3125
186000 11.384615384615385 0.3125
188000 11.557692307692308 0.328125
190000 11.673076923076923 0.375
192000 11.634615384615385 0.296875
194000 11.673076923076923 0.3125
196000 11.75 0.375
198000 11.365384615384615 0.265625
200000 11.576923076923077 0.359375
202000 11.692307692307692 0.40625
204000 11.634615384615385 0.296875
206000 11.596153846153847 0.296875
208000 11.692307692307692 0.359375
210000 11.326923076923077 0.375
212000 11.826923076923077 0.453125
214000 11.903846153846153 0.3125
216000 11.788461538461538 0.3125
218000 11.75 0.28125
220000 11.73076923076923 0.390625
222000 11.807692307692308 0.46875
224000 11.653846153846153 0.328125
226000 11.692307692307692 0.359375
228000 11.653846153846153 0.3125
230000 11.711538461538462 0.3125
232000 11.692307692307692 0.421875
234000 11.788461538461538 0.515625
236000 11.903846153846153 0.328125
238000 11.884615384615385 0.296875
240000 11.98076923076923 0.3125
242000 11.98076923076923 0.375
244000 11.98076923076923 0.5
246000 11.692307692307692 0.375
248000 11.692307692307692 0.296875
250000 12.038461538461538 0.234375
252000 11.865384615384615 0.3125
254000 11.865384615384615 0.359375
256000 11.807692307692308 0.28125
258000 11.923076923076923 0.375
260000 11.884615384615385 0.296875
262000 11.903846153846153 0.328125
264000 11.846153846153847 0.359375
266000 11.596153846153847 0.484375
268000 11.98076923076923 0.3125
270000 11.826923076923077 0.296875
272000 11.826923076923077 0.21875
274000 11.903846153846153 0.328125
276000 11.846153846153847 0.359375
278000 11.826923076923077 0.203125
280000 11.615384615384615 0.203125
282000 11.692307692307692 0.171875
284000 11.807692307692308 0.28125
286000 11.711538461538462 0.328125
288000 12.01923076923077 0.28125
290000 11.634615384615385 0.25
292000 11.826923076923077 0.21875
294000 11.557692307692308 0.375
296000 11.673076923076923 0.359375
298000 11.76923076923077 0.453125
300000 11.884615384615385 0.296875
302000 11.884615384615385 0.265625
304000 11.76923076923077 0.328125
306000 11.76923076923077 0.328125
308000 11.826923076923077 0.328125
310000 11.76923076923077 0.265625
312000 11.826923076923077 0.265625
314000 11.884615384615385 0.25
316000 11.884615384615385 0.34375
318000 11.76923076923077 0.421875
320000 11.634615384615385 0.234375
322000 11.807692307692308 0.25
324000 11.75 0.25
326000 11.596153846153847 0.265625
328000 11.692307692307692 0.359375
330000 12.01923076923077 0.40625
332000 12.038461538461538 0.328125
334000 11.788461538461538 0.28125
336000 11.98076923076923 0.25
338000 11.884615384615385 0.265625
340000 11.865384615384615 0.4375
342000 11.826923076923077 0.265625
344000 11.923076923076923 0.28125
346000 12.038461538461538 0.265625
348000 12.01923076923077 0.28125
350000 12.076923076923077 0.40625
352000 11.923076923076923 0.265625
354000 12.076923076923077 0.28125
356000 11.98076923076923 0.3125
358000 12.038461538461538 0.3125
360000 11.596153846153847 0.390625
362000 11.846153846153847 0.46875
364000 11.903846153846153 0.28125
366000 11.76923076923077 0.265625
368000 12.0 0.265625
370000 11.903846153846153 0.421875
372000 11.923076923076923 0.5
374000 11.903846153846153 0.296875
376000 11.942307692307692 0.265625
378000 12.057692307692308 0.25
380000 12.076923076923077 0.328125
382000 11.961538461538462 0.40625
384000 11.865384615384615 0.296875
386000 11.884615384615385 0.359375
388000 12.038461538461538 0.296875
390000 11.961538461538462 0.296875
392000 11.692307692307692 0.375
394000 11.788461538461538 0.40625
396000 11.942307692307692 0.265625
398000 12.0 0.328125
400000 11.884615384615385 0.265625
402000 11.961538461538462 0.375
404000 12.01923076923077 0.421875
406000 12.01923076923077 0.28125
408000 12.01923076923077 0.28125
410000 11.884615384615385 0.28125
412000 11.903846153846153 0.375
414000 11.807692307692308 0.40625
416000 11.903846153846153 0.265625
418000 11.903846153846153 0.296875
420000 11.961538461538462 0.265625
422000 11.75 0.265625
424000 11.903846153846153 0.4375
426000 11.942307692307692 0.46875
428000 11.692307692307692 0.375
430000 11.961538461538462 0.3125
432000 12.057692307692308 0.3125
434000 12.057692307692308 0.34375
436000 12.057692307692308 0.4375
438000 12.01923076923077 0.265625
440000 11.961538461538462 0.328125
442000 12.057692307692308 0.375
444000 12.057692307692308 0.359375
446000 11.961538461538462 0.4375
448000 11.961538461538462 0.296875
450000 11.961538461538462 0.359375
452000 11.884615384615385 0.34375
454000 11.942307692307692 0.28125
456000 11.961538461538462 0.40625
458000 11.961538461538462 0.453125
460000 11.961538461538462 0.3125
462000 12.057692307692308 0.3125
464000 11.961538461538462 0.328125
466000 11.942307692307692 0.34375
468000 11.961538461538462 0.453125
470000 11.961538461538462 0.265625
472000 11.961538461538462 0.296875
474000 11.961538461538462 0.296875
476000 11.942307692307692 0.3125
478000 11.923076923076923 0.359375
480000 11.923076923076923 0.296875
482000 11.942307692307692 0.234375
484000 11.942307692307692 0.296875
486000 11.942307692307692 0.296875
488000 11.942307692307692 0.40625
490000 11.942307692307692 0.484375
492000 11.942307692307692 0.34375
494000 11.942307692307692 0.265625
496000 11.903846153846153 0.25
498000 11.942307692307692 0.328125
500000 11.903846153846153 0.453125
