2000 0.4807692307692308 0.09375
4000 1.0769230769230769 0.109375
6000 1.0769230769230769 0.21875
8000 1.3846153846153846 0.234375
10000 1.0769230769230769 0.21875
12000 1.2692307692307692 0.140625
14000 2.5961538461538463 0.171875
16000 3.1538461538461537 0.234375
18000 3.5 0.25
20000 3.8461538461538463 0.28125
22000 4.961538461538462 0.15625
24000 5.5576923076923075 0.171875
26000 5.673076923076923 0.203125
28000 5.788461538461538 0.1875
30000 5.788461538461538 0.25
32000 5.8076923076923075 0.140625
34000 5.711538461538462 0.125
36000 5.8076923076923075 0.171875
38000 5.923076923076923 0.234375
40000 5.634615384615385 0.265625
42000 5.9423076923076925 0.28125
44000 5.615384615384615 0.15625
46000 5.923076923076923 0.15625
48000 5.730769230769231 0.25
50000 5.923076923076923 0.234375
52000 5.826923076923077 0.296875
54000 5.923076923076923 0.125
56000 5.923076923076923 0.09375
58000 5.923076923076923 0.21875
60000 5.923076923076923 0.21875
62000 5.923076923076923 0.28125
64000 6.134615384615385 0.140625
66000 5.923076923076923 0.171875
68000 5.8076923076923075 0.203125
70000 6.019230769230769 0.25
72000 6.134615384615385 0.265625
74000 6.019230769230769 0.28125
76000 5.826923076923077 0.15625
78000 6.1923076923076925 0.171875
80000 5.923076923076923 0.21875
82000 5.980769230769231 0.265625
84000 5.923076923076923 0.296875
86000 6.1923076923076925 0.125
88000 6.019230769230769 0.15625
90000 6.1923076923076925 0.1875
92000 5.923076923076923 0.25
94000 5.865384615384615 0.265625
96000 6.096153846153846 0.15625
98000 5.923076923076923 0.140625
100000 5.923076923076923 0.203125
102000 5.923076923076923 0.25
104000 5.75 0.21875
106000 5.923076923076923 0.28125
108000 5.923076923076923 0.140625
110000 6.076923076923077 0.15625
112000 5.923076923076923 0.234375
114000 5.923076923076923 0.296875
116000 6.019230769230769 0.265625
118000 6.019230769230769 0.125
120000 6.019230769230769 0.171875
122000 5.923076923076923 0.203125
124000 6.019230769230769 0.25
126000 5.923076923076923 0.28125
128000 5.788461538461538 0.140625
130000 5.923076923076923 0.140625
132000 6.096153846153846 0.1875
134000 5.923076923076923 0.171875
136000 6.115384615384615 0.296875
138000 5.769230769230769 0.3125
140000 4.173076923076923 0.125
142000 6.019230769230769 0.1875
144000 5.846153846153846 0.203125
146000 5.384615384615385 0.265625
148000 6.134615384615385 0.3125
150000 5.826923076923077 0.15625
152000 5.923076923076923 0.15625
154000 6.1923076923076925 0.21875
156000 6.096153846153846 0.21875
158000 6.134615384615385 0.25
160000 6.1923076923076925 0.171875
162000 6.134615384615385 0.140625
164000 5.634615384615385 0.1875
166000 6.134615384615385 0.203125
168000 6.1923076923076925 0.265625
170000 6.1923076923076925 0.28125
172000 6.1923076923076925 0.109375
174000 6.134615384615385 0.171875
176000 6.134615384615385 0.234375
178000 5.769230769230769 0.21875
180000 5.980769230769231 0.3125
182000 6.3076923076923075 0.140625
184000 6.3076923076923075 0.15625
186000 6.3076923076923075 0.203125
188000 5.4423076923076925 0.234375
190000 5.596153846153846 0.3125
192000 6.134615384615385 0.125
194000 6.019230769230769 0.15625
196000 6.134615384615385 0.15625
198000 5.865384615384615 0.25
200000 6.25 0.25
202000 5.903846153846154 0.265625
204000 5.903846153846154 0.125
206000 5.8076923076923075 0.15625
208000 5.6923076923076925 0.21875
210000 5.615384615384615 0.265625
212000 6.019230769230769 0.28125
214000 6.076923076923077 0.125
216000 6.0 0.125
218000 5.903846153846154 0.21875
220000 6.134615384615385 0.203125
222000 5.8076923076923075 0.25
224000 5.8076923076923075 0.140625
226000 5.730769230769231 0.125
228000 5.826923076923077 0.15625
230000 5.653846153846154 0.234375
232000 5.826923076923077 0.3125
234000 5.846153846153846 0.296875
236000 5.769230769230769 0.15625
238000 5.961538461538462 0.171875
240000 5.711538461538462 0.21875
242000 6.019230769230769 0.25
244000 5.903846153846154 0.28125
246000 6.019230769230769 0.15625
248000 6.3076923076923075 0.125
250000 6.134615384615385 0.203125
252000 6.076923076923077 0.265625
254000 6.076923076923077 0.28125
256000 6.115384615384615 0.140625
258000 6.25 0.15625
260000 6.173076923076923 0.15625
262000 6.0576923076923075 0.234375
264000 5.961538461538462 0.25
266000 6.461538461538462 0.34375
268000 6.0 0.171875
270000 5.923076923076923 0.15625
272000 6.019230769230769 0.21875
274000 6.096153846153846 0.265625
276000 5.826923076923077 0.203125
278000 6.211538461538462 0.171875
280000 6.25 0.15625
282000 6.096153846153846 0.1875
284000 6.019230769230769 0.203125
286000 6.346153846153846 0.28125
288000 5.730769230769231 0.171875
290000 5.865384615384615 0.171875
292000 6.096153846153846 0.1875
294000 5.730769230769231 0.25
296000 6.384615384615385 0.21875
298000 6.0576923076923075 0.3125
300000 6.1923076923076925 0.140625
302000 6.173076923076923 0.125
304000 6.384615384615385 0.21875
306000 6.211538461538462 0.296875
308000 6.115384615384615 0.296875
310000 6.115384615384615 0.171875
312000 6.403846153846154 0.125
314000 6.25 0.203125
316000 6.153846153846154 0.234375
318000 6.096153846153846 0.296875
320000 6.019230769230769 0.109375
322000 6.0 0.15625
324000 6.134615384615385 0.21875
326000 6.211538461538462 0.21875
328000 5.730769230769231 0.25
330000 6.096153846153846 0.265625
332000 6.576923076923077 0.15625
334000 6.4423076923076925 0.171875
336000 6.384615384615385 0.21875
338000 6.346153846153846 0.1875
340000 6.346153846153846 0.296875
342000 6.1923076923076925 0.140625
344000 6.230769230769231 0.125
346000 6.346153846153846 0.21875
348000 6.230769230769231 0.265625
350000 6.3076923076923075 0.296875
352000 6.4423076923076925 0.140625
354000 6.346153846153846 0.125
356000 6.0576923076923075 0.140625
358000 6.346153846153846 0.203125
360000 6.211538461538462 0.296875
362000 6.230769230769231 0.296875
364000 6.173076923076923 0.125
366000 6.1923076923076925 0.1875
368000 6.423076923076923 0.140625
370000 6.038461538461538 0.296875
372000 6.211538461538462 0.3125
374000 6.211538461538462 0.125
376000 6.403846153846154 0.109375
378000 6.346153846153846 0.15625
380000 6.403846153846154 0.1875
382000 6.211538461538462 0.3125
384000 6.115384615384615 0.125
386000 6.346153846153846 0.125
388000 6.461538461538462 0.15625
390000 6.423076923076923 0.25
392000 6.134615384615385 0.265625
394000 6.1923076923076925 0.34375
396000 6.211538461538462 0.125
398000 6.211538461538462 0.171875
400000 6.211538461538462 0.203125
402000 6.346153846153846 0.28125
404000 6.134615384615385 0.25
406000 6.211538461538462 0.125
408000 6.1923076923076925 0.171875
410000 6.1923076923076925 0.171875
412000 6.3076923076923075 0.25
414000 6.346153846153846 0.3125
416000 6.134615384615385 0.125
418000 6.576923076923077 0.125
420000 6.538461538461538 0.203125
422000 6.596153846153846 0.203125
424000 6.403846153846154 0.296875
426000 6.461538461538462 0.296875
428000 6.134615384615385 0.171875
430000 6.634615384615385 0.1875
432000 6.384615384615385 0.234375
434000 6.365384615384615 0.265625
436000 6.461538461538462 0.28125
438000 6.211538461538462 0.15625
440000 6.461538461538462 0.171875
442000 6.461538461538462 0.21875
444000 6.461538461538462 0.234375
446000 6.365384615384615 0.3125
448000 6.615384615384615 0.15625
450000 6.423076923076923 0.109375
452000 6.423076923076923 0.171875
454000 6.519230769230769 0.234375
456000 6.4423076923076925 0.25
458000 6.384615384615385 0.34375
460000 6.365384615384615 0.125
462000 6.384615384615385 0.171875
464000 6.384615384615385 0.1875
466000 6.384615384615385 0.265625
468000 6.403846153846154 0.234375
470000 6.423076923076923 0.125
472000 6.403846153846154 0.140625
474000 6.403846153846154 0.171875
476000 6.384615384615385 0.265625
478000 6.365384615384615 0.28125
480000 6.403846153846154 0.109375
482000 6.365384615384615 0.1875
484000 6.403846153846154 0.203125
486000 6.403846153846154 0.265625
488000 6.403846153846154 0.265625
490000 6.346153846153846 0.3125
492000 6.403846153846154 0.140625
494000 6.403846153846154 0.15625
496000 6.384615384615385 0.15625
498000 6.346153846153846 0.25
500000 6.423076923076923 0.296875
