2000 1.3461538461538463 0.453125
4000 2.076923076923077 0.3125
6000 3.826923076923077 0.3125
8000 6.019230769230769 0.328125
10000 6.730769230769231 0.34375
12000 7.0 0.328125
14000 6.596153846153846 0.328125
16000 6.596153846153846 0.3125
18000 6.8076923076923075 0.328125
20000 6.788461538461538 0.40625
22000 6.730769230769231 0.3125
24000 7.673076923076923 0.3125
26000 7.846153846153846 0.3125
28000 8.057692307692308 0.328125
30000 8.153846153846153 0.40625
32000 8.038461538461538 0.5
34000 8.884615384615385 0.28125
36000 9.057692307692308 0.296875
38000 9.288461538461538 0.28125
40000 9.326923076923077 0.28125
42000 9.346153846153847 0.296875
44000 9.634615384615385 0.265625
46000 10.057692307692308 0.28125
48000 10.115384615384615 0.265625
50000 10.057692307692308 0.25
52000 10.057692307692308 0.3125
54000 10.076923076923077 0.21875
56000 10.057692307692308 0.21875
58000 10.096153846153847 0.296875
60000 10.076923076923077 0.234375
62000 10.096153846153847 0.265625
64000 10.096153846153847 0.265625
66000 10.096153846153847 0.34375
68000 10.326923076923077 0.421875
70000 11.134615384615385 0.40625
72000 11.288461538461538 0.265625
74000 11.653846153846153 0.25
76000 11.653846153846153 0.359375
78000 11.538461538461538 0.265625
80000 11.538461538461538 0.3125
82000 11.48076923076923 0.328125
84000 11.538461538461538 0.375
86000 11.538461538461538 0.265625
88000 11.423076923076923 0.234375
90000 11.711538461538462 0.40625
92000 11.711538461538462 0.375
94000 11.711538461538462 0.375
96000 11.73076923076923 0.28125
98000 11.73076923076923 0.390625
100000 11.73076923076923 0.359375
102000 11.846153846153847 0.4375
104000 11.846153846153847 0.28125
106000 11.846153846153847 0.40625
108000 11.846153846153847 0.328125
110000 11.826923076923077 0.40625
112000 11.846153846153847 0.265625
114000 11.846153846153847 0.328125
116000 11.846153846153847 0.390625
118000 11.826923076923077 0.296875
120000 11.884615384615385 0.328125
122000 11.884615384615385 0.328125
124000 11.903846153846153 0.40625
126000 11.923076923076923 0.34375
128000 11.942307692307692 0.421875
130000 11.942307692307692 0.390625
132000 11.903846153846153 0.328125
134000 11.903846153846153 0.359375
136000 11.942307692307692 0.3125
138000 11.942307692307692 0.34375
140000 11.942307692307692 0.3125
142000 11.923076923076923 0.328125
144000 11.923076923076923 0.375
146000 11.923076923076923 0.375
148000 11.923076923076923 0.328125
150000 11.923076923076923 0.453125
152000 11.923076923076923 0.265625
154000 11.942307692307692 0.328125
156000 11.923076923076923 0.359375
158000 11.923076923076923 0.28125
160000 11.884615384615385 0.265625
162000 11.923076923076923 0.3125
164000 11.923076923076923 0.390625
166000 11.923076923076923 0.375
168000 11.923076923076923 0.390625
170000 11.923076923076923 0.40625
172000 11.923076923076923 0.328125
174000 11.923076923076923 0.390625
176000 11.923076923076923 0.328125
178000 11.923076923076923 0.3125
180000 11.942307692307692 0.3125
182000 11.884615384615385 0.34375
184000 11.942307692307692 0.390625
186000 11.961538461538462 0.328125
188000 11.923076923076923 0.34375
190000 11.942307692307692 0.359375
192000 11.98076923076923 0.34375
194000 11.961538461538462 0.296875
196000 11.942307692307692 0.34375
198000 11.942307692307692 0.296875
200000 11.961538461538462 0.265625
202000 11.961538461538462 0.28125
204000 11.98076923076923 0.265625
206000 11.98076923076923 0.3125
208000 11.961538461538462 0.28125
210000 11.942307692307692 0.265625
212000 11.98076923076923 0.25
214000 11.942307692307692 0.265625
216000 11.942307692307692 0.328125
218000 11.98076923076923 0.25
220000 11.98076923076923 0.265625
222000 11.98076923076923 0.25
224000 11.961538461538462 0.265625
226000 11.961538461538462 0.328125
228000 11.961538461538462 0.234375
230000 11.961538461538462 0.28125
232000 11.942307692307692 0.265625
234000 11.961538461538462 0.25
236000 11.961538461538462 0.265625
238000 11.923076923076923 0.328125
240000 11.942307692307692 0.28125
242000 11.942307692307692 0.25
244000 11.884615384615385 0.234375
246000 11.865384615384615 0.265625
248000 11.961538461538462 0.3125
250000 11.942307692307692 0.28125
252000 11.961538461538462 0.3125
254000 11.942307692307692 0.390625
256000 11.942307692307692 0.3125
258000 11.942307692307692 0.3125
260000 11.961538461538462 0.3125
262000 11.961538461538462 0.3125
264000 11.98076923076923 0.40625
266000 11.942307692307692 0.328125
268000 11.942307692307692 0.3125
270000 11.942307692307692 0.3125
272000 11.942307692307692 0.3125
274000 11.942307692307692 0.328125
276000 11.98076923076923 0.3125
278000 11.98076923076923 0.34375
280000 11.98076923076923 0.390625
282000 11.942307692307692 0.359375
284000 11.942307692307692 0.328125
286000 11.942307692307692 0.59375
288000 11.942307692307692 0.46875
290000 11.846153846153847 0.453125
292000 11.942307692307692 0.46875
294000 11.942307692307692 0.46875
296000 11.942307692307692 0.4375
298000 11.846153846153847 0.390625
300000 11.846153846153847 0.5
302000 11.942307692307692 0.4375
304000 11.98076923076923 0.515625
306000 11.98076923076923 0.421875
308000 11.98076923076923 0.359375
310000 11.98076923076923 0.375
312000 11.942307692307692 0.390625
314000 11.98076923076923 0.296875
316000 11.884615384615385 0.28125
318000 11.846153846153847 0.453125
320000 11.884615384615385 0.3125
322000 11.98076923076923 0.421875
324000 11.98076923076923 0.28125
326000 11.98076923076923 0.28125
328000 11.884615384615385 0.265625
330000 11.98076923076923 0.25
332000 11.884615384615385 0.28125
334000 11.942307692307692 0.25
336000 11.942307692307692 0.34375
338000 11.961538461538462 0.296875
340000 11.961538461538462 0.40625
342000 11.961538461538462 0.3125
344000 12.0 0.40625
346000 11.884615384615385 0.390625
348000 11.846153846153847 0.3125
350000 11.884615384615385 0.3125
352000 11.903846153846153 0.3125
354000 12.0 0.3125
356000 11.98076923076923 0.328125
358000 11.942307692307692 0.390625
360000 11.923076923076923 0.28125
362000 11.942307692307692 0.265625
364000 11.826923076923077 0.265625
366000 11.826923076923077 0.28125
368000 11.807692307692308 0.28125
370000 11.788461538461538 0.296875
372000 11.788461538461538 0.296875
374000 11.807692307692308 0.25
376000 11.788461538461538 0.296875
378000 11.807692307692308 0.25
380000 11.826923076923077 0.25
382000 11.826923076923077 0.234375
384000 11.807692307692308 0.265625
386000 11.76923076923077 0.265625
388000 11.826923076923077 0.296875
390000 11.884615384615385 0.25
392000 11.846153846153847 0.265625
394000 11.884615384615385 0.265625
396000 11.884615384615385 0.265625
398000 11.884615384615385 0.359375
400000 11.884615384615385 0.25
402000 11.884615384615385 0.265625
404000 11.884615384615385 0.28125
406000 11.98076923076923 0.296875
408000 11.942307692307692 0.328125
410000 11.98076923076923 0.328125
412000 11.98076923076923 0.265625
414000 11.942307692307692 0.28125
416000 11.942307692307692 0.28125
418000 11.942307692307692 0.40625
420000 11.98076923076923 0.296875
422000 11.98076923076923 0.265625
424000 11.942307692307692 0.390625
426000 11.942307692307692 0.515625
428000 11.942307692307692 0.46875
430000 11.942307692307692 0.453125
432000 11.98076923076923 0.328125
434000 11.942307692307692 0.34375
436000 11.942307692307692 0.328125
438000 11.942307692307692 0.421875
440000 11.942307692307692 0.203125
442000 11.903846153846153 0.234375
444000 11.942307692307692 0.25
446000 11.942307692307692 0.34375
448000 11.942307692307692 0.3125
450000 11.942307692307692 0.375
452000 11.923076923076923 0.296875
454000 11.961538461538462 0.234375
456000 11.961538461538462 0.28125
458000 11.942307692307692 0.328125
460000 11.942307692307692 0.265625
462000 11.942307692307692 0.296875
464000 11.942307692307692 0.296875
466000 11.942307692307692 0.328125
468000 11.942307692307692 0.40625
470000 11.942307692307692 0.328125
472000 11.942307692307692 0.3125
474000 11.942307692307692 0.328125
476000 11.942307692307692 0.25
478000 11.942307692307692 0.296875
480000 11.942307692307692 0.265625
482000 11.942307692307692 0.265625
484000 11.942307692307692 0.1875
486000 11.942307692307692 0.28125
488000 11.942307692307692 0.265625
490000 11.923076923076923 0.390625
492000 11.923076923076923 0.296875
494000 11.923076923076923 0.296875
496000 11.903846153846153 0.296875
498000 11.923076923076923 0.28125
500000 11.903846153846153 0.328125
