2000 1.6730769230769231 0.4375
4000 2.326923076923077 0.546875
6000 2.1538461538461537 0.53125
8000 3.923076923076923 0.515625
10000 8.288461538461538 0.6875
12000 7.865384615384615 0.453125
14000 8.615384615384615 0.5
16000 8.865384615384615 0.59375
18000 8.884615384615385 0.4375
20000 9.634615384615385 0.5625
22000 10.115384615384615 0.453125
24000 10.038461538461538 0.375
26000 10.288461538461538 0.453125
28000 10.942307692307692 0.453125
30000 11.923076923076923 0.53125
32000 11.98076923076923 0.40625
34000 11.903846153846153 0.53125
36000 11.884615384615385 0.484375
38000 11.634615384615385 0.359375
40000 11.538461538461538 0.40625
42000 11.538461538461538 0.5625
44000 11.615384615384615 0.375
46000 11.538461538461538 0.453125
48000 11.538461538461538 0.453125
50000 11.788461538461538 0.46875
52000 11.76923076923077 0.546875
54000 11.538461538461538 0.578125
56000 11.673076923076923 0.796875
58000 11.51923076923077 0.6875
60000 11.788461538461538 0.734375
62000 11.826923076923077 0.515625
64000 11.884615384615385 0.453125
66000 11.75 0.5
68000 11.826923076923077 0.453125
70000 11.76923076923077 0.703125
72000 11.326923076923077 0.4375
74000 11.75 0.59375
76000 11.903846153846153 0.40625
78000 11.807692307692308 0.484375
80000 11.846153846153847 0.46875
82000 11.903846153846153 0.40625
84000 11.942307692307692 0.484375
86000 11.884615384615385 0.484375
88000 11.711538461538462 0.375
90000 12.076923076923077 0.40625
92000 12.038461538461538 0.40625
94000 12.25 0.46875
96000 12.134615384615385 0.359375
98000 12.192307692307692 0.5
100000 12.288461538461538 0.359375
102000 12.173076923076923 0.375
104000 12.096153846153847 0.390625
106000 12.192307692307692 0.5625
108000 12.038461538461538 0.453125
110000 12.038461538461538 0.359375
112000 12.173076923076923 0.375
114000 12.288461538461538 0.40625
116000 11.846153846153847 0.515625
118000 12.115384615384615 0.4375
120000 11.923076923076923 0.40625
122000 12.0 0.390625
124000 12.115384615384615 0.390625
126000 11.961538461538462 0.4375
128000 12.096153846153847 0.5
130000 12.096153846153847 0.390625
132000 12.134615384615385 0.375
134000 12.057692307692308 0.421875
136000 12.057692307692308 0.484375
138000 12.26923076923077 0.5625
140000 12.211538461538462 0.546875
142000 12.01923076923077 0.40625
144000 12.0 0.40625
146000 12.23076923076923 0.359375
148000 12.211538461538462 0.5
150000 12.23076923076923 0.40625
152000 12.23076923076923 0.46875
154000 11.961538461538462 0.375
156000 11.942307692307692 0.4375
158000 11.788461538461538 0.515625
160000 12.0 0.390625
162000 12.346153846153847 0.375
164000 12.346153846153847 0.484375
166000 12.403846153846153 0.390625
168000 12.26923076923077 0.484375
170000 12.192307692307692 0.578125
172000 12.211538461538462 0.421875
174000 12.365384615384615 0.53125
176000 12.384615384615385 0.546875
178000 12.365384615384615 0.4375
180000 12.403846153846153 0.546875
182000 12.48076923076923 0.375
184000 12.26923076923077 0.40625
186000 12.26923076923077 0.5
188000 12.346153846153847 0.484375
190000 12.057692307692308 0.484375
192000 12.326923076923077 0.546875
194000 12.307692307692308 0.515625
196000 12.461538461538462 0.609375
198000 12.23076923076923 0.515625
200000 12.423076923076923 0.453125
202000 12.25 0.578125
204000 12.211538461538462 0.359375
206000 12.096153846153847 0.390625
208000 12.134615384615385 0.515625
210000 12.442307692307692 0.390625
212000 12.5 0.484375
214000 12.423076923076923 0.515625
216000 12.461538461538462 0.375
218000 12.461538461538462 0.546875
220000 12.423076923076923 0.546875
222000 12.26923076923077 0.53125
224000 12.365384615384615 0.390625
226000 12.384615384615385 0.359375
228000 12.326923076923077 0.375
230000 12.211538461538462 0.390625
232000 12.173076923076923 0.515625
234000 12.038461538461538 0.625
236000 12.288461538461538 0.390625
238000 12.134615384615385 0.421875
240000 12.076923076923077 0.375
242000 12.288461538461538 0.5625
244000 12.538461538461538 0.484375
246000 12.461538461538462 0.375
248000 12.5 0.375
250000 12.423076923076923 0.421875
252000 12.442307692307692 0.53125
254000 12.403846153846153 0.59375
256000 12.288461538461538 0.421875
258000 12.442307692307692 0.421875
260000 12.26923076923077 0.40625
262000 12.25 0.421875
264000 12.326923076923077 0.59375
266000 12.442307692307692 0.5625
268000 12.326923076923077 0.375
270000 12.442307692307692 0.421875
272000 12.596153846153847 0.34375
274000 12.51923076923077 0.40625
276000 12.51923076923077 0.59375
278000 12.538461538461538 0.375
280000 12.557692307692308 0.5
282000 12.326923076923077 0.484375
284000 12.423076923076923 0.3125
286000 12.5 0.625
288000 12.365384615384615 0.46875
290000 12.173076923076923 0.34375
292000 12.23076923076923 0.515625
294000 12.576923076923077 0.375
296000 12.557692307692308 0.484375
298000 12.826923076923077 0.59375
300000 12.576923076923077 0.46875
302000 12.48076923076923 0.328125
304000 12.711538461538462 0.515625
306000 12.442307692307692 0.375
308000 12.576923076923077 0.515625
310000 12.615384615384615 0.390625
312000 12.596153846153847 0.484375
314000 12.538461538461538 0.5
316000 12.5 0.40625
318000 12.653846153846153 0.53125
320000 12.403846153846153 0.421875
322000 12.538461538461538 0.390625
324000 12.5 0.5
326000 11.865384615384615 0.421875
328000 12.26923076923077 0.453125
330000 12.23076923076923 0.515625
332000 12.365384615384615 0.375
334000 12.557692307692308 0.390625
336000 12.673076923076923 0.515625
338000 12.76923076923077 0.375
340000 12.557692307692308 0.484375
342000 12.653846153846153 0.375
344000 12.403846153846153 0.390625
346000 12.596153846153847 0.421875
348000 12.51923076923077 0.546875
350000 12.48076923076923 0.5625
352000 12.25 0.328125
354000 12.461538461538462 0.359375
356000 12.596153846153847 0.40625
358000 12.557692307692308 0.390625
360000 12.442307692307692 0.484375
362000 12.48076923076923 0.546875
364000 12.557692307692308 0.34375
366000 12.653846153846153 0.3125
368000 12.5 0.359375
370000 12.557692307692308 0.5625
372000 12.538461538461538 0.609375
374000 12.596153846153847 0.40625
376000 12.48076923076923 0.4375
378000 12.403846153846153 0.3125
380000 12.384615384615385 0.359375
382000 12.442307692307692 0.53125
384000 12.423076923076923 0.421875
386000 12.51923076923077 0.359375
388000 12.596153846153847 0.34375
390000 12.596153846153847 0.328125
392000 12.634615384615385 0.421875
394000 12.51923076923077 0.578125
396000 12.615384615384615 0.53125
398000 12.596153846153847 0.375
400000 12.538461538461538 0.34375
402000 12.5 0.40625
404000 12.653846153846153 0.515625
406000 12.75 0.546875
408000 12.846153846153847 0.484375
410000 12.711538461538462 0.421875
412000 12.673076923076923 0.4375
414000 12.846153846153847 0.53125
416000 12.826923076923077 0.40625
418000 12.865384615384615 0.546875
420000 12.807692307692308 0.359375
422000 12.826923076923077 0.53125
424000 12.846153846153847 0.40625
426000 12.846153846153847 0.53125
428000 12.846153846153847 0.671875
430000 12.596153846153847 0.546875
432000 12.75 0.609375
434000 12.76923076923077 0.421875
436000 12.826923076923077 0.515625
438000 12.826923076923077 0.453125
440000 12.807692307692308 0.5
442000 12.865384615384615 0.40625
444000 12.826923076923077 0.421875
446000 12.788461538461538 0.515625
448000 12.76923076923077 0.34375
450000 12.788461538461538 0.5
452000 12.596153846153847 0.46875
454000 12.634615384615385 0.34375
456000 12.48076923076923 0.4375
458000 12.576923076923077 0.546875
460000 12.596153846153847 0.484375
462000 12.692307692307692 0.609375
464000 12.634615384615385 0.453125
466000 12.634615384615385 0.34375
468000 12.615384615384615 0.4375
470000 12.615384615384615 0.34375
472000 12.634615384615385 0.28125
474000 12.596153846153847 0.5625
476000 12.596153846153847 0.484375
478000 12.596153846153847 0.515625
480000 12.615384615384615 0.40625
482000 12.711538461538462 0.40625
484000 12.788461538461538 0.40625
486000 12.788461538461538 0.4375
488000 12.75 0.40625
490000 12.711538461538462 0.53125
492000 12.692307692307692 0.390625
494000 12.615384615384615 0.421875
496000 12.596153846153847 0.5625
498000 12.673076923076923 0.46875
500000 12.692307692307692 0.515625
