2000 1.7692307692307692 0.765625
4000 1.25 0.78125
6000 2.5 1.03125
8000 4.326923076923077 0.78125
10000 8.365384615384615 0.984375
12000 8.288461538461538 0.796875
14000 7.826923076923077 0.90625
16000 10.038461538461538 0.78125
18000 9.846153846153847 0.828125
20000 11.326923076923077 1.0
22000 11.807692307692308 0.796875
24000 11.903846153846153 0.828125
26000 11.903846153846153 0.8125
28000 11.903846153846153 1.0625
30000 11.48076923076923 0.828125
32000 11.903846153846153 0.78125
34000 11.73076923076923 0.8125
36000 11.903846153846153 0.796875
38000 11.903846153846153 0.8125
40000 11.846153846153847 0.875
42000 11.903846153846153 1.171875
44000 11.73076923076923 0.84375
46000 11.346153846153847 0.84375
48000 11.903846153846153 0.859375
50000 11.903846153846153 1.109375
52000 11.903846153846153 0.90625
54000 11.923076923076923 1.09375
56000 11.76923076923077 0.828125
58000 11.76923076923077 0.9375
60000 12.076923076923077 1.140625
62000 12.01923076923077 1.078125
64000 11.903846153846153 1.03125
66000 11.961538461538462 0.953125
68000 12.076923076923077 0.859375
70000 11.923076923076923 1.15625
72000 12.057692307692308 0.828125
74000 11.75 1.171875
76000 11.634615384615385 1.046875
78000 11.865384615384615 0.859375
80000 11.807692307692308 0.875
82000 11.865384615384615 1.140625
84000 11.865384615384615 0.890625
86000 11.673076923076923 0.96875
88000 11.76923076923077 1.09375
90000 12.038461538461538 0.875
92000 12.057692307692308 0.875
94000 11.942307692307692 0.984375
96000 11.884615384615385 0.859375
98000 12.096153846153847 0.859375
100000 12.26923076923077 0.90625
102000 11.923076923076923 1.15625
104000 12.01923076923077 0.96875
106000 12.096153846153847 1.0625
108000 12.153846153846153 1.015625
110000 11.884615384615385 0.8125
112000 12.01923076923077 0.8125
114000 11.826923076923077 1.125
116000 11.846153846153847 1.21875
118000 12.346153846153847 0.890625
120000 12.134615384615385 0.9375
122000 12.307692307692308 0.859375
124000 11.903846153846153 0.859375
126000 12.25 1.0
128000 12.115384615384615 1.078125
130000 12.365384615384615 1.078125
132000 12.25 0.890625
134000 12.288461538461538 0.890625
136000 12.288461538461538 0.859375
138000 12.038461538461538 1.015625
140000 12.134615384615385 1.1875
142000 12.288461538461538 1.234375
144000 12.01923076923077 0.859375
146000 12.384615384615385 0.984375
148000 12.0 1.140625
150000 12.173076923076923 1.125
152000 12.51923076923077 0.859375
154000 12.403846153846153 0.859375
156000 12.23076923076923 0.84375
158000 12.461538461538462 0.859375
160000 12.288461538461538 1.015625
162000 12.192307692307692 1.015625
164000 12.23076923076923 0.953125
166000 12.48076923076923 0.890625
168000 12.307692307692308 1.171875
170000 12.26923076923077 0.984375
172000 12.307692307692308 0.78125
174000 12.173076923076923 0.90625
176000 12.173076923076923 1.140625
178000 12.0 0.828125
180000 12.403846153846153 1.1875
182000 12.192307692307692 1.0
184000 12.365384615384615 0.765625
186000 12.26923076923077 0.8125
188000 12.26923076923077 0.8125
190000 12.365384615384615 0.8125
192000 12.5 0.828125
194000 12.365384615384615 0.84375
196000 12.5 0.90625
198000 12.173076923076923 0.796875
200000 12.26923076923077 0.78125
202000 12.288461538461538 0.953125
204000 12.096153846153847 0.875
206000 12.384615384615385 0.828125
208000 12.134615384615385 0.84375
210000 12.25 0.984375
212000 12.25 0.890625
214000 12.423076923076923 0.890625
216000 12.48076923076923 0.8125
218000 12.326923076923077 0.796875
220000 12.26923076923077 0.796875
222000 12.365384615384615 0.84375
224000 12.461538461538462 1.109375
226000 12.384615384615385 0.875
228000 12.48076923076923 0.828125
230000 12.5 0.84375
232000 12.461538461538462 0.9375
234000 12.346153846153847 0.96875
236000 12.288461538461538 0.859375
238000 12.423076923076923 1.265625
240000 12.403846153846153 0.9375
242000 12.153846153846153 0.875
244000 12.25 1.109375
246000 12.26923076923077 0.84375
248000 12.326923076923077 0.859375
250000 12.173076923076923 0.921875
252000 12.596153846153847 0.875
254000 12.5 0.890625
256000 12.346153846153847 0.890625
258000 12.403846153846153 1.09375
260000 12.461538461538462 0.890625
262000 12.307692307692308 0.875
264000 12.403846153846153 0.84375
266000 12.51923076923077 1.0
268000 12.634615384615385 0.859375
270000 12.557692307692308 0.828125
272000 12.192307692307692 1.03125
274000 12.5 0.90625
276000 12.403846153846153 0.90625
278000 12.423076923076923 0.921875
280000 12.48076923076923 0.875
282000 12.48076923076923 0.90625
284000 12.442307692307692 0.9375
286000 12.51923076923077 1.28125
288000 12.5 0.84375
290000 12.365384615384615 0.921875
292000 11.653846153846153 0.90625
294000 12.538461538461538 0.84375
296000 12.576923076923077 0.875
298000 12.51923076923077 1.140625
300000 12.461538461538462 1.0625
302000 12.153846153846153 0.90625
304000 12.51923076923077 0.796875
306000 12.538461538461538 1.078125
308000 12.442307692307692 0.890625
310000 12.365384615384615 0.90625
312000 12.557692307692308 0.859375
314000 12.48076923076923 0.859375
316000 12.346153846153847 0.875
318000 12.596153846153847 0.859375
320000 12.48076923076923 0.9375
322000 12.596153846153847 0.890625
324000 12.711538461538462 0.890625
326000 12.538461538461538 0.921875
328000 12.596153846153847 0.9375
330000 12.673076923076923 1.0
332000 12.653846153846153 1.078125
334000 12.692307692307692 0.984375
336000 12.576923076923077 0.859375
338000 12.442307692307692 0.921875
340000 12.461538461538462 1.203125
342000 12.557692307692308 0.875
344000 12.153846153846153 0.875
346000 12.442307692307692 1.015625
348000 12.615384615384615 0.8125
350000 12.673076923076923 0.859375
352000 12.596153846153847 0.828125
354000 12.73076923076923 1.046875
356000 12.423076923076923 0.890625
358000 12.538461538461538 1.0
360000 11.846153846153847 1.28125
362000 12.442307692307692 1.015625
364000 12.557692307692308 0.84375
366000 12.442307692307692 1.03125
368000 12.442307692307692 0.890625
370000 12.461538461538462 0.96875
372000 12.461538461538462 0.90625
374000 12.557692307692308 1.140625
376000 12.615384615384615 0.875
378000 12.711538461538462 0.859375
380000 12.634615384615385 0.859375
382000 12.365384615384615 0.890625
384000 12.403846153846153 1.078125
386000 12.326923076923077 0.90625
388000 12.423076923076923 1.171875
390000 12.346153846153847 1.140625
392000 12.634615384615385 0.875
394000 12.653846153846153 1.21875
396000 12.596153846153847 0.890625
398000 12.423076923076923 0.875
400000 12.307692307692308 0.90625
402000 12.615384615384615 1.109375
404000 12.326923076923077 0.9375
406000 12.576923076923077 0.875
408000 12.653846153846153 0.96875
410000 12.51923076923077 0.984375
412000 12.48076923076923 0.875
414000 12.576923076923077 1.109375
416000 12.48076923076923 0.875
418000 12.615384615384615 1.125
420000 12.634615384615385 0.84375
422000 12.51923076923077 0.8125
424000 12.403846153846153 0.859375
426000 12.653846153846153 1.03125
428000 12.673076923076923 1.03125
430000 12.673076923076923 1.046875
432000 12.615384615384615 0.828125
434000 12.653846153846153 0.984375
436000 12.653846153846153 1.03125
438000 12.692307692307692 0.859375
440000 12.615384615384615 1.15625
442000 12.634615384615385 0.796875
444000 12.5 0.828125
446000 12.557692307692308 0.84375
448000 12.576923076923077 0.875
450000 12.596153846153847 0.8125
452000 12.576923076923077 0.84375
454000 12.51923076923077 1.15625
456000 12.5 0.9375
458000 12.5 0.984375
460000 12.5 1.328125
462000 12.653846153846153 0.875
464000 12.596153846153847 0.890625
466000 12.615384615384615 0.890625
468000 12.653846153846153 1.015625
470000 12.596153846153847 0.8125
472000 12.576923076923077 0.890625
474000 12.634615384615385 1.140625
476000 12.557692307692308 1.15625
478000 12.557692307692308 0.875
480000 12.576923076923077 1.15625
482000 12.538461538461538 0.859375
484000 12.48076923076923 0.890625
486000 12.403846153846153 0.890625
488000 12.538461538461538 0.84375
490000 12.557692307692308 0.96875
492000 12.557692307692308 0.515625
494000 12.557692307692308 0.875
496000 12.596153846153847 0.53125
498000 12.557692307692308 0.546875
500000 12.576923076923077 0.65625
