2000 2.2115384615384617 0.296875
4000 1.4807692307692308 0.34375
6000 1.9230769230769231 0.328125
8000 2.173076923076923 0.34375
10000 1.9038461538461537 0.515625
12000 2.769230769230769 0.296875
14000 3.4423076923076925 0.375
16000 7.596153846153846 0.28125
18000 9.826923076923077 0.375
20000 9.884615384615385 0.421875
22000 9.865384615384615 0.296875
24000 9.903846153846153 0.3125
26000 9.942307692307692 0.328125
28000 9.961538461538462 0.359375
30000 9.942307692307692 0.421875
32000 9.942307692307692 0.28125
34000 10.211538461538462 0.296875
36000 10.076923076923077 0.28125
38000 9.942307692307692 0.390625
40000 10.461538461538462 0.390625
42000 10.442307692307692 0.484375
44000 10.365384615384615 0.296875
46000 10.51923076923077 0.34375
48000 10.711538461538462 0.28125
50000 10.711538461538462 0.375
52000 10.788461538461538 0.4375
54000 10.692307692307692 0.296875
56000 10.557692307692308 0.34375
58000 10.634615384615385 0.3125
60000 10.673076923076923 0.34375
62000 9.51923076923077 0.390625
64000 10.692307692307692 0.375
66000 10.923076923076923 0.296875
68000 10.211538461538462 0.34375
70000 10.51923076923077 0.265625
72000 10.615384615384615 0.40625
74000 10.538461538461538 0.515625
76000 10.673076923076923 0.390625
78000 10.73076923076923 0.28125
80000 10.788461538461538 0.34375
82000 10.576923076923077 0.375
84000 10.615384615384615 0.484375
86000 10.51923076923077 0.328125
88000 10.76923076923077 0.28125
90000 10.826923076923077 0.28125
92000 10.75 0.328125
94000 10.826923076923077 0.4375
96000 10.596153846153847 0.28125
98000 10.576923076923077 0.296875
100000 10.75 0.296875
102000 10.461538461538462 0.375
104000 10.653846153846153 0.375
106000 10.653846153846153 0.5
108000 10.846153846153847 0.296875
110000 10.75 0.28125
112000 10.615384615384615 0.28125
114000 10.596153846153847 0.375
116000 10.576923076923077 0.46875
118000 10.615384615384615 0.3125
120000 10.76923076923077 0.28125
122000 10.865384615384615 0.34375
124000 10.653846153846153 0.296875
126000 10.673076923076923 0.5
128000 10.923076923076923 0.390625
130000 11.115384615384615 0.34375
132000 10.653846153846153 0.3125
134000 10.75 0.28125
136000 11.134615384615385 0.421875
138000 10.923076923076923 0.5
140000 10.596153846153847 0.34375
142000 10.365384615384615 0.296875
144000 10.942307692307692 0.359375
146000 10.788461538461538 0.328125
148000 10.615384615384615 0.46875
150000 10.75 0.34375
152000 11.211538461538462 0.3125
154000 10.76923076923077 0.28125
156000 10.576923076923077 0.375
158000 10.826923076923077 0.46875
160000 10.98076923076923 0.359375
162000 10.98076923076923 0.3125
164000 10.961538461538462 0.265625
166000 10.961538461538462 0.328125
168000 10.884615384615385 0.390625
170000 11.0 0.484375
172000 10.903846153846153 0.296875
174000 11.115384615384615 0.3125
176000 10.961538461538462 0.328125
178000 11.038461538461538 0.34375
180000 10.961538461538462 0.46875
182000 11.038461538461538 0.34375
184000 10.807692307692308 0.296875
186000 10.76923076923077 0.296875
188000 11.211538461538462 0.375
190000 11.115384615384615 0.40625
192000 11.076923076923077 0.328125
194000 10.903846153846153 0.296875
196000 11.01923076923077 0.296875
198000 11.26923076923077 0.296875
200000 11.076923076923077 0.4375
202000 11.115384615384615 0.484375
204000 11.173076923076923 0.3125
206000 11.096153846153847 0.3125
208000 10.961538461538462 0.296875
210000 11.134615384615385 0.328125
212000 11.057692307692308 0.421875
214000 11.096153846153847 0.328125
216000 11.346153846153847 0.28125
218000 11.134615384615385 0.34375
220000 11.384615384615385 0.375
222000 10.884615384615385 0.421875
224000 10.846153846153847 0.28125
226000 10.73076923076923 0.265625
228000 10.923076923076923 0.34375
230000 10.865384615384615 0.28125
232000 10.961538461538462 0.421875
234000 10.942307692307692 0.5
236000 11.192307692307692 0.328125
238000 10.788461538461538 0.484375
240000 11.057692307692308 0.28125
242000 11.153846153846153 0.359375
244000 11.288461538461538 0.453125
246000 11.057692307692308 0.328125
248000 11.307692307692308 0.296875
250000 11.23076923076923 0.28125
252000 11.153846153846153 0.328125
254000 11.211538461538462 0.46875
256000 11.25 0.421875
258000 11.307692307692308 0.375
260000 11.192307692307692 0.28125
262000 10.903846153846153 0.28125
264000 11.192307692307692 0.34375
266000 11.173076923076923 0.515625
268000 10.923076923076923 0.28125
270000 10.961538461538462 0.421875
272000 10.75 0.3125
274000 10.884615384615385 0.390625
276000 11.038461538461538 0.453125
278000 11.096153846153847 0.3125
280000 10.942307692307692 0.28125
282000 10.923076923076923 0.34375
284000 10.884615384615385 0.40625
286000 11.057692307692308 0.46875
288000 11.01923076923077 0.328125
290000 11.288461538461538 0.328125
292000 11.134615384615385 0.296875
294000 11.346153846153847 0.3125
296000 11.173076923076923 0.421875
298000 11.0 0.4375
300000 11.134615384615385 0.359375
302000 10.961538461538462 0.28125
304000 11.01923076923077 0.28125
306000 11.057692307692308 0.34375
308000 11.115384615384615 0.4375
310000 11.307692307692308 0.375
312000 10.98076923076923 0.296875
314000 11.01923076923077 0.296875
316000 10.903846153846153 0.328125
318000 11.038461538461538 0.46875
320000 11.153846153846153 0.28125
322000 11.173076923076923 0.453125
324000 11.173076923076923 0.28125
326000 11.076923076923077 0.28125
328000 10.923076923076923 0.40625
330000 11.153846153846153 0.46875
332000 10.98076923076923 0.296875
334000 10.884615384615385 0.3125
336000 11.0 0.390625
338000 11.057692307692308 0.359375
340000 11.153846153846153 0.4375
342000 11.096153846153847 0.296875
344000 11.038461538461538 0.328125
346000 11.038461538461538 0.296875
348000 10.942307692307692 0.359375
350000 11.076923076923077 0.359375
352000 10.98076923076923 0.296875
354000 10.98076923076923 0.34375
356000 10.884615384615385 0.28125
358000 11.096153846153847 0.265625
360000 11.096153846153847 0.390625
362000 10.98076923076923 0.5
364000 11.173076923076923 0.3125
366000 11.211538461538462 0.265625
368000 11.115384615384615 0.3125
370000 11.038461538461538 0.359375
372000 11.057692307692308 0.4375
374000 11.096153846153847 0.390625
376000 10.961538461538462 0.359375
378000 11.057692307692308 0.296875
380000 10.384615384615385 0.328125
382000 10.903846153846153 0.4375
384000 11.057692307692308 0.34375
386000 10.826923076923077 0.28125
388000 11.211538461538462 0.40625
390000 10.884615384615385 0.3125
392000 11.153846153846153 0.375
394000 11.057692307692308 0.515625
396000 11.134615384615385 0.34375
398000 10.98076923076923 0.265625
400000 11.057692307692308 0.359375
402000 10.98076923076923 0.375
404000 10.865384615384615 0.453125
406000 11.096153846153847 0.515625
408000 10.75 0.296875
410000 10.98076923076923 0.265625
412000 11.01923076923077 0.359375
414000 11.096153846153847 0.40625
416000 11.211538461538462 0.296875
418000 11.096153846153847 0.34375
420000 11.192307692307692 0.28125
422000 11.096153846153847 0.3125
424000 11.288461538461538 0.359375
426000 11.192307692307692 0.46875
428000 11.211538461538462 0.3125
430000 11.076923076923077 0.28125
432000 10.961538461538462 0.328125
434000 11.0 0.359375
436000 11.057692307692308 0.421875
438000 11.076923076923077 0.328125
440000 11.26923076923077 0.28125
442000 11.115384615384615 0.34375
444000 11.173076923076923 0.421875
446000 11.153846153846153 0.421875
448000 11.26923076923077 0.3125
450000 11.365384615384615 0.296875
452000 11.346153846153847 0.328125
454000 11.346153846153847 0.265625
456000 11.26923076923077 0.390625
458000 11.288461538461538 0.546875
460000 11.25 0.28125
462000 11.288461538461538 0.28125
464000 11.23076923076923 0.390625
466000 11.25 0.359375
468000 11.288461538461538 0.4375
470000 11.26923076923077 0.328125
472000 11.307692307692308 0.28125
474000 11.288461538461538 0.328125
476000 11.288461538461538 0.28125
478000 11.326923076923077 0.453125
480000 11.307692307692308 0.328125
482000 11.288461538461538 0.265625
484000 11.26923076923077 0.28125
486000 11.288461538461538 0.3125
488000 11.307692307692308 0.421875
490000 11.288461538461538 0.484375
492000 11.403846153846153 0.28125
494000 11.26923076923077 0.34375
496000 11.26923076923077 0.296875
498000 11.423076923076923 0.390625
500000 11.403846153846153 0.5
