2000 2.076923076923077 0.84375
4000 0.46153846153846156 0.890625
6000 0.5384615384615384 0.828125
8000 0.6346153846153846 0.8125
10000 1.5 1.015625
12000 1.4038461538461537 0.828125
14000 3.9038461538461537 0.828125
16000 8.653846153846153 1.03125
18000 8.73076923076923 0.828125
20000 9.538461538461538 0.890625
22000 9.51923076923077 0.96875
24000 9.884615384615385 0.8125
26000 10.057692307692308 0.796875
28000 9.673076923076923 0.9375
30000 9.846153846153847 0.828125
32000 10.173076923076923 0.84375
34000 10.26923076923077 0.859375
36000 10.288461538461538 0.84375
38000 10.26923076923077 0.8125
40000 10.096153846153847 0.84375
42000 10.134615384615385 1.0
44000 11.615384615384615 0.84375
46000 11.75 0.796875
48000 11.76923076923077 0.78125
50000 11.75 0.78125
52000 11.48076923076923 0.890625
54000 11.711538461538462 0.984375
56000 11.75 0.875
58000 11.673076923076923 0.859375
60000 11.903846153846153 1.15625
62000 12.423076923076923 0.828125
64000 12.326923076923077 0.765625
66000 12.557692307692308 0.796875
68000 12.5 0.828125
70000 12.557692307692308 0.859375
72000 12.634615384615385 1.015625
74000 12.634615384615385 0.921875
76000 12.673076923076923 0.796875
78000 12.615384615384615 1.046875
80000 12.326923076923077 0.859375
82000 12.346153846153847 0.828125
84000 12.538461538461538 1.09375
86000 12.5 0.84375
88000 12.673076923076923 0.78125
90000 12.5 0.8125
92000 12.634615384615385 0.828125
94000 12.596153846153847 0.921875
96000 12.423076923076923 0.484375
98000 12.23076923076923 0.53125
100000 11.98076923076923 0.625
102000 11.98076923076923 0.578125
104000 11.826923076923077 0.8125
106000 12.461538461538462 1.15625
108000 12.461538461538462 0.765625
110000 12.75 0.8125
112000 12.634615384615385 0.953125
114000 12.673076923076923 1.03125
116000 12.576923076923077 0.84375
118000 12.673076923076923 1.015625
120000 12.711538461538462 0.875
122000 12.634615384615385 0.796875
124000 12.403846153846153 0.9375
126000 12.692307692307692 0.828125
128000 12.653846153846153 0.84375
130000 12.538461538461538 1.078125
132000 12.403846153846153 0.96875
134000 12.576923076923077 0.828125
136000 12.557692307692308 1.015625
138000 12.75 0.9375
140000 12.134615384615385 0.828125
142000 12.653846153846153 0.859375
144000 12.788461538461538 0.859375
146000 12.673076923076923 0.828125
148000 12.711538461538462 0.953125
150000 12.442307692307692 0.8125
152000 12.538461538461538 0.8125
154000 12.692307692307692 0.78125
156000 12.73076923076923 0.796875
158000 12.365384615384615 0.84375
160000 12.615384615384615 0.84375
162000 12.442307692307692 0.9375
164000 12.538461538461538 0.875
166000 12.442307692307692 0.953125
168000 12.673076923076923 1.0625
170000 12.538461538461538 1.0
172000 12.634615384615385 0.828125
174000 12.76923076923077 1.03125
176000 12.653846153846153 0.84375
178000 12.788461538461538 0.84375
180000 12.615384615384615 0.875
182000 12.365384615384615 0.875
184000 12.23076923076923 0.96875
186000 12.076923076923077 1.03125
188000 11.788461538461538 0.8125
190000 11.788461538461538 0.890625
192000 12.346153846153847 0.84375
194000 12.384615384615385 0.984375
196000 12.442307692307692 0.8125
198000 12.673076923076923 0.796875
200000 12.173076923076923 0.78125
202000 12.384615384615385 0.984375
204000 12.48076923076923 0.796875
206000 12.596153846153847 1.015625
208000 12.538461538461538 0.859375
210000 12.5 0.8125
212000 12.23076923076923 1.0625
214000 12.365384615384615 0.796875
216000 12.0 0.8125
218000 12.25 1.015625
220000 12.134615384615385 0.8125
222000 12.538461538461538 0.8125
224000 12.596153846153847 1.03125
226000 12.634615384615385 0.78125
228000 12.615384615384615 0.796875
230000 12.615384615384615 1.078125
232000 12.615384615384615 0.8125
234000 12.653846153846153 0.90625
236000 12.653846153846153 0.984375
238000 12.596153846153847 0.828125
240000 12.288461538461538 0.8125
242000 12.403846153846153 0.8125
244000 12.211538461538462 0.890625
246000 12.538461538461538 0.796875
248000 12.51923076923077 0.828125
250000 12.384615384615385 0.84375
252000 12.596153846153847 0.796875
254000 12.76923076923077 0.828125
256000 12.51923076923077 0.9375
258000 12.634615384615385 0.828125
260000 12.653846153846153 0.84375
262000 12.75 1.09375
264000 12.346153846153847 0.8125
266000 12.615384615384615 1.0
268000 12.51923076923077 1.046875
270000 12.384615384615385 0.828125
272000 12.692307692307692 0.8125
274000 12.826923076923077 0.90625
276000 12.807692307692308 0.859375
278000 12.692307692307692 0.78125
280000 12.903846153846153 0.765625
282000 12.653846153846153 0.828125
284000 12.615384615384615 0.828125
286000 12.692307692307692 0.765625
288000 12.923076923076923 0.8125
290000 12.557692307692308 0.765625
292000 12.576923076923077 0.859375
294000 12.692307692307692 0.9375
296000 12.403846153846153 0.78125
298000 12.442307692307692 0.953125
300000 12.192307692307692 0.984375
302000 12.288461538461538 0.828125
304000 12.134615384615385 0.84375
306000 12.75 1.09375
308000 12.692307692307692 0.96875
310000 12.884615384615385 0.84375
312000 12.326923076923077 1.03125
314000 12.807692307692308 0.859375
316000 12.826923076923077 0.859375
318000 12.615384615384615 0.875
320000 12.826923076923077 0.828125
322000 12.73076923076923 0.859375
324000 12.865384615384615 0.8125
326000 12.846153846153847 0.84375
328000 12.596153846153847 0.8125
330000 12.653846153846153 1.0
332000 12.788461538461538 0.875
334000 12.615384615384615 0.828125
336000 12.653846153846153 0.8125
338000 12.48076923076923 1.046875
340000 12.76923076923077 0.9375
342000 12.826923076923077 0.859375
344000 12.673076923076923 1.078125
346000 12.384615384615385 0.8125
348000 12.73076923076923 0.859375
350000 12.557692307692308 0.84375
352000 11.884615384615385 0.71875
354000 12.73076923076923 0.546875
356000 12.557692307692308 0.8125
358000 12.692307692307692 0.828125
360000 13.0 0.78125
362000 12.846153846153847 0.96875
364000 12.711538461538462 0.796875
366000 12.51923076923077 0.828125
368000 12.865384615384615 0.828125
370000 12.615384615384615 0.875
372000 12.615384615384615 0.953125
374000 12.75 0.859375
376000 12.884615384615385 1.015625
378000 12.557692307692308 0.8125
380000 12.942307692307692 0.8125
382000 12.711538461538462 0.96875
384000 12.788461538461538 0.859375
386000 12.884615384615385 0.8125
388000 12.615384615384615 0.984375
390000 12.865384615384615 0.828125
392000 12.846153846153847 0.84375
394000 12.826923076923077 1.140625
396000 12.903846153846153 0.828125
398000 12.884615384615385 0.828125
400000 12.807692307692308 0.90625
402000 12.942307692307692 0.828125
404000 12.846153846153847 0.828125
406000 12.884615384615385 0.78125
408000 12.884615384615385 0.796875
410000 12.98076923076923 0.828125
412000 12.942307692307692 0.828125
414000 12.961538461538462 0.828125
416000 12.923076923076923 0.828125
418000 12.942307692307692 0.8125
420000 12.903846153846153 0.90625
422000 12.807692307692308 0.796875
424000 12.903846153846153 0.96875
426000 12.961538461538462 1.046875
428000 12.961538461538462 0.828125
430000 12.846153846153847 0.8125
432000 12.884615384615385 0.890625
434000 12.865384615384615 0.84375
436000 12.788461538461538 0.953125
438000 12.75 0.78125
440000 12.692307692307692 0.8125
442000 12.5 0.828125
444000 12.692307692307692 0.84375
446000 12.615384615384615 1.0
448000 12.673076923076923 0.796875
450000 12.596153846153847 0.84375
452000 12.615384615384615 0.8125
454000 12.576923076923077 0.84375
456000 12.596153846153847 1.125
458000 12.615384615384615 0.96875
460000 12.596153846153847 0.8125
462000 12.576923076923077 1.109375
464000 12.596153846153847 0.78125
466000 12.634615384615385 0.8125
468000 12.615384615384615 0.859375
470000 12.576923076923077 0.828125
472000 12.576923076923077 0.828125
474000 12.596153846153847 0.953125
476000 12.846153846153847 0.8125
478000 12.615384615384615 0.84375
480000 12.615384615384615 1.03125
482000 12.76923076923077 0.828125
484000 12.807692307692308 0.828125
486000 12.673076923076923 0.984375
488000 12.615384615384615 0.75
490000 12.576923076923077 0.953125
492000 12.596153846153847 1.046875
494000 12.596153846153847 0.8125
496000 12.576923076923077 0.828125
498000 12.538461538461538 1.171875
500000 12.596153846153847 0.890625
