2000 2.4615384615384617 0.890625
4000 6.730769230769231 0.78125
6000 8.538461538461538 0.765625
8000 9.846153846153847 1.0625
10000 11.75 0.96875
12000 11.75 1.0
14000 11.51923076923077 0.96875
16000 11.711538461538462 0.921875
18000 11.692307692307692 0.84375
20000 11.903846153846153 0.921875
22000 11.903846153846153 0.828125
24000 11.865384615384615 0.796875
26000 11.846153846153847 0.8125
28000 11.903846153846153 0.8125
30000 11.807692307692308 0.828125
32000 11.48076923076923 0.765625
34000 11.48076923076923 0.8125
36000 11.384615384615385 0.84375
38000 11.51923076923077 0.9375
40000 11.384615384615385 0.84375
42000 11.557692307692308 0.96875
44000 11.442307692307692 0.9375
46000 11.846153846153847 0.84375
48000 11.692307692307692 0.84375
50000 11.288461538461538 1.046875
52000 11.423076923076923 0.96875
54000 11.557692307692308 0.828125
56000 11.576923076923077 1.03125
58000 11.557692307692308 0.859375
60000 11.461538461538462 0.859375
62000 11.557692307692308 0.875
64000 11.557692307692308 0.828125
66000 11.48076923076923 0.859375
68000 11.51923076923077 1.046875
70000 11.673076923076923 0.828125
72000 11.557692307692308 0.828125
74000 11.807692307692308 1.03125
76000 11.692307692307692 0.859375
78000 11.01923076923077 0.828125
80000 11.846153846153847 0.96875
82000 11.5 0.875
84000 11.576923076923077 0.859375
86000 11.557692307692308 0.859375
88000 11.826923076923077 0.8125
90000 11.673076923076923 0.828125
92000 10.942307692307692 0.875
94000 11.557692307692308 0.859375
96000 11.615384615384615 0.828125
98000 11.846153846153847 0.5
100000 11.423076923076923 1.21875
102000 11.384615384615385 0.484375
104000 11.403846153846153 0.53125
106000 11.615384615384615 0.703125
108000 11.461538461538462 0.625
110000 10.98076923076923 0.5
112000 11.538461538461538 0.5625
114000 11.5 0.515625
116000 11.442307692307692 0.921875
118000 11.673076923076923 1.171875
120000 11.711538461538462 1.09375
122000 11.75 1.21875
124000 11.903846153846153 0.828125
126000 11.788461538461538 0.875
128000 11.788461538461538 0.90625
130000 11.76923076923077 0.890625
132000 11.788461538461538 0.921875
134000 11.711538461538462 0.875
136000 11.76923076923077 0.859375
138000 11.461538461538462 0.953125
140000 11.442307692307692 0.953125
142000 11.5 0.875
144000 11.634615384615385 0.859375
146000 12.01923076923077 1.078125
148000 12.01923076923077 0.921875
150000 11.942307692307692 0.875
152000 12.01923076923077 1.03125
154000 12.0 0.84375
156000 11.98076923076923 0.875
158000 11.884615384615385 0.90625
160000 11.826923076923077 0.859375
162000 11.942307692307692 0.84375
164000 11.826923076923077 0.890625
166000 11.692307692307692 1.015625
168000 11.942307692307692 0.828125
170000 11.653846153846153 1.109375
172000 11.826923076923077 0.84375
174000 11.98076923076923 0.859375
176000 11.711538461538462 0.96875
178000 11.788461538461538 0.859375
180000 11.75 0.953125
182000 11.384615384615385 0.890625
184000 11.634615384615385 0.90625
186000 11.73076923076923 0.84375
188000 11.423076923076923 0.859375
190000 11.576923076923077 0.90625
192000 11.634615384615385 0.90625
194000 11.788461538461538 1.046875
196000 11.942307692307692 0.875
198000 11.865384615384615 0.890625
200000 11.807692307692308 1.046875
202000 11.615384615384615 0.96875
204000 11.48076923076923 0.828125
206000 11.826923076923077 1.046875
208000 11.865384615384615 0.84375
210000 11.846153846153847 0.859375
212000 11.961538461538462 0.921875
214000 11.942307692307692 0.875
216000 11.903846153846153 1.125
218000 11.884615384615385 1.109375
220000 11.692307692307692 0.828125
222000 11.653846153846153 0.828125
224000 11.826923076923077 0.9375
226000 11.75 1.03125
228000 11.76923076923077 0.875
230000 11.76923076923077 1.109375
232000 11.807692307692308 0.8125
234000 11.615384615384615 0.96875
236000 11.538461538461538 0.90625
238000 12.0 0.828125
240000 11.942307692307692 0.875
242000 11.942307692307692 0.8125
244000 11.903846153846153 0.890625
246000 12.01923076923077 0.84375
248000 12.23076923076923 0.875
250000 12.01923076923077 0.875
252000 12.134615384615385 0.859375
254000 12.115384615384615 0.875
256000 12.096153846153847 0.6875
258000 12.173076923076923 0.5625
260000 12.038461538461538 0.484375
262000 12.153846153846153 0.53125
264000 12.115384615384615 0.765625
266000 11.98076923076923 1.0625
268000 12.173076923076923 0.78125
270000 12.134615384615385 0.671875
272000 12.365384615384615 0.859375
274000 12.211538461538462 0.9375
276000 12.096153846153847 0.78125
278000 12.115384615384615 0.828125
280000 12.134615384615385 0.9375
282000 12.134615384615385 0.75
284000 12.0 0.875
286000 12.076923076923077 0.875
288000 12.173076923076923 0.90625
290000 11.98076923076923 0.9375
292000 12.134615384615385 0.75
294000 12.096153846153847 0.921875
296000 12.057692307692308 1.0625
298000 12.076923076923077 0.875
300000 12.096153846153847 0.9375
302000 12.134615384615385 0.8125
304000 12.211538461538462 0.78125
306000 11.865384615384615 0.828125
308000 12.307692307692308 1.15625
310000 12.134615384615385 0.734375
312000 12.192307692307692 0.859375
314000 12.153846153846153 0.9375
316000 12.115384615384615 0.734375
318000 12.134615384615385 0.765625
320000 12.0 0.921875
322000 11.923076923076923 0.703125
324000 11.576923076923077 0.734375
326000 12.153846153846153 0.9375
328000 12.153846153846153 0.96875
330000 11.211538461538462 0.875
332000 11.48076923076923 0.875
334000 11.576923076923077 0.921875
336000 11.307692307692308 0.734375
338000 11.038461538461538 0.796875
340000 11.461538461538462 1.140625
342000 11.365384615384615 0.765625
344000 12.076923076923077 0.75
346000 12.192307692307692 1.15625
348000 12.192307692307692 0.765625
350000 12.115384615384615 0.75
352000 12.057692307692308 0.90625
354000 12.134615384615385 0.828125
356000 12.01923076923077 0.734375
358000 12.346153846153847 0.84375
360000 12.346153846153847 0.859375
362000 12.326923076923077 0.890625
364000 12.326923076923077 1.046875
366000 12.153846153846153 0.90625
368000 12.057692307692308 0.8125
370000 12.326923076923077 0.8125
372000 12.26923076923077 0.984375
374000 12.346153846153847 0.765625
376000 12.384615384615385 1.078125
378000 12.346153846153847 0.859375
380000 12.365384615384615 0.765625
382000 12.25 0.828125
384000 12.038461538461538 0.890625
386000 12.211538461538462 1.03125
388000 11.596153846153847 0.953125
390000 11.596153846153847 0.953125
392000 12.307692307692308 0.890625
394000 12.0 0.9375
396000 12.153846153846153 1.0625
398000 12.346153846153847 0.953125
400000 12.115384615384615 0.75
402000 12.211538461538462 0.765625
404000 12.346153846153847 0.984375
406000 11.634615384615385 0.84375
408000 12.26923076923077 0.90625
410000 12.288461538461538 0.765625
412000 12.115384615384615 0.90625
414000 11.903846153846153 0.75
416000 12.326923076923077 0.734375
418000 12.346153846153847 0.90625
420000 12.346153846153847 1.015625
422000 12.346153846153847 0.75
424000 12.307692307692308 0.84375
426000 12.403846153846153 1.171875
428000 12.288461538461538 0.703125
430000 12.5 0.765625
432000 12.48076923076923 1.078125
434000 12.346153846153847 0.734375
436000 12.365384615384615 0.765625
438000 12.25 0.84375
440000 12.25 0.859375
442000 12.26923076923077 0.734375
444000 12.307692307692308 0.90625
446000 12.403846153846153 0.921875
448000 12.442307692307692 0.75
450000 12.442307692307692 0.71875
452000 12.326923076923077 0.828125
454000 12.25 0.921875
456000 12.288461538461538 0.75
458000 12.365384615384615 0.875
460000 12.23076923076923 0.90625
462000 12.173076923076923 0.78125
464000 12.288461538461538 0.8125
466000 12.326923076923077 0.859375
468000 12.384615384615385 0.96875
470000 12.442307692307692 1.03125
472000 12.307692307692308 0.96875
474000 12.423076923076923 1.203125
476000 12.365384615384615 0.703125
478000 12.365384615384615 0.90625
480000 12.384615384615385 0.984375
482000 12.384615384615385 0.8125
484000 12.365384615384615 0.78125
486000 12.365384615384615 0.90625
488000 12.346153846153847 0.90625
490000 12.346153846153847 0.96875
492000 12.365384615384615 0.90625
494000 12.365384615384615 0.84375
496000 12.365384615384615 0.875
498000 12.423076923076923 0.890625
500000 12.461538461538462 0.984375
