2000 2.75 0.359375
4000 7.403846153846154 0.3125
6000 8.365384615384615 0.34375
8000 9.73076923076923 0.375
10000 9.307692307692308 0.5
12000 10.01923076923077 0.296875
14000 11.75 0.359375
16000 11.75 0.296875
18000 11.75 0.359375
20000 11.653846153846153 0.421875
22000 11.711538461538462 0.3125
24000 11.884615384615385 0.28125
26000 11.884615384615385 0.296875
28000 11.923076923076923 0.359375
30000 11.865384615384615 0.4375
32000 11.865384615384615 0.34375
34000 11.73076923076923 0.28125
36000 11.923076923076923 0.28125
38000 11.884615384615385 0.328125
40000 11.865384615384615 0.4375
42000 11.846153846153847 0.515625
44000 11.903846153846153 0.34375
46000 11.884615384615385 0.28125
48000 11.884615384615385 0.296875
50000 11.76923076923077 0.359375
52000 11.884615384615385 0.46875
54000 11.884615384615385 0.28125
56000 11.884615384615385 0.359375
58000 11.711538461538462 0.265625
60000 11.615384615384615 0.328125
62000 11.826923076923077 0.484375
64000 11.826923076923077 0.359375
66000 11.846153846153847 0.359375
68000 11.884615384615385 0.265625
70000 11.826923076923077 0.3125
72000 11.884615384615385 0.359375
74000 11.884615384615385 0.484375
76000 11.788461538461538 0.296875
78000 11.884615384615385 0.40625
80000 11.884615384615385 0.296875
82000 11.846153846153847 0.375
84000 11.634615384615385 0.453125
86000 11.51923076923077 0.3125
88000 11.865384615384615 0.28125
90000 11.51923076923077 0.375
92000 11.865384615384615 0.46875
94000 12.057692307692308 0.390625
96000 12.0 0.28125
98000 11.98076923076923 0.3125
100000 12.0 0.3125
102000 12.038461538461538 0.3125
104000 12.057692307692308 0.40625
106000 12.01923076923077 0.453125
108000 12.25 0.296875
110000 12.423076923076923 0.359375
112000 12.25 0.296875
114000 12.23076923076923 0.359375
116000 12.057692307692308 0.4375
118000 12.23076923076923 0.34375
120000 12.25 0.296875
122000 12.096153846153847 0.296875
124000 12.173076923076923 0.3125
126000 12.0 0.421875
128000 11.98076923076923 0.25
130000 12.134615384615385 0.421875
132000 11.98076923076923 0.28125
134000 11.942307692307692 0.28125
136000 11.75 0.421875
138000 11.942307692307692 0.5
140000 11.673076923076923 0.4375
142000 11.788461538461538 0.359375
144000 12.173076923076923 0.359375
146000 12.346153846153847 0.3125
148000 12.384615384615385 0.5
150000 12.192307692307692 0.390625
152000 12.384615384615385 0.28125
154000 12.384615384615385 0.28125
156000 12.384615384615385 0.359375
158000 12.096153846153847 0.609375
160000 12.346153846153847 0.25
162000 12.326923076923077 0.328125
164000 12.26923076923077 0.3125
166000 12.346153846153847 0.359375
168000 12.538461538461538 0.375
170000 12.26923076923077 0.453125
172000 12.192307692307692 0.296875
174000 12.192307692307692 0.3125
176000 12.51923076923077 0.328125
178000 12.346153846153847 0.34375
180000 12.51923076923077 0.40625
182000 12.384615384615385 0.3125
184000 12.384615384615385 0.421875
186000 12.403846153846153 0.375
188000 12.615384615384615 0.34375
190000 12.192307692307692 0.40625
192000 12.51923076923077 0.34375
194000 12.557692307692308 0.265625
196000 12.365384615384615 0.296875
198000 12.461538461538462 0.28125
200000 12.653846153846153 0.453125
202000 12.615384615384615 0.484375
204000 12.288461538461538 0.46875
206000 12.596153846153847 0.359375
208000 12.557692307692308 0.328125
210000 12.596153846153847 0.359375
212000 12.557692307692308 0.453125
214000 12.596153846153847 0.296875
216000 12.51923076923077 0.40625
218000 12.403846153846153 0.40625
220000 12.596153846153847 0.3125
222000 12.615384615384615 0.4375
224000 12.634615384615385 0.28125
226000 12.538461538461538 0.328125
228000 12.538461538461538 0.296875
230000 12.538461538461538 0.296875
232000 12.653846153846153 0.484375
234000 12.692307692307692 0.5
236000 12.596153846153847 0.28125
238000 12.538461538461538 0.28125
240000 12.634615384615385 0.359375
242000 12.673076923076923 0.40625
244000 12.653846153846153 0.46875
246000 12.596153846153847 0.296875
248000 12.423076923076923 0.265625
250000 12.634615384615385 0.3125
252000 12.615384615384615 0.3125
254000 12.538461538461538 0.453125
256000 12.461538461538462 0.296875
258000 12.307692307692308 0.3125
260000 12.615384615384615 0.34375
262000 12.692307692307692 0.265625
264000 12.634615384615385 0.359375
266000 12.576923076923077 0.5
268000 12.615384615384615 0.390625
270000 12.365384615384615 0.375
272000 12.365384615384615 0.265625
274000 12.23076923076923 0.359375
276000 12.51923076923077 0.453125
278000 12.538461538461538 0.296875
280000 12.307692307692308 0.296875
282000 12.288461538461538 0.40625
284000 12.557692307692308 0.359375
286000 12.48076923076923 0.4375
288000 12.76923076923077 0.28125
290000 12.692307692307692 0.28125
292000 12.692307692307692 0.390625
294000 12.557692307692308 0.359375
296000 12.692307692307692 0.390625
298000 12.73076923076923 0.515625
300000 12.673076923076923 0.203125
302000 12.711538461538462 0.328125
304000 12.788461538461538 0.3125
306000 12.711538461538462 0.421875
308000 12.653846153846153 0.453125
310000 12.653846153846153 0.28125
312000 12.692307692307692 0.28125
314000 12.73076923076923 0.34375
316000 12.538461538461538 0.3125
318000 12.423076923076923 0.40625
320000 12.653846153846153 0.40625
322000 12.423076923076923 0.359375
324000 12.73076923076923 0.296875
326000 12.807692307692308 0.28125
328000 12.788461538461538 0.453125
330000 12.76923076923077 0.5
332000 12.51923076923077 0.453125
334000 11.711538461538462 0.34375
336000 12.307692307692308 0.328125
338000 12.442307692307692 0.359375
340000 12.634615384615385 0.5
342000 12.76923076923077 0.28125
344000 12.461538461538462 0.375
346000 12.615384615384615 0.3125
348000 12.596153846153847 0.328125
350000 12.173076923076923 0.46875
352000 12.557692307692308 0.34375
354000 12.826923076923077 0.296875
356000 12.384615384615385 0.34375
358000 12.576923076923077 0.3125
360000 12.596153846153847 0.359375
362000 12.692307692307692 0.4375
364000 12.76923076923077 0.28125
366000 12.711538461538462 0.28125
368000 12.5 0.390625
370000 12.865384615384615 0.328125
372000 12.884615384615385 0.4375
374000 12.634615384615385 0.28125
376000 12.711538461538462 0.390625
378000 12.653846153846153 0.328125
380000 12.423076923076923 0.28125
382000 12.576923076923077 0.421875
384000 12.538461538461538 0.40625
386000 12.51923076923077 0.359375
388000 12.557692307692308 0.28125
390000 12.365384615384615 0.296875
392000 12.75 0.375
394000 12.5 0.453125
396000 12.615384615384615 0.28125
398000 12.538461538461538 0.328125
400000 12.75 0.390625
402000 12.76923076923077 0.34375
404000 12.73076923076923 0.46875
406000 12.76923076923077 0.3125
408000 12.73076923076923 0.359375
410000 12.711538461538462 0.3125
412000 12.711538461538462 0.328125
414000 12.711538461538462 0.46875
416000 12.73076923076923 0.265625
418000 12.75 0.28125
420000 12.48076923076923 0.359375
422000 12.615384615384615 0.296875
424000 12.403846153846153 0.390625
426000 12.5 0.5
428000 12.634615384615385 0.296875
430000 12.596153846153847 0.359375
432000 12.51923076923077 0.3125
434000 12.48076923076923 0.375
436000 12.596153846153847 0.453125
438000 12.288461538461538 0.34375
440000 12.692307692307692 0.296875
442000 12.653846153846153 0.3125
444000 12.711538461538462 0.375
446000 12.576923076923077 0.453125
448000 12.711538461538462 0.296875
450000 12.75 0.3125
452000 12.673076923076923 0.28125
454000 12.634615384615385 0.296875
456000 12.711538461538462 0.421875
458000 12.76923076923077 0.515625
460000 12.576923076923077 0.296875
462000 12.76923076923077 0.328125
464000 12.75 0.3125
466000 12.653846153846153 0.390625
468000 12.615384615384615 0.421875
470000 12.653846153846153 0.296875
472000 12.615384615384615 0.34375
474000 12.653846153846153 0.3125
476000 12.73076923076923 0.359375
478000 12.73076923076923 0.40625
480000 12.692307692307692 0.359375
482000 12.73076923076923 0.375
484000 12.73076923076923 0.296875
486000 12.692307692307692 0.328125
488000 12.711538461538462 0.40625
490000 12.692307692307692 0.421875
492000 12.711538461538462 0.34375
494000 12.711538461538462 0.296875
496000 12.711538461538462 0.328125
498000 12.711538461538462 0.359375
500000 12.711538461538462 0.484375
