2000 0.11538461538461539 0.28125
4000 0.46153846153846156 0.3125
6000 0.36538461538461536 0.375
8000 0.21153846153846154 0.34375
10000 0.28846153846153844 0.28125
12000 0.2692307692307692 0.40625
14000 0.17307692307692307 0.4375
16000 0.36538461538461536 0.46875
18000 0.40384615384615385 0.53125
20000 0.36538461538461536 0.375
22000 0.46153846153846156 0.359375
24000 0.4230769230769231 0.375
26000 0.8076923076923077 0.296875
28000 0.7692307692307693 0.703125
30000 0.4230769230769231 0.328125
32000 0.40384615384615385 0.421875
34000 0.40384615384615385 0.328125
36000 0.8461538461538461 0.5
38000 1.0576923076923077 0.328125
40000 1.0 0.34375
42000 1.0 0.421875
44000 1.0384615384615385 0.46875
46000 1.0384615384615385 0.421875
48000 1.0384615384615385 0.53125
50000 1.0769230769230769 0.34375
52000 1.0769230769230769 0.4375
54000 1.0769230769230769 0.4375
56000 1.0769230769230769 0.375
58000 1.0769230769230769 0.34375
60000 1.0769230769230769 0.640625
62000 1.0769230769230769 0.421875
64000 1.0769230769230769 0.390625
66000 1.0769230769230769 0.359375
68000 1.0769230769230769 0.40625
70000 1.0769230769230769 0.296875
72000 1.0769230769230769 0.390625
74000 1.0769230769230769 0.453125
76000 1.0769230769230769 0.359375
78000 1.0769230769230769 0.484375
80000 1.0769230769230769 0.375
82000 1.0769230769230769 0.640625
84000 1.0769230769230769 0.5625
86000 1.0769230769230769 0.640625
88000 1.0769230769230769 0.59375
90000 1.0769230769230769 0.46875
92000 1.0769230769230769 0.453125
94000 1.0769230769230769 0.84375
96000 1.0769230769230769 0.53125
98000 1.0769230769230769 0.5625
100000 1.0769230769230769 0.4375
102000 1.0769230769230769 0.3125
104000 1.0769230769230769 0.328125
106000 1.0769230769230769 0.359375
108000 1.0769230769230769 0.328125
110000 1.0769230769230769 0.34375
112000 1.0769230769230769 0.359375
114000 1.0769230769230769 0.359375
116000 1.0769230769230769 0.328125
118000 1.0769230769230769 0.328125
120000 1.0769230769230769 0.34375
122000 1.0769230769230769 0.515625
124000 1.0769230769230769 0.375
126000 1.0769230769230769 0.34375
128000 1.0769230769230769 0.5
130000 1.0769230769230769 0.390625
132000 1.0769230769230769 0.328125
134000 1.0769230769230769 0.34375
136000 1.0769230769230769 0.4375
138000 1.0769230769230769 0.328125
140000 1.0769230769230769 0.359375
142000 1.0769230769230769 0.390625
144000 1.0769230769230769 0.46875
146000 1.0769230769230769 0.359375
148000 1.0769230769230769 0.359375
150000 1.0769230769230769 0.34375
152000 1.0769230769230769 0.453125
154000 1.0769230769230769 0.4375
156000 1.0769230769230769 0.359375
158000 1.0769230769230769 0.34375
160000 1.0769230769230769 0.34375
162000 1.0769230769230769 0.359375
164000 1.0769230769230769 0.328125
166000 1.0769230769230769 0.53125
168000 1.0769230769230769 0.40625
170000 1.0769230769230769 0.5
172000 1.0769230769230769 0.53125
174000 1.0769230769230769 0.484375
176000 1.0769230769230769 0.3125
178000 1.0769230769230769 0.359375
180000 1.0769230769230769 0.40625
182000 1.0769230769230769 0.359375
184000 1.0769230769230769 0.34375
186000 1.0769230769230769 0.375
188000 1.0769230769230769 0.359375
190000 1.0769230769230769 0.78125
192000 1.0769230769230769 0.328125
194000 1.0769230769230769 0.328125
196000 1.0769230769230769 0.390625
198000 1.0769230769230769 0.390625
200000 1.0769230769230769 0.296875
202000 1.0769230769230769 0.328125
204000 1.0769230769230769 0.296875
206000 1.0769230769230769 0.34375
208000 1.0769230769230769 0.359375
210000 1.0769230769230769 0.609375
212000 1.0769230769230769 0.625
214000 1.0769230769230769 0.3125
216000 1.0769230769230769 0.71875
218000 1.0769230769230769 0.53125
220000 1.0769230769230769 0.5
222000 1.0769230769230769 0.703125
224000 1.0769230769230769 0.515625
226000 1.0769230769230769 0.609375
228000 1.0769230769230769 0.53125
230000 1.0769230769230769 0.515625
232000 1.0769230769230769 0.5
234000 1.0769230769230769 0.78125
236000 1.0769230769230769 0.640625
238000 1.0769230769230769 0.703125
240000 1.0769230769230769 0.625
242000 1.0769230769230769 0.546875
244000 1.0769230769230769 0.546875
246000 1.0769230769230769 0.515625
248000 1.0769230769230769 0.671875
250000 1.0769230769230769 0.65625
252000 1.0769230769230769 0.53125
254000 1.0769230769230769 0.59375
256000 1.0769230769230769 0.53125
258000 1.0769230769230769 0.515625
260000 1.0769230769230769 0.71875
262000 1.0769230769230769 0.515625
264000 1.0769230769230769 0.625
266000 1.0769230769230769 0.65625
268000 1.0769230769230769 0.609375
270000 1.0769230769230769 0.515625
272000 1.0769230769230769 0.53125
274000 1.0769230769230769 0.578125
276000 1.0769230769230769 0.5625
278000 1.0769230769230769 0.625
280000 1.0769230769230769 0.625
282000 1.0769230769230769 0.75
284000 1.0769230769230769 0.546875
286000 1.0769230769230769 0.578125
288000 1.0769230769230769 0.6875
290000 1.0769230769230769 0.5625
292000 1.0769230769230769 0.578125
294000 1.0769230769230769 0.765625
296000 1.0769230769230769 0.53125
298000 1.0769230769230769 0.5625
300000 1.0769230769230769 0.59375
302000 1.0769230769230769 0.5
304000 1.0769230769230769 0.734375
306000 1.0769230769230769 0.671875
308000 1.0769230769230769 0.671875
310000 1.0769230769230769 0.84375
312000 1.0769230769230769 0.5625
314000 1.0769230769230769 0.5
316000 1.0769230769230769 0.546875
318000 1.0769230769230769 0.546875
320000 1.0769230769230769 0.71875
322000 1.0769230769230769 0.609375
324000 1.0769230769230769 0.546875
326000 1.0769230769230769 0.75
328000 1.0769230769230769 0.484375
330000 1.0769230769230769 0.578125
332000 1.0769230769230769 0.546875
334000 1.0769230769230769 0.53125
336000 1.0769230769230769 0.640625
338000 1.0769230769230769 0.59375
340000 1.0769230769230769 0.5625
342000 1.0769230769230769 0.5625
344000 1.0769230769230769 0.5625
346000 1.0769230769230769 0.609375
348000 1.0769230769230769 0.671875
350000 1.0769230769230769 0.5625
352000 1.0769230769230769 0.640625
354000 1.0769230769230769 0.734375
356000 1.0769230769230769 0.53125
358000 1.0769230769230769 0.546875
360000 1.0769230769230769 0.671875
362000 1.0769230769230769 0.640625
364000 1.0769230769230769 0.828125
366000 1.0769230769230769 0.578125
368000 1.0769230769230769 0.53125
370000 1.0769230769230769 0.625
372000 1.0769230769230769 0.5625
374000 1.0769230769230769 0.578125
376000 1.0769230769230769 0.546875
378000 1.0769230769230769 0.515625
380000 1.0769230769230769 0.59375
382000 1.0769230769230769 0.5625
384000 1.0769230769230769 0.53125
386000 1.0769230769230769 0.71875
388000 1.0769230769230769 0.515625
390000 1.0769230769230769 0.5625
392000 1.0769230769230769 0.609375
394000 1.0769230769230769 0.65625
396000 1.0769230769230769 0.546875
398000 1.0769230769230769 0.671875
400000 1.0769230769230769 0.546875
402000 1.0769230769230769 0.5625
404000 1.0769230769230769 0.5625
406000 1.0769230769230769 0.59375
408000 1.0769230769230769 0.796875
410000 1.0769230769230769 0.515625
412000 1.0769230769230769 0.515625
414000 1.0769230769230769 0.71875
416000 1.0769230769230769 0.59375
418000 1.0769230769230769 0.515625
420000 1.0769230769230769 0.65625
422000 1.0769230769230769 0.765625
424000 1.0769230769230769 0.515625
426000 1.0769230769230769 0.6875
428000 1.0769230769230769 0.53125
430000 1.0769230769230769 0.625
432000 1.0769230769230769 0.671875
434000 1.0769230769230769 0.53125
436000 1.0769230769230769 0.578125
438000 1.0769230769230769 0.578125
440000 1.0769230769230769 0.546875
442000 1.0769230769230769 0.59375
444000 1.0769230769230769 0.484375
446000 1.0769230769230769 0.5625
448000 1.0769230769230769 0.546875
450000 1.0769230769230769 0.53125
452000 1.0769230769230769 0.65625
454000 1.0769230769230769 0.6875
456000 1.0769230769230769 0.5625
458000 1.0769230769230769 0.546875
460000 1.0769230769230769 0.71875
462000 1.0769230769230769 0.625
464000 1.0769230769230769 0.671875
466000 1.0769230769230769 0.65625
468000 1.0769230769230769 0.53125
470000 1.0769230769230769 0.625
472000 1.0769230769230769 0.640625
474000 1.0769230769230769 0.578125
476000 1.0769230769230769 0.765625
478000 1.0769230769230769 0.53125
480000 1.0769230769230769 0.6875
482000 1.0769230769230769 0.5625
484000 1.0769230769230769 0.53125
486000 1.0769230769230769 0.53125
488000 1.0769230769230769 0.578125
490000 1.0769230769230769 0.59375
492000 1.0769230769230769 0.59375
494000 1.0769230769230769 0.640625
496000 1.0769230769230769 0.625
498000 1.0769230769230769 0.71875
500000 1.0769230769230769 0.59375
