2000 0.11538461538461539 0.421875
4000 0.3076923076923077 0.46875
6000 0.25 0.546875
8000 0.5769230769230769 0.5
10000 0.5576923076923077 0.515625
12000 0.4807692307692308 0.46875
14000 0.8653846153846154 0.5
16000 0.8269230769230769 0.5
18000 0.9423076923076923 0.6875
20000 0.9423076923076923 0.59375
22000 1.0192307692307692 0.515625
24000 1.0769230769230769 0.53125
26000 1.0769230769230769 0.53125
28000 1.0769230769230769 0.609375
30000 1.0961538461538463 0.5
32000 1.0961538461538463 0.53125
34000 1.1153846153846154 0.5
36000 1.1153846153846154 0.53125
38000 1.0961538461538463 0.609375
40000 1.1153846153846154 0.546875
42000 1.0961538461538463 0.578125
44000 1.0961538461538463 0.609375
46000 1.0769230769230769 0.5
48000 1.0769230769230769 0.546875
50000 1.0769230769230769 0.53125
52000 1.0769230769230769 0.671875
54000 1.0769230769230769 0.578125
56000 1.0769230769230769 0.515625
58000 1.0769230769230769 0.578125
60000 1.0961538461538463 0.5625
62000 1.1346153846153846 0.65625
64000 1.1730769230769231 0.59375
66000 1.1730769230769231 0.59375
68000 1.2884615384615385 0.53125
70000 1.3076923076923077 0.53125
72000 1.3653846153846154 0.546875
74000 1.3653846153846154 0.53125
76000 1.3461538461538463 0.5
78000 1.4423076923076923 0.6875
80000 1.4615384615384615 0.546875
82000 1.4615384615384615 0.828125
84000 1.4615384615384615 0.515625
86000 1.4615384615384615 0.703125
88000 1.4615384615384615 0.515625
90000 1.4615384615384615 0.8125
92000 1.4807692307692308 0.546875
94000 1.4807692307692308 0.625
96000 1.4038461538461537 0.59375
98000 1.4038461538461537 0.5625
100000 1.4038461538461537 0.515625
102000 1.4038461538461537 0.5625
104000 1.4230769230769231 0.546875
106000 1.3846153846153846 0.546875
108000 1.5 0.5625
110000 1.4807692307692308 0.65625
112000 1.4807692307692308 0.546875
114000 1.3846153846153846 0.578125
116000 1.3653846153846154 0.546875
118000 1.4038461538461537 0.546875
120000 1.4807692307692308 0.53125
122000 1.4615384615384615 0.578125
124000 1.4807692307692308 0.5625
126000 1.4615384615384615 0.59375
128000 1.5 0.609375
130000 1.5 0.546875
132000 1.5 0.65625
134000 1.5 0.546875
136000 1.4615384615384615 0.53125
138000 1.4807692307692308 0.546875
140000 1.5576923076923077 0.578125
142000 1.4807692307692308 0.640625
144000 1.5384615384615385 0.671875
146000 1.5576923076923077 0.546875
148000 1.5576923076923077 0.609375
150000 1.5769230769230769 0.578125
152000 1.5961538461538463 0.546875
154000 1.5961538461538463 0.703125
156000 1.5961538461538463 0.515625
158000 1.5961538461538463 0.53125
160000 1.5769230769230769 0.546875
162000 1.5769230769230769 0.609375
164000 1.5769230769230769 0.640625
166000 1.5769230769230769 0.546875
168000 1.5576923076923077 0.6875
170000 1.5961538461538463 0.671875
172000 1.5961538461538463 0.515625
174000 1.6153846153846154 0.53125
176000 1.6153846153846154 0.53125
178000 1.5961538461538463 0.5625
180000 1.6346153846153846 0.5625
182000 1.6346153846153846 0.53125
184000 1.5961538461538463 0.515625
186000 1.6153846153846154 0.546875
188000 1.5769230769230769 0.671875
190000 1.6153846153846154 0.53125
192000 1.5576923076923077 0.578125
194000 1.5961538461538463 0.625
196000 1.5769230769230769 0.515625
198000 1.5576923076923077 0.6875
200000 1.6153846153846154 0.578125
202000 1.6153846153846154 0.625
204000 1.5769230769230769 0.515625
206000 1.5961538461538463 0.53125
208000 1.6153846153846154 0.75
210000 1.5769230769230769 0.5625
212000 1.5961538461538463 0.53125
214000 1.6346153846153846 0.578125
216000 1.5961538461538463 0.640625
218000 1.5961538461538463 0.671875
220000 1.6346153846153846 0.59375
222000 1.6346153846153846 0.609375
224000 1.6346153846153846 0.515625
226000 1.6346153846153846 0.53125
228000 1.6346153846153846 0.640625
230000 1.6346153846153846 0.484375
232000 1.6346153846153846 0.5625
234000 1.6346153846153846 0.515625
236000 1.5961538461538463 0.578125
238000 1.5769230769230769 0.71875
240000 1.5576923076923077 0.5625
242000 1.5961538461538463 0.578125
244000 1.5961538461538463 0.546875
246000 1.5961538461538463 0.625
248000 1.6346153846153846 0.59375
250000 1.5961538461538463 0.546875
252000 1.6346153846153846 0.515625
254000 1.6346153846153846 0.328125
256000 1.6346153846153846 0.515625
258000 1.6538461538461537 0.3125
260000 1.6153846153846154 0.515625
262000 1.5961538461538463 0.34375
264000 1.5769230769230769 0.328125
266000 1.5961538461538463 0.34375
268000 1.6346153846153846 0.375
270000 1.6346153846153846 0.34375
272000 1.6153846153846154 0.375
274000 1.5961538461538463 0.390625
276000 1.5769230769230769 0.328125
278000 1.5961538461538463 0.328125
280000 1.5961538461538463 0.328125
282000 1.5961538461538463 0.34375
284000 1.5961538461538463 0.390625
286000 1.5961538461538463 0.359375
288000 1.5961538461538463 0.421875
290000 1.6153846153846154 0.59375
292000 1.6153846153846154 0.296875
294000 1.6153846153846154 0.46875
296000 1.6153846153846154 0.46875
298000 1.6346153846153846 0.453125
300000 1.6153846153846154 0.375
302000 1.5961538461538463 0.3125
304000 1.5961538461538463 0.359375
306000 1.5961538461538463 0.328125
308000 1.5961538461538463 0.3125
310000 1.5961538461538463 0.546875
312000 1.5576923076923077 0.390625
314000 1.5769230769230769 0.328125
316000 1.5769230769230769 0.484375
318000 1.5769230769230769 0.34375
320000 1.5576923076923077 0.4375
322000 1.5576923076923077 0.40625
324000 1.5576923076923077 0.59375
326000 1.5576923076923077 0.359375
328000 1.5576923076923077 0.328125
330000 1.5576923076923077 0.453125
332000 1.5769230769230769 0.46875
334000 1.5961538461538463 0.375
336000 1.5961538461538463 0.34375
338000 1.6153846153846154 0.453125
340000 1.6153846153846154 0.5
342000 1.6153846153846154 0.640625
344000 1.6346153846153846 0.53125
346000 1.6153846153846154 0.375
348000 1.6346153846153846 0.375
350000 1.6346153846153846 0.375
352000 1.6346153846153846 0.390625
354000 1.6346153846153846 0.4375
356000 1.6346153846153846 0.390625
358000 1.5961538461538463 0.421875
360000 1.6346153846153846 0.328125
362000 1.6153846153846154 0.359375
364000 1.6346153846153846 0.390625
366000 1.6346153846153846 0.359375
368000 1.6153846153846154 0.390625
370000 1.5961538461538463 0.34375
372000 1.6153846153846154 0.359375
374000 1.6346153846153846 0.328125
376000 1.6346153846153846 0.3125
378000 1.6153846153846154 0.671875
380000 1.5961538461538463 0.625
382000 1.5961538461538463 0.390625
384000 1.5961538461538463 0.5
386000 1.5961538461538463 0.3125
388000 1.5576923076923077 0.34375
390000 1.5576923076923077 0.609375
392000 1.5769230769230769 0.359375
394000 1.5576923076923077 0.34375
396000 1.5769230769230769 0.390625
398000 1.6153846153846154 0.34375
400000 1.5961538461538463 0.421875
402000 1.6153846153846154 0.359375
404000 1.6153846153846154 0.421875
406000 1.5961538461538463 0.375
408000 1.5961538461538463 0.40625
410000 1.5961538461538463 0.34375
412000 1.5769230769230769 0.328125
414000 1.6153846153846154 0.328125
416000 1.5576923076923077 0.328125
418000 1.5576923076923077 0.359375
420000 1.5769230769230769 0.328125
422000 1.5769230769230769 0.515625
424000 1.5769230769230769 0.359375
426000 1.5769230769230769 0.53125
428000 1.5769230769230769 0.328125
430000 1.5576923076923077 0.453125
432000 1.5769230769230769 0.328125
434000 1.5769230769230769 0.296875
436000 1.5961538461538463 0.34375
438000 1.5961538461538463 0.40625
440000 1.5576923076923077 0.328125
442000 1.5576923076923077 0.4375
444000 1.5576923076923077 0.3125
446000 1.5961538461538463 0.484375
448000 1.6153846153846154 0.5
450000 1.6153846153846154 0.359375
452000 1.5769230769230769 0.484375
454000 1.5961538461538463 0.4375
456000 1.5961538461538463 0.34375
458000 1.5961538461538463 0.359375
460000 1.6153846153846154 0.546875
462000 1.6153846153846154 0.34375
464000 1.6153846153846154 0.78125
466000 1.5961538461538463 0.4375
468000 1.5961538461538463 0.421875
470000 1.6153846153846154 0.390625
472000 1.5961538461538463 0.5625
474000 1.5961538461538463 0.375
476000 1.6153846153846154 0.40625
478000 1.6153846153846154 0.5
480000 1.6153846153846154 0.421875
482000 1.6153846153846154 0.6875
484000 1.6153846153846154 0.5625
486000 1.6153846153846154 0.359375
488000 1.6153846153846154 0.515625
490000 1.6153846153846154 0.328125
492000 1.6153846153846154 0.328125
494000 1.6153846153846154 0.375
496000 1.6153846153846154 0.390625
498000 1.5961538461538463 0.421875
500000 1.6153846153846154 0.3125
