2000 0.34615384615384615 0.830859341
4000 0.3076923076923077 0.8311937260000022
6000 0.38461538461538464 0.8314058549999999
8000 0.5 0.8320159289999935
10000 0.6730769230769231 0.8298975449999944
12000 1.0961538461538463 0.8324466250000029
14000 0.9423076923076923 0.8325363130000056
16000 0.9807692307692307 0.8306831609999961
18000 1.0 0.8314784929999917
20000 1.1346153846153846 0.8330449009999938
22000 1.2307692307692308 0.8326703980000048
24000 1.3653846153846154 0.8333564739999986
26000 1.3076923076923077 0.8334430939999891
28000 1.3269230769230769 0.8320433400000127
30000 1.3461538461538463 0.8340929240000037
32000 1.3461538461538463 0.8333141759999876
34000 1.3461538461538463 0.8315945639999995
36000 1.3461538461538463 0.8335218149999832
38000 1.3461538461538463 0.8315293790000169
40000 1.3461538461538463 0.8293536470000049
42000 1.3461538461538463 0.8293384170000309
44000 1.3461538461538463 0.828322595999964
46000 1.5769230769230769 0.8334727390000012
48000 1.7115384615384615 0.8300849579999863
50000 1.7115384615384615 0.8304063799999994
52000 1.7115384615384615 0.8310275579999598
54000 1.7115384615384615 0.8314088109999602
56000 1.7115384615384615 0.8318471700000032
58000 1.7115384615384615 0.8323606949999771
60000 1.7115384615384615 0.8296353490000001
62000 1.7115384615384615 0.8305583169999409
64000 1.7115384615384615 0.8300867420000486
66000 1.7115384615384615 0.8320356760000323
68000 1.7115384615384615 0.8293473950000134
70000 1.7115384615384615 0.8291457589999709
72000 1.7115384615384615 0.8318543770000133
74000 1.7115384615384615 0.8315788800000519
76000 1.7115384615384615 0.8317238119999502
78000 1.7115384615384615 0.832339176000005
80000 1.7692307692307692 0.8312177520000432
82000 1.7692307692307692 0.8307180250000101
84000 1.7692307692307692 0.832753002000004
86000 1.7692307692307692 0.8324483119999968
88000 1.7692307692307692 0.8321910070000058
90000 1.7692307692307692 0.835322720000022
92000 1.7692307692307692 0.8320095579999816
94000 1.7692307692307692 0.8319315009999855
96000 1.7692307692307692 0.832339874000013
98000 1.7692307692307692 0.8330734110001004
100000 1.7692307692307692 0.8335826569999654
102000 1.7692307692307692 0.8338899630000469
104000 1.7692307692307692 0.8312891479999962
106000 1.7692307692307692 0.83155798100006
108000 1.7692307692307692 0.8312247769999885
110000 1.7692307692307692 0.8338280880000184
112000 1.7692307692307692 0.8297346919999882
114000 1.7692307692307692 0.8343383829999311
116000 1.7692307692307692 0.8310790930000849
118000 1.7692307692307692 0.8316486340000893
120000 1.7692307692307692 0.8309616330000154
122000 1.7692307692307692 0.8332068429999708
124000 1.7692307692307692 0.8314128900001378
126000 1.7692307692307692 0.8331296060000568
128000 1.7692307692307692 0.8315070250000645
130000 1.7692307692307692 0.834595476000004
132000 1.7692307692307692 0.8329658089999157
134000 1.7692307692307692 0.8344724959999894
136000 1.7692307692307692 0.8331929290000062
138000 1.8461538461538463 0.8322589150000113
140000 1.9038461538461537 0.8353452740000193
142000 1.9038461538461537 0.8355461169999217
144000 1.9038461538461537 0.8332359869998527
146000 1.8653846153846154 0.8353917179999826
148000 1.7115384615384615 0.8338545780000004
150000 1.7115384615384615 0.8334080699999049
152000 1.7115384615384615 0.833023108000134
154000 1.8076923076923077 0.8347327050000786
156000 1.9423076923076923 0.835539375000053
158000 1.9038461538461537 0.8329688169999372
160000 1.9038461538461537 0.8348338030000377
162000 1.9038461538461537 0.8342389859999457
164000 1.9038461538461537 0.8320314200000212
166000 1.7115384615384615 0.8356657639999412
168000 1.7115384615384615 0.8321003810001457
170000 1.7692307692307692 0.833628883999836
172000 1.7692307692307692 0.8321022410000296
174000 1.8076923076923077 0.836269664999918
176000 1.75 0.8307692229998338
178000 1.7115384615384615 0.8326159029998053
180000 1.7115384615384615 0.8340146640000512
182000 1.7115384615384615 0.83474448700008
184000 1.7115384615384615 0.8334442079999462
186000 1.7115384615384615 0.8334313959999236
188000 1.7115384615384615 0.8321433760002037
190000 1.7115384615384615 0.8362206310000602
192000 1.7115384615384615 0.8342536969998946
194000 1.7115384615384615 0.8311063440000908
196000 1.7115384615384615 0.8344051310000395
198000 1.7115384615384615 0.8339099209999858
200000 1.7115384615384615 0.8344311889998153
202000 1.7115384615384615 0.8351580220000869
204000 1.7115384615384615 0.8350498880001851
206000 1.7115384615384615 0.8331466409999848
208000 1.7115384615384615 0.8343917229999533
210000 1.7115384615384615 0.83383121199995
212000 1.7115384615384615 0.8354441099997985
214000 1.7115384615384615 0.8331099829999857
216000 1.7115384615384615 0.8320418779999272
218000 1.7115384615384615 0.8345305259999805
220000 1.7115384615384615 0.8360373610000806
222000 1.7692307692307692 0.8340107899998657
224000 1.7692307692307692 0.8343350470001951
226000 1.7692307692307692 0.8316022839999277
228000 1.7692307692307692 0.8324854499999219
230000 1.7115384615384615 0.8338106749999952
232000 1.7692307692307692 0.8345396419999815
234000 1.7692307692307692 0.8349528490000466
236000 1.7115384615384615 0.8343997279998803
238000 1.7115384615384615 0.8332888150000599
240000 1.7692307692307692 0.8327073590000964
242000 1.7692307692307692 0.8328848300000118
244000 1.7692307692307692 0.8345891540002413
246000 1.7692307692307692 0.8334127779999108
248000 1.7692307692307692 0.8353609229998256
250000 1.7692307692307692 0.8295524610002758
252000 1.7692307692307692 0.8351391760002116
254000 1.7692307692307692 0.8365134720002061
256000 1.7692307692307692 0.8338123270000324
258000 1.8076923076923077 0.8321064479996494
260000 1.7692307692307692 0.8340887150002345
262000 1.7692307692307692 0.830743744999836
264000 1.7692307692307692 0.8338992909998524
266000 1.7692307692307692 0.834397656999954
268000 1.7692307692307692 0.8311379239999042
270000 1.7692307692307692 0.8320760540000265
272000 1.7692307692307692 0.8354671570000392
274000 1.7115384615384615 0.8332682769996609
276000 1.7692307692307692 0.8328069530002722
278000 1.7692307692307692 0.8312324889998308
280000 1.7692307692307692 0.8325081120001414
282000 1.7115384615384615 0.8306268530000125
284000 1.7692307692307692 0.831028798999796
286000 1.7115384615384615 0.8353483599998981
288000 1.7692307692307692 0.8330227000001287
290000 1.7115384615384615 0.8328331620000426
292000 1.7115384615384615 0.831729933999668
294000 1.6923076923076923 0.8343730100000357
296000 1.7307692307692308 0.835102476999964
298000 1.7307692307692308 0.8331555770000705
300000 1.7884615384615385 0.8313871519999338
302000 1.7692307692307692 0.8322503379999944
304000 1.7884615384615385 0.8319510070000433
306000 1.7692307692307692 0.8316069929996956
308000 1.7884615384615385 0.8328984360000504
310000 1.7884615384615385 0.8326975380000476
312000 1.7884615384615385 0.8324452169999859
314000 1.7692307692307692 0.8327617899999495
316000 1.7884615384615385 0.8326404329995967
318000 1.7884615384615385 0.832165821000217
320000 1.8076923076923077 0.8308583779999026
322000 1.8076923076923077 0.8295602329999383
324000 1.7692307692307692 0.8305508799999188
326000 1.8076923076923077 0.8333893750000243
328000 1.7692307692307692 0.8306279570001607
330000 1.7692307692307692 0.8323382130001846
332000 1.8076923076923077 0.831190783999773
334000 1.75 0.8333445510002093
336000 1.75 0.831190701000196
338000 1.8076923076923077 0.8335786319998988
340000 1.7692307692307692 0.8309449110001879
342000 1.7692307692307692 0.8323491249998369
344000 1.7692307692307692 0.8347298489998138
346000 1.7692307692307692 0.8336476300000868
348000 1.8076923076923077 0.8316869220002445
350000 1.8076923076923077 0.8349925299999086
352000 1.8461538461538463 0.834667060999891
354000 1.8461538461538463 0.8339769350000097
356000 1.8461538461538463 0.8350514520002434
358000 1.8461538461538463 0.8335565970000971
360000 1.8461538461538463 0.8313487389996226
362000 1.8076923076923077 0.8333396420002828
364000 1.8461538461538463 0.8343667359999927
366000 1.8461538461538463 0.8319232470003044
368000 1.8846153846153846 0.832012966000093
370000 1.8461538461538463 0.8345932910001466
372000 1.8461538461538463 0.8318301720000818
374000 1.9230769230769231 0.8340593299999455
376000 1.9230769230769231 0.8336363799999162
378000 1.9230769230769231 0.8348228709996874
380000 1.9230769230769231 0.8314017079997029
382000 1.8846153846153846 0.8338907520001158
384000 1.8846153846153846 0.8331338039997718
386000 1.8846153846153846 0.8312654199999088
388000 1.7692307692307692 0.8324526279998281
390000 1.7692307692307692 0.8304231410002103
392000 1.7884615384615385 0.832872056999804
394000 1.9230769230769231 0.83337938700015
396000 1.8461538461538463 0.8334052239997618
398000 1.9423076923076923 0.8325724230003289
400000 1.9423076923076923 0.8339885700002014
402000 1.8076923076923077 0.8317960169997605
404000 1.8269230769230769 0.8334309919996485
406000 1.8269230769230769 0.83020029599993
408000 1.8461538461538463 0.8304728560001422
410000 1.8461538461538463 0.8324856529998215
412000 1.8461538461538463 0.8327689000002465
414000 1.9807692307692308 0.8326357410001037
416000 1.9807692307692308 0.8344828239996787
418000 1.9615384615384615 0.8338905549999254
420000 1.9615384615384615 0.8330411500000992
422000 1.9615384615384615 0.8316390909999427
424000 1.9615384615384615 0.8313171999998303
426000 1.9615384615384615 0.8340698729998621
428000 1.9615384615384615 0.8324634370001149
430000 1.9615384615384615 0.833100913999715
432000 1.9615384615384615 0.8329690640002809
434000 1.9807692307692308 0.8343375330000526
436000 1.9807692307692308 0.8334431849998509
438000 1.9807692307692308 0.8330479760002163
440000 1.9807692307692308 0.8325666819996513
442000 2.0 0.8326511119998941
444000 2.0 0.8331585790001554
446000 1.9807692307692308 0.8355682890000935
448000 1.9807692307692308 0.8339104609999595
450000 2.0 0.8330614179999429
452000 2.0 0.8321956459999456
454000 2.0 0.833816446000128
456000 2.0 0.8370227159998649
458000 2.0 0.8338034739999785
460000 2.0 0.8347587839998596
462000 2.0 0.8332933950000552
464000 1.9807692307692308 0.8334466439996504
466000 1.9807692307692308 0.8324380899998687
468000 1.9807692307692308 0.8340662149998934
470000 1.9807692307692308 0.8335440050000216
472000 1.9615384615384615 0.8321468750000349
474000 1.9807692307692308 0.8320847280001544
476000 1.9807692307692308 0.8336338660001275
478000 1.9615384615384615 0.8346351909999612
480000 1.9615384615384615 0.8341740549999486
482000 1.9807692307692308 0.8320508649999283
484000 1.9807692307692308 0.8332227420000891
486000 1.9807692307692308 0.8320943669996268
488000 1.9807692307692308 0.8317933910002466
490000 1.9807692307692308 0.8322625850005352
492000 1.9807692307692308 0.8307765849995121
494000 1.9807692307692308 0.8348663520000628
496000 1.9807692307692308 0.8316172210006698
498000 1.9615384615384615 0.8316524680003567
500000 1.9615384615384615 0.8309013190000769
