2000 6.711538461538462 0.453125
4000 6.826923076923077 0.421875
6000 6.75 0.4375
8000 6.769230769230769 0.484375
10000 7.173076923076923 0.4375
12000 7.173076923076923 0.46875
14000 7.25 0.46875
16000 7.3076923076923075 0.484375
18000 7.3076923076923075 0.46875
20000 7.230769230769231 0.484375
22000 7.269230769230769 0.46875
24000 7.326923076923077 0.515625
26000 7.3076923076923075 0.4375
28000 7.3076923076923075 0.484375
30000 7.3076923076923075 0.453125
32000 7.3076923076923075 0.421875
34000 7.269230769230769 0.546875
36000 7.288461538461538 0.546875
38000 7.3076923076923075 0.46875
40000 7.3076923076923075 0.515625
42000 7.288461538461538 0.546875
44000 7.4423076923076925 0.515625
46000 7.4423076923076925 0.5
48000 7.326923076923077 0.546875
50000 7.4423076923076925 0.53125
52000 7.384615384615385 0.484375
54000 7.384615384615385 0.515625
56000 7.403846153846154 0.546875
58000 7.519230769230769 0.53125
60000 7.461538461538462 0.515625
62000 7.519230769230769 0.5625
64000 7.423076923076923 0.515625
66000 7.480769230769231 0.53125
68000 7.519230769230769 0.515625
70000 7.461538461538462 0.53125
72000 7.461538461538462 0.578125
74000 7.519230769230769 0.609375
76000 7.480769230769231 0.65625
78000 7.423076923076923 0.65625
80000 7.461538461538462 0.578125
82000 7.4423076923076925 0.65625
84000 7.461538461538462 0.65625
86000 7.480769230769231 0.546875
88000 7.5576923076923075 0.53125
90000 7.5 0.53125
92000 7.423076923076923 0.59375
94000 7.538461538461538 0.578125
96000 7.538461538461538 0.46875
98000 7.519230769230769 0.625
100000 7.480769230769231 0.53125
102000 7.519230769230769 0.546875
104000 7.403846153846154 0.625
106000 7.403846153846154 0.59375
108000 7.3076923076923075 0.640625
110000 7.461538461538462 0.6875
112000 7.4423076923076925 0.625
114000 7.423076923076923 0.640625
116000 7.269230769230769 0.640625
118000 7.4423076923076925 0.65625
120000 7.365384615384615 0.609375
122000 7.576923076923077 0.640625
124000 7.5 0.640625
126000 7.519230769230769 0.703125
128000 7.576923076923077 0.671875
130000 7.5576923076923075 0.671875
132000 7.538461538461538 0.671875
134000 7.596153846153846 0.5625
136000 7.711538461538462 0.5625
138000 7.653846153846154 0.53125
140000 7.461538461538462 0.5625
142000 7.519230769230769 0.59375
144000 7.6923076923076925 0.5625
146000 7.75 0.515625
148000 7.653846153846154 0.515625
150000 7.673076923076923 0.546875
152000 7.538461538461538 0.546875
154000 7.596153846153846 0.546875
156000 7.423076923076923 0.5625
158000 7.423076923076923 0.484375
160000 7.538461538461538 0.546875
162000 7.461538461538462 0.484375
164000 7.519230769230769 0.53125
166000 7.538461538461538 0.578125
168000 7.384615384615385 0.5625
170000 7.576923076923077 0.578125
172000 7.538461538461538 0.578125
174000 7.538461538461538 0.546875
176000 7.615384615384615 0.5625
178000 7.519230769230769 0.484375
180000 7.6923076923076925 0.578125
182000 7.480769230769231 0.578125
184000 7.615384615384615 0.578125
186000 7.8076923076923075 0.59375
188000 7.538461538461538 0.515625
190000 7.711538461538462 0.578125
192000 7.653846153846154 0.546875
194000 7.865384615384615 0.53125
196000 7.653846153846154 0.53125
198000 7.6923076923076925 0.5
200000 7.596153846153846 0.5
202000 7.6923076923076925 0.515625
204000 7.711538461538462 0.5625
206000 7.769230769230769 0.484375
208000 7.961538461538462 0.5625
210000 7.826923076923077 0.5625
212000 7.788461538461538 0.53125
214000 7.769230769230769 0.53125
216000 7.788461538461538 0.5625
218000 7.5 0.609375
220000 7.6923076923076925 0.578125
222000 7.826923076923077 0.515625
224000 7.961538461538462 0.546875
226000 7.903846153846154 0.5625
228000 7.711538461538462 0.53125
230000 7.615384615384615 0.578125
232000 7.634615384615385 0.59375
234000 7.653846153846154 0.546875
236000 7.961538461538462 0.4375
238000 8.038461538461538 0.546875
240000 7.884615384615385 0.546875
242000 7.923076923076923 0.546875
244000 7.8076923076923075 0.515625
246000 7.461538461538462 0.5625
248000 7.346153846153846 0.578125
250000 7.5576923076923075 0.59375
252000 7.480769230769231 0.5625
254000 7.788461538461538 0.59375
256000 7.903846153846154 0.53125
258000 7.980769230769231 0.546875
260000 7.711538461538462 0.625
262000 7.576923076923077 0.5625
264000 7.5 0.578125
266000 7.461538461538462 0.59375
268000 7.865384615384615 0.59375
270000 7.923076923076923 0.59375
272000 7.596153846153846 0.546875
274000 7.9423076923076925 0.546875
276000 8.076923076923077 0.5625
278000 7.596153846153846 0.578125
280000 7.461538461538462 0.625
282000 7.615384615384615 0.640625
284000 7.788461538461538 0.578125
286000 7.9423076923076925 0.578125
288000 7.6923076923076925 0.578125
290000 7.730769230769231 0.5625
292000 7.730769230769231 0.578125
294000 7.75 0.53125
296000 7.826923076923077 0.59375
298000 7.653846153846154 0.5625
300000 7.8076923076923075 0.53125
302000 7.653846153846154 0.546875
304000 7.923076923076923 0.515625
306000 7.884615384615385 0.53125
308000 7.884615384615385 0.546875
310000 7.961538461538462 0.546875
312000 8.01923076923077 0.546875
314000 7.923076923076923 0.578125
316000 7.711538461538462 0.5625
318000 7.519230769230769 0.5625
320000 7.365384615384615 0.546875
322000 7.903846153846154 0.515625
324000 7.653846153846154 0.578125
326000 7.5576923076923075 0.59375
328000 7.615384615384615 0.640625
330000 7.6923076923076925 0.546875
332000 7.8076923076923075 0.59375
334000 7.884615384615385 0.5625
336000 7.538461538461538 0.5625
338000 7.634615384615385 0.53125
340000 7.826923076923077 0.546875
342000 7.788461538461538 0.546875
344000 7.711538461538462 0.546875
346000 8.076923076923077 0.59375
348000 8.01923076923077 0.5625
350000 7.326923076923077 0.609375
352000 8.0 0.5625
354000 7.884615384615385 0.53125
356000 7.903846153846154 0.53125
358000 7.980769230769231 0.59375
360000 7.923076923076923 0.578125
362000 7.961538461538462 0.625
364000 7.884615384615385 0.640625
366000 8.057692307692308 0.609375
368000 7.884615384615385 0.609375
370000 7.576923076923077 0.59375
372000 8.0 0.59375
374000 8.0 0.640625
376000 7.673076923076923 0.5625
378000 7.615384615384615 0.5
380000 7.788461538461538 0.59375
382000 7.596153846153846 0.5625
384000 7.5 0.609375
386000 7.903846153846154 0.578125
388000 8.01923076923077 0.625
390000 8.01923076923077 0.546875
392000 7.923076923076923 0.53125
394000 8.0 0.53125
396000 8.038461538461538 0.609375
398000 7.884615384615385 0.578125
400000 8.096153846153847 0.546875
402000 7.846153846153846 0.5625
404000 7.769230769230769 0.59375
406000 7.980769230769231 0.546875
408000 7.961538461538462 0.546875
410000 8.096153846153847 0.53125
412000 8.173076923076923 0.546875
414000 8.173076923076923 0.5625
416000 8.211538461538462 0.53125
418000 8.076923076923077 0.59375
420000 8.01923076923077 0.546875
422000 7.923076923076923 0.5
424000 8.173076923076923 0.546875
426000 8.01923076923077 0.46875
428000 8.057692307692308 0.59375
430000 8.038461538461538 0.59375
432000 8.038461538461538 0.59375
434000 7.923076923076923 0.578125
436000 8.115384615384615 0.5
438000 8.01923076923077 0.578125
440000 8.076923076923077 0.5625
442000 8.076923076923077 0.578125
444000 7.846153846153846 0.625
446000 8.0 0.578125
448000 7.980769230769231 0.5625
450000 8.01923076923077 0.578125
452000 8.192307692307692 0.5625
454000 7.9423076923076925 0.546875
456000 8.115384615384615 0.515625
458000 8.01923076923077 0.5625
460000 8.01923076923077 0.53125
462000 7.846153846153846 0.546875
464000 8.01923076923077 0.515625
466000 8.134615384615385 0.5625
468000 8.01923076923077 0.546875
470000 7.980769230769231 0.59375
472000 7.75 0.484375
474000 8.01923076923077 0.515625
476000 8.096153846153847 0.59375
478000 8.0 0.5625
480000 7.980769230769231 0.53125
482000 8.0 0.53125
484000 8.038461538461538 0.578125
486000 8.096153846153847 0.53125
488000 8.096153846153847 0.578125
490000 8.076923076923077 0.5625
492000 8.076923076923077 0.578125
494000 8.038461538461538 0.578125
496000 8.038461538461538 0.640625
498000 8.038461538461538 0.609375
500000 8.115384615384615 0.578125
