2000 0.11538461538461539 0.0625
4000 0.7115384615384616 0.125
6000 1.0384615384615385 0.125
8000 2.3076923076923075 0.15625
10000 2.576923076923077 0.15625
12000 2.519230769230769 0.09375
14000 2.7884615384615383 0.15625
16000 3.0576923076923075 0.1875
18000 3.480769230769231 0.21875
20000 3.480769230769231 0.21875
22000 3.5576923076923075 0.109375
24000 3.4615384615384617 0.140625
26000 3.576923076923077 0.1875
28000 3.423076923076923 0.21875
30000 3.519230769230769 0.25
32000 3.519230769230769 0.078125
34000 3.5961538461538463 0.109375
36000 3.5961538461538463 0.140625
38000 3.6923076923076925 0.203125
40000 3.5576923076923075 0.21875
42000 3.6538461538461537 0.234375
44000 3.673076923076923 0.109375
46000 3.673076923076923 0.109375
48000 3.6153846153846154 0.1875
50000 3.5384615384615383 0.171875
52000 3.673076923076923 0.21875
54000 3.5576923076923075 0.109375
56000 3.673076923076923 0.140625
58000 3.6923076923076925 0.1875
60000 3.5576923076923075 0.21875
62000 3.3846153846153846 0.21875
64000 3.2884615384615383 0.109375
66000 3.5384615384615383 0.09375
68000 3.5961538461538463 0.15625
70000 3.6923076923076925 0.203125
72000 3.6346153846153846 0.25
74000 3.730769230769231 0.234375
76000 3.5961538461538463 0.125
78000 3.769230769230769 0.140625
80000 3.6538461538461537 0.203125
82000 3.6346153846153846 0.1875
84000 3.6538461538461537 0.25
86000 3.6923076923076925 0.09375
88000 3.5961538461538463 0.125
90000 3.576923076923077 0.171875
92000 3.8076923076923075 0.21875
94000 3.6923076923076925 0.203125
96000 3.769230769230769 0.109375
98000 3.8461538461538463 0.125
100000 3.769230769230769 0.140625
102000 3.519230769230769 0.203125
104000 3.769230769230769 0.25
106000 3.826923076923077 0.21875
108000 3.769230769230769 0.109375
110000 3.6923076923076925 0.140625
112000 3.5961538461538463 0.1875
114000 3.7115384615384617 0.25
116000 3.6346153846153846 0.21875
118000 3.6346153846153846 0.109375
120000 3.5 0.109375
122000 3.7884615384615383 0.15625
124000 3.8076923076923075 0.234375
126000 3.75 0.25
128000 3.826923076923077 0.109375
130000 3.75 0.140625
132000 3.826923076923077 0.15625
134000 3.8076923076923075 0.203125
136000 3.8076923076923075 0.234375
138000 3.7115384615384617 0.203125
140000 3.769230769230769 0.109375
142000 3.8076923076923075 0.125
144000 3.75 0.171875
146000 3.923076923076923 0.21875
148000 3.75 0.1875
150000 3.8076923076923075 0.125
152000 3.8846153846153846 0.140625
154000 3.826923076923077 0.171875
156000 3.769230769230769 0.234375
158000 3.8653846153846154 0.234375
160000 3.8653846153846154 0.125
162000 3.826923076923077 0.109375
164000 3.8653846153846154 0.15625
166000 3.9615384615384617 0.21875
168000 3.8653846153846154 0.25
170000 3.923076923076923 0.21875
172000 3.769230769230769 0.09375
174000 3.8653846153846154 0.15625
176000 3.7115384615384617 0.1875
178000 4.365384615384615 0.21875
180000 4.480769230769231 0.21875
182000 4.384615384615385 0.109375
184000 4.8076923076923075 0.125
186000 4.8076923076923075 0.171875
188000 4.923076923076923 0.203125
190000 4.846153846153846 0.25
192000 4.865384615384615 0.109375
194000 4.865384615384615 0.15625
196000 5.038461538461538 0.1875
198000 5.173076923076923 0.15625
200000 5.096153846153846 0.203125
202000 4.980769230769231 0.25
204000 4.865384615384615 0.125
206000 4.961538461538462 0.125
208000 4.923076923076923 0.1875
210000 4.846153846153846 0.171875
212000 5.096153846153846 0.203125
214000 5.019230769230769 0.109375
216000 4.961538461538462 0.125
218000 4.903846153846154 0.1875
220000 4.8076923076923075 0.25
222000 4.980769230769231 0.21875
224000 4.9423076923076925 0.109375
226000 4.9423076923076925 0.125
228000 5.0 0.125
230000 5.134615384615385 0.21875
232000 5.173076923076923 0.21875
234000 5.0 0.21875
236000 5.019230769230769 0.109375
238000 5.038461538461538 0.140625
240000 5.173076923076923 0.140625
242000 5.173076923076923 0.25
244000 5.134615384615385 0.1875
246000 5.173076923076923 0.125
248000 5.269230769230769 0.140625
250000 5.115384615384615 0.171875
252000 5.0 0.234375
254000 5.0576923076923075 0.25
256000 5.038461538461538 0.140625
258000 5.173076923076923 0.171875
260000 5.0576923076923075 0.15625
262000 5.173076923076923 0.171875
264000 4.903846153846154 0.21875
266000 5.076923076923077 0.21875
268000 5.0576923076923075 0.109375
270000 5.269230769230769 0.125
272000 5.0576923076923075 0.15625
274000 5.019230769230769 0.21875
276000 5.0576923076923075 0.171875
278000 5.230769230769231 0.109375
280000 5.288461538461538 0.140625
282000 5.173076923076923 0.171875
284000 5.211538461538462 0.203125
286000 5.115384615384615 0.171875
288000 5.25 0.15625
290000 4.711538461538462 0.171875
292000 5.153846153846154 0.171875
294000 5.25 0.171875
296000 5.173076923076923 0.203125
298000 5.269230769230769 0.21875
300000 5.3076923076923075 0.140625
302000 5.0576923076923075 0.125
304000 5.115384615384615 0.15625
306000 5.288461538461538 0.25
308000 5.0576923076923075 0.21875
310000 5.25 0.109375
312000 5.211538461538462 0.125
314000 5.25 0.1875
316000 5.1923076923076925 0.234375
318000 5.269230769230769 0.21875
320000 5.173076923076923 0.125
322000 5.076923076923077 0.109375
324000 5.0576923076923075 0.171875
326000 5.230769230769231 0.203125
328000 5.173076923076923 0.21875
330000 4.923076923076923 0.25
332000 5.038461538461538 0.125
334000 5.1923076923076925 0.140625
336000 5.211538461538462 0.203125
338000 5.153846153846154 0.25
340000 5.134615384615385 0.234375
342000 5.153846153846154 0.171875
344000 5.153846153846154 0.125
346000 5.115384615384615 0.171875
348000 5.134615384615385 0.203125
350000 5.153846153846154 0.234375
352000 5.076923076923077 0.109375
354000 5.096153846153846 0.109375
356000 5.134615384615385 0.109375
358000 5.173076923076923 0.203125
360000 5.173076923076923 0.25
362000 5.153846153846154 0.234375
364000 5.1923076923076925 0.109375
366000 5.1923076923076925 0.15625
368000 5.173076923076923 0.1875
370000 5.173076923076923 0.203125
372000 5.269230769230769 0.28125
374000 5.019230769230769 0.09375
376000 5.173076923076923 0.125
378000 5.1923076923076925 0.1875
380000 5.0576923076923075 0.21875
382000 5.211538461538462 0.25
384000 5.173076923076923 0.109375
386000 5.1923076923076925 0.125
388000 5.153846153846154 0.140625
390000 5.211538461538462 0.21875
392000 5.1923076923076925 0.234375
394000 5.1923076923076925 0.203125
396000 5.269230769230769 0.109375
398000 5.1923076923076925 0.15625
400000 4.903846153846154 0.203125
402000 5.115384615384615 0.1875
404000 5.134615384615385 0.234375
406000 5.115384615384615 0.109375
408000 5.153846153846154 0.125
410000 5.230769230769231 0.140625
412000 5.211538461538462 0.1875
414000 5.153846153846154 0.140625
416000 5.173076923076923 0.125
418000 5.153846153846154 0.109375
420000 5.288461538461538 0.125
422000 5.25 0.203125
424000 5.153846153846154 0.1875
426000 5.134615384615385 0.21875
428000 5.288461538461538 0.109375
430000 5.211538461538462 0.140625
432000 5.1923076923076925 0.203125
434000 5.153846153846154 0.234375
436000 5.1923076923076925 0.25
438000 5.1923076923076925 0.125
440000 5.211538461538462 0.125
442000 5.230769230769231 0.1875
444000 5.173076923076923 0.25
446000 5.211538461538462 0.21875
448000 5.25 0.125
450000 5.173076923076923 0.109375
452000 5.173076923076923 0.140625
454000 5.173076923076923 0.21875
456000 5.153846153846154 0.21875
458000 5.153846153846154 0.265625
460000 5.211538461538462 0.109375
462000 5.211538461538462 0.15625
464000 5.1923076923076925 0.203125
466000 5.326923076923077 0.203125
468000 5.3076923076923075 0.25
470000 5.25 0.125
472000 5.269230769230769 0.140625
474000 5.288461538461538 0.140625
476000 5.1923076923076925 0.21875
478000 5.288461538461538 0.21875
480000 5.288461538461538 0.109375
482000 5.288461538461538 0.109375
484000 5.1923076923076925 0.109375
486000 5.1923076923076925 0.21875
488000 5.1923076923076925 0.25
490000 5.1923076923076925 0.234375
492000 5.1923076923076925 0.09375
494000 5.1923076923076925 0.125
496000 5.1923076923076925 0.203125
498000 5.1923076923076925 0.171875
500000 5.1923076923076925 0.25
