2000 0.19230769230769232 0.015625
4000 0.23076923076923078 0.03125
6000 0.5192307692307693 0.03125
8000 0.7307692307692307 0.046875
10000 0.8461538461538461 0.046875
12000 0.9615384615384616 0.046875
14000 1.0384615384615385 0.078125
16000 1.0576923076923077 0.046875
18000 1.0192307692307692 0.09375
20000 1.0384615384615385 0.046875
22000 1.0769230769230769 0.078125
24000 1.0961538461538463 0.0625
26000 1.1153846153846154 0.046875
28000 1.1346153846153846 0.09375
30000 1.1346153846153846 0.09375
32000 1.1730769230769231 0.078125
34000 1.1730769230769231 0.09375
36000 1.1923076923076923 0.09375
38000 1.1923076923076923 0.0625
40000 1.2692307692307692 0.0625
42000 1.3269230769230769 0.078125
44000 1.4615384615384615 0.0625
46000 1.5769230769230769 0.0625
48000 1.8076923076923077 0.078125
50000 2.0384615384615383 0.078125
52000 2.1538461538461537 0.09375
54000 2.423076923076923 0.0625
56000 2.673076923076923 0.078125
58000 2.9615384615384617 0.0625
60000 3.1538461538461537 0.078125
62000 3.2884615384615383 0.0625
64000 3.423076923076923 0.078125
66000 3.480769230769231 0.109375
68000 3.480769230769231 0.078125
70000 3.519230769230769 0.0625
72000 3.5384615384615383 0.09375
74000 3.5384615384615383 0.109375
76000 3.6538461538461537 0.125
78000 3.5961538461538463 0.171875
80000 3.576923076923077 0.171875
82000 3.5961538461538463 0.125
84000 3.8076923076923075 0.15625
86000 3.8076923076923075 0.078125
88000 3.7884615384615383 0.046875
90000 3.769230769230769 0.09375
92000 3.75 0.078125
94000 3.75 0.0625
96000 3.769230769230769 0.0625
98000 3.7884615384615383 0.0625
100000 3.8461538461538463 0.09375
102000 3.8653846153846154 0.078125
104000 3.9038461538461537 0.078125
106000 4.038461538461538 0.109375
108000 5.615384615384615 0.078125
110000 6.076923076923077 0.109375
112000 6.480769230769231 0.125
114000 6.730769230769231 0.109375
116000 6.730769230769231 0.09375
118000 6.730769230769231 0.078125
120000 6.75 0.0625
122000 6.961538461538462 0.0625
124000 6.9423076923076925 0.078125
126000 6.865384615384615 0.078125
128000 6.884615384615385 0.078125
130000 7.288461538461538 0.078125
132000 7.288461538461538 0.078125
134000 7.288461538461538 0.09375
136000 7.480769230769231 0.09375
138000 7.346153846153846 0.078125
140000 7.519230769230769 0.078125
142000 7.4423076923076925 0.0625
144000 7.4423076923076925 0.09375
146000 7.5576923076923075 0.078125
148000 7.519230769230769 0.109375
150000 7.5 0.15625
152000 7.5 0.078125
154000 7.576923076923077 0.078125
156000 7.596153846153846 0.0625
158000 7.711538461538462 0.09375
160000 7.634615384615385 0.109375
162000 7.673076923076923 0.078125
164000 7.615384615384615 0.109375
166000 7.653846153846154 0.15625
168000 7.634615384615385 0.15625
170000 7.673076923076923 0.1875
172000 7.673076923076923 0.0625
174000 7.6923076923076925 0.078125
176000 7.769230769230769 0.0625
178000 7.769230769230769 0.0625
180000 7.769230769230769 0.0625
182000 7.634615384615385 0.078125
184000 7.8076923076923075 0.0625
186000 7.6923076923076925 0.078125
188000 7.711538461538462 0.109375
190000 7.769230769230769 0.078125
192000 7.711538461538462 0.078125
194000 7.711538461538462 0.109375
196000 7.8076923076923075 0.109375
198000 7.846153846153846 0.09375
200000 7.769230769230769 0.09375
202000 7.923076923076923 0.125
204000 7.846153846153846 0.078125
206000 7.923076923076923 0.078125
208000 7.865384615384615 0.078125
210000 7.8076923076923075 0.09375
212000 7.769230769230769 0.0625
214000 7.826923076923077 0.0625
216000 7.788461538461538 0.09375
218000 7.826923076923077 0.078125
220000 7.884615384615385 0.09375
222000 7.884615384615385 0.078125
224000 7.903846153846154 0.046875
226000 7.9423076923076925 0.078125
228000 7.923076923076923 0.125
230000 7.846153846153846 0.09375
232000 7.903846153846154 0.09375
234000 7.826923076923077 0.078125
236000 7.8076923076923075 0.09375
238000 7.826923076923077 0.09375
240000 7.788461538461538 0.0625
242000 7.826923076923077 0.0625
244000 7.788461538461538 0.125
246000 7.8076923076923075 0.125
248000 7.846153846153846 0.09375
250000 7.826923076923077 0.140625
252000 7.826923076923077 0.171875
254000 7.826923076923077 0.1875
256000 7.826923076923077 0.0625
258000 7.846153846153846 0.078125
260000 7.923076923076923 0.09375
262000 7.980769230769231 0.078125
264000 7.9423076923076925 0.078125
266000 7.980769230769231 0.0625
268000 7.884615384615385 0.078125
270000 7.903846153846154 0.078125
272000 7.923076923076923 0.09375
274000 7.923076923076923 0.0625
276000 7.923076923076923 0.0625
278000 7.980769230769231 0.109375
280000 7.961538461538462 0.0625
282000 7.980769230769231 0.078125
284000 7.903846153846154 0.078125
286000 7.961538461538462 0.078125
288000 7.923076923076923 0.109375
290000 7.961538461538462 0.078125
292000 7.961538461538462 0.09375
294000 8.01923076923077 0.078125
296000 8.0 0.046875
298000 7.9423076923076925 0.09375
300000 7.903846153846154 0.09375
302000 7.980769230769231 0.09375
304000 7.9423076923076925 0.109375
306000 7.865384615384615 0.140625
308000 7.961538461538462 0.0625
310000 7.961538461538462 0.109375
312000 7.9423076923076925 0.15625
314000 7.826923076923077 0.046875
316000 7.923076923076923 0.09375
318000 7.884615384615385 0.09375
320000 7.826923076923077 0.078125
322000 7.9423076923076925 0.0625
324000 7.923076923076923 0.09375
326000 7.846153846153846 0.09375
328000 7.884615384615385 0.078125
330000 7.846153846153846 0.09375
332000 7.980769230769231 0.125
334000 8.057692307692308 0.15625
336000 8.038461538461538 0.21875
338000 7.903846153846154 0.171875
340000 7.923076923076923 0.15625
342000 7.923076923076923 0.0625
344000 7.826923076923077 0.0625
346000 7.8076923076923075 0.140625
348000 7.961538461538462 0.15625
350000 8.0 0.125
352000 7.923076923076923 0.09375
354000 7.903846153846154 0.09375
356000 7.826923076923077 0.078125
358000 7.961538461538462 0.078125
360000 7.884615384615385 0.078125
362000 7.961538461538462 0.0625
364000 8.076923076923077 0.078125
366000 8.192307692307692 0.0625
368000 8.057692307692308 0.109375
370000 8.038461538461538 0.0625
372000 8.0 0.109375
374000 8.01923076923077 0.09375
376000 7.884615384615385 0.09375
378000 7.980769230769231 0.0625
380000 8.01923076923077 0.0625
382000 8.038461538461538 0.0625
384000 8.0 0.09375
386000 8.057692307692308 0.0625
388000 7.961538461538462 0.109375
390000 8.057692307692308 0.0625
392000 8.057692307692308 0.0625
394000 8.057692307692308 0.078125
396000 7.903846153846154 0.078125
398000 7.980769230769231 0.078125
400000 8.038461538461538 0.078125
402000 8.01923076923077 0.078125
404000 8.01923076923077 0.0625
406000 8.057692307692308 0.09375
408000 8.134615384615385 0.109375
410000 8.057692307692308 0.0625
412000 8.057692307692308 0.09375
414000 8.038461538461538 0.09375
416000 8.038461538461538 0.09375
418000 7.961538461538462 0.125
420000 8.0 0.15625
422000 8.01923076923077 0.1875
424000 8.038461538461538 0.21875
426000 8.038461538461538 0.203125
428000 8.038461538461538 0.09375
430000 8.057692307692308 0.0625
432000 8.076923076923077 0.078125
434000 8.096153846153847 0.0625
436000 7.961538461538462 0.078125
438000 7.980769230769231 0.078125
440000 8.0 0.0625
442000 7.980769230769231 0.0625
444000 8.076923076923077 0.078125
446000 8.115384615384615 0.0625
448000 8.076923076923077 0.109375
450000 8.057692307692308 0.0625
452000 7.9423076923076925 0.09375
454000 8.038461538461538 0.078125
456000 8.038461538461538 0.078125
458000 8.038461538461538 0.09375
460000 8.038461538461538 0.046875
462000 8.01923076923077 0.09375
464000 8.0 0.078125
466000 7.961538461538462 0.078125
468000 7.961538461538462 0.0625
470000 7.9423076923076925 0.09375
472000 7.9423076923076925 0.078125
474000 8.01923076923077 0.109375
476000 7.9423076923076925 0.109375
478000 7.961538461538462 0.109375
480000 7.961538461538462 0.09375
482000 8.057692307692308 0.0625
484000 8.057692307692308 0.09375
486000 8.038461538461538 0.203125
488000 8.038461538461538 0.0625
490000 8.038461538461538 0.125
492000 8.038461538461538 0.125
494000 8.01923076923077 0.078125
496000 8.01923076923077 0.09375
498000 7.961538461538462 0.09375
500000 8.01923076923077 0.125
