2000 1.0961538461538463 0.15625
4000 2.3461538461538463 0.171875
6000 2.9423076923076925 0.171875
8000 2.423076923076923 0.140625
10000 2.1153846153846154 0.1875
12000 2.2884615384615383 0.1875
14000 2.7884615384615383 0.171875
16000 3.8076923076923075 0.203125
18000 4.730769230769231 0.140625
20000 5.519230769230769 0.15625
22000 6.038461538461538 0.15625
24000 6.615384615384615 0.25
26000 6.673076923076923 0.328125
28000 6.6923076923076925 0.21875
30000 6.923076923076923 0.234375
32000 6.923076923076923 0.265625
34000 7.0 0.234375
36000 6.9423076923076925 0.25
38000 7.134615384615385 0.296875
40000 6.8076923076923075 0.203125
42000 7.0 0.21875
44000 7.076923076923077 0.25
46000 7.076923076923077 0.21875
48000 7.115384615384615 0.265625
50000 7.096153846153846 0.21875
52000 7.115384615384615 0.21875
54000 7.115384615384615 0.25
56000 7.115384615384615 0.21875
58000 7.115384615384615 0.21875
60000 7.115384615384615 0.21875
62000 7.0576923076923075 0.3125
64000 7.115384615384615 0.203125
66000 7.134615384615385 0.21875
68000 7.1923076923076925 0.234375
70000 7.1923076923076925 0.234375
72000 7.1923076923076925 0.234375
74000 7.211538461538462 0.296875
76000 7.269230769230769 0.25
78000 7.365384615384615 0.234375
80000 7.384615384615385 0.25
82000 7.403846153846154 0.296875
84000 7.4423076923076925 0.390625
86000 7.4423076923076925 0.25
88000 7.4423076923076925 0.3125
90000 7.461538461538462 0.1875
92000 7.461538461538462 0.234375
94000 7.461538461538462 0.21875
96000 7.461538461538462 0.203125
98000 7.519230769230769 0.203125
100000 7.480769230769231 0.25
102000 7.538461538461538 0.203125
104000 7.5576923076923075 0.1875
106000 7.576923076923077 0.234375
108000 7.5576923076923075 0.1875
110000 7.576923076923077 0.25
112000 7.596153846153846 0.21875
114000 7.5576923076923075 0.265625
116000 7.538461538461538 0.21875
118000 7.538461538461538 0.1875
120000 7.576923076923077 0.1875
122000 7.576923076923077 0.25
124000 7.576923076923077 0.21875
126000 7.653846153846154 0.25
128000 7.5 0.203125
130000 7.538461538461538 0.21875
132000 7.538461538461538 0.234375
134000 7.5576923076923075 0.21875
136000 7.519230769230769 0.21875
138000 7.538461538461538 0.3125
140000 7.538461538461538 0.203125
142000 7.461538461538462 0.21875
144000 7.519230769230769 0.21875
146000 7.4423076923076925 0.21875
148000 7.5576923076923075 0.203125
150000 7.769230769230769 0.234375
152000 7.769230769230769 0.234375
154000 7.75 0.21875
156000 7.653846153846154 0.234375
158000 7.5576923076923075 0.21875
160000 7.6923076923076925 0.21875
162000 7.596153846153846 0.203125
164000 7.634615384615385 0.296875
166000 7.6923076923076925 0.21875
168000 7.8076923076923075 0.34375
170000 7.615384615384615 0.390625
172000 7.615384615384615 0.234375
174000 7.730769230769231 0.21875
176000 7.846153846153846 0.203125
178000 7.865384615384615 0.34375
180000 7.865384615384615 0.296875
182000 7.923076923076923 0.21875
184000 7.884615384615385 0.203125
186000 7.903846153846154 0.234375
188000 7.903846153846154 0.203125
190000 7.865384615384615 0.296875
192000 7.884615384615385 0.3125
194000 7.9423076923076925 0.21875
196000 7.923076923076923 0.203125
198000 7.923076923076923 0.203125
200000 7.923076923076923 0.203125
202000 7.923076923076923 0.203125
204000 7.884615384615385 0.328125
206000 7.9423076923076925 0.234375
208000 7.903846153846154 0.21875
210000 7.923076923076923 0.234375
212000 7.903846153846154 0.21875
214000 7.903846153846154 0.21875
216000 7.923076923076923 0.234375
218000 7.923076923076923 0.171875
220000 7.923076923076923 0.234375
222000 7.903846153846154 0.234375
224000 7.9423076923076925 0.3125
226000 7.9423076923076925 0.21875
228000 7.9423076923076925 0.4375
230000 7.980769230769231 0.25
232000 8.0 0.234375
234000 8.0 0.234375
236000 8.0 0.21875
238000 7.9423076923076925 0.234375
240000 7.903846153846154 0.265625
242000 7.923076923076923 0.3125
244000 7.9423076923076925 0.234375
246000 8.057692307692308 0.21875
248000 8.0 0.21875
250000 8.0 0.203125
252000 8.057692307692308 0.25
254000 8.01923076923077 0.375
256000 8.01923076923077 0.21875
258000 8.0 0.296875
260000 8.01923076923077 0.21875
262000 8.01923076923077 0.28125
264000 7.923076923076923 0.21875
266000 7.980769230769231 0.25
268000 7.980769230769231 0.234375
270000 7.923076923076923 0.234375
272000 7.903846153846154 0.25
274000 7.884615384615385 0.21875
276000 7.923076923076923 0.265625
278000 7.865384615384615 0.25
280000 7.865384615384615 0.1875
282000 7.903846153846154 0.203125
284000 7.9423076923076925 0.203125
286000 7.961538461538462 0.203125
288000 7.903846153846154 0.3125
290000 7.961538461538462 0.25
292000 7.9423076923076925 0.234375
294000 7.923076923076923 0.25
296000 7.9423076923076925 0.1875
298000 7.9423076923076925 0.234375
300000 8.01923076923077 0.234375
302000 7.980769230769231 0.28125
304000 7.923076923076923 0.25
306000 7.961538461538462 0.234375
308000 7.961538461538462 0.234375
310000 7.923076923076923 0.21875
312000 7.923076923076923 0.21875
314000 7.9423076923076925 0.21875
316000 7.9423076923076925 0.234375
318000 8.038461538461538 0.234375
320000 8.038461538461538 0.203125
322000 8.057692307692308 0.203125
324000 8.057692307692308 0.1875
326000 8.057692307692308 0.21875
328000 8.01923076923077 0.296875
330000 8.0 0.234375
332000 8.038461538461538 0.21875
334000 8.096153846153847 0.21875
336000 8.076923076923077 0.234375
338000 8.076923076923077 0.328125
340000 8.096153846153847 0.40625
342000 8.096153846153847 0.203125
344000 8.096153846153847 0.21875
346000 8.096153846153847 0.21875
348000 8.038461538461538 0.1875
350000 8.0 0.234375
352000 7.961538461538462 0.203125
354000 8.0 0.3125
356000 7.9423076923076925 0.234375
358000 7.980769230769231 0.234375
360000 8.057692307692308 0.234375
362000 8.01923076923077 0.234375
364000 8.01923076923077 0.234375
366000 8.0 0.28125
368000 8.0 0.234375
370000 8.0 0.265625
372000 8.0 0.21875
374000 7.961538461538462 0.234375
376000 7.961538461538462 0.203125
378000 7.961538461538462 0.25
380000 7.980769230769231 0.21875
382000 7.980769230769231 0.25
384000 7.980769230769231 0.1875
386000 7.961538461538462 0.25
388000 7.961538461538462 0.234375
390000 7.961538461538462 0.203125
392000 7.9423076923076925 0.203125
394000 7.980769230769231 0.21875
396000 7.9423076923076925 0.203125
398000 7.980769230769231 0.234375
400000 8.0 0.234375
402000 8.057692307692308 0.234375
404000 8.0 0.265625
406000 8.01923076923077 0.203125
408000 8.0 0.234375
410000 7.980769230769231 0.203125
412000 8.01923076923077 0.25
414000 8.0 0.25
416000 8.038461538461538 0.21875
418000 8.038461538461538 0.171875
420000 8.0 0.234375
422000 8.01923076923077 0.21875
424000 8.038461538461538 0.3125
426000 8.0 0.4375
428000 8.0 0.234375
430000 8.038461538461538 0.234375
432000 8.01923076923077 0.140625
434000 8.01923076923077 0.125
436000 8.01923076923077 0.140625
438000 8.038461538461538 0.125
440000 8.038461538461538 0.140625
442000 8.038461538461538 0.140625
444000 8.038461538461538 0.125
446000 8.038461538461538 0.125
448000 7.961538461538462 0.15625
450000 8.0 0.125
452000 8.0 0.171875
454000 7.961538461538462 0.140625
456000 7.980769230769231 0.171875
458000 8.0 0.125
460000 8.0 0.125
462000 8.0 0.125
464000 8.0 0.109375
466000 8.0 0.140625
468000 8.0 0.140625
470000 8.0 0.140625
472000 7.961538461538462 0.1875
474000 7.980769230769231 0.140625
476000 8.0 0.140625
478000 7.980769230769231 0.140625
480000 7.980769230769231 0.125
482000 7.980769230769231 0.125
484000 8.01923076923077 0.125
486000 8.0 0.140625
488000 8.038461538461538 0.125
490000 8.038461538461538 0.140625
492000 8.038461538461538 0.171875
494000 8.057692307692308 0.15625
496000 8.076923076923077 0.140625
498000 8.038461538461538 0.140625
500000 8.057692307692308 0.125
