2000 1.0384615384615385 0.78125
4000 1.1730769230769231 0.984375
6000 2.2115384615384617 0.84375
8000 4.365384615384615 1.03125
10000 3.7115384615384617 1.109375
12000 6.480769230769231 1.0625
14000 6.75 1.0625
16000 6.884615384615385 1.1875
18000 6.884615384615385 1.125
20000 6.826923076923077 0.96875
22000 6.173076923076923 0.6875
24000 6.865384615384615 0.8125
26000 6.903846153846154 0.765625
28000 7.076923076923077 0.734375
30000 7.134615384615385 0.859375
32000 7.211538461538462 0.953125
34000 6.961538461538462 0.9375
36000 7.4423076923076925 0.734375
38000 7.038461538461538 0.890625
40000 7.230769230769231 1.03125
42000 7.326923076923077 0.90625
44000 7.346153846153846 0.78125
46000 7.346153846153846 1.0
48000 7.346153846153846 0.78125
50000 7.365384615384615 1.03125
52000 7.365384615384615 0.765625
54000 7.096153846153846 0.734375
56000 7.269230769230769 0.890625
58000 7.4423076923076925 0.875
60000 7.365384615384615 0.796875
62000 7.365384615384615 0.828125
64000 7.1923076923076925 0.859375
66000 7.365384615384615 0.78125
68000 7.346153846153846 0.71875
70000 7.3076923076923075 0.828125
72000 7.365384615384615 0.734375
74000 7.346153846153846 1.046875
76000 7.269230769230769 0.734375
78000 7.326923076923077 0.78125
80000 7.269230769230769 0.890625
82000 7.3076923076923075 0.796875
84000 7.3076923076923075 0.78125
86000 7.4423076923076925 0.71875
88000 7.403846153846154 0.859375
90000 7.384615384615385 0.75
92000 7.538461538461538 0.765625
94000 7.4423076923076925 0.75
96000 7.4423076923076925 0.890625
98000 7.423076923076923 0.75
100000 7.5 0.796875
102000 7.365384615384615 0.765625
104000 7.384615384615385 0.953125
106000 7.4423076923076925 0.921875
108000 7.230769230769231 0.984375
110000 7.384615384615385 0.78125
112000 7.288461538461538 0.78125
114000 7.3076923076923075 0.796875
116000 7.384615384615385 0.828125
118000 7.3076923076923075 0.703125
120000 7.269230769230769 0.8125
122000 7.288461538461538 0.796875
124000 7.519230769230769 0.75
126000 7.365384615384615 0.703125
128000 7.3076923076923075 0.953125
130000 7.4423076923076925 0.734375
132000 7.365384615384615 0.8125
134000 7.269230769230769 0.984375
136000 7.25 0.765625
138000 7.326923076923077 1.078125
140000 7.288461538461538 1.046875
142000 7.3076923076923075 0.828125
144000 7.211538461538462 0.765625
146000 7.269230769230769 0.984375
148000 7.326923076923077 1.0625
150000 7.461538461538462 0.78125
152000 7.423076923076923 0.796875
154000 7.346153846153846 0.71875
156000 7.211538461538462 0.78125
158000 7.384615384615385 0.765625
160000 7.365384615384615 0.6875
162000 7.288461538461538 0.71875
164000 7.346153846153846 0.859375
166000 7.346153846153846 0.921875
168000 7.384615384615385 0.890625
170000 7.4423076923076925 0.875
172000 7.384615384615385 0.90625
174000 7.4423076923076925 0.8125
176000 7.403846153846154 0.875
178000 7.75 1.046875
180000 8.057692307692308 0.9375
182000 8.01923076923077 0.875
184000 8.038461538461538 0.890625
186000 8.057692307692308 0.890625
188000 8.0 0.84375
190000 8.134615384615385 0.90625
192000 8.01923076923077 0.78125
194000 7.9423076923076925 0.765625
196000 8.0 0.9375
198000 8.096153846153847 0.828125
200000 7.980769230769231 0.90625
202000 8.153846153846153 1.078125
204000 8.173076923076923 0.96875
206000 8.096153846153847 1.0
208000 8.115384615384615 1.015625
210000 8.096153846153847 0.921875
212000 8.01923076923077 0.71875
214000 7.980769230769231 0.765625
216000 8.038461538461538 0.8125
218000 8.038461538461538 0.859375
220000 8.096153846153847 0.71875
222000 8.173076923076923 0.890625
224000 8.134615384615385 0.78125
226000 8.115384615384615 0.921875
228000 7.923076923076923 1.03125
230000 8.115384615384615 0.875
232000 8.211538461538462 0.734375
234000 8.173076923076923 0.875
236000 8.153846153846153 0.921875
238000 8.115384615384615 0.875
240000 8.038461538461538 0.75
242000 8.096153846153847 0.734375
244000 8.096153846153847 0.875
246000 8.153846153846153 0.921875
248000 8.01923076923077 0.890625
250000 8.01923076923077 0.78125
252000 8.115384615384615 0.921875
254000 8.153846153846153 0.78125
256000 8.192307692307692 0.6875
258000 8.096153846153847 0.703125
260000 8.25 0.765625
262000 8.153846153846153 0.78125
264000 7.903846153846154 0.671875
266000 7.884615384615385 0.78125
268000 8.211538461538462 0.984375
270000 8.076923076923077 0.734375
272000 8.23076923076923 0.734375
274000 8.23076923076923 0.8125
276000 8.038461538461538 0.734375
278000 8.211538461538462 0.828125
280000 7.923076923076923 0.8125
282000 8.038461538461538 0.9375
284000 7.865384615384615 0.734375
286000 8.115384615384615 0.671875
288000 8.192307692307692 0.96875
290000 8.211538461538462 0.828125
292000 8.288461538461538 0.84375
294000 8.153846153846153 0.75
296000 8.115384615384615 0.859375
298000 8.134615384615385 0.859375
300000 8.173076923076923 0.84375
302000 8.23076923076923 0.71875
304000 8.326923076923077 0.9375
306000 8.211538461538462 1.0
308000 8.173076923076923 1.03125
310000 8.0 1.203125
312000 7.9423076923076925 0.96875
314000 8.038461538461538 1.03125
316000 7.923076923076923 1.078125
318000 8.403846153846153 0.9375
320000 8.25 0.875
322000 8.076923076923077 0.84375
324000 8.115384615384615 0.96875
326000 8.038461538461538 0.859375
328000 8.288461538461538 0.84375
330000 8.346153846153847 0.984375
332000 8.23076923076923 0.984375
334000 8.192307692307692 1.125
336000 8.153846153846153 1.109375
338000 8.211538461538462 0.703125
340000 8.173076923076923 0.796875
342000 8.23076923076923 0.75
344000 8.153846153846153 0.75
346000 8.346153846153847 0.890625
348000 8.384615384615385 0.921875
350000 8.307692307692308 0.859375
352000 8.25 0.796875
354000 8.557692307692308 0.78125
356000 8.384615384615385 0.796875
358000 8.307692307692308 0.796875
360000 8.173076923076923 0.6875
362000 8.01923076923077 0.9375
364000 8.134615384615385 0.71875
366000 8.115384615384615 0.6875
368000 8.23076923076923 0.953125
370000 8.192307692307692 0.875
372000 7.769230769230769 0.921875
374000 8.038461538461538 0.84375
376000 7.846153846153846 0.828125
378000 8.23076923076923 0.796875
380000 7.884615384615385 0.703125
382000 8.288461538461538 0.984375
384000 8.115384615384615 0.734375
386000 8.0 0.84375
388000 8.115384615384615 0.84375
390000 8.192307692307692 1.0625
392000 7.8076923076923075 0.765625
394000 8.134615384615385 1.140625
396000 8.384615384615385 1.0
398000 7.9423076923076925 0.78125
400000 8.01923076923077 0.703125
402000 8.326923076923077 0.734375
404000 8.192307692307692 0.921875
406000 8.442307692307692 0.84375
408000 8.288461538461538 1.0
410000 8.288461538461538 1.296875
412000 8.23076923076923 1.0625
414000 8.038461538461538 0.890625
416000 8.057692307692308 0.71875
418000 8.076923076923077 0.859375
420000 8.192307692307692 0.75
422000 8.057692307692308 0.703125
424000 8.23076923076923 1.0
426000 8.403846153846153 0.90625
428000 8.25 1.078125
430000 8.173076923076923 0.984375
432000 8.288461538461538 0.703125
434000 8.423076923076923 0.953125
436000 8.288461538461538 0.875
438000 8.403846153846153 0.75
440000 8.365384615384615 0.96875
442000 8.153846153846153 0.875
444000 8.288461538461538 0.75
446000 8.26923076923077 0.765625
448000 8.384615384615385 0.765625
450000 8.326923076923077 1.078125
452000 8.365384615384615 0.953125
454000 8.25 1.15625
456000 8.288461538461538 1.015625
458000 8.173076923076923 0.96875
460000 8.115384615384615 0.828125
462000 8.153846153846153 0.734375
464000 8.211538461538462 0.78125
466000 8.173076923076923 0.8125
468000 8.307692307692308 0.890625
470000 8.192307692307692 0.875
472000 8.096153846153847 1.0625
474000 8.0 1.203125
476000 8.038461538461538 1.0625
478000 8.192307692307692 0.828125
480000 8.192307692307692 0.8125
482000 8.211538461538462 0.796875
484000 8.403846153846153 0.78125
486000 8.26923076923077 0.84375
488000 8.192307692307692 1.046875
490000 8.26923076923077 1.15625
492000 8.26923076923077 1.15625
494000 8.25 0.796875
496000 8.23076923076923 1.046875
498000 8.153846153846153 0.90625
500000 8.096153846153847 0.5
