2000 1.0192307692307692 0.34375
4000 0.9807692307692307 0.46875
6000 1.1153846153846154 0.359375
8000 1.1346153846153846 0.515625
10000 1.2307692307692308 0.640625
12000 1.25 0.375
14000 1.4038461538461537 0.46875
16000 2.423076923076923 0.359375
18000 3.0961538461538463 0.390625
20000 6.826923076923077 0.5
22000 7.038461538461538 0.359375
24000 7.346153846153846 0.375
26000 7.6923076923076925 0.359375
28000 7.730769230769231 0.40625
30000 7.730769230769231 0.421875
32000 7.730769230769231 0.359375
34000 7.6923076923076925 0.453125
36000 7.8076923076923075 0.390625
38000 7.884615384615385 0.390625
40000 7.9423076923076925 0.421875
42000 8.057692307692308 0.53125
44000 8.038461538461538 0.328125
46000 7.980769230769231 0.3125
48000 8.076923076923077 0.453125
50000 7.961538461538462 0.328125
52000 8.057692307692308 0.5
54000 7.903846153846154 0.453125
56000 8.038461538461538 0.3125
58000 7.980769230769231 0.484375
60000 8.076923076923077 0.34375
62000 8.115384615384615 0.484375
64000 8.01923076923077 0.328125
66000 8.076923076923077 0.34375
68000 8.096153846153847 0.34375
70000 8.115384615384615 0.34375
72000 8.134615384615385 0.46875
74000 8.076923076923077 0.46875
76000 8.057692307692308 0.3125
78000 8.076923076923077 0.328125
80000 8.076923076923077 0.421875
82000 8.115384615384615 0.390625
84000 7.884615384615385 0.453125
86000 8.115384615384615 0.328125
88000 8.096153846153847 0.5
90000 8.0 0.46875
92000 7.384615384615385 0.4375
94000 8.134615384615385 0.59375
96000 8.096153846153847 0.53125
98000 8.057692307692308 0.5625
100000 8.115384615384615 0.46875
102000 8.076923076923077 0.46875
104000 8.134615384615385 0.359375
106000 8.076923076923077 0.484375
108000 8.096153846153847 0.40625
110000 8.115384615384615 0.640625
112000 8.153846153846153 0.53125
114000 7.903846153846154 0.578125
116000 7.8076923076923075 0.484375
118000 8.057692307692308 0.53125
120000 7.096153846153846 0.4375
122000 7.403846153846154 0.671875
124000 7.230769230769231 0.4375
126000 8.057692307692308 0.453125
128000 8.01923076923077 0.390625
130000 7.884615384615385 0.40625
132000 7.865384615384615 0.421875
134000 7.711538461538462 0.640625
136000 7.384615384615385 0.46875
138000 7.596153846153846 0.703125
140000 7.75 0.53125
142000 7.788461538461538 0.546875
144000 7.153846153846154 0.515625
146000 7.9423076923076925 0.640625
148000 7.865384615384615 0.46875
150000 7.519230769230769 0.359375
152000 7.884615384615385 0.4375
154000 7.903846153846154 0.359375
156000 7.653846153846154 0.390625
158000 7.576923076923077 0.484375
160000 7.615384615384615 0.390625
162000 7.615384615384615 0.328125
164000 7.75 0.328125
166000 7.634615384615385 0.484375
168000 8.211538461538462 0.53125
170000 8.288461538461538 0.546875
172000 8.134615384615385 0.375
174000 8.192307692307692 0.421875
176000 8.23076923076923 0.5
178000 8.057692307692308 0.390625
180000 8.153846153846153 0.484375
182000 8.211538461538462 0.34375
184000 8.01923076923077 0.375
186000 8.038461538461538 0.390625
188000 8.115384615384615 0.328125
190000 7.8076923076923075 0.515625
192000 7.980769230769231 0.390625
194000 7.846153846153846 0.453125
196000 7.9423076923076925 0.390625
198000 7.826923076923077 0.40625
200000 8.057692307692308 0.390625
202000 8.01923076923077 0.5
204000 7.846153846153846 0.296875
206000 7.980769230769231 0.421875
208000 8.0 0.46875
210000 8.134615384615385 0.4375
212000 7.5576923076923075 0.5625
214000 8.057692307692308 0.296875
216000 8.23076923076923 0.375
218000 8.0 0.4375
220000 8.057692307692308 0.40625
222000 8.038461538461538 0.453125
224000 8.0 0.390625
226000 8.057692307692308 0.46875
228000 8.0 0.3125
230000 8.038461538461538 0.3125
232000 7.923076923076923 0.359375
234000 7.6923076923076925 0.5
236000 7.903846153846154 0.359375
238000 8.038461538461538 0.265625
240000 8.01923076923077 0.296875
242000 8.057692307692308 0.359375
244000 7.884615384615385 0.390625
246000 8.307692307692308 0.296875
248000 8.115384615384615 0.296875
250000 7.846153846153846 0.296875
252000 7.519230769230769 0.328125
254000 7.9423076923076925 0.390625
256000 8.096153846153847 0.328125
258000 7.769230769230769 0.40625
260000 8.25 0.34375
262000 8.057692307692308 0.3125
264000 7.865384615384615 0.328125
266000 8.076923076923077 0.515625
268000 8.173076923076923 0.3125
270000 8.115384615384615 0.296875
272000 8.115384615384615 0.28125
274000 8.192307692307692 0.421875
276000 8.211538461538462 0.453125
278000 8.076923076923077 0.3125
280000 8.134615384615385 0.328125
282000 8.115384615384615 0.28125
284000 8.23076923076923 0.296875
286000 8.365384615384615 0.390625
288000 8.134615384615385 0.328125
290000 8.23076923076923 0.328125
292000 7.865384615384615 0.359375
294000 7.634615384615385 0.3125
296000 7.9423076923076925 0.34375
298000 7.9423076923076925 0.375
300000 8.096153846153847 0.34375
302000 7.923076923076923 0.328125
304000 7.961538461538462 0.3125
306000 8.115384615384615 0.359375
308000 8.211538461538462 0.46875
310000 8.173076923076923 0.3125
312000 8.038461538461538 0.296875
314000 7.980769230769231 0.296875
316000 8.211538461538462 0.328125
318000 8.173076923076923 0.390625
320000 8.115384615384615 0.328125
322000 7.769230769230769 0.40625
324000 8.173076923076923 0.296875
326000 8.173076923076923 0.296875
328000 8.25 0.328125
330000 7.846153846153846 0.515625
332000 7.846153846153846 0.234375
334000 7.75 0.359375
336000 7.8076923076923075 0.375
338000 7.8076923076923075 0.359375
340000 8.01923076923077 0.453125
342000 8.0 0.359375
344000 7.730769230769231 0.40625
346000 7.596153846153846 0.3125
348000 7.8076923076923075 0.375
350000 7.826923076923077 0.40625
352000 7.576923076923077 0.34375
354000 7.634615384615385 0.3125
356000 7.923076923076923 0.25
358000 8.076923076923077 0.375
360000 7.961538461538462 0.390625
362000 8.038461538461538 0.5
364000 8.0 0.28125
366000 7.980769230769231 0.34375
368000 8.076923076923077 0.359375
370000 8.134615384615385 0.390625
372000 8.25 0.46875
374000 8.365384615384615 0.34375
376000 8.01923076923077 0.390625
378000 7.615384615384615 0.34375
380000 7.788461538461538 0.375
382000 8.192307692307692 0.421875
384000 8.096153846153847 0.421875
386000 8.0 0.28125
388000 8.076923076923077 0.328125
390000 8.26923076923077 0.3125
392000 8.23076923076923 0.359375
394000 8.153846153846153 0.546875
396000 8.23076923076923 0.3125
398000 8.288461538461538 0.296875
400000 8.365384615384615 0.28125
402000 8.307692307692308 0.3125
404000 8.173076923076923 0.4375
406000 7.884615384615385 0.3125
408000 7.980769230769231 0.3125
410000 8.134615384615385 0.296875
412000 8.153846153846153 0.3125
414000 7.980769230769231 0.390625
416000 7.961538461538462 0.234375
418000 7.923076923076923 0.296875
420000 8.0 0.3125
422000 8.01923076923077 0.328125
424000 8.057692307692308 0.40625
426000 8.153846153846153 0.46875
428000 8.115384615384615 0.296875
430000 8.057692307692308 0.28125
432000 8.153846153846153 0.34375
434000 8.076923076923077 0.328125
436000 8.057692307692308 0.46875
438000 8.134615384615385 0.296875
440000 8.01923076923077 0.40625
442000 7.961538461538462 0.359375
444000 8.25 0.328125
446000 8.25 0.4375
448000 8.307692307692308 0.296875
450000 8.23076923076923 0.3125
452000 8.173076923076923 0.296875
454000 8.153846153846153 0.3125
456000 7.923076923076923 0.359375
458000 7.961538461538462 0.390625
460000 7.923076923076923 0.28125
462000 8.365384615384615 0.28125
464000 8.25 0.4375
466000 8.326923076923077 0.390625
468000 8.365384615384615 0.453125
470000 8.365384615384615 0.296875
472000 8.384615384615385 0.359375
474000 8.51923076923077 0.34375
476000 8.403846153846153 0.328125
478000 8.346153846153847 0.421875
480000 8.403846153846153 0.34375
482000 8.384615384615385 0.203125
484000 8.384615384615385 0.390625
486000 8.384615384615385 0.328125
488000 8.365384615384615 0.3125
490000 8.23076923076923 0.515625
492000 8.365384615384615 0.234375
494000 8.173076923076923 0.359375
496000 8.26923076923077 0.4375
498000 8.346153846153847 0.3125
500000 8.153846153846153 0.46875
