2000 0.40384615384615385 0.53125
4000 0.8461538461538461 0.578125
6000 1.1153846153846154 0.578125
8000 1.1730769230769231 0.53125
10000 1.1730769230769231 0.578125
12000 1.25 0.578125
14000 1.2884615384615385 0.59375
16000 1.3269230769230769 0.515625
18000 3.0 0.59375
20000 7.096153846153846 0.53125
22000 7.211538461538462 0.53125
24000 7.153846153846154 0.53125
26000 7.211538461538462 0.5625
28000 7.0 0.515625
30000 7.173076923076923 0.5
32000 7.096153846153846 0.578125
34000 7.096153846153846 0.5625
36000 7.288461538461538 0.5625
38000 7.038461538461538 0.609375
40000 7.365384615384615 0.5625
42000 7.346153846153846 0.5625
44000 7.365384615384615 0.546875
46000 7.1923076923076925 0.5625
48000 7.269230769230769 0.53125
50000 7.019230769230769 0.625
52000 7.134615384615385 0.53125
54000 7.346153846153846 0.53125
56000 7.5 0.5625
58000 7.423076923076923 0.515625
60000 7.326923076923077 0.546875
62000 7.346153846153846 0.59375
64000 7.211538461538462 0.65625
66000 7.384615384615385 0.609375
68000 7.384615384615385 0.640625
70000 7.423076923076923 0.546875
72000 7.365384615384615 0.625
74000 7.5576923076923075 0.609375
76000 7.5 0.546875
78000 7.4423076923076925 0.53125
80000 7.423076923076923 0.578125
82000 7.423076923076923 0.578125
84000 7.5 0.578125
86000 7.269230769230769 0.5625
88000 7.403846153846154 0.578125
90000 7.423076923076923 0.578125
92000 7.230769230769231 0.59375
94000 7.346153846153846 0.609375
96000 7.4423076923076925 0.5625
98000 7.423076923076923 0.609375
100000 7.6923076923076925 0.546875
102000 7.403846153846154 0.578125
104000 7.5 0.59375
106000 7.538461538461538 0.640625
108000 7.538461538461538 0.625
110000 7.5 0.609375
112000 7.538461538461538 0.625
114000 7.4423076923076925 0.65625
116000 7.403846153846154 0.5625
118000 7.596153846153846 0.609375
120000 7.673076923076923 0.609375
122000 7.4423076923076925 0.671875
124000 7.576923076923077 0.65625
126000 7.596153846153846 0.578125
128000 8.076923076923077 0.734375
130000 8.096153846153847 0.59375
132000 7.980769230769231 0.609375
134000 8.134615384615385 0.609375
136000 8.076923076923077 0.65625
138000 8.0 0.59375
140000 8.115384615384615 0.59375
142000 7.980769230769231 0.671875
144000 7.923076923076923 0.59375
146000 8.115384615384615 0.640625
148000 8.0 0.625
150000 8.211538461538462 0.703125
152000 8.134615384615385 0.640625
154000 8.038461538461538 0.625
156000 8.211538461538462 0.578125
158000 8.01923076923077 0.546875
160000 8.076923076923077 0.53125
162000 8.115384615384615 0.640625
164000 8.115384615384615 0.515625
166000 8.23076923076923 0.578125
168000 8.192307692307692 0.59375
170000 8.134615384615385 0.5625
172000 8.153846153846153 0.59375
174000 8.25 0.5625
176000 8.173076923076923 0.578125
178000 8.134615384615385 0.59375
180000 8.038461538461538 0.5625
182000 8.23076923076923 0.546875
184000 8.23076923076923 0.546875
186000 8.23076923076923 0.53125
188000 8.288461538461538 0.5625
190000 8.326923076923077 0.609375
192000 8.211538461538462 0.5625
194000 8.307692307692308 0.5625
196000 8.384615384615385 0.546875
198000 8.211538461538462 0.5625
200000 8.288461538461538 0.5625
202000 8.192307692307692 0.578125
204000 8.0 0.546875
206000 8.115384615384615 0.53125
208000 8.25 0.65625
210000 8.634615384615385 0.5625
212000 8.557692307692308 0.625
214000 8.51923076923077 0.578125
216000 8.557692307692308 0.546875
218000 8.634615384615385 0.59375
220000 8.51923076923077 0.53125
222000 8.442307692307692 0.59375
224000 8.51923076923077 0.5625
226000 8.461538461538462 0.578125
228000 8.346153846153847 0.625
230000 8.461538461538462 0.578125
232000 8.576923076923077 0.546875
234000 8.596153846153847 0.59375
236000 8.557692307692308 0.578125
238000 8.596153846153847 0.71875
240000 7.980769230769231 0.6875
242000 8.51923076923077 0.640625
244000 8.442307692307692 0.65625
246000 8.51923076923077 0.40625
248000 8.25 0.421875
250000 8.26923076923077 0.421875
252000 8.365384615384615 0.40625
254000 8.057692307692308 0.40625
256000 7.634615384615385 0.421875
258000 8.384615384615385 0.375
260000 8.346153846153847 0.375
262000 8.25 0.40625
264000 8.096153846153847 0.390625
266000 8.288461538461538 0.375
268000 8.096153846153847 0.40625
270000 8.23076923076923 0.40625
272000 8.211538461538462 0.359375
274000 8.153846153846153 0.375
276000 7.673076923076923 0.421875
278000 8.134615384615385 0.375
280000 8.384615384615385 0.34375
282000 8.365384615384615 0.328125
284000 8.307692307692308 0.328125
286000 8.403846153846153 0.328125
288000 8.096153846153847 0.265625
290000 8.115384615384615 0.328125
292000 8.076923076923077 0.34375
294000 8.192307692307692 0.296875
296000 8.288461538461538 0.3125
298000 8.25 0.3125
300000 8.25 0.3125
302000 8.173076923076923 0.359375
304000 8.307692307692308 0.3125
306000 8.211538461538462 0.34375
308000 8.423076923076923 0.328125
310000 8.576923076923077 0.328125
312000 8.615384615384615 0.265625
314000 8.326923076923077 0.328125
316000 7.634615384615385 0.296875
318000 8.634615384615385 0.3125
320000 8.5 0.3125
322000 8.442307692307692 0.3125
324000 8.423076923076923 0.28125
326000 8.365384615384615 0.3125
328000 8.01923076923077 0.234375
330000 8.038461538461538 0.359375
332000 8.307692307692308 0.3125
334000 8.173076923076923 0.3125
336000 8.0 0.34375
338000 8.365384615384615 0.28125
340000 8.346153846153847 0.296875
342000 8.288461538461538 0.3125
344000 8.326923076923077 0.3125
346000 8.134615384615385 0.328125
348000 8.25 0.25
350000 8.461538461538462 0.3125
352000 8.25 0.3125
354000 7.788461538461538 0.328125
356000 8.442307692307692 0.3125
358000 8.288461538461538 0.328125
360000 8.403846153846153 0.3125
362000 8.365384615384615 0.359375
364000 8.403846153846153 0.328125
366000 8.307692307692308 0.328125
368000 8.403846153846153 0.328125
370000 8.326923076923077 0.3125
372000 8.403846153846153 0.3125
374000 8.288461538461538 0.328125
376000 8.326923076923077 0.34375
378000 8.25 0.390625
380000 8.26923076923077 0.3125
382000 8.23076923076923 0.328125
384000 8.326923076923077 0.375
386000 8.153846153846153 0.328125
388000 8.384615384615385 0.3125
390000 8.134615384615385 0.3125
392000 8.134615384615385 0.328125
394000 7.9423076923076925 0.390625
396000 8.307692307692308 0.296875
398000 8.26923076923077 0.3125
400000 8.307692307692308 0.3125
402000 8.384615384615385 0.40625
404000 8.288461538461538 0.3125
406000 8.211538461538462 0.34375
408000 8.461538461538462 0.328125
410000 8.326923076923077 0.3125
412000 8.557692307692308 0.3125
414000 8.346153846153847 0.359375
416000 8.442307692307692 0.328125
418000 8.384615384615385 0.34375
420000 8.615384615384615 0.3125
422000 8.384615384615385 0.328125
424000 8.48076923076923 0.34375
426000 8.51923076923077 0.40625
428000 8.538461538461538 0.3125
430000 8.538461538461538 0.328125
432000 8.51923076923077 0.359375
434000 8.596153846153847 0.328125
436000 8.576923076923077 0.359375
438000 8.538461538461538 0.3125
440000 8.5 0.375
442000 8.538461538461538 0.40625
444000 8.557692307692308 0.40625
446000 8.538461538461538 0.359375
448000 8.596153846153847 0.3125
450000 8.557692307692308 0.3125
452000 8.51923076923077 0.328125
454000 8.5 0.328125
456000 8.461538461538462 0.328125
458000 8.48076923076923 0.3125
460000 8.461538461538462 0.3125
462000 8.442307692307692 0.3125
464000 8.48076923076923 0.328125
466000 8.51923076923077 0.328125
468000 8.48076923076923 0.40625
470000 8.48076923076923 0.3125
472000 8.557692307692308 0.34375
474000 8.557692307692308 0.359375
476000 8.5 0.3125
478000 8.538461538461538 0.328125
480000 8.461538461538462 0.328125
482000 8.557692307692308 0.3125
484000 8.442307692307692 0.3125
486000 8.5 0.3125
488000 8.557692307692308 0.34375
490000 8.557692307692308 0.3125
492000 8.538461538461538 0.328125
494000 8.538461538461538 0.3125
496000 8.576923076923077 0.3125
498000 8.576923076923077 0.328125
500000 8.557692307692308 0.3125
