2000 0.4423076923076923 0.484375
4000 0.75 0.578125
6000 0.9038461538461539 0.484375
8000 1.0192307692307692 0.671875
10000 1.25 0.640625
12000 1.8076923076923077 0.5625
14000 1.2692307692307692 0.640625
16000 2.4423076923076925 0.65625
18000 2.730769230769231 0.625
20000 3.5576923076923075 0.640625
22000 6.826923076923077 0.65625
24000 6.769230769230769 0.625
26000 6.634615384615385 0.6875
28000 6.884615384615385 0.6875
30000 6.903846153846154 0.65625
32000 6.826923076923077 0.65625
34000 7.115384615384615 0.65625
36000 7.019230769230769 0.640625
38000 7.076923076923077 0.8125
40000 7.153846153846154 0.78125
42000 7.1923076923076925 0.734375
44000 7.211538461538462 0.765625
46000 7.173076923076923 0.71875
48000 7.403846153846154 0.78125
50000 7.230769230769231 0.71875
52000 7.326923076923077 0.765625
54000 7.230769230769231 0.703125
56000 7.4423076923076925 0.703125
58000 7.365384615384615 0.75
60000 7.384615384615385 0.640625
62000 7.403846153846154 0.75
64000 7.423076923076923 0.703125
66000 7.5 0.6875
68000 7.403846153846154 0.734375
70000 7.4423076923076925 0.734375
72000 7.4423076923076925 0.71875
74000 7.384615384615385 0.765625
76000 7.519230769230769 0.78125
78000 7.5576923076923075 0.734375
80000 7.519230769230769 0.75
82000 7.519230769230769 0.734375
84000 7.461538461538462 0.796875
86000 7.346153846153846 0.6875
88000 7.461538461538462 0.796875
90000 7.384615384615385 0.703125
92000 7.423076923076923 0.78125
94000 7.403846153846154 0.75
96000 7.4423076923076925 0.859375
98000 7.5 0.78125
100000 7.423076923076923 0.8125
102000 7.576923076923077 0.84375
104000 7.826923076923077 0.828125
106000 7.673076923076923 0.859375
108000 7.5 0.84375
110000 7.653846153846154 0.859375
112000 7.6923076923076925 0.8125
114000 7.576923076923077 0.796875
116000 7.596153846153846 0.828125
118000 7.596153846153846 0.859375
120000 7.3076923076923075 0.875
122000 7.538461538461538 0.859375
124000 7.5576923076923075 0.828125
126000 7.519230769230769 0.828125
128000 7.461538461538462 0.859375
130000 7.576923076923077 0.90625
132000 7.884615384615385 0.84375
134000 7.923076923076923 0.78125
136000 8.134615384615385 0.8125
138000 7.923076923076923 0.84375
140000 8.115384615384615 0.890625
142000 8.057692307692308 0.75
144000 7.846153846153846 0.71875
146000 7.826923076923077 0.765625
148000 7.769230769230769 0.71875
150000 7.846153846153846 0.71875
152000 7.961538461538462 0.765625
154000 8.0 0.765625
156000 7.923076923076923 0.734375
158000 8.0 0.765625
160000 7.961538461538462 0.796875
162000 7.903846153846154 0.765625
164000 8.0 0.75
166000 8.01923076923077 0.765625
168000 7.980769230769231 0.75
170000 7.961538461538462 0.765625
172000 8.076923076923077 0.765625
174000 8.038461538461538 0.75
176000 8.288461538461538 0.71875
178000 8.288461538461538 0.78125
180000 7.826923076923077 0.859375
182000 8.192307692307692 0.84375
184000 8.115384615384615 0.828125
186000 8.23076923076923 0.828125
188000 8.096153846153847 0.8125
190000 8.096153846153847 0.84375
192000 8.096153846153847 0.828125
194000 8.173076923076923 0.796875
196000 8.23076923076923 0.828125
198000 8.134615384615385 0.84375
200000 8.01923076923077 0.84375
202000 7.788461538461538 0.84375
204000 8.134615384615385 0.90625
206000 8.153846153846153 0.859375
208000 8.057692307692308 0.84375
210000 8.173076923076923 0.84375
212000 8.096153846153847 0.90625
214000 8.25 0.78125
216000 8.23076923076923 0.84375
218000 8.134615384615385 0.859375
220000 8.115384615384615 0.859375
222000 8.01923076923077 0.8125
224000 8.23076923076923 0.8125
226000 8.51923076923077 0.875
228000 8.557692307692308 0.890625
230000 8.326923076923077 0.75
232000 8.557692307692308 0.84375
234000 8.307692307692308 0.84375
236000 8.461538461538462 0.84375
238000 8.346153846153847 0.84375
240000 8.48076923076923 0.859375
242000 8.5 0.828125
244000 8.403846153846153 0.875
246000 8.365384615384615 0.78125
248000 8.461538461538462 0.84375
250000 8.5 0.796875
252000 8.5 0.84375
254000 8.26923076923077 0.828125
256000 8.51923076923077 0.78125
258000 8.51923076923077 0.90625
260000 8.384615384615385 0.859375
262000 8.288461538461538 0.90625
264000 8.26923076923077 0.84375
266000 8.442307692307692 0.859375
268000 8.26923076923077 0.859375
270000 8.326923076923077 0.859375
272000 8.25 0.8125
274000 8.26923076923077 0.859375
276000 8.25 0.8125
278000 8.307692307692308 0.8125
280000 8.346153846153847 0.75
282000 8.365384615384615 0.71875
284000 8.307692307692308 0.75
286000 8.365384615384615 0.734375
288000 8.25 0.796875
290000 8.442307692307692 0.765625
292000 8.442307692307692 0.734375
294000 8.384615384615385 0.796875
296000 8.346153846153847 0.734375
298000 8.326923076923077 0.75
300000 8.346153846153847 0.75
302000 8.153846153846153 0.78125
304000 8.384615384615385 0.75
306000 8.096153846153847 0.765625
308000 8.384615384615385 0.75
310000 8.365384615384615 0.75
312000 8.115384615384615 0.796875
314000 8.115384615384615 0.765625
316000 8.26923076923077 0.78125
318000 8.26923076923077 0.75
320000 8.346153846153847 0.765625
322000 8.23076923076923 0.796875
324000 8.423076923076923 0.703125
326000 8.26923076923077 0.765625
328000 8.365384615384615 0.765625
330000 8.307692307692308 0.828125
332000 8.192307692307692 0.796875
334000 8.134615384615385 0.859375
336000 8.134615384615385 0.84375
338000 8.346153846153847 0.828125
340000 8.365384615384615 0.84375
342000 8.48076923076923 0.859375
344000 8.384615384615385 0.890625
346000 8.51923076923077 0.875
348000 8.423076923076923 0.8125
350000 8.173076923076923 0.859375
352000 8.384615384615385 0.84375
354000 8.307692307692308 0.84375
356000 8.538461538461538 0.796875
358000 8.326923076923077 0.796875
360000 8.403846153846153 0.828125
362000 8.211538461538462 0.9375
364000 8.25 0.734375
366000 8.346153846153847 0.828125
368000 8.48076923076923 0.75
370000 8.346153846153847 0.78125
372000 8.403846153846153 0.75
374000 8.26923076923077 0.703125
376000 8.557692307692308 0.8125
378000 8.596153846153847 0.71875
380000 8.403846153846153 0.78125
382000 8.461538461538462 0.703125
384000 8.423076923076923 0.78125
386000 8.576923076923077 0.765625
388000 8.48076923076923 0.75
390000 8.173076923076923 0.796875
392000 8.26923076923077 0.796875
394000 8.326923076923077 0.765625
396000 8.423076923076923 0.6875
398000 8.423076923076923 0.71875
400000 8.307692307692308 0.765625
402000 8.48076923076923 0.890625
404000 8.461538461538462 0.828125
406000 8.51923076923077 0.859375
408000 8.5 0.921875
410000 8.48076923076923 0.875
412000 8.576923076923077 0.84375
414000 8.615384615384615 0.734375
416000 8.48076923076923 0.75
418000 8.51923076923077 0.765625
420000 8.461538461538462 0.734375
422000 8.423076923076923 0.796875
424000 8.461538461538462 0.796875
426000 8.461538461538462 0.78125
428000 8.538461538461538 0.828125
430000 8.461538461538462 0.75
432000 8.48076923076923 0.765625
434000 8.288461538461538 0.796875
436000 8.403846153846153 0.78125
438000 8.25 0.8125
440000 8.403846153846153 0.75
442000 8.403846153846153 0.78125
444000 8.557692307692308 0.78125
446000 8.48076923076923 0.71875
448000 8.596153846153847 0.796875
450000 8.596153846153847 0.765625
452000 8.442307692307692 0.90625
454000 8.461538461538462 0.84375
456000 8.423076923076923 0.796875
458000 8.557692307692308 0.796875
460000 8.51923076923077 0.8125
462000 8.461538461538462 0.90625
464000 8.576923076923077 0.84375
466000 8.634615384615385 0.859375
468000 8.596153846153847 0.84375
470000 8.5 0.828125
472000 8.538461538461538 0.71875
474000 8.538461538461538 0.859375
476000 8.5 0.765625
478000 8.615384615384615 0.765625
480000 8.711538461538462 0.8125
482000 8.634615384615385 0.875
484000 8.48076923076923 0.78125
486000 8.5 0.859375
488000 8.538461538461538 0.796875
490000 8.5 0.78125
492000 8.538461538461538 0.765625
494000 8.557692307692308 0.78125
496000 8.576923076923077 0.78125
498000 8.538461538461538 0.765625
500000 8.557692307692308 0.78125
