2000 2.923076923076923 0.296875
4000 6.961538461538462 0.328125
6000 6.826923076923077 0.375
8000 6.826923076923077 0.328125
10000 6.826923076923077 0.328125
12000 7.3076923076923075 0.4375
14000 7.230769230769231 0.453125
16000 7.230769230769231 0.46875
18000 7.211538461538462 0.484375
20000 7.211538461538462 0.484375
22000 7.230769230769231 0.46875
24000 6.980769230769231 0.53125
26000 7.269230769230769 0.53125
28000 7.269230769230769 0.484375
30000 7.269230769230769 0.4375
32000 7.288461538461538 0.484375
34000 7.230769230769231 0.484375
36000 7.230769230769231 0.453125
38000 7.326923076923077 0.5
40000 7.365384615384615 0.5
42000 7.25 0.53125
44000 6.961538461538462 0.5625
46000 7.3076923076923075 0.5
48000 7.4423076923076925 0.578125
50000 7.403846153846154 0.515625
52000 7.134615384615385 0.53125
54000 7.480769230769231 0.546875
56000 7.173076923076923 0.5625
58000 7.173076923076923 0.53125
60000 7.365384615384615 0.578125
62000 7.423076923076923 0.546875
64000 7.461538461538462 0.578125
66000 7.576923076923077 0.546875
68000 7.5 0.546875
70000 7.519230769230769 0.609375
72000 7.576923076923077 0.546875
74000 7.403846153846154 0.578125
76000 7.25 0.609375
78000 7.1923076923076925 0.53125
80000 7.211538461538462 0.5625
82000 6.211538461538462 0.625
84000 7.365384615384615 0.65625
86000 7.211538461538462 0.6875
88000 7.365384615384615 0.671875
90000 7.673076923076923 0.65625
92000 7.423076923076923 0.671875
94000 7.384615384615385 0.6875
96000 7.288461538461538 0.578125
98000 7.634615384615385 0.53125
100000 7.519230769230769 0.578125
102000 7.326923076923077 0.59375
104000 7.365384615384615 0.59375
106000 7.288461538461538 0.546875
108000 7.6923076923076925 0.609375
110000 7.615384615384615 0.546875
112000 7.596153846153846 0.578125
114000 7.730769230769231 0.53125
116000 7.634615384615385 0.640625
118000 7.461538461538462 0.671875
120000 7.5 0.640625
122000 7.903846153846154 0.671875
124000 6.961538461538462 0.625
126000 7.365384615384615 0.65625
128000 7.519230769230769 0.640625
130000 7.346153846153846 0.6875
132000 7.6923076923076925 0.65625
134000 7.6923076923076925 0.671875
136000 7.538461538461538 0.65625
138000 7.788461538461538 0.65625
140000 7.75 0.671875
142000 7.6923076923076925 0.546875
144000 7.538461538461538 0.546875
146000 7.6923076923076925 0.578125
148000 7.519230769230769 0.609375
150000 7.653846153846154 0.546875
152000 7.615384615384615 0.546875
154000 7.711538461538462 0.546875
156000 7.769230769230769 0.609375
158000 7.4423076923076925 0.609375
160000 7.326923076923077 0.5625
162000 7.365384615384615 0.578125
164000 7.3076923076923075 0.578125
166000 7.1923076923076925 0.515625
168000 7.769230769230769 0.515625
170000 7.788461538461538 0.5
172000 7.653846153846154 0.53125
174000 7.615384615384615 0.59375
176000 7.5576923076923075 0.5625
178000 7.634615384615385 0.578125
180000 7.730769230769231 0.5625
182000 7.596153846153846 0.59375
184000 7.6923076923076925 0.59375
186000 7.75 0.5625
188000 7.923076923076923 0.578125
190000 7.865384615384615 0.59375
192000 8.076923076923077 0.625
194000 7.923076923076923 0.5625
196000 7.769230769230769 0.59375
198000 7.826923076923077 0.5625
200000 7.8076923076923075 0.578125
202000 7.5576923076923075 0.59375
204000 7.730769230769231 0.59375
206000 7.346153846153846 0.59375
208000 7.288461538461538 0.59375
210000 7.826923076923077 0.578125
212000 7.711538461538462 0.546875
214000 8.192307692307692 0.59375
216000 8.288461538461538 0.5
218000 8.153846153846153 0.515625
220000 8.115384615384615 0.53125
222000 8.01923076923077 0.578125
224000 8.26923076923077 0.515625
226000 7.9423076923076925 0.5625
228000 7.980769230769231 0.578125
230000 7.9423076923076925 0.53125
232000 8.057692307692308 0.5625
234000 8.173076923076923 0.625
236000 8.134615384615385 0.5625
238000 8.076923076923077 0.59375
240000 8.153846153846153 0.578125
242000 8.076923076923077 0.546875
244000 8.173076923076923 0.59375
246000 8.134615384615385 0.515625
248000 7.961538461538462 0.609375
250000 7.961538461538462 0.578125
252000 7.865384615384615 0.515625
254000 7.903846153846154 0.609375
256000 7.769230769230769 0.53125
258000 7.923076923076923 0.625
260000 7.596153846153846 0.546875
262000 7.961538461538462 0.59375
264000 7.961538461538462 0.609375
266000 7.980769230769231 0.546875
268000 8.01923076923077 0.59375
270000 8.115384615384615 0.546875
272000 8.096153846153847 0.5625
274000 7.5576923076923075 0.625
276000 8.134615384615385 0.5625
278000 7.730769230769231 0.625
280000 7.75 0.578125
282000 8.096153846153847 0.609375
284000 7.403846153846154 0.734375
286000 7.8076923076923075 0.640625
288000 8.0 0.609375
290000 8.076923076923077 0.59375
292000 8.115384615384615 0.578125
294000 8.076923076923077 0.578125
296000 8.057692307692308 0.578125
298000 8.0 0.609375
300000 8.192307692307692 0.609375
302000 8.096153846153847 0.59375
304000 7.923076923076923 0.578125
306000 8.134615384615385 0.609375
308000 8.076923076923077 0.546875
310000 8.211538461538462 0.5625
312000 8.25 0.625
314000 8.211538461538462 0.609375
316000 8.211538461538462 0.546875
318000 8.134615384615385 0.578125
320000 8.115384615384615 0.625
322000 7.903846153846154 0.578125
324000 7.826923076923077 0.5625
326000 8.076923076923077 0.59375
328000 7.884615384615385 0.578125
330000 8.096153846153847 0.5625
332000 8.25 0.5625
334000 8.192307692307692 0.578125
336000 8.173076923076923 0.609375
338000 7.769230769230769 0.578125
340000 8.134615384615385 0.609375
342000 8.115384615384615 0.625
344000 8.365384615384615 0.625
346000 8.23076923076923 0.5625
348000 8.23076923076923 0.5625
350000 8.346153846153847 0.609375
352000 8.0 0.578125
354000 8.192307692307692 0.578125
356000 8.134615384615385 0.59375
358000 8.134615384615385 0.5625
360000 7.980769230769231 0.609375
362000 7.769230769230769 0.609375
364000 8.134615384615385 0.609375
366000 8.153846153846153 0.640625
368000 8.288461538461538 0.671875
370000 8.038461538461538 0.609375
372000 8.153846153846153 0.625
374000 8.192307692307692 0.59375
376000 8.173076923076923 0.640625
378000 8.25 0.609375
380000 8.076923076923077 0.59375
382000 8.346153846153847 0.59375
384000 7.961538461538462 0.671875
386000 8.307692307692308 0.625
388000 7.8076923076923075 0.578125
390000 8.096153846153847 0.609375
392000 8.211538461538462 0.625
394000 7.9423076923076925 0.59375
396000 8.173076923076923 0.625
398000 8.288461538461538 0.5
400000 8.173076923076923 0.546875
402000 8.153846153846153 0.578125
404000 7.980769230769231 0.5625
406000 8.23076923076923 0.578125
408000 8.403846153846153 0.59375
410000 7.653846153846154 0.546875
412000 8.038461538461538 0.546875
414000 8.326923076923077 0.640625
416000 8.288461538461538 0.640625
418000 8.192307692307692 0.515625
420000 8.173076923076923 0.546875
422000 8.288461538461538 0.59375
424000 8.23076923076923 0.59375
426000 8.057692307692308 0.578125
428000 8.365384615384615 0.578125
430000 8.173076923076923 0.578125
432000 8.211538461538462 0.546875
434000 8.211538461538462 0.65625
436000 8.25 0.609375
438000 8.307692307692308 0.546875
440000 8.307692307692308 0.5625
442000 8.288461538461538 0.578125
444000 8.192307692307692 0.5625
446000 8.23076923076923 0.609375
448000 8.25 0.59375
450000 8.288461538461538 0.5625
452000 8.288461538461538 0.609375
454000 8.346153846153847 0.59375
456000 8.192307692307692 0.546875
458000 8.173076923076923 0.609375
460000 8.346153846153847 0.578125
462000 8.307692307692308 0.625
464000 8.23076923076923 0.65625
466000 8.288461538461538 0.5625
468000 8.26923076923077 0.5625
470000 8.25 0.59375
472000 8.23076923076923 0.53125
474000 8.25 0.59375
476000 8.23076923076923 0.5625
478000 8.346153846153847 0.609375
480000 8.038461538461538 0.625
482000 8.25 0.59375
484000 8.153846153846153 0.5625
486000 8.26923076923077 0.578125
488000 8.288461538461538 0.53125
490000 8.25 0.609375
492000 8.134615384615385 0.5625
494000 8.134615384615385 0.609375
496000 8.25 0.59375
498000 8.211538461538462 0.59375
500000 8.211538461538462 0.625
