2000 3.8076923076923075 0.65625
4000 7.0 0.640625
6000 6.826923076923077 0.609375
8000 7.173076923076923 0.609375
10000 7.173076923076923 0.671875
12000 7.173076923076923 0.640625
14000 7.288461538461538 0.546875
16000 7.230769230769231 0.640625
18000 7.3076923076923075 0.671875
20000 7.153846153846154 0.640625
22000 7.115384615384615 0.609375
24000 7.384615384615385 0.640625
26000 7.384615384615385 0.671875
28000 7.288461538461538 0.640625
30000 7.403846153846154 0.75
32000 7.288461538461538 0.734375
34000 7.403846153846154 0.71875
36000 7.5 0.765625
38000 7.4423076923076925 0.734375
40000 7.4423076923076925 0.71875
42000 7.4423076923076925 0.765625
44000 7.4423076923076925 0.671875
46000 7.403846153846154 0.671875
48000 7.269230769230769 0.734375
50000 7.4423076923076925 0.796875
52000 7.480769230769231 0.71875
54000 7.461538461538462 0.796875
56000 7.4423076923076925 0.71875
58000 7.423076923076923 0.71875
60000 7.5 0.8125
62000 7.4423076923076925 0.75
64000 7.4423076923076925 0.703125
66000 7.5 0.71875
68000 7.480769230769231 0.765625
70000 7.519230769230769 0.71875
72000 7.211538461538462 0.703125
74000 7.269230769230769 0.75
76000 7.461538461538462 0.78125
78000 7.173076923076923 0.78125
80000 7.5 0.78125
82000 7.4423076923076925 0.796875
84000 7.4423076923076925 0.6875
86000 7.5 0.75
88000 7.423076923076923 0.8125
90000 7.1923076923076925 0.8125
92000 7.5 0.828125
94000 6.769230769230769 0.78125
96000 7.384615384615385 0.84375
98000 7.4423076923076925 0.875
100000 7.596153846153846 0.890625
102000 7.865384615384615 0.828125
104000 7.384615384615385 0.828125
106000 7.346153846153846 0.796875
108000 7.519230769230769 0.890625
110000 7.653846153846154 0.859375
112000 7.634615384615385 0.8125
114000 7.653846153846154 0.84375
116000 7.615384615384615 0.875
118000 7.615384615384615 0.859375
120000 7.576923076923077 0.890625
122000 7.730769230769231 0.828125
124000 7.615384615384615 0.875
126000 7.5576923076923075 0.8125
128000 7.423076923076923 0.828125
130000 7.538461538461538 0.796875
132000 7.576923076923077 0.8125
134000 7.711538461538462 0.78125
136000 7.596153846153846 0.78125
138000 7.5576923076923075 0.765625
140000 7.538461538461538 0.765625
142000 7.461538461538462 0.8125
144000 7.538461538461538 0.828125
146000 7.5 0.828125
148000 7.288461538461538 0.75
150000 7.519230769230769 0.8125
152000 6.6923076923076925 0.765625
154000 6.730769230769231 0.75
156000 7.423076923076923 0.78125
158000 7.4423076923076925 0.765625
160000 7.5576923076923075 0.796875
162000 7.403846153846154 0.78125
164000 7.5576923076923075 0.75
166000 7.615384615384615 0.71875
168000 7.5 0.75
170000 7.634615384615385 0.828125
172000 7.673076923076923 0.859375
174000 7.75 0.8125
176000 7.173076923076923 0.78125
178000 7.865384615384615 0.859375
180000 7.596153846153846 0.890625
182000 7.365384615384615 0.90625
184000 7.923076923076923 0.859375
186000 7.519230769230769 0.890625
188000 7.980769230769231 0.859375
190000 7.865384615384615 0.875
192000 7.923076923076923 0.84375
194000 7.9423076923076925 0.875
196000 7.826923076923077 0.875
198000 7.923076923076923 0.875
200000 7.788461538461538 0.859375
202000 6.75 0.84375
204000 7.326923076923077 0.828125
206000 7.576923076923077 0.78125
208000 7.365384615384615 0.90625
210000 7.634615384615385 0.859375
212000 7.961538461538462 0.859375
214000 7.9423076923076925 0.859375
216000 7.8076923076923075 0.859375
218000 7.788461538461538 0.84375
220000 7.6923076923076925 0.859375
222000 7.923076923076923 0.859375
224000 7.9423076923076925 0.84375
226000 7.5576923076923075 0.8125
228000 7.5 0.828125
230000 7.25 0.84375
232000 7.5576923076923075 0.84375
234000 7.826923076923077 0.90625
236000 7.8076923076923075 0.828125
238000 7.634615384615385 0.875
240000 7.730769230769231 0.8125
242000 7.403846153846154 0.90625
244000 7.769230769230769 0.890625
246000 7.634615384615385 0.875
248000 7.423076923076923 0.8125
250000 7.5 0.8125
252000 7.576923076923077 0.875
254000 7.923076923076923 0.875
256000 7.788461538461538 0.84375
258000 7.769230769230769 0.890625
260000 7.903846153846154 0.921875
262000 7.673076923076923 0.859375
264000 7.711538461538462 0.84375
266000 7.6923076923076925 0.84375
268000 7.673076923076923 0.84375
270000 7.711538461538462 0.8125
272000 7.769230769230769 0.75
274000 7.346153846153846 0.671875
276000 7.365384615384615 0.75
278000 7.269230769230769 0.796875
280000 7.576923076923077 0.78125
282000 7.634615384615385 0.703125
284000 7.6923076923076925 0.765625
286000 7.5576923076923075 0.796875
288000 7.423076923076923 0.75
290000 7.5576923076923075 0.8125
292000 7.634615384615385 0.703125
294000 7.538461538461538 0.734375
296000 7.480769230769231 0.78125
298000 7.961538461538462 0.765625
300000 7.615384615384615 0.78125
302000 7.576923076923077 0.765625
304000 7.75 0.78125
306000 7.673076923076923 0.796875
308000 7.461538461538462 0.796875
310000 7.461538461538462 0.78125
312000 7.596153846153846 0.78125
314000 7.769230769230769 0.765625
316000 7.769230769230769 0.703125
318000 7.711538461538462 0.734375
320000 7.5 0.796875
322000 7.9423076923076925 0.796875
324000 8.173076923076923 0.75
326000 7.788461538461538 0.890625
328000 7.673076923076923 0.875
330000 7.576923076923077 0.8125
332000 7.769230769230769 0.859375
334000 7.769230769230769 0.75
336000 7.596153846153846 0.84375
338000 7.615384615384615 0.875
340000 7.75 0.84375
342000 7.615384615384615 0.859375
344000 7.480769230769231 0.84375
346000 7.576923076923077 0.8125
348000 7.653846153846154 0.828125
350000 7.903846153846154 0.875
352000 8.096153846153847 0.84375
354000 7.4423076923076925 0.84375
356000 7.8076923076923075 0.8125
358000 7.596153846153846 0.734375
360000 7.5576923076923075 0.734375
362000 7.5576923076923075 0.796875
364000 7.576923076923077 0.6875
366000 7.711538461538462 0.75
368000 7.538461538461538 0.8125
370000 7.653846153846154 0.765625
372000 7.923076923076923 0.765625
374000 7.403846153846154 0.765625
376000 7.576923076923077 0.765625
378000 7.5576923076923075 0.765625
380000 7.3076923076923075 0.765625
382000 7.4423076923076925 0.78125
384000 7.8076923076923075 0.765625
386000 7.730769230769231 0.703125
388000 7.538461538461538 0.84375
390000 7.8076923076923075 0.78125
392000 7.769230769230769 0.796875
394000 7.769230769230769 0.84375
396000 7.980769230769231 0.890625
398000 7.9423076923076925 0.84375
400000 7.6923076923076925 0.796875
402000 7.653846153846154 0.8125
404000 7.5 0.796875
406000 8.0 0.734375
408000 7.788461538461538 0.75
410000 7.980769230769231 0.78125
412000 7.788461538461538 0.75
414000 7.711538461538462 0.734375
416000 7.711538461538462 0.734375
418000 7.9423076923076925 0.734375
420000 7.980769230769231 0.734375
422000 7.923076923076923 0.734375
424000 7.961538461538462 0.75
426000 7.615384615384615 0.796875
428000 7.538461538461538 0.78125
430000 7.730769230769231 0.734375
432000 7.75 0.765625
434000 7.711538461538462 0.796875
436000 7.8076923076923075 0.6875
438000 7.730769230769231 0.796875
440000 7.826923076923077 0.75
442000 7.75 0.78125
444000 7.826923076923077 0.8125
446000 7.9423076923076925 0.84375
448000 7.711538461538462 0.828125
450000 7.884615384615385 0.8125
452000 8.057692307692308 0.859375
454000 8.038461538461538 0.828125
456000 7.8076923076923075 0.84375
458000 8.01923076923077 0.8125
460000 7.75 0.84375
462000 8.115384615384615 0.84375
464000 8.115384615384615 0.8125
466000 8.153846153846153 0.828125
468000 8.115384615384615 0.75
470000 8.096153846153847 0.8125
472000 8.115384615384615 0.828125
474000 8.134615384615385 0.8125
476000 8.134615384615385 0.765625
478000 8.134615384615385 0.796875
480000 8.23076923076923 0.8125
482000 8.0 0.71875
484000 8.076923076923077 0.796875
486000 7.961538461538462 0.6875
488000 7.980769230769231 0.796875
490000 8.057692307692308 0.765625
492000 8.038461538461538 0.734375
494000 8.153846153846153 0.578125
496000 8.01923076923077 0.6875
498000 8.173076923076923 0.6875
500000 8.173076923076923 0.8125
