2000 0.5192307692307693 0.0625
4000 0.8653846153846154 0.078125
6000 1.1730769230769231 0.078125
8000 1.3076923076923077 0.09375
10000 1.4423076923076923 0.0625
12000 1.5 0.078125
14000 1.5 0.078125
16000 1.5384615384615385 0.0625
18000 1.6153846153846154 0.078125
20000 1.6730769230769231 0.0625
22000 1.6923076923076923 0.078125
24000 1.6730769230769231 0.109375
26000 1.6923076923076923 0.125
28000 1.6923076923076923 0.125
30000 1.7115384615384615 0.09375
32000 1.7115384615384615 0.15625
34000 1.7115384615384615 0.125
36000 1.6923076923076923 0.140625
38000 1.75 0.15625
40000 1.6923076923076923 0.140625
42000 1.7115384615384615 0.109375
44000 1.6923076923076923 0.15625
46000 1.6923076923076923 0.125
48000 1.7115384615384615 0.125
50000 1.7115384615384615 0.125
52000 1.7115384615384615 0.140625
54000 1.7692307692307692 0.125
56000 1.7692307692307692 0.109375
58000 1.7884615384615385 0.140625
60000 1.8461538461538463 0.125
62000 1.8269230769230769 0.125
64000 1.7884615384615385 0.140625
66000 1.8269230769230769 0.125
68000 1.8269230769230769 0.15625
70000 1.9038461538461537 0.140625
72000 1.8653846153846154 0.109375
74000 1.8653846153846154 0.125
76000 1.9230769230769231 0.140625
78000 1.75 0.140625
80000 1.8076923076923077 0.140625
82000 1.7884615384615385 0.234375
84000 1.8846153846153846 0.25
86000 1.8846153846153846 0.125
88000 1.9038461538461537 0.109375
90000 1.9615384615384615 0.125
92000 1.9423076923076923 0.109375
94000 1.9038461538461537 0.109375
96000 1.9038461538461537 0.125
98000 1.9038461538461537 0.125
100000 1.9423076923076923 0.109375
102000 1.9615384615384615 0.140625
104000 1.9615384615384615 0.15625
106000 1.9615384615384615 0.09375
108000 1.9230769230769231 0.140625
110000 1.9230769230769231 0.125
112000 1.9230769230769231 0.125
114000 1.9230769230769231 0.125
116000 1.9230769230769231 0.125
118000 1.8653846153846154 0.171875
120000 1.9038461538461537 0.125
122000 1.8846153846153846 0.140625
124000 1.8846153846153846 0.125
126000 1.8461538461538463 0.125
128000 1.8846153846153846 0.109375
130000 1.8846153846153846 0.15625
132000 1.8653846153846154 0.140625
134000 1.8846153846153846 0.125
136000 1.8846153846153846 0.140625
138000 1.8653846153846154 0.1875
140000 1.8653846153846154 0.140625
142000 1.8846153846153846 0.171875
144000 1.9038461538461537 0.15625
146000 1.8846153846153846 0.125
148000 1.9230769230769231 0.125
150000 1.9423076923076923 0.140625
152000 1.9615384615384615 0.140625
154000 1.9423076923076923 0.125
156000 1.9423076923076923 0.109375
158000 1.9230769230769231 0.15625
160000 1.9230769230769231 0.171875
162000 1.9230769230769231 0.125
164000 1.9230769230769231 0.171875
166000 1.9230769230769231 0.109375
168000 1.9230769230769231 0.21875
170000 1.9230769230769231 0.328125
172000 1.9230769230769231 0.125
174000 1.9230769230769231 0.125
176000 1.9038461538461537 0.140625
178000 1.9038461538461537 0.125
180000 1.9038461538461537 0.109375
182000 1.9038461538461537 0.140625
184000 1.9038461538461537 0.125
186000 1.9230769230769231 0.140625
188000 1.9423076923076923 0.140625
190000 1.9038461538461537 0.15625
192000 1.9230769230769231 0.140625
194000 1.9230769230769231 0.140625
196000 1.9230769230769231 0.125
198000 1.9423076923076923 0.1875
200000 1.9230769230769231 0.140625
202000 1.9230769230769231 0.125
204000 1.9038461538461537 0.125
206000 1.9038461538461537 0.109375
208000 1.9230769230769231 0.1875
210000 1.9230769230769231 0.15625
212000 1.9038461538461537 0.15625
214000 1.9230769230769231 0.140625
216000 1.9230769230769231 0.125
218000 1.9038461538461537 0.140625
220000 1.9038461538461537 0.125
222000 1.9038461538461537 0.234375
224000 1.9038461538461537 0.15625
226000 1.9230769230769231 0.125
228000 1.9038461538461537 0.140625
230000 1.9230769230769231 0.140625
232000 1.9230769230769231 0.125
234000 1.9423076923076923 0.125
236000 1.9615384615384615 0.140625
238000 1.9423076923076923 0.15625
240000 1.9230769230769231 0.109375
242000 1.9423076923076923 0.109375
244000 1.9423076923076923 0.109375
246000 1.9423076923076923 0.125
248000 1.9230769230769231 0.125
250000 1.9230769230769231 0.15625
252000 1.9230769230769231 0.15625
254000 1.9230769230769231 0.21875
256000 1.9230769230769231 0.125
258000 1.9423076923076923 0.109375
260000 1.9807692307692308 0.125
262000 1.9807692307692308 0.109375
264000 2.0 0.109375
266000 1.9807692307692308 0.125
268000 1.9807692307692308 0.125
270000 2.0 0.109375
272000 1.9807692307692308 0.078125
274000 1.9807692307692308 0.125
276000 2.0 0.078125
278000 1.9807692307692308 0.0625
280000 2.0 0.0625
282000 1.9807692307692308 0.0625
284000 1.9807692307692308 0.078125
286000 1.9807692307692308 0.0625
288000 1.9807692307692308 0.0625
290000 1.9423076923076923 0.078125
292000 1.9423076923076923 0.0625
294000 1.9230769230769231 0.078125
296000 1.9615384615384615 0.0625
298000 1.9615384615384615 0.078125
300000 1.9807692307692308 0.078125
302000 1.9423076923076923 0.0625
304000 1.9423076923076923 0.0625
306000 2.0 0.09375
308000 2.0 0.078125
310000 2.0 0.078125
312000 2.0 0.078125
314000 2.0576923076923075 0.0625
316000 2.0576923076923075 0.078125
318000 2.0384615384615383 0.078125
320000 2.0384615384615383 0.078125
322000 2.0384615384615383 0.0625
324000 2.0384615384615383 0.078125
326000 2.0384615384615383 0.078125
328000 1.9230769230769231 0.078125
330000 1.9423076923076923 0.0625
332000 1.9423076923076923 0.078125
334000 1.9423076923076923 0.09375
336000 1.9230769230769231 0.09375
338000 1.9230769230769231 0.171875
340000 1.9038461538461537 0.125
342000 1.9038461538461537 0.0625
344000 1.9230769230769231 0.078125
346000 1.9423076923076923 0.0625
348000 1.9230769230769231 0.0625
350000 1.9038461538461537 0.0625
352000 1.9230769230769231 0.046875
354000 1.9038461538461537 0.09375
356000 1.9038461538461537 0.078125
358000 1.9423076923076923 0.078125
360000 1.9230769230769231 0.078125
362000 1.9423076923076923 0.078125
364000 1.9230769230769231 0.078125
366000 1.9423076923076923 0.078125
368000 1.9423076923076923 0.0625
370000 1.9230769230769231 0.078125
372000 1.9423076923076923 0.0625
374000 1.9615384615384615 0.125
376000 1.9615384615384615 0.09375
378000 1.9230769230769231 0.078125
380000 1.9230769230769231 0.109375
382000 1.9423076923076923 0.078125
384000 1.9423076923076923 0.0625
386000 1.9230769230769231 0.078125
388000 1.9423076923076923 0.09375
390000 1.9423076923076923 0.0625
392000 1.9615384615384615 0.078125
394000 2.019230769230769 0.109375
396000 2.019230769230769 0.0625
398000 2.0 0.078125
400000 1.9423076923076923 0.078125
402000 1.9230769230769231 0.0625
404000 1.9423076923076923 0.0625
406000 1.9615384615384615 0.0625
408000 1.9807692307692308 0.078125
410000 2.0 0.0625
412000 1.9807692307692308 0.0625
414000 1.9807692307692308 0.078125
416000 1.9615384615384615 0.0625
418000 2.0 0.078125
420000 2.0576923076923075 0.0625
422000 2.076923076923077 0.140625
424000 2.0961538461538463 0.1875
426000 2.076923076923077 0.234375
428000 2.076923076923077 0.109375
430000 2.0576923076923075 0.125
432000 2.0384615384615383 0.09375
434000 2.0576923076923075 0.0625
436000 2.0576923076923075 0.0625
438000 2.0576923076923075 0.078125
440000 2.0384615384615383 0.078125
442000 2.0576923076923075 0.0625
444000 2.0384615384615383 0.078125
446000 2.0384615384615383 0.0625
448000 2.019230769230769 0.078125
450000 2.0384615384615383 0.078125
452000 2.0384615384615383 0.078125
454000 2.0384615384615383 0.0625
456000 2.019230769230769 0.0625
458000 2.0384615384615383 0.046875
460000 2.0384615384615383 0.078125
462000 2.0384615384615383 0.09375
464000 2.0384615384615383 0.078125
466000 2.0576923076923075 0.0625
468000 2.0576923076923075 0.109375
470000 2.0384615384615383 0.046875
472000 2.076923076923077 0.078125
474000 2.0384615384615383 0.078125
476000 2.0576923076923075 0.0625
478000 2.0576923076923075 0.0625
480000 2.076923076923077 0.078125
482000 2.0576923076923075 0.0625
484000 2.0384615384615383 0.0625
486000 2.0384615384615383 0.0625
488000 2.019230769230769 0.078125
490000 2.0 0.078125
492000 2.0 0.078125
494000 1.9807692307692308 0.0625
496000 2.019230769230769 0.0625
498000 2.019230769230769 0.0625
500000 2.019230769230769 0.0625
