2000 0.19230769230769232 0.0625
4000 0.28846153846153844 0.078125
6000 0.38461538461538464 0.09375
8000 0.3269230769230769 0.140625
10000 0.21153846153846154 0.125
12000 0.34615384615384615 0.109375
14000 0.3269230769230769 0.109375
16000 0.40384615384615385 0.078125
18000 0.40384615384615385 0.109375
20000 0.4423076923076923 0.09375
22000 0.5961538461538461 0.125
24000 0.75 0.109375
26000 1.0576923076923077 0.109375
28000 1.0961538461538463 0.109375
30000 1.1346153846153846 0.125
32000 1.1346153846153846 0.125
34000 1.1346153846153846 0.125
36000 1.1346153846153846 0.109375
38000 1.1346153846153846 0.125
40000 1.1346153846153846 0.125
42000 1.1346153846153846 0.125
44000 1.1346153846153846 0.125
46000 1.1346153846153846 0.109375
48000 1.1346153846153846 0.109375
50000 1.1346153846153846 0.140625
52000 1.1346153846153846 0.125
54000 1.1346153846153846 0.125
56000 1.1538461538461537 0.109375
58000 1.1538461538461537 0.125
60000 1.2115384615384615 0.109375
62000 1.2307692307692308 0.125
64000 1.25 0.09375
66000 1.25 0.140625
68000 1.2884615384615385 0.125
70000 1.3076923076923077 0.109375
72000 1.2884615384615385 0.109375
74000 1.3269230769230769 0.109375
76000 1.3076923076923077 0.125
78000 1.3653846153846154 0.125
80000 1.3653846153846154 0.125
82000 1.4230769230769231 0.125
84000 1.4615384615384615 0.125
86000 1.4615384615384615 0.140625
88000 1.4615384615384615 0.109375
90000 1.5 0.125
92000 1.5 0.109375
94000 1.5 0.109375
96000 1.5 0.125
98000 1.5 0.125
100000 1.5 0.109375
102000 1.5 0.109375
104000 1.4807692307692308 0.125
106000 1.4807692307692308 0.109375
108000 1.4807692307692308 0.109375
110000 1.4807692307692308 0.125
112000 1.4807692307692308 0.109375
114000 1.5 0.109375
116000 1.5 0.09375
118000 1.5192307692307692 0.078125
120000 1.5192307692307692 0.078125
122000 1.5 0.078125
124000 1.5192307692307692 0.09375
126000 1.5 0.078125
128000 1.5192307692307692 0.078125
130000 1.5 0.078125
132000 1.5 0.09375
134000 1.4807692307692308 0.078125
136000 1.4615384615384615 0.125
138000 1.4615384615384615 0.09375
140000 1.4615384615384615 0.109375
142000 1.5 0.125
144000 1.5384615384615385 0.078125
146000 1.5769230769230769 0.109375
148000 1.5192307692307692 0.125
150000 1.5192307692307692 0.078125
152000 1.5 0.109375
154000 1.5384615384615385 0.09375
156000 1.4807692307692308 0.09375
158000 1.4807692307692308 0.09375
160000 1.5384615384615385 0.125
162000 1.5192307692307692 0.140625
164000 1.5576923076923077 0.125
166000 1.5961538461538463 0.109375
168000 1.5961538461538463 0.140625
170000 1.5769230769230769 0.09375
172000 1.5769230769230769 0.109375
174000 1.5769230769230769 0.109375
176000 1.5961538461538463 0.125
178000 1.5961538461538463 0.140625
180000 1.5192307692307692 0.109375
182000 1.5576923076923077 0.15625
184000 1.4807692307692308 0.109375
186000 1.4807692307692308 0.109375
188000 1.4807692307692308 0.15625
190000 1.4615384615384615 0.125
192000 1.5384615384615385 0.109375
194000 1.5384615384615385 0.125
196000 1.5384615384615385 0.09375
198000 1.5769230769230769 0.109375
200000 1.5961538461538463 0.109375
202000 1.5192307692307692 0.09375
204000 1.5961538461538463 0.125
206000 1.5961538461538463 0.09375
208000 1.5961538461538463 0.125
210000 1.6730769230769231 0.125
212000 1.6730769230769231 0.125
214000 1.6730769230769231 0.109375
216000 1.6730769230769231 0.125
218000 1.7115384615384615 0.109375
220000 1.6346153846153846 0.109375
222000 1.6346153846153846 0.140625
224000 1.7115384615384615 0.125
226000 1.6346153846153846 0.109375
228000 1.7115384615384615 0.125
230000 1.7115384615384615 0.109375
232000 1.7115384615384615 0.125
234000 1.6730769230769231 0.140625
236000 1.6730769230769231 0.125
238000 1.6730769230769231 0.109375
240000 1.7115384615384615 0.125
242000 1.7115384615384615 0.125
244000 1.7115384615384615 0.125
246000 1.7115384615384615 0.125
248000 1.6730769230769231 0.109375
250000 1.6730769230769231 0.109375
252000 1.6730769230769231 0.125
254000 1.7115384615384615 0.109375
256000 1.7115384615384615 0.125
258000 1.7115384615384615 0.09375
260000 1.7115384615384615 0.125
262000 1.7115384615384615 0.109375
264000 1.7115384615384615 0.125
266000 1.7115384615384615 0.125
268000 1.7115384615384615 0.125
270000 1.6730769230769231 0.125
272000 1.6730769230769231 0.125
274000 1.6730769230769231 0.09375
276000 1.7115384615384615 0.109375
278000 1.6730769230769231 0.140625
280000 1.6730769230769231 0.125
282000 1.6730769230769231 0.125
284000 1.6730769230769231 0.125
286000 1.6730769230769231 0.109375
288000 1.6730769230769231 0.109375
290000 1.6730769230769231 0.078125
292000 1.6346153846153846 0.140625
294000 1.6346153846153846 0.109375
296000 1.6346153846153846 0.140625
298000 1.6730769230769231 0.125
300000 1.7115384615384615 0.109375
302000 1.6730769230769231 0.109375
304000 1.6730769230769231 0.109375
306000 1.6730769230769231 0.140625
308000 1.6730769230769231 0.125
310000 1.6730769230769231 0.125
312000 1.6730769230769231 0.125
314000 1.7115384615384615 0.140625
316000 1.6346153846153846 0.125
318000 1.7115384615384615 0.125
320000 1.7115384615384615 0.125
322000 1.7115384615384615 0.125
324000 1.6923076923076923 0.125
326000 1.7307692307692308 0.109375
328000 1.7115384615384615 0.125
330000 1.7115384615384615 0.109375
332000 1.7115384615384615 0.125
334000 1.7115384615384615 0.109375
336000 1.7115384615384615 0.125
338000 1.7115384615384615 0.109375
340000 1.7115384615384615 0.125
342000 1.7115384615384615 0.109375
344000 1.7115384615384615 0.15625
346000 1.7115384615384615 0.109375
348000 1.7115384615384615 0.140625
350000 1.7307692307692308 0.125
352000 1.7115384615384615 0.125
354000 1.7115384615384615 0.125
356000 1.7115384615384615 0.109375
358000 1.7115384615384615 0.15625
360000 1.7115384615384615 0.125
362000 1.7115384615384615 0.140625
364000 1.7115384615384615 0.140625
366000 1.7115384615384615 0.140625
368000 1.7115384615384615 0.109375
370000 1.7115384615384615 0.109375
372000 1.7115384615384615 0.109375
374000 1.7115384615384615 0.109375
376000 1.7115384615384615 0.109375
378000 1.7115384615384615 0.125
380000 1.7115384615384615 0.125
382000 1.7115384615384615 0.125
384000 1.7115384615384615 0.140625
386000 1.7115384615384615 0.109375
388000 1.7115384615384615 0.125
390000 1.7115384615384615 0.109375
392000 1.7115384615384615 0.125
394000 1.7115384615384615 0.125
396000 1.7115384615384615 0.125
398000 1.7115384615384615 0.109375
400000 1.6923076923076923 0.125
402000 1.7115384615384615 0.109375
404000 1.6923076923076923 0.125
406000 1.6923076923076923 0.125
408000 1.7115384615384615 0.125
410000 1.7115384615384615 0.125
412000 1.7115384615384615 0.125
414000 1.7115384615384615 0.140625
416000 1.7115384615384615 0.109375
418000 1.7115384615384615 0.109375
420000 1.7115384615384615 0.125
422000 1.7115384615384615 0.125
424000 1.7115384615384615 0.109375
426000 1.7115384615384615 0.125
428000 1.7115384615384615 0.109375
430000 1.7115384615384615 0.125
432000 1.7115384615384615 0.140625
434000 1.6923076923076923 0.09375
436000 1.7115384615384615 0.125
438000 1.7115384615384615 0.109375
440000 1.7115384615384615 0.09375
442000 1.7115384615384615 0.109375
444000 1.7115384615384615 0.140625
446000 1.7115384615384615 0.140625
448000 1.7115384615384615 0.109375
450000 1.7115384615384615 0.15625
452000 1.7115384615384615 0.140625
454000 1.7115384615384615 0.109375
456000 1.7115384615384615 0.125
458000 1.7115384615384615 0.140625
460000 1.7115384615384615 0.125
462000 1.7115384615384615 0.109375
464000 1.7115384615384615 0.125
466000 1.7307692307692308 0.109375
468000 1.7115384615384615 0.125
470000 1.7115384615384615 0.109375
472000 1.7115384615384615 0.125
474000 1.7115384615384615 0.125
476000 1.7115384615384615 0.140625
478000 1.7115384615384615 0.109375
480000 1.7115384615384615 0.109375
482000 1.7115384615384615 0.09375
484000 1.7115384615384615 0.09375
486000 1.7115384615384615 0.109375
488000 1.7115384615384615 0.109375
490000 1.7115384615384615 0.140625
492000 1.7115384615384615 0.140625
494000 1.7115384615384615 0.125
496000 1.7115384615384615 0.140625
498000 1.7115384615384615 0.140625
500000 1.7115384615384615 0.125
