2000 0.46153846153846156 0.046875
4000 0.28846153846153844 0.078125
6000 1.0384615384615385 0.125
8000 1.0576923076923077 0.125
10000 1.0769230769230769 0.125
12000 1.0769230769230769 0.0625
14000 1.0769230769230769 0.0625
16000 1.0769230769230769 0.109375
18000 1.0769230769230769 0.09375
20000 1.0576923076923077 0.09375
22000 1.0769230769230769 0.0625
24000 1.0769230769230769 0.078125
26000 1.0769230769230769 0.109375
28000 1.0769230769230769 0.125
30000 1.0769230769230769 0.09375
32000 1.0576923076923077 0.0625
34000 1.0769230769230769 0.09375
36000 1.0769230769230769 0.0625
38000 1.0769230769230769 0.125
40000 1.0769230769230769 0.140625
42000 1.0769230769230769 0.125
44000 1.0769230769230769 0.0625
46000 1.0769230769230769 0.0625
48000 1.0769230769230769 0.125
50000 1.0769230769230769 0.15625
52000 1.0769230769230769 0.125
54000 1.0769230769230769 0.046875
56000 1.0769230769230769 0.046875
58000 1.0769230769230769 0.078125
60000 1.0769230769230769 0.125
62000 1.0769230769230769 0.109375
64000 1.0769230769230769 0.078125
66000 1.0769230769230769 0.046875
68000 1.0769230769230769 0.109375
70000 1.0769230769230769 0.078125
72000 1.0769230769230769 0.125
74000 1.0769230769230769 0.125
76000 1.0769230769230769 0.046875
78000 1.0769230769230769 0.078125
80000 1.0576923076923077 0.125
82000 1.0576923076923077 0.125
84000 1.0576923076923077 0.125
86000 1.0576923076923077 0.09375
88000 1.0769230769230769 0.09375
90000 1.0769230769230769 0.109375
92000 1.0576923076923077 0.09375
94000 1.0576923076923077 0.109375
96000 1.0576923076923077 0.046875
98000 1.0576923076923077 0.046875
100000 1.0769230769230769 0.09375
102000 1.0769230769230769 0.15625
104000 1.0769230769230769 0.109375
106000 1.0769230769230769 0.109375
108000 1.0576923076923077 0.0625
110000 1.0769230769230769 0.09375
112000 1.0769230769230769 0.125
114000 1.0576923076923077 0.140625
116000 1.0576923076923077 0.125
118000 1.0576923076923077 0.0625
120000 1.0769230769230769 0.0625
122000 1.0769230769230769 0.125
124000 1.0769230769230769 0.125
126000 1.0769230769230769 0.125
128000 1.0769230769230769 0.046875
130000 1.0769230769230769 0.046875
132000 1.0769230769230769 0.109375
134000 1.0769230769230769 0.109375
136000 1.0769230769230769 0.125
138000 1.0769230769230769 0.125
140000 1.0769230769230769 0.046875
142000 1.0769230769230769 0.078125
144000 1.0769230769230769 0.125
146000 1.0769230769230769 0.140625
148000 1.0769230769230769 0.078125
150000 1.0769230769230769 0.0625
152000 1.0769230769230769 0.078125
154000 1.0769230769230769 0.109375
156000 1.0769230769230769 0.109375
158000 1.0769230769230769 0.09375
160000 1.0769230769230769 0.046875
162000 1.0769230769230769 0.078125
164000 1.0769230769230769 0.125
166000 1.0769230769230769 0.09375
168000 1.0769230769230769 0.109375
170000 1.0769230769230769 0.125
172000 1.0769230769230769 0.046875
174000 1.0769230769230769 0.09375
176000 1.0769230769230769 0.125
178000 1.0769230769230769 0.109375
180000 1.0769230769230769 0.109375
182000 1.0769230769230769 0.0625
184000 1.0769230769230769 0.0625
186000 1.0769230769230769 0.125
188000 1.0769230769230769 0.078125
190000 1.0769230769230769 0.078125
192000 1.0769230769230769 0.0625
194000 1.0769230769230769 0.0625
196000 1.0769230769230769 0.109375
198000 1.0769230769230769 0.109375
200000 1.0769230769230769 0.109375
202000 1.0769230769230769 0.09375
204000 1.0769230769230769 0.0625
206000 1.0769230769230769 0.0625
208000 1.0769230769230769 0.109375
210000 1.0769230769230769 0.15625
212000 1.0769230769230769 0.0625
214000 1.0769230769230769 0.078125
216000 1.0769230769230769 0.078125
218000 1.0576923076923077 0.0625
220000 1.0576923076923077 0.109375
222000 1.0769230769230769 0.109375
224000 1.0769230769230769 0.078125
226000 1.0769230769230769 0.078125
228000 1.0769230769230769 0.078125
230000 1.0769230769230769 0.078125
232000 1.0769230769230769 0.09375
234000 1.0769230769230769 0.09375
236000 1.0769230769230769 0.0625
238000 1.0576923076923077 0.078125
240000 1.0769230769230769 0.15625
242000 1.0769230769230769 0.078125
244000 1.0769230769230769 0.09375
246000 1.0769230769230769 0.046875
248000 1.0769230769230769 0.046875
250000 1.0769230769230769 0.109375
252000 1.0769230769230769 0.140625
254000 1.0769230769230769 0.140625
256000 1.0769230769230769 0.0625
258000 1.0769230769230769 0.046875
260000 1.0769230769230769 0.0625
262000 1.0769230769230769 0.109375
264000 1.0384615384615385 0.125
266000 1.0576923076923077 0.15625
268000 1.0576923076923077 0.0625
270000 1.0769230769230769 0.09375
272000 1.0769230769230769 0.109375
274000 1.0769230769230769 0.125
276000 1.0769230769230769 0.125
278000 1.0769230769230769 0.078125
280000 1.0769230769230769 0.0625
282000 1.0769230769230769 0.109375
284000 1.0769230769230769 0.125
286000 1.0769230769230769 0.125
288000 1.0769230769230769 0.0625
290000 1.0769230769230769 0.078125
292000 1.0769230769230769 0.109375
294000 1.0769230769230769 0.125
296000 1.0769230769230769 0.125
298000 1.0769230769230769 0.109375
300000 1.0769230769230769 0.046875
302000 1.0769230769230769 0.078125
304000 1.0769230769230769 0.125
306000 1.0769230769230769 0.078125
308000 1.0769230769230769 0.15625
310000 1.0769230769230769 0.078125
312000 1.0769230769230769 0.0625
314000 1.0769230769230769 0.078125
316000 1.0769230769230769 0.15625
318000 1.0769230769230769 0.140625
320000 1.0769230769230769 0.0625
322000 1.0769230769230769 0.0625
324000 1.0769230769230769 0.078125
326000 1.0769230769230769 0.125
328000 1.0769230769230769 0.109375
330000 1.0769230769230769 0.15625
332000 1.0769230769230769 0.078125
334000 1.0769230769230769 0.046875
336000 1.0769230769230769 0.109375
338000 1.0769230769230769 0.171875
340000 1.0769230769230769 0.125
342000 1.0769230769230769 0.0625
344000 1.0769230769230769 0.0625
346000 1.0769230769230769 0.09375
348000 1.0769230769230769 0.125
350000 1.0769230769230769 0.140625
352000 1.0769230769230769 0.078125
354000 1.0769230769230769 0.0625
356000 1.0769230769230769 0.078125
358000 1.0769230769230769 0.125
360000 1.0769230769230769 0.109375
362000 1.0769230769230769 0.125
364000 1.0769230769230769 0.0625
366000 1.0769230769230769 0.078125
368000 1.0769230769230769 0.125
370000 1.0769230769230769 0.125
372000 1.0769230769230769 0.109375
374000 1.0769230769230769 0.078125
376000 1.0769230769230769 0.09375
378000 1.0769230769230769 0.125
380000 1.0769230769230769 0.125
382000 1.0769230769230769 0.125
384000 1.0769230769230769 0.109375
386000 1.0769230769230769 0.0625
388000 1.0769230769230769 0.09375
390000 1.0769230769230769 0.078125
392000 1.0769230769230769 0.125
394000 1.0769230769230769 0.125
396000 1.0769230769230769 0.0625
398000 1.0769230769230769 0.078125
400000 1.0769230769230769 0.125
402000 1.0769230769230769 0.15625
404000 1.0769230769230769 0.15625
406000 1.0769230769230769 0.046875
408000 1.0769230769230769 0.046875
410000 1.0769230769230769 0.109375
412000 1.0769230769230769 0.109375
414000 1.0769230769230769 0.125
416000 1.0769230769230769 0.046875
418000 1.0769230769230769 0.046875
420000 1.0769230769230769 0.078125
422000 1.0769230769230769 0.109375
424000 1.0769230769230769 0.125
426000 1.0769230769230769 0.125
428000 1.0769230769230769 0.046875
430000 1.0769230769230769 0.078125
432000 1.0769230769230769 0.125
434000 1.0769230769230769 0.125
436000 1.0769230769230769 0.140625
438000 1.0769230769230769 0.078125
440000 1.0769230769230769 0.078125
442000 1.0769230769230769 0.125
444000 1.0769230769230769 0.09375
446000 1.0769230769230769 0.140625
448000 1.0769230769230769 0.046875
450000 1.0769230769230769 0.046875
452000 1.0769230769230769 0.109375
454000 1.0769230769230769 0.125
456000 1.0769230769230769 0.125
458000 1.0769230769230769 0.125
460000 1.0769230769230769 0.046875
462000 1.0769230769230769 0.078125
464000 1.0769230769230769 0.125
466000 1.0769230769230769 0.09375
468000 1.0769230769230769 0.125
470000 1.0769230769230769 0.046875
472000 1.0769230769230769 0.0625
474000 1.0769230769230769 0.109375
476000 1.0769230769230769 0.125
478000 1.0769230769230769 0.125
480000 1.0769230769230769 0.0625
482000 1.0769230769230769 0.046875
484000 1.0769230769230769 0.0625
486000 1.0769230769230769 0.109375
488000 1.0769230769230769 0.125
490000 1.0769230769230769 0.09375
492000 1.0769230769230769 0.0625
494000 1.0769230769230769 0.09375
496000 1.0769230769230769 0.125
498000 1.0769230769230769 0.125
500000 1.0769230769230769 0.15625
