2000 0.1346153846153846 0.1875
4000 0.4807692307692308 0.234375
6000 0.7307692307692307 0.1875
8000 0.6923076923076923 0.25
10000 0.7884615384615384 0.328125
12000 0.7884615384615384 0.171875
14000 1.1538461538461537 0.203125
16000 1.1346153846153846 0.171875
18000 1.1538461538461537 0.171875
20000 1.1730769230769231 0.265625
22000 1.6923076923076923 0.171875
24000 1.6923076923076923 0.203125
26000 1.75 0.1875
28000 1.7692307692307692 0.171875
30000 1.7692307692307692 0.25
32000 1.75 0.1875
34000 1.7115384615384615 0.171875
36000 1.7692307692307692 0.15625
38000 1.8461538461538463 0.234375
40000 1.8653846153846154 0.265625
42000 1.8653846153846154 0.359375
44000 1.8269230769230769 0.15625
46000 1.9230769230769231 0.125
48000 1.75 0.21875
50000 1.7307692307692308 0.1875
52000 1.8269230769230769 0.265625
54000 1.7692307692307692 0.1875
56000 1.7692307692307692 0.1875
58000 1.75 0.25
60000 1.7307692307692308 0.203125
62000 1.7692307692307692 0.15625
64000 1.7307692307692308 0.15625
66000 1.9615384615384615 0.203125
68000 1.8461538461538463 0.15625
70000 1.7884615384615385 0.203125
72000 1.6730769230769231 0.1875
74000 1.7307692307692308 0.28125
76000 1.6730769230769231 0.171875
78000 1.7884615384615385 0.171875
80000 1.7692307692307692 0.15625
82000 1.8653846153846154 0.171875
84000 1.7884615384615385 0.25
86000 1.6346153846153846 0.171875
88000 1.75 0.203125
90000 1.5961538461538463 0.1875
92000 1.6923076923076923 0.15625
94000 1.5961538461538463 0.234375
96000 1.6730769230769231 0.1875
98000 1.75 0.1875
100000 1.7884615384615385 0.1875
102000 1.8461538461538463 0.203125
104000 1.8653846153846154 0.1875
106000 1.8461538461538463 0.328125
108000 1.6923076923076923 0.15625
110000 1.7115384615384615 0.265625
112000 1.8461538461538463 0.171875
114000 1.7307692307692308 0.15625
116000 1.8076923076923077 0.28125
118000 1.6538461538461537 0.203125
120000 1.8076923076923077 0.1875
122000 1.6730769230769231 0.171875
124000 1.5961538461538463 0.234375
126000 1.6730769230769231 0.1875
128000 1.7692307692307692 0.234375
130000 1.8076923076923077 0.203125
132000 1.8653846153846154 0.1875
134000 1.7115384615384615 0.140625
136000 1.7115384615384615 0.1875
138000 1.7692307692307692 0.296875
140000 1.8461538461538463 0.203125
142000 1.9038461538461537 0.25
144000 1.7884615384615385 0.15625
146000 1.7307692307692308 0.171875
148000 1.8269230769230769 0.296875
150000 1.6346153846153846 0.171875
152000 1.7115384615384615 0.21875
154000 1.7307692307692308 0.15625
156000 1.6923076923076923 0.203125
158000 1.7307692307692308 0.28125
160000 1.9038461538461537 0.171875
162000 1.7884615384615385 0.1875
164000 1.8076923076923077 0.140625
166000 1.9038461538461537 0.1875
168000 1.7307692307692308 0.21875
170000 1.8461538461538463 0.28125
172000 1.8269230769230769 0.203125
174000 1.8461538461538463 0.1875
176000 1.75 0.171875
178000 1.75 0.203125
180000 1.8653846153846154 0.296875
182000 1.8269230769230769 0.1875
184000 1.9230769230769231 0.203125
186000 1.8653846153846154 0.1875
188000 1.6730769230769231 0.171875
190000 1.8076923076923077 0.21875
192000 1.7884615384615385 0.140625
194000 1.7692307692307692 0.15625
196000 1.8076923076923077 0.21875
198000 1.75 0.203125
200000 1.8269230769230769 0.234375
202000 1.8076923076923077 0.296875
204000 1.8653846153846154 0.15625
206000 1.8461538461538463 0.15625
208000 1.9807692307692308 0.15625
210000 1.7884615384615385 0.171875
212000 1.9230769230769231 0.265625
214000 1.8269230769230769 0.125
216000 1.6923076923076923 0.140625
218000 1.7884615384615385 0.125
220000 1.7884615384615385 0.140625
222000 1.6730769230769231 0.203125
224000 1.8269230769230769 0.140625
226000 1.7307692307692308 0.171875
228000 1.6923076923076923 0.140625
230000 1.7884615384615385 0.125
232000 1.7884615384615385 0.265625
234000 1.8269230769230769 0.3125
236000 1.75 0.203125
238000 1.8653846153846154 0.140625
240000 1.8269230769230769 0.15625
242000 1.6153846153846154 0.1875
244000 1.6923076923076923 0.265625
246000 1.7307692307692308 0.140625
248000 1.8076923076923077 0.171875
250000 1.9615384615384615 0.15625
252000 1.75 0.140625
254000 1.8846153846153846 0.265625
256000 1.7692307692307692 0.140625
258000 1.7115384615384615 0.21875
260000 1.9423076923076923 0.15625
262000 1.9230769230769231 0.15625
264000 1.8269230769230769 0.203125
266000 1.8461538461538463 0.3125
268000 1.9230769230769231 0.125
270000 1.9615384615384615 0.140625
272000 1.8846153846153846 0.15625
274000 1.8269230769230769 0.15625
276000 1.8076923076923077 0.296875
278000 1.9423076923076923 0.1875
280000 1.8461538461538463 0.171875
282000 1.8846153846153846 0.1875
284000 1.6923076923076923 0.109375
286000 1.7884615384615385 0.234375
288000 1.8846153846153846 0.21875
290000 1.8653846153846154 0.1875
292000 1.9230769230769231 0.125
294000 1.8846153846153846 0.203125
296000 1.9038461538461537 0.21875
298000 1.9038461538461537 0.296875
300000 1.8269230769230769 0.171875
302000 1.9038461538461537 0.234375
304000 1.7692307692307692 0.21875
306000 1.8461538461538463 0.171875
308000 1.8846153846153846 0.1875
310000 1.8653846153846154 0.1875
312000 1.8846153846153846 0.203125
314000 1.8653846153846154 0.203125
316000 1.8269230769230769 0.265625
318000 1.8461538461538463 0.28125
320000 1.9230769230769231 0.203125
322000 1.9038461538461537 0.1875
324000 1.9038461538461537 0.140625
326000 1.9038461538461537 0.140625
328000 1.8653846153846154 0.171875
330000 1.8076923076923077 0.3125
332000 1.8076923076923077 0.203125
334000 1.8076923076923077 0.171875
336000 1.8076923076923077 0.15625
338000 1.7884615384615385 0.171875
340000 1.7884615384615385 0.234375
342000 1.8461538461538463 0.15625
344000 1.9038461538461537 0.109375
346000 1.8269230769230769 0.109375
348000 1.7884615384615385 0.15625
350000 1.7884615384615385 0.265625
352000 1.7307692307692308 0.109375
354000 1.6730769230769231 0.109375
356000 1.8269230769230769 0.09375
358000 1.8269230769230769 0.09375
360000 1.7115384615384615 0.234375
362000 1.7884615384615385 0.328125
364000 1.7884615384615385 0.140625
366000 1.8653846153846154 0.125
368000 1.75 0.171875
370000 1.8653846153846154 0.171875
372000 1.8461538461538463 0.234375
374000 1.8461538461538463 0.15625
376000 1.75 0.15625
378000 1.9230769230769231 0.140625
380000 1.9230769230769231 0.15625
382000 1.9423076923076923 0.21875
384000 1.75 0.09375
386000 1.75 0.109375
388000 1.8269230769230769 0.125
390000 1.9807692307692308 0.171875
392000 1.7692307692307692 0.1875
394000 1.8653846153846154 0.25
396000 1.6923076923076923 0.109375
398000 1.7884615384615385 0.109375
400000 1.8269230769230769 0.09375
402000 1.8269230769230769 0.21875
404000 1.8076923076923077 0.28125
406000 1.8269230769230769 0.109375
408000 1.9230769230769231 0.109375
410000 1.7884615384615385 0.109375
412000 1.75 0.15625
414000 1.7307692307692308 0.21875
416000 1.8076923076923077 0.15625
418000 1.8269230769230769 0.171875
420000 1.8653846153846154 0.109375
422000 1.8461538461538463 0.125
424000 1.7884615384615385 0.234375
426000 1.8461538461538463 0.28125
428000 1.8653846153846154 0.078125
430000 1.8461538461538463 0.140625
432000 1.8076923076923077 0.109375
434000 1.8269230769230769 0.21875
436000 1.7884615384615385 0.21875
438000 1.8846153846153846 0.125
440000 1.8076923076923077 0.125
442000 1.8076923076923077 0.09375
444000 1.9230769230769231 0.171875
446000 1.9230769230769231 0.21875
448000 1.8461538461538463 0.09375
450000 1.8653846153846154 0.09375
452000 1.8461538461538463 0.140625
454000 1.8269230769230769 0.125
456000 1.75 0.203125
458000 1.8461538461538463 0.3125
460000 1.7884615384615385 0.09375
462000 1.7884615384615385 0.109375
464000 1.75 0.140625
466000 1.8461538461538463 0.203125
468000 1.8653846153846154 0.28125
470000 1.8076923076923077 0.109375
472000 1.8076923076923077 0.109375
474000 1.7692307692307692 0.078125
476000 1.8076923076923077 0.203125
478000 1.8076923076923077 0.265625
480000 1.7692307692307692 0.125
482000 1.7692307692307692 0.109375
484000 1.7692307692307692 0.09375
486000 1.8076923076923077 0.1875
488000 1.8461538461538463 0.203125
490000 1.9615384615384615 0.328125
492000 1.9038461538461537 0.109375
494000 1.9038461538461537 0.15625
496000 1.9423076923076923 0.15625
498000 1.8653846153846154 0.1875
500000 1.8846153846153846 0.21875
