2000 0.1346153846153846 0.28125
4000 0.4230769230769231 0.265625
6000 0.5961538461538461 0.359375
8000 0.75 0.375
10000 0.9807692307692307 0.4375
12000 1.0769230769230769 0.328125
14000 1.0769230769230769 0.375
16000 1.0769230769230769 0.328125
18000 1.0961538461538463 0.28125
20000 1.0961538461538463 0.390625
22000 1.0769230769230769 0.3125
24000 1.1538461538461537 0.296875
26000 1.4230769230769231 0.34375
28000 1.5961538461538463 0.359375
30000 1.6538461538461537 0.40625
32000 1.6538461538461537 0.3125
34000 1.6153846153846154 0.296875
36000 1.6538461538461537 0.40625
38000 1.6538461538461537 0.359375
40000 1.6538461538461537 0.390625
42000 1.6346153846153846 0.46875
44000 1.6538461538461537 0.3125
46000 1.5384615384615385 0.3125
48000 1.6538461538461537 0.359375
50000 1.6538461538461537 0.359375
52000 1.6346153846153846 0.4375
54000 1.6538461538461537 0.3125
56000 1.7115384615384615 0.3125
58000 1.6153846153846154 0.359375
60000 1.5769230769230769 0.359375
62000 1.5769230769230769 0.328125
64000 1.6346153846153846 0.3125
66000 1.6346153846153846 0.359375
68000 1.6730769230769231 0.359375
70000 1.6923076923076923 0.296875
72000 1.6730769230769231 0.328125
74000 1.6730769230769231 0.46875
76000 1.6346153846153846 0.375
78000 1.6346153846153846 0.375
80000 1.6730769230769231 0.328125
82000 1.6730769230769231 0.421875
84000 1.7115384615384615 0.40625
86000 1.6730769230769231 0.34375
88000 1.6923076923076923 0.3125
90000 1.6538461538461537 0.3125
92000 1.6538461538461537 0.328125
94000 1.6730769230769231 0.34375
96000 1.6730769230769231 0.4375
98000 1.6923076923076923 0.359375
100000 1.7115384615384615 0.3125
102000 1.6538461538461537 0.578125
104000 1.6730769230769231 0.46875
106000 1.6538461538461537 0.4375
108000 1.7115384615384615 0.34375
110000 1.6923076923076923 0.46875
112000 1.7115384615384615 0.484375
114000 1.6923076923076923 0.375
116000 1.6923076923076923 0.421875
118000 1.6923076923076923 0.359375
120000 1.6730769230769231 0.34375
122000 1.7115384615384615 0.34375
124000 1.7115384615384615 0.421875
126000 1.7115384615384615 0.359375
128000 1.7115384615384615 0.375
130000 1.6730769230769231 0.375
132000 1.7115384615384615 0.359375
134000 1.7115384615384615 0.359375
136000 1.6923076923076923 0.34375
138000 1.6923076923076923 0.4375
140000 1.6730769230769231 0.375
142000 1.6538461538461537 0.359375
144000 1.6923076923076923 0.34375
146000 1.6346153846153846 0.328125
148000 1.7115384615384615 0.375
150000 1.7115384615384615 0.390625
152000 1.6923076923076923 0.421875
154000 1.7115384615384615 0.34375
156000 1.6923076923076923 0.328125
158000 1.7115384615384615 0.4375
160000 1.6923076923076923 0.5
162000 1.7115384615384615 0.609375
164000 1.6730769230769231 0.515625
166000 1.6730769230769231 0.5
168000 1.6538461538461537 0.5
170000 1.6923076923076923 0.5625
172000 1.6923076923076923 0.4375
174000 1.6923076923076923 0.328125
176000 1.7307692307692308 0.296875
178000 1.75 0.328125
180000 1.8269230769230769 0.359375
182000 1.8076923076923077 0.40625
184000 1.7884615384615385 0.46875
186000 1.8653846153846154 0.34375
188000 1.8846153846153846 0.359375
190000 1.9423076923076923 0.390625
192000 1.9230769230769231 0.375
194000 1.8461538461538463 0.34375
196000 1.8846153846153846 0.34375
198000 1.8653846153846154 0.453125
200000 1.9038461538461537 0.40625
202000 1.8653846153846154 0.53125
204000 1.8461538461538463 0.328125
206000 1.8846153846153846 0.515625
208000 1.8076923076923077 0.40625
210000 1.9615384615384615 0.4375
212000 1.9423076923076923 0.515625
214000 1.8269230769230769 0.4375
216000 1.8461538461538463 0.421875
218000 1.7692307692307692 0.5
220000 1.9423076923076923 0.46875
222000 1.9615384615384615 0.5
224000 1.9615384615384615 0.609375
226000 1.9615384615384615 0.296875
228000 1.9038461538461537 0.328125
230000 1.8653846153846154 0.421875
232000 1.8461538461538463 0.390625
234000 1.9230769230769231 0.53125
236000 1.8269230769230769 0.5625
238000 1.8269230769230769 0.359375
240000 1.8461538461538463 0.40625
242000 1.8269230769230769 0.328125
244000 1.7115384615384615 0.40625
246000 1.8653846153846154 0.34375
248000 1.8461538461538463 0.390625
250000 1.9038461538461537 0.5
252000 1.8846153846153846 0.328125
254000 1.8269230769230769 0.328125
256000 2.1153846153846154 0.34375
258000 1.9423076923076923 0.375
260000 1.8076923076923077 0.40625
262000 1.9615384615384615 0.375
264000 1.8653846153846154 0.34375
266000 1.7115384615384615 0.46875
268000 1.8076923076923077 0.328125
270000 1.9038461538461537 0.375
272000 1.8076923076923077 0.359375
274000 1.6923076923076923 0.375
276000 1.75 0.390625
278000 1.75 0.328125
280000 1.8653846153846154 0.3125
282000 1.8653846153846154 0.34375
284000 1.9038461538461537 0.40625
286000 1.8846153846153846 0.359375
288000 1.8846153846153846 0.34375
290000 1.8269230769230769 0.328125
292000 1.7884615384615385 0.4375
294000 1.8846153846153846 0.375
296000 1.8653846153846154 0.34375
298000 1.8269230769230769 0.515625
300000 1.8076923076923077 0.328125
302000 1.9423076923076923 0.375
304000 1.8846153846153846 0.421875
306000 1.8653846153846154 0.375
308000 1.8846153846153846 0.40625
310000 1.6730769230769231 0.34375
312000 1.6730769230769231 0.46875
314000 1.9423076923076923 0.375
316000 1.75 0.359375
318000 1.8653846153846154 0.328125
320000 1.6730769230769231 0.34375
322000 1.7884615384615385 0.34375
324000 1.8461538461538463 0.359375
326000 1.9038461538461537 0.40625
328000 1.9423076923076923 0.5
330000 1.9230769230769231 0.484375
332000 1.8269230769230769 0.578125
334000 1.7692307692307692 0.34375
336000 1.8076923076923077 0.375
338000 1.9038461538461537 0.34375
340000 1.8846153846153846 0.421875
342000 1.75 0.359375
344000 1.8461538461538463 0.34375
346000 1.8461538461538463 0.421875
348000 1.8653846153846154 0.390625
350000 1.6153846153846154 0.34375
352000 1.6923076923076923 0.484375
354000 1.8269230769230769 0.359375
356000 1.7692307692307692 0.40625
358000 1.8653846153846154 0.375
360000 1.8269230769230769 0.34375
362000 1.7692307692307692 0.5
364000 1.75 0.40625
366000 1.6346153846153846 0.453125
368000 1.75 0.34375
370000 1.75 0.34375
372000 1.7884615384615385 0.421875
374000 1.7884615384615385 0.34375
376000 1.7115384615384615 0.328125
378000 1.7692307692307692 0.328125
380000 1.7307692307692308 0.484375
382000 1.8076923076923077 0.390625
384000 1.8076923076923077 0.359375
386000 1.75 0.5
388000 1.8076923076923077 0.390625
390000 1.8269230769230769 0.328125
392000 1.6730769230769231 0.34375
394000 1.6730769230769231 0.515625
396000 1.8846153846153846 0.390625
398000 1.8846153846153846 0.40625
400000 1.9038461538461537 0.484375
402000 1.9423076923076923 0.34375
404000 1.9423076923076923 0.421875
406000 1.8846153846153846 0.5
408000 1.9038461538461537 0.421875
410000 1.9038461538461537 0.359375
412000 1.9230769230769231 0.4375
414000 1.9423076923076923 0.390625
416000 1.9038461538461537 0.4375
418000 1.8653846153846154 0.4375
420000 1.8653846153846154 0.359375
422000 1.8653846153846154 0.375
424000 1.7115384615384615 0.359375
426000 1.6923076923076923 0.546875
428000 1.8653846153846154 0.34375
430000 1.8076923076923077 0.390625
432000 1.8653846153846154 0.5
434000 1.8653846153846154 0.4375
436000 1.8653846153846154 0.4375
438000 1.9038461538461537 0.515625
440000 1.8076923076923077 0.375
442000 1.7115384615384615 0.375
444000 1.8461538461538463 0.46875
446000 1.8846153846153846 0.375
448000 1.8653846153846154 0.390625
450000 1.8846153846153846 0.359375
452000 1.9423076923076923 0.34375
454000 1.9423076923076923 0.359375
456000 1.8846153846153846 0.40625
458000 1.9615384615384615 0.59375
460000 1.9038461538461537 0.375
462000 1.9038461538461537 0.359375
464000 1.8461538461538463 0.359375
466000 1.9038461538461537 0.40625
468000 1.9423076923076923 0.4375
470000 1.9423076923076923 0.375
472000 1.9423076923076923 0.40625
474000 1.8846153846153846 0.34375
476000 1.8846153846153846 0.359375
478000 1.8846153846153846 0.5
480000 1.8846153846153846 0.359375
482000 1.9423076923076923 0.375
484000 1.9423076923076923 0.40625
486000 1.9423076923076923 0.453125
488000 1.8846153846153846 0.40625
490000 1.8846153846153846 0.578125
492000 1.8269230769230769 0.375
494000 1.9038461538461537 0.375
496000 1.9038461538461537 0.421875
498000 1.9038461538461537 0.390625
500000 1.9038461538461537 0.46875
