2000 0.4230769230769231 0.21875
4000 0.28846153846153844 0.171875
6000 0.25 0.265625
8000 0.4230769230769231 0.234375
10000 0.4230769230769231 0.25
12000 0.5384615384615384 0.265625
14000 0.7884615384615384 0.28125
16000 1.1730769230769231 0.25
18000 1.3076923076923077 0.265625
20000 1.5192307692307692 0.25
22000 1.6153846153846154 0.265625
24000 1.6538461538461537 0.25
26000 1.5961538461538463 0.25
28000 1.6730769230769231 0.265625
30000 1.6538461538461537 0.234375
32000 1.6346153846153846 0.25
34000 1.6346153846153846 0.234375
36000 1.6730769230769231 0.234375
38000 1.6730769230769231 0.25
40000 1.6923076923076923 0.265625
42000 1.6923076923076923 0.25
44000 1.6538461538461537 0.25
46000 1.6730769230769231 0.25
48000 1.6538461538461537 0.234375
50000 1.6730769230769231 0.25
52000 1.6730769230769231 0.28125
54000 1.6730769230769231 0.296875
56000 1.7115384615384615 0.234375
58000 1.6730769230769231 0.296875
60000 1.6730769230769231 0.265625
62000 1.6730769230769231 0.25
64000 1.6730769230769231 0.25
66000 1.7307692307692308 0.28125
68000 1.75 0.265625
70000 1.9038461538461537 0.234375
72000 1.6538461538461537 0.25
74000 1.7307692307692308 0.234375
76000 1.6923076923076923 0.265625
78000 1.7692307692307692 0.265625
80000 1.7692307692307692 0.25
82000 1.6153846153846154 0.28125
84000 1.6923076923076923 0.25
86000 1.6730769230769231 0.25
88000 1.8846153846153846 0.296875
90000 1.9230769230769231 0.265625
92000 1.8461538461538463 0.3125
94000 1.8461538461538463 0.296875
96000 1.7692307692307692 0.234375
98000 1.9230769230769231 0.265625
100000 1.8846153846153846 0.28125
102000 1.8461538461538463 0.25
104000 1.8269230769230769 0.28125
106000 1.75 0.265625
108000 1.8269230769230769 0.25
110000 1.7307692307692308 0.25
112000 1.8269230769230769 0.265625
114000 1.8269230769230769 0.25
116000 1.7115384615384615 0.265625
118000 1.7307692307692308 0.25
120000 1.7307692307692308 0.265625
122000 1.7307692307692308 0.28125
124000 1.8076923076923077 0.25
126000 1.7692307692307692 0.265625
128000 1.75 0.296875
130000 1.7884615384615385 0.296875
132000 1.8269230769230769 0.25
134000 1.8461538461538463 0.25
136000 1.8653846153846154 0.21875
138000 1.8461538461538463 0.328125
140000 1.8461538461538463 0.234375
142000 1.8269230769230769 0.25
144000 1.7884615384615385 0.265625
146000 1.8461538461538463 0.265625
148000 1.7884615384615385 0.265625
150000 1.8461538461538463 0.25
152000 1.8461538461538463 0.234375
154000 1.7307692307692308 0.25
156000 1.8653846153846154 0.25
158000 1.8653846153846154 0.203125
160000 1.7884615384615385 0.265625
162000 1.9038461538461537 0.28125
164000 1.8269230769230769 0.296875
166000 1.8269230769230769 0.234375
168000 1.8846153846153846 0.21875
170000 1.8846153846153846 0.234375
172000 1.8461538461538463 0.203125
174000 1.8653846153846154 0.21875
176000 1.7692307692307692 0.234375
178000 1.8461538461538463 0.25
180000 1.8653846153846154 0.25
182000 1.8653846153846154 0.234375
184000 1.9038461538461537 0.296875
186000 1.8653846153846154 0.265625
188000 1.8846153846153846 0.21875
190000 1.8846153846153846 0.25
192000 1.8653846153846154 0.28125
194000 1.8076923076923077 0.25
196000 1.8653846153846154 0.296875
198000 1.8269230769230769 0.25
200000 1.8269230769230769 0.265625
202000 1.9038461538461537 0.28125
204000 1.7884615384615385 0.265625
206000 1.9038461538461537 0.265625
208000 1.8653846153846154 0.265625
210000 1.8653846153846154 0.296875
212000 1.8846153846153846 0.25
214000 1.9230769230769231 0.25
216000 1.8461538461538463 0.296875
218000 1.8846153846153846 0.234375
220000 1.8269230769230769 0.234375
222000 1.9423076923076923 0.25
224000 1.9230769230769231 0.234375
226000 1.9230769230769231 0.265625
228000 1.7307692307692308 0.234375
230000 1.8653846153846154 0.265625
232000 1.8846153846153846 0.25
234000 1.7884615384615385 0.265625
236000 1.9230769230769231 0.234375
238000 1.9038461538461537 0.265625
240000 1.9615384615384615 0.296875
242000 1.8846153846153846 0.25
244000 1.8461538461538463 0.25
246000 1.9615384615384615 0.25
248000 1.9230769230769231 0.265625
250000 1.9230769230769231 0.296875
252000 1.8461538461538463 0.25
254000 1.8653846153846154 0.28125
256000 1.8846153846153846 0.265625
258000 1.9615384615384615 0.28125
260000 1.8653846153846154 0.21875
262000 1.8846153846153846 0.234375
264000 1.7884615384615385 0.28125
266000 1.9038461538461537 0.25
268000 1.7884615384615385 0.25
270000 1.7884615384615385 0.234375
272000 1.8653846153846154 0.25
274000 1.9038461538461537 0.28125
276000 1.8846153846153846 0.28125
278000 1.9038461538461537 0.25
280000 1.8076923076923077 0.25
282000 1.8653846153846154 0.265625
284000 1.8653846153846154 0.21875
286000 1.8076923076923077 0.25
288000 1.8076923076923077 0.25
290000 1.8653846153846154 0.265625
292000 1.8653846153846154 0.234375
294000 1.9038461538461537 0.25
296000 1.9615384615384615 0.28125
298000 1.8653846153846154 0.28125
300000 1.9423076923076923 0.265625
302000 1.7884615384615385 0.265625
304000 1.8269230769230769 0.25
306000 1.8269230769230769 0.21875
308000 1.8461538461538463 0.234375
310000 1.8269230769230769 0.25
312000 1.8846153846153846 0.28125
314000 1.8461538461538463 0.28125
316000 1.8846153846153846 0.28125
318000 1.8461538461538463 0.265625
320000 1.8461538461538463 0.28125
322000 1.9230769230769231 0.265625
324000 1.9615384615384615 0.25
326000 1.9615384615384615 0.25
328000 1.8846153846153846 0.28125
330000 1.9038461538461537 0.28125
332000 1.8461538461538463 0.21875
334000 1.9038461538461537 0.234375
336000 1.9423076923076923 0.25
338000 1.9038461538461537 0.25
340000 1.9038461538461537 0.25
342000 1.8846153846153846 0.265625
344000 1.9807692307692308 0.25
346000 1.9038461538461537 0.25
348000 1.8269230769230769 0.25
350000 1.9230769230769231 0.234375
352000 1.8846153846153846 0.265625
354000 1.9038461538461537 0.265625
356000 1.9230769230769231 0.25
358000 1.9423076923076923 0.21875
360000 1.9038461538461537 0.265625
362000 1.9038461538461537 0.265625
364000 1.9230769230769231 0.265625
366000 1.8653846153846154 0.25
368000 1.9423076923076923 0.28125
370000 1.8846153846153846 0.234375
372000 1.8846153846153846 0.21875
374000 1.9230769230769231 0.296875
376000 1.9038461538461537 0.25
378000 1.9230769230769231 0.203125
380000 1.8846153846153846 0.25
382000 1.9230769230769231 0.265625
384000 1.8846153846153846 0.265625
386000 1.9038461538461537 0.234375
388000 1.9423076923076923 0.25
390000 1.9615384615384615 0.28125
392000 1.9807692307692308 0.25
394000 1.9615384615384615 0.234375
396000 1.9230769230769231 0.234375
398000 1.9230769230769231 0.234375
400000 1.9038461538461537 0.234375
402000 1.8653846153846154 0.25
404000 1.9038461538461537 0.265625
406000 1.9038461538461537 0.203125
408000 1.8653846153846154 0.265625
410000 1.9230769230769231 0.234375
412000 1.8846153846153846 0.265625
414000 1.9423076923076923 0.25
416000 1.8653846153846154 0.28125
418000 1.9615384615384615 0.28125
420000 1.9423076923076923 0.234375
422000 1.9230769230769231 0.265625
424000 1.9615384615384615 0.25
426000 1.9615384615384615 0.234375
428000 1.9423076923076923 0.234375
430000 1.9615384615384615 0.3125
432000 1.9423076923076923 0.265625
434000 1.9423076923076923 0.21875
436000 1.9230769230769231 0.25
438000 1.9230769230769231 0.28125
440000 1.9038461538461537 0.234375
442000 1.9615384615384615 0.25
444000 1.9230769230769231 0.265625
446000 1.9423076923076923 0.28125
448000 1.9423076923076923 0.234375
450000 1.9423076923076923 0.21875
452000 1.9423076923076923 0.21875
454000 1.9423076923076923 0.25
456000 1.9423076923076923 0.25
458000 1.9423076923076923 0.234375
460000 1.9423076923076923 0.25
462000 1.9423076923076923 0.21875
464000 1.9615384615384615 0.25
466000 1.9615384615384615 0.25
468000 1.9615384615384615 0.28125
470000 1.9423076923076923 0.234375
472000 1.9423076923076923 0.28125
474000 1.9423076923076923 0.234375
476000 1.9423076923076923 0.265625
478000 1.9423076923076923 0.21875
480000 1.9423076923076923 0.28125
482000 1.9423076923076923 0.265625
484000 1.9423076923076923 0.25
486000 1.9423076923076923 0.265625
488000 1.9423076923076923 0.203125
490000 1.9615384615384615 0.234375
492000 1.9615384615384615 0.25
494000 1.9615384615384615 0.25
496000 1.9615384615384615 0.234375
498000 1.9615384615384615 0.28125
500000 1.9615384615384615 0.25
