2000 0.38461538461538464 0.34375
4000 0.3269230769230769 0.25
6000 0.34615384615384615 0.328125
8000 0.5 0.328125
10000 0.5769230769230769 0.390625
12000 0.8076923076923077 0.390625
14000 0.8846153846153846 0.40625
16000 1.3076923076923077 0.359375
18000 1.5576923076923077 0.375
20000 1.4807692307692308 0.375
22000 1.5384615384615385 0.40625
24000 1.5384615384615385 0.359375
26000 1.5384615384615385 0.40625
28000 1.5192307692307692 0.375
30000 1.5192307692307692 0.328125
32000 1.5384615384615385 0.375
34000 1.5192307692307692 0.40625
36000 1.5192307692307692 0.421875
38000 1.5384615384615385 0.359375
40000 1.5 0.40625
42000 1.5192307692307692 0.359375
44000 1.5384615384615385 0.40625
46000 1.5384615384615385 0.40625
48000 1.5192307692307692 0.40625
50000 1.5192307692307692 0.421875
52000 1.5 0.421875
54000 1.5 0.4375
56000 1.5 0.359375
58000 1.5192307692307692 0.390625
60000 1.5192307692307692 0.453125
62000 1.5 0.4375
64000 1.5 0.421875
66000 1.5961538461538463 0.46875
68000 1.5961538461538463 0.4375
70000 1.6346153846153846 0.421875
72000 1.7115384615384615 0.4375
74000 1.6923076923076923 0.375
76000 1.6923076923076923 0.40625
78000 1.6346153846153846 0.40625
80000 1.7115384615384615 0.453125
82000 1.7115384615384615 0.390625
84000 1.7307692307692308 0.4375
86000 1.7307692307692308 0.40625
88000 1.6923076923076923 0.40625
90000 1.7307692307692308 0.46875
92000 1.7115384615384615 0.40625
94000 1.6923076923076923 0.375
96000 1.7692307692307692 0.421875
98000 1.8846153846153846 0.453125
100000 1.8269230769230769 0.453125
102000 1.7884615384615385 0.421875
104000 1.8846153846153846 0.390625
106000 1.9038461538461537 0.34375
108000 1.8846153846153846 0.390625
110000 1.8461538461538463 0.390625
112000 1.9038461538461537 0.4375
114000 1.9423076923076923 0.421875
116000 1.8076923076923077 0.421875
118000 1.9230769230769231 0.375
120000 1.8461538461538463 0.390625
122000 1.9230769230769231 0.34375
124000 1.8269230769230769 0.390625
126000 1.75 0.421875
128000 1.8846153846153846 0.421875
130000 1.9038461538461537 0.375
132000 1.8846153846153846 0.359375
134000 1.8461538461538463 0.40625
136000 1.8461538461538463 0.375
138000 1.8461538461538463 0.3125
140000 1.8653846153846154 0.375
142000 1.9230769230769231 0.375
144000 1.8461538461538463 0.40625
146000 1.8461538461538463 0.390625
148000 1.8653846153846154 0.484375
150000 1.9038461538461537 0.34375
152000 1.9038461538461537 0.390625
154000 1.8461538461538463 0.421875
156000 1.8846153846153846 0.421875
158000 1.8846153846153846 0.40625
160000 1.8653846153846154 0.359375
162000 1.8653846153846154 0.375
164000 1.7884615384615385 0.40625
166000 1.8076923076923077 0.390625
168000 1.7692307692307692 0.390625
170000 1.8076923076923077 0.375
172000 1.8653846153846154 0.421875
174000 1.8653846153846154 0.390625
176000 1.9038461538461537 0.375
178000 1.8461538461538463 0.375
180000 1.8653846153846154 0.3125
182000 1.8846153846153846 0.328125
184000 1.8846153846153846 0.328125
186000 1.8461538461538463 0.390625
188000 1.8461538461538463 0.375
190000 1.7884615384615385 0.375
192000 1.8653846153846154 0.40625
194000 1.8653846153846154 0.34375
196000 1.8461538461538463 0.421875
198000 1.8461538461538463 0.375
200000 1.75 0.375
202000 1.8076923076923077 0.359375
204000 1.8846153846153846 0.390625
206000 1.8653846153846154 0.40625
208000 1.8653846153846154 0.3125
210000 1.8461538461538463 0.375
212000 1.8653846153846154 0.4375
214000 1.8269230769230769 0.375
216000 1.8269230769230769 0.40625
218000 1.8653846153846154 0.359375
220000 1.8846153846153846 0.328125
222000 1.8846153846153846 0.34375
224000 1.8846153846153846 0.375
226000 1.8846153846153846 0.4375
228000 1.8461538461538463 0.40625
230000 1.8846153846153846 0.40625
232000 1.8461538461538463 0.453125
234000 1.8846153846153846 0.390625
236000 1.8653846153846154 0.421875
238000 1.9038461538461537 0.375
240000 1.8653846153846154 0.375
242000 1.8846153846153846 0.40625
244000 1.8653846153846154 0.40625
246000 1.8461538461538463 0.40625
248000 1.8846153846153846 0.34375
250000 1.8461538461538463 0.34375
252000 1.8461538461538463 0.359375
254000 1.8269230769230769 0.40625
256000 1.8461538461538463 0.390625
258000 1.8846153846153846 0.390625
260000 1.8846153846153846 0.359375
262000 1.8653846153846154 0.390625
264000 1.8076923076923077 0.390625
266000 1.8653846153846154 0.40625
268000 1.8653846153846154 0.40625
270000 1.8653846153846154 0.375
272000 1.8653846153846154 0.328125
274000 1.8846153846153846 0.359375
276000 1.8653846153846154 0.421875
278000 1.8653846153846154 0.390625
280000 1.8846153846153846 0.328125
282000 1.7884615384615385 0.375
284000 1.9423076923076923 0.375
286000 1.8846153846153846 0.375
288000 1.8269230769230769 0.375
290000 1.8076923076923077 0.359375
292000 1.8653846153846154 0.375
294000 1.8076923076923077 0.390625
296000 1.8461538461538463 0.375
298000 1.8461538461538463 0.359375
300000 1.8653846153846154 0.34375
302000 1.8653846153846154 0.390625
304000 1.7884615384615385 0.40625
306000 1.8461538461538463 0.34375
308000 1.8461538461538463 0.4375
310000 1.7884615384615385 0.3125
312000 1.8461538461538463 0.359375
314000 1.75 0.390625
316000 1.8269230769230769 0.359375
318000 1.8269230769230769 0.40625
320000 1.8269230769230769 0.375
322000 1.8269230769230769 0.40625
324000 1.8846153846153846 0.34375
326000 1.8461538461538463 0.40625
328000 1.8269230769230769 0.40625
330000 1.8461538461538463 0.359375
332000 1.8653846153846154 0.375
334000 1.8653846153846154 0.375
336000 1.8461538461538463 0.390625
338000 1.7884615384615385 0.375
340000 1.8846153846153846 0.40625
342000 1.8269230769230769 0.375
344000 1.8269230769230769 0.40625
346000 1.8653846153846154 0.34375
348000 1.8269230769230769 0.390625
350000 1.8461538461538463 0.390625
352000 1.8846153846153846 0.40625
354000 1.8076923076923077 0.4375
356000 1.8653846153846154 0.28125
358000 1.8653846153846154 0.34375
360000 1.9038461538461537 0.375
362000 1.9230769230769231 0.28125
364000 1.9423076923076923 0.34375
366000 1.9038461538461537 0.421875
368000 1.9038461538461537 0.359375
370000 1.8653846153846154 0.3125
372000 1.8846153846153846 0.328125
374000 1.9038461538461537 0.40625
376000 1.8846153846153846 0.40625
378000 1.8846153846153846 0.359375
380000 1.9038461538461537 0.40625
382000 1.8846153846153846 0.390625
384000 1.8846153846153846 0.359375
386000 1.8461538461538463 0.390625
388000 1.8653846153846154 0.359375
390000 1.8076923076923077 0.390625
392000 1.8076923076923077 0.390625
394000 1.8846153846153846 0.390625
396000 1.8846153846153846 0.4375
398000 1.8846153846153846 0.390625
400000 1.9038461538461537 0.40625
402000 1.9038461538461537 0.34375
404000 1.8846153846153846 0.375
406000 1.9038461538461537 0.390625
408000 1.8653846153846154 0.359375
410000 1.8461538461538463 0.34375
412000 1.9038461538461537 0.390625
414000 1.9038461538461537 0.40625
416000 1.8461538461538463 0.34375
418000 1.8461538461538463 0.359375
420000 1.8653846153846154 0.390625
422000 1.9038461538461537 0.390625
424000 1.9038461538461537 0.46875
426000 1.8653846153846154 0.40625
428000 1.9038461538461537 0.4375
430000 1.8653846153846154 0.453125
432000 1.8653846153846154 0.40625
434000 1.8653846153846154 0.453125
436000 1.8653846153846154 0.40625
438000 1.8461538461538463 0.390625
440000 1.7884615384615385 0.484375
442000 1.8461538461538463 0.421875
444000 1.8269230769230769 0.40625
446000 1.8269230769230769 0.4375
448000 1.8653846153846154 0.421875
450000 1.8461538461538463 0.40625
452000 1.8846153846153846 0.4375
454000 1.9038461538461537 0.453125
456000 1.8653846153846154 0.4375
458000 1.8846153846153846 0.375
460000 1.9038461538461537 0.390625
462000 1.9038461538461537 0.453125
464000 1.9038461538461537 0.453125
466000 1.8653846153846154 0.40625
468000 1.9038461538461537 0.40625
470000 1.8653846153846154 0.421875
472000 1.8653846153846154 0.390625
474000 1.8653846153846154 0.453125
476000 1.9038461538461537 0.390625
478000 1.9038461538461537 0.484375
480000 1.9038461538461537 0.375
482000 1.9038461538461537 0.390625
484000 1.9038461538461537 0.421875
486000 1.9038461538461537 0.40625
488000 1.8846153846153846 0.421875
490000 1.8846153846153846 0.34375
492000 1.9038461538461537 0.390625
494000 1.8846153846153846 0.375
496000 1.9038461538461537 0.375
498000 1.8846153846153846 0.375
500000 1.8846153846153846 0.390625
