2000 0.9423076923076923 0.3125
4000 1.1538461538461537 0.359375
6000 1.1538461538461537 0.390625
8000 1.3269230769230769 0.375
10000 1.2692307692307692 0.359375
12000 1.3269230769230769 0.375
14000 1.5769230769230769 0.375
16000 1.6346153846153846 0.390625
18000 1.6346153846153846 0.375
20000 1.7884615384615385 0.390625
22000 1.7307692307692308 0.34375
24000 1.7307692307692308 0.421875
26000 1.8076923076923077 0.375
28000 1.8846153846153846 0.375
30000 1.8461538461538463 0.375
32000 1.6346153846153846 0.359375
34000 1.7115384615384615 0.453125
36000 1.7115384615384615 0.40625
38000 1.7115384615384615 0.375
40000 1.7307692307692308 0.390625
42000 1.6346153846153846 0.359375
44000 1.6923076923076923 0.359375
46000 1.7115384615384615 0.375
48000 1.6923076923076923 0.359375
50000 1.6730769230769231 0.40625
52000 1.8269230769230769 0.375
54000 1.7884615384615385 0.390625
56000 1.7115384615384615 0.40625
58000 1.7115384615384615 0.375
60000 1.6153846153846154 0.40625
62000 1.7115384615384615 0.375
64000 1.75 0.375
66000 1.6923076923076923 0.359375
68000 1.6538461538461537 0.421875
70000 1.6730769230769231 0.4375
72000 1.7307692307692308 0.40625
74000 1.7884615384615385 0.421875
76000 1.6730769230769231 0.421875
78000 1.7115384615384615 0.390625
80000 1.7692307692307692 0.40625
82000 1.7884615384615385 0.4375
84000 1.7884615384615385 0.421875
86000 1.7884615384615385 0.40625
88000 1.7307692307692308 0.40625
90000 1.75 0.375
92000 1.6346153846153846 0.375
94000 1.6923076923076923 0.359375
96000 1.7884615384615385 0.390625
98000 1.8076923076923077 0.390625
100000 1.8076923076923077 0.421875
102000 1.7884615384615385 0.359375
104000 1.6923076923076923 0.40625
106000 1.75 0.375
108000 1.7307692307692308 0.359375
110000 1.8269230769230769 0.328125
112000 1.75 0.359375
114000 1.6923076923076923 0.40625
116000 1.6923076923076923 0.390625
118000 1.8269230769230769 0.34375
120000 1.7884615384615385 0.390625
122000 1.8076923076923077 0.40625
124000 1.8461538461538463 0.40625
126000 1.9230769230769231 0.453125
128000 1.8653846153846154 0.390625
130000 1.7692307692307692 0.359375
132000 1.6923076923076923 0.359375
134000 1.7884615384615385 0.375
136000 1.75 0.359375
138000 1.8461538461538463 0.421875
140000 1.6923076923076923 0.34375
142000 1.7115384615384615 0.40625
144000 1.8076923076923077 0.375
146000 1.7115384615384615 0.40625
148000 1.8653846153846154 0.390625
150000 1.9230769230769231 0.46875
152000 1.7884615384615385 0.40625
154000 1.7884615384615385 0.40625
156000 1.8269230769230769 0.40625
158000 1.7884615384615385 0.40625
160000 1.8846153846153846 0.40625
162000 1.7884615384615385 0.40625
164000 1.7884615384615385 0.421875
166000 1.8653846153846154 0.390625
168000 1.9038461538461537 0.390625
170000 1.8653846153846154 0.40625
172000 1.7692307692307692 0.421875
174000 1.8846153846153846 0.390625
176000 1.8076923076923077 0.375
178000 1.7692307692307692 0.4375
180000 1.6923076923076923 0.4375
182000 1.9230769230769231 0.40625
184000 1.8076923076923077 0.34375
186000 1.8461538461538463 0.4375
188000 1.8846153846153846 0.390625
190000 1.8076923076923077 0.40625
192000 1.75 0.40625
194000 1.7884615384615385 0.375
196000 1.8461538461538463 0.40625
198000 1.7884615384615385 0.4375
200000 1.6923076923076923 0.390625
202000 1.7884615384615385 0.421875
204000 1.9230769230769231 0.375
206000 1.8846153846153846 0.359375
208000 1.8269230769230769 0.375
210000 1.8269230769230769 0.359375
212000 1.8653846153846154 0.234375
214000 1.8653846153846154 0.328125
216000 1.9038461538461537 0.3125
218000 1.9615384615384615 0.3125
220000 1.9615384615384615 0.34375
222000 1.7692307692307692 0.390625
224000 1.7692307692307692 0.421875
226000 1.9038461538461537 0.421875
228000 1.8076923076923077 0.421875
230000 1.7692307692307692 0.390625
232000 1.8269230769230769 0.375
234000 1.8653846153846154 0.375
236000 1.8653846153846154 0.390625
238000 1.7307692307692308 0.390625
240000 1.6923076923076923 0.390625
242000 1.8461538461538463 0.359375
244000 1.9230769230769231 0.375
246000 1.7884615384615385 0.390625
248000 1.8269230769230769 0.4375
250000 1.8846153846153846 0.421875
252000 1.75 0.40625
254000 1.7692307692307692 0.359375
256000 1.9230769230769231 0.40625
258000 1.9230769230769231 0.375
260000 1.8846153846153846 0.390625
262000 1.8846153846153846 0.359375
264000 1.8846153846153846 0.375
266000 1.9615384615384615 0.40625
268000 1.9230769230769231 0.390625
270000 1.8846153846153846 0.421875
272000 1.9423076923076923 0.4375
274000 1.8269230769230769 0.453125
276000 1.9038461538461537 0.46875
278000 1.8076923076923077 0.46875
280000 1.8846153846153846 0.40625
282000 1.7884615384615385 0.46875
284000 1.8653846153846154 0.421875
286000 1.9423076923076923 0.453125
288000 1.9423076923076923 0.4375
290000 1.9423076923076923 0.4375
292000 1.9038461538461537 0.4375
294000 1.9038461538461537 0.390625
296000 1.7884615384615385 0.453125
298000 1.9615384615384615 0.4375
300000 1.9423076923076923 0.453125
302000 1.9615384615384615 0.453125
304000 1.8846153846153846 0.484375
306000 1.9615384615384615 0.421875
308000 1.9038461538461537 0.390625
310000 1.9423076923076923 0.390625
312000 1.9038461538461537 0.46875
314000 1.8461538461538463 0.421875
316000 2.0 0.375
318000 1.9423076923076923 0.453125
320000 1.9230769230769231 0.5
322000 1.9038461538461537 0.4375
324000 1.8461538461538463 0.46875
326000 1.9423076923076923 0.46875
328000 1.8653846153846154 0.40625
330000 1.9615384615384615 0.46875
332000 1.9038461538461537 0.40625
334000 1.8461538461538463 0.40625
336000 1.9230769230769231 0.390625
338000 1.8846153846153846 0.421875
340000 1.9807692307692308 0.375
342000 2.076923076923077 0.359375
344000 1.9615384615384615 0.375
346000 1.8653846153846154 0.375
348000 1.6538461538461537 0.390625
350000 1.8076923076923077 0.40625
352000 1.75 0.4375
354000 1.8846153846153846 0.390625
356000 1.9423076923076923 0.390625
358000 1.9038461538461537 0.359375
360000 1.8653846153846154 0.40625
362000 1.9038461538461537 0.359375
364000 1.8461538461538463 0.40625
366000 1.8653846153846154 0.40625
368000 1.8269230769230769 0.421875
370000 1.8076923076923077 0.40625
372000 1.8076923076923077 0.40625
374000 1.9423076923076923 0.390625
376000 2.0 0.390625
378000 1.9038461538461537 0.390625
380000 2.0 0.3125
382000 1.9615384615384615 0.359375
384000 1.9423076923076923 0.40625
386000 1.9807692307692308 0.4375
388000 1.9423076923076923 0.390625
390000 1.9423076923076923 0.40625
392000 1.9615384615384615 0.421875
394000 1.9423076923076923 0.390625
396000 1.9230769230769231 0.375
398000 1.8846153846153846 0.46875
400000 1.9038461538461537 0.390625
402000 1.9230769230769231 0.34375
404000 1.8461538461538463 0.421875
406000 1.9038461538461537 0.359375
408000 1.9230769230769231 0.453125
410000 1.8653846153846154 0.390625
412000 1.8269230769230769 0.359375
414000 1.9038461538461537 0.484375
416000 1.9038461538461537 0.390625
418000 1.9615384615384615 0.46875
420000 1.9615384615384615 0.4375
422000 1.9423076923076923 0.4375
424000 1.9423076923076923 0.40625
426000 1.9038461538461537 0.390625
428000 1.8846153846153846 0.46875
430000 1.8846153846153846 0.4375
432000 1.8269230769230769 0.484375
434000 1.8846153846153846 0.375
436000 1.8846153846153846 0.375
438000 1.8461538461538463 0.421875
440000 1.8653846153846154 0.390625
442000 1.9230769230769231 0.40625
444000 1.9423076923076923 0.375
446000 1.8846153846153846 0.40625
448000 1.8846153846153846 0.390625
450000 1.8846153846153846 0.375
452000 1.8846153846153846 0.375
454000 1.8653846153846154 0.40625
456000 1.8846153846153846 0.40625
458000 1.8846153846153846 0.40625
460000 1.8846153846153846 0.375
462000 1.8846153846153846 0.390625
464000 1.9615384615384615 0.40625
466000 1.9423076923076923 0.390625
468000 1.9615384615384615 0.390625
470000 1.9230769230769231 0.359375
472000 1.9230769230769231 0.359375
474000 1.9230769230769231 0.359375
476000 1.8846153846153846 0.390625
478000 1.8846153846153846 0.34375
480000 1.8653846153846154 0.421875
482000 1.8461538461538463 0.390625
484000 1.9038461538461537 0.40625
486000 1.9038461538461537 0.453125
488000 1.9230769230769231 0.390625
490000 1.9230769230769231 0.4375
492000 1.9230769230769231 0.390625
494000 1.9230769230769231 0.40625
496000 1.9230769230769231 0.421875
498000 1.9230769230769231 0.40625
500000 1.9230769230769231 0.4375
