2000 0.9038461538461539 0.21875
4000 1.2884615384615385 0.21875
6000 1.3269230769230769 0.265625
8000 1.3269230769230769 0.25
10000 1.3076923076923077 0.265625
12000 1.3269230769230769 0.25
14000 1.3269230769230769 0.234375
16000 1.3269230769230769 0.234375
18000 1.3269230769230769 0.25
20000 1.3461538461538463 0.234375
22000 1.7307692307692308 0.234375
24000 1.8846153846153846 0.265625
26000 1.8076923076923077 0.234375
28000 1.8653846153846154 0.25
30000 1.8076923076923077 0.21875
32000 1.8461538461538463 0.28125
34000 1.7307692307692308 0.265625
36000 1.7307692307692308 0.265625
38000 1.6923076923076923 0.265625
40000 1.8653846153846154 0.265625
42000 1.7307692307692308 0.25
44000 1.7307692307692308 0.21875
46000 1.7307692307692308 0.296875
48000 1.7307692307692308 0.234375
50000 1.8076923076923077 0.234375
52000 1.7692307692307692 0.265625
54000 1.9038461538461537 0.25
56000 1.75 0.25
58000 1.8076923076923077 0.28125
60000 1.8269230769230769 0.265625
62000 1.7307692307692308 0.265625
64000 1.7307692307692308 0.234375
66000 1.8076923076923077 0.234375
68000 1.8846153846153846 0.234375
70000 1.75 0.296875
72000 1.8076923076923077 0.25
74000 1.8653846153846154 0.265625
76000 1.8461538461538463 0.28125
78000 1.75 0.28125
80000 1.75 0.28125
82000 1.7115384615384615 0.265625
84000 1.75 0.296875
86000 1.75 0.28125
88000 1.6923076923076923 0.265625
90000 1.8653846153846154 0.25
92000 1.9038461538461537 0.28125
94000 1.8076923076923077 0.3125
96000 1.9038461538461537 0.28125
98000 1.8461538461538463 0.25
100000 1.8653846153846154 0.265625
102000 1.8653846153846154 0.265625
104000 1.9230769230769231 0.296875
106000 1.9423076923076923 0.25
108000 1.8846153846153846 0.203125
110000 1.8461538461538463 0.265625
112000 1.8653846153846154 0.265625
114000 1.8846153846153846 0.234375
116000 1.8461538461538463 0.296875
118000 1.9230769230769231 0.265625
120000 1.8461538461538463 0.265625
122000 1.7307692307692308 0.265625
124000 1.9423076923076923 0.28125
126000 1.7692307692307692 0.25
128000 1.8846153846153846 0.265625
130000 1.8653846153846154 0.28125
132000 1.8269230769230769 0.28125
134000 1.8846153846153846 0.296875
136000 1.8269230769230769 0.21875
138000 1.9230769230769231 0.265625
140000 1.7692307692307692 0.25
142000 1.8269230769230769 0.25
144000 1.8461538461538463 0.25
146000 1.8653846153846154 0.25
148000 1.8846153846153846 0.25
150000 1.8653846153846154 0.265625
152000 1.8076923076923077 0.296875
154000 1.9230769230769231 0.265625
156000 1.8461538461538463 0.296875
158000 1.8461538461538463 0.28125
160000 1.8269230769230769 0.25
162000 1.8846153846153846 0.265625
164000 1.8269230769230769 0.25
166000 1.8269230769230769 0.234375
168000 1.8653846153846154 0.21875
170000 1.9230769230769231 0.28125
172000 1.8269230769230769 0.265625
174000 1.9423076923076923 0.265625
176000 1.8846153846153846 0.28125
178000 2.1153846153846154 0.25
180000 2.0961538461538463 0.25
182000 2.019230769230769 0.25
184000 1.9615384615384615 0.265625
186000 1.9615384615384615 0.234375
188000 1.9038461538461537 0.171875
190000 1.7884615384615385 0.171875
192000 1.8269230769230769 0.1875
194000 1.7692307692307692 0.1875
196000 1.9038461538461537 0.1875
198000 1.9038461538461537 0.140625
200000 1.8269230769230769 0.21875
202000 1.9615384615384615 0.234375
204000 1.8269230769230769 0.265625
206000 1.7884615384615385 0.25
208000 1.7884615384615385 0.203125
210000 1.9038461538461537 0.25
212000 1.9038461538461537 0.265625
214000 1.9038461538461537 0.265625
216000 1.6923076923076923 0.234375
218000 1.7307692307692308 0.25
220000 1.7115384615384615 0.234375
222000 1.8269230769230769 0.25
224000 1.8269230769230769 0.21875
226000 1.8653846153846154 0.265625
228000 1.7884615384615385 0.25
230000 1.7884615384615385 0.234375
232000 1.75 0.21875
234000 1.8269230769230769 0.1875
236000 1.9038461538461537 0.25
238000 1.8461538461538463 0.265625
240000 1.8076923076923077 0.234375
242000 1.7884615384615385 0.234375
244000 2.019230769230769 0.234375
246000 1.9423076923076923 0.25
248000 2.0384615384615383 0.25
250000 1.9615384615384615 0.28125
252000 2.076923076923077 0.265625
254000 1.9423076923076923 0.3125
256000 2.076923076923077 0.25
258000 2.076923076923077 0.265625
260000 2.0576923076923075 0.265625
262000 1.9807692307692308 0.234375
264000 2.076923076923077 0.25
266000 2.0961538461538463 0.25
268000 2.019230769230769 0.25
270000 2.1346153846153846 0.265625
272000 2.076923076923077 0.25
274000 1.9423076923076923 0.265625
276000 2.019230769230769 0.234375
278000 2.019230769230769 0.265625
280000 2.0576923076923075 0.28125
282000 2.019230769230769 0.296875
284000 2.0576923076923075 0.265625
286000 2.0384615384615383 0.28125
288000 2.0 0.21875
290000 2.019230769230769 0.265625
292000 2.019230769230769 0.25
294000 2.0 0.25
296000 2.076923076923077 0.25
298000 2.1346153846153846 0.234375
300000 2.019230769230769 0.265625
302000 1.9230769230769231 0.28125
304000 1.9423076923076923 0.296875
306000 1.9615384615384615 0.3125
308000 2.0 0.265625
310000 2.0 0.25
312000 2.019230769230769 0.234375
314000 1.9807692307692308 0.296875
316000 1.9423076923076923 0.25
318000 2.019230769230769 0.3125
320000 1.9423076923076923 0.28125
322000 2.0 0.25
324000 2.0384615384615383 0.25
326000 1.9615384615384615 0.28125
328000 1.9615384615384615 0.25
330000 1.9230769230769231 0.265625
332000 1.9807692307692308 0.265625
334000 1.9807692307692308 0.25
336000 1.9807692307692308 0.25
338000 2.0576923076923075 0.25
340000 2.0 0.265625
342000 2.019230769230769 0.234375
344000 2.0 0.28125
346000 2.0 0.28125
348000 2.1153846153846154 0.265625
350000 2.076923076923077 0.234375
352000 2.019230769230769 0.25
354000 1.9807692307692308 0.25
356000 2.173076923076923 0.265625
358000 2.019230769230769 0.25
360000 2.019230769230769 0.296875
362000 2.0576923076923075 0.265625
364000 2.076923076923077 0.25
366000 2.0576923076923075 0.234375
368000 2.019230769230769 0.25
370000 2.019230769230769 0.203125
372000 2.0384615384615383 0.234375
374000 2.0384615384615383 0.265625
376000 2.0 0.25
378000 2.0 0.234375
380000 2.1153846153846154 0.359375
382000 2.1153846153846154 0.265625
384000 2.1538461538461537 0.234375
386000 2.076923076923077 0.265625
388000 2.1538461538461537 0.234375
390000 2.1346153846153846 0.25
392000 2.076923076923077 0.265625
394000 2.0576923076923075 0.265625
396000 2.1923076923076925 0.265625
398000 2.1153846153846154 0.234375
400000 2.173076923076923 0.28125
402000 2.1346153846153846 0.265625
404000 2.0576923076923075 0.21875
406000 2.0384615384615383 0.28125
408000 2.1346153846153846 0.21875
410000 2.1153846153846154 0.265625
412000 2.0961538461538463 0.234375
414000 2.0961538461538463 0.234375
416000 2.076923076923077 0.265625
418000 2.0576923076923075 0.265625
420000 2.0576923076923075 0.25
422000 2.1153846153846154 0.328125
424000 2.0576923076923075 0.25
426000 2.0384615384615383 0.234375
428000 2.1153846153846154 0.25
430000 2.1346153846153846 0.234375
432000 2.1346153846153846 0.25
434000 2.0576923076923075 0.296875
436000 2.1346153846153846 0.234375
438000 2.1153846153846154 0.28125
440000 2.1538461538461537 0.265625
442000 2.1538461538461537 0.265625
444000 2.0576923076923075 0.25
446000 2.0576923076923075 0.28125
448000 2.0384615384615383 0.28125
450000 2.0384615384615383 0.25
452000 2.0576923076923075 0.28125
454000 2.0576923076923075 0.28125
456000 2.0576923076923075 0.25
458000 2.019230769230769 0.265625
460000 2.0 0.25
462000 2.0576923076923075 0.28125
464000 2.0576923076923075 0.234375
466000 2.019230769230769 0.265625
468000 2.0 0.25
470000 2.019230769230769 0.234375
472000 2.0384615384615383 0.28125
474000 2.0 0.25
476000 2.019230769230769 0.265625
478000 2.019230769230769 0.265625
480000 2.019230769230769 0.265625
482000 2.019230769230769 0.296875
484000 2.019230769230769 0.28125
486000 2.019230769230769 0.234375
488000 2.0384615384615383 0.234375
490000 2.0384615384615383 0.25
492000 2.0384615384615383 0.25
494000 2.0384615384615383 0.234375
496000 2.019230769230769 0.234375
498000 2.019230769230769 0.25
500000 2.019230769230769 0.234375
