2000 0.1346153846153846 0.078125
4000 0.36538461538461536 0.0625
6000 1.0769230769230769 0.125
8000 1.0769230769230769 0.09375
10000 1.0961538461538463 0.21875
12000 1.0961538461538463 0.09375
14000 1.0384615384615385 0.09375
16000 1.0961538461538463 0.15625
18000 1.1538461538461537 0.203125
20000 1.0961538461538463 0.125
22000 1.1153846153846154 0.078125
24000 1.1153846153846154 0.09375
26000 1.1923076923076923 0.140625
28000 1.1346153846153846 0.125
30000 1.2115384615384615 0.203125
32000 1.25 0.109375
34000 1.2307692307692308 0.09375
36000 1.25 0.109375
38000 1.1538461538461537 0.140625
40000 1.2115384615384615 0.203125
42000 1.2307692307692308 0.171875
44000 1.2307692307692308 0.09375
46000 1.25 0.078125
48000 1.25 0.15625
50000 1.2307692307692308 0.15625
52000 1.2692307692307692 0.1875
54000 1.2692307692307692 0.078125
56000 1.1346153846153846 0.09375
58000 1.1153846153846154 0.125
60000 1.1346153846153846 0.1875
62000 1.1346153846153846 0.109375
64000 1.2307692307692308 0.09375
66000 1.2307692307692308 0.109375
68000 1.25 0.09375
70000 1.1730769230769231 0.15625
72000 1.1730769230769231 0.1875
74000 1.1538461538461537 0.21875
76000 1.2115384615384615 0.078125
78000 1.1538461538461537 0.078125
80000 1.25 0.1875
82000 1.0961538461538463 0.21875
84000 1.2115384615384615 0.203125
86000 1.2307692307692308 0.09375
88000 1.3076923076923077 0.09375
90000 1.5576923076923077 0.109375
92000 1.7692307692307692 0.171875
94000 1.8653846153846154 0.21875
96000 2.6153846153846154 0.09375
98000 2.75 0.09375
100000 2.8653846153846154 0.171875
102000 2.8076923076923075 0.171875
104000 2.769230769230769 0.15625
106000 2.5576923076923075 0.1875
108000 2.5384615384615383 0.09375
110000 2.673076923076923 0.09375
112000 2.5576923076923075 0.140625
114000 2.519230769230769 0.15625
116000 2.423076923076923 0.1875
118000 2.4615384615384617 0.078125
120000 2.730769230769231 0.09375
122000 2.75 0.15625
124000 2.8653846153846154 0.140625
126000 2.7115384615384617 0.21875
128000 2.6538461538461537 0.09375
130000 2.8461538461538463 0.109375
132000 2.8846153846153846 0.09375
134000 2.8461538461538463 0.1875
136000 2.980769230769231 0.171875
138000 2.980769230769231 0.1875
140000 2.9038461538461537 0.09375
142000 2.923076923076923 0.109375
144000 2.6923076923076925 0.140625
146000 3.019230769230769 0.171875
148000 3.019230769230769 0.171875
150000 2.6538461538461537 0.09375
152000 3.019230769230769 0.09375
154000 2.8461538461538463 0.109375
156000 3.019230769230769 0.1875
158000 3.019230769230769 0.1875
160000 2.8653846153846154 0.078125
162000 2.9615384615384617 0.09375
164000 2.9038461538461537 0.125
166000 2.980769230769231 0.140625
168000 2.9423076923076925 0.1875
170000 2.8076923076923075 0.234375
172000 2.9615384615384617 0.09375
174000 2.980769230769231 0.125
176000 2.9423076923076925 0.140625
178000 2.769230769230769 0.1875
180000 2.8461538461538463 0.109375
182000 2.9038461538461537 0.09375
184000 2.9038461538461537 0.09375
186000 2.9038461538461537 0.140625
188000 2.980769230769231 0.1875
190000 2.923076923076923 0.1875
192000 2.8653846153846154 0.09375
194000 2.9423076923076925 0.09375
196000 2.8653846153846154 0.125
198000 2.923076923076923 0.125
200000 2.923076923076923 0.1875
202000 2.9615384615384617 0.1875
204000 2.9423076923076925 0.09375
206000 3.0 0.109375
208000 3.076923076923077 0.15625
210000 2.9615384615384617 0.21875
212000 3.0384615384615383 0.1875
214000 3.0 0.140625
216000 3.019230769230769 0.09375
218000 3.019230769230769 0.15625
220000 2.8076923076923075 0.1875
222000 2.980769230769231 0.1875
224000 2.9038461538461537 0.078125
226000 2.9423076923076925 0.09375
228000 3.019230769230769 0.109375
230000 2.9615384615384617 0.1875
232000 2.8653846153846154 0.1875
234000 2.9615384615384617 0.1875
236000 2.923076923076923 0.09375
238000 2.8653846153846154 0.125
240000 3.0 0.15625
242000 2.9423076923076925 0.1875
244000 3.0 0.15625
246000 2.9615384615384617 0.078125
248000 2.923076923076923 0.09375
250000 2.75 0.140625
252000 2.8846153846153846 0.1875
254000 2.8653846153846154 0.203125
256000 3.019230769230769 0.109375
258000 2.9423076923076925 0.09375
260000 2.9423076923076925 0.109375
262000 2.9038461538461537 0.1875
264000 3.0 0.15625
266000 3.0576923076923075 0.171875
268000 2.980769230769231 0.09375
270000 2.9615384615384617 0.0625
272000 2.9615384615384617 0.109375
274000 3.0384615384615383 0.15625
276000 2.9423076923076925 0.203125
278000 2.826923076923077 0.109375
280000 2.8846153846153846 0.125
282000 2.8653846153846154 0.109375
284000 2.8461538461538463 0.15625
286000 2.8461538461538463 0.1875
288000 2.8461538461538463 0.09375
290000 2.8076923076923075 0.09375
292000 2.9423076923076925 0.09375
294000 2.923076923076923 0.15625
296000 2.923076923076923 0.1875
298000 2.8846153846153846 0.21875
300000 2.923076923076923 0.078125
302000 2.8076923076923075 0.09375
304000 2.8076923076923075 0.171875
306000 2.923076923076923 0.203125
308000 2.8461538461538463 0.1875
310000 2.9038461538461537 0.09375
312000 2.9423076923076925 0.078125
314000 2.8846153846153846 0.140625
316000 2.923076923076923 0.125
318000 2.9038461538461537 0.1875
320000 2.8461538461538463 0.09375
322000 3.0 0.109375
324000 2.8846153846153846 0.125
326000 2.8461538461538463 0.109375
328000 3.0384615384615383 0.1875
330000 2.6923076923076925 0.1875
332000 2.826923076923077 0.09375
334000 2.7884615384615383 0.109375
336000 2.826923076923077 0.125
338000 2.5961538461538463 0.140625
340000 2.8461538461538463 0.1875
342000 2.769230769230769 0.09375
344000 2.923076923076923 0.078125
346000 2.8846153846153846 0.140625
348000 2.8653846153846154 0.140625
350000 2.923076923076923 0.140625
352000 2.9615384615384617 0.09375
354000 2.8846153846153846 0.109375
356000 2.826923076923077 0.109375
358000 3.0 0.171875
360000 2.8461538461538463 0.21875
362000 2.826923076923077 0.1875
364000 2.75 0.09375
366000 2.8846153846153846 0.09375
368000 2.826923076923077 0.15625
370000 3.0576923076923075 0.171875
372000 2.9423076923076925 0.1875
374000 3.019230769230769 0.09375
376000 2.923076923076923 0.0625
378000 2.980769230769231 0.140625
380000 3.019230769230769 0.21875
382000 2.9038461538461537 0.1875
384000 3.0 0.09375
386000 2.8461538461538463 0.078125
388000 3.019230769230769 0.109375
390000 2.9615384615384617 0.15625
392000 2.8846153846153846 0.1875
394000 2.9615384615384617 0.1875
396000 2.9423076923076925 0.0625
398000 2.9423076923076925 0.09375
400000 3.0384615384615383 0.15625
402000 3.0 0.1875
404000 2.9038461538461537 0.1875
406000 2.9423076923076925 0.0625
408000 3.019230769230769 0.078125
410000 3.0576923076923075 0.125
412000 2.980769230769231 0.15625
414000 2.980769230769231 0.1875
416000 2.9038461538461537 0.109375
418000 2.9615384615384617 0.09375
420000 3.0 0.125
422000 3.019230769230769 0.15625
424000 3.019230769230769 0.21875
426000 3.0 0.1875
428000 3.019230769230769 0.078125
430000 3.0 0.140625
432000 3.076923076923077 0.15625
434000 2.9615384615384617 0.1875
436000 2.923076923076923 0.1875
438000 2.980769230769231 0.09375
440000 3.019230769230769 0.09375
442000 3.0384615384615383 0.140625
444000 3.0 0.1875
446000 3.0 0.1875
448000 2.9615384615384617 0.078125
450000 2.923076923076923 0.09375
452000 3.0 0.109375
454000 3.0384615384615383 0.15625
456000 3.0384615384615383 0.1875
458000 3.019230769230769 0.1875
460000 2.923076923076923 0.0625
462000 2.9615384615384617 0.109375
464000 3.019230769230769 0.15625
466000 3.019230769230769 0.1875
468000 3.076923076923077 0.15625
470000 3.019230769230769 0.09375
472000 3.019230769230769 0.09375
474000 3.019230769230769 0.109375
476000 3.0384615384615383 0.203125
478000 3.019230769230769 0.140625
480000 3.0384615384615383 0.09375
482000 3.019230769230769 0.09375
484000 3.0384615384615383 0.140625
486000 3.0384615384615383 0.15625
488000 3.019230769230769 0.171875
490000 3.0384615384615383 0.1875
492000 3.0384615384615383 0.078125
494000 3.0384615384615383 0.0625
496000 3.0384615384615383 0.171875
498000 3.0384615384615383 0.1875
500000 3.0384615384615383 0.1875
