2000 0.4423076923076923 0.359375
4000 1.1538461538461537 0.375
6000 1.3076923076923077 0.359375
8000 1.5 0.390625
10000 2.0 0.375
12000 2.0576923076923075 0.390625
14000 2.0 0.40625
16000 2.230769230769231 0.421875
18000 2.3653846153846154 0.421875
20000 2.5 0.375
22000 2.730769230769231 0.375
24000 2.826923076923077 0.40625
26000 3.6153846153846154 0.40625
28000 3.8653846153846154 0.421875
30000 4.0576923076923075 0.375
32000 4.173076923076923 0.390625
34000 4.211538461538462 0.40625
36000 4.211538461538462 0.375
38000 4.346153846153846 0.375
40000 4.365384615384615 0.40625
42000 4.346153846153846 0.4375
44000 4.461538461538462 0.4375
46000 4.423076923076923 0.40625
48000 4.461538461538462 0.4375
50000 4.461538461538462 0.40625
52000 4.480769230769231 0.453125
54000 4.423076923076923 0.46875
56000 4.519230769230769 0.34375
58000 4.480769230769231 0.484375
60000 4.480769230769231 0.609375
62000 4.5 0.578125
64000 4.5576923076923075 0.59375
66000 4.365384615384615 0.5625
68000 4.423076923076923 0.5625
70000 4.403846153846154 0.5625
72000 4.384615384615385 0.578125
74000 4.480769230769231 0.5625
76000 4.480769230769231 0.546875
78000 4.480769230769231 0.578125
80000 4.576923076923077 0.578125
82000 4.615384615384615 0.546875
84000 4.576923076923077 0.5625
86000 4.576923076923077 0.5625
88000 4.519230769230769 0.546875
90000 4.5 0.53125
92000 4.461538461538462 0.546875
94000 4.423076923076923 0.5
96000 4.538461538461538 0.546875
98000 4.519230769230769 0.578125
100000 4.5576923076923075 0.59375
102000 4.596153846153846 0.5625
104000 4.596153846153846 0.5625
106000 4.596153846153846 0.53125
108000 4.634615384615385 0.578125
110000 4.576923076923077 0.515625
112000 4.596153846153846 0.578125
114000 4.634615384615385 0.609375
116000 4.634615384615385 0.5
118000 4.576923076923077 0.546875
120000 4.673076923076923 0.625
122000 4.673076923076923 0.609375
124000 4.6923076923076925 0.65625
126000 4.615384615384615 0.5625
128000 4.673076923076923 0.5625
130000 4.634615384615385 0.53125
132000 4.634615384615385 0.5625
134000 4.634615384615385 0.5
136000 4.673076923076923 0.578125
138000 4.6923076923076925 0.578125
140000 4.634615384615385 0.578125
142000 4.634615384615385 0.578125
144000 4.673076923076923 0.609375
146000 4.673076923076923 0.5625
148000 4.673076923076923 0.59375
150000 4.634615384615385 0.546875
152000 4.615384615384615 0.578125
154000 4.653846153846154 0.578125
156000 4.634615384615385 0.53125
158000 4.615384615384615 0.625
160000 4.653846153846154 0.625
162000 4.653846153846154 0.625
164000 4.596153846153846 0.625
166000 4.653846153846154 0.625
168000 4.653846153846154 0.5625
170000 4.653846153846154 0.578125
172000 4.653846153846154 0.578125
174000 4.653846153846154 0.578125
176000 4.653846153846154 0.59375
178000 4.653846153846154 0.515625
180000 4.653846153846154 0.59375
182000 4.615384615384615 0.640625
184000 4.634615384615385 0.5625
186000 4.653846153846154 0.640625
188000 4.653846153846154 0.546875
190000 4.653846153846154 0.59375
192000 4.673076923076923 0.53125
194000 4.653846153846154 0.578125
196000 4.673076923076923 0.59375
198000 4.653846153846154 0.59375
200000 4.653846153846154 0.625
202000 4.653846153846154 0.625
204000 4.634615384615385 0.640625
206000 4.653846153846154 0.609375
208000 4.653846153846154 0.625
210000 4.653846153846154 0.625
212000 4.653846153846154 0.578125
214000 4.673076923076923 0.546875
216000 4.673076923076923 0.609375
218000 4.653846153846154 0.53125
220000 4.673076923076923 0.5625
222000 4.653846153846154 0.5625
224000 4.653846153846154 0.5625
226000 4.653846153846154 0.5625
228000 4.653846153846154 0.578125
230000 4.769230769230769 0.578125
232000 4.634615384615385 0.59375
234000 4.634615384615385 0.578125
236000 4.596153846153846 0.59375
238000 4.615384615384615 0.546875
240000 4.634615384615385 0.53125
242000 4.615384615384615 0.578125
244000 4.634615384615385 0.578125
246000 4.653846153846154 0.625
248000 4.653846153846154 0.59375
250000 4.673076923076923 0.5625
252000 4.634615384615385 0.578125
254000 4.653846153846154 0.5625
256000 4.653846153846154 0.578125
258000 4.653846153846154 0.609375
260000 4.673076923076923 0.59375
262000 4.673076923076923 0.59375
264000 4.634615384615385 0.640625
266000 4.653846153846154 0.59375
268000 4.5576923076923075 0.609375
270000 4.5576923076923075 0.640625
272000 4.5576923076923075 0.53125
274000 4.5576923076923075 0.578125
276000 4.480769230769231 0.5625
278000 4.5 0.5625
280000 4.5 0.65625
282000 4.5 0.578125
284000 4.5 0.625
286000 4.615384615384615 0.578125
288000 4.653846153846154 0.578125
290000 4.615384615384615 0.609375
292000 4.615384615384615 0.53125
294000 4.673076923076923 0.578125
296000 4.615384615384615 0.609375
298000 4.673076923076923 0.578125
300000 4.634615384615385 0.546875
302000 4.576923076923077 0.59375
304000 4.615384615384615 0.5
306000 4.576923076923077 0.578125
308000 4.576923076923077 0.53125
310000 4.634615384615385 0.5625
312000 4.576923076923077 0.546875
314000 4.653846153846154 0.5625
316000 4.615384615384615 0.5
318000 4.615384615384615 0.546875
320000 4.519230769230769 0.53125
322000 4.519230769230769 0.59375
324000 4.615384615384615 0.53125
326000 4.5576923076923075 0.609375
328000 4.576923076923077 0.59375
330000 4.596153846153846 0.53125
332000 4.673076923076923 0.546875
334000 4.653846153846154 0.515625
336000 4.653846153846154 0.578125
338000 4.519230769230769 0.515625
340000 4.5 0.515625
342000 4.5 0.53125
344000 4.634615384615385 0.625
346000 4.596153846153846 0.625
348000 4.615384615384615 0.625
350000 4.634615384615385 0.640625
352000 4.538461538461538 0.640625
354000 4.519230769230769 0.640625
356000 4.538461538461538 0.671875
358000 4.519230769230769 0.640625
360000 4.5576923076923075 0.671875
362000 4.5576923076923075 0.640625
364000 4.653846153846154 0.671875
366000 4.653846153846154 0.65625
368000 4.615384615384615 0.65625
370000 4.615384615384615 0.671875
372000 4.615384615384615 0.625
374000 4.538461538461538 0.625
376000 4.615384615384615 0.515625
378000 4.653846153846154 0.609375
380000 4.653846153846154 0.578125
382000 4.653846153846154 0.5625
384000 4.634615384615385 0.609375
386000 4.634615384615385 0.5625
388000 4.634615384615385 0.453125
390000 4.615384615384615 0.578125
392000 4.634615384615385 0.578125
394000 4.5576923076923075 0.578125
396000 4.538461538461538 0.546875
398000 4.6923076923076925 0.53125
400000 4.673076923076923 0.609375
402000 4.6923076923076925 0.515625
404000 4.6923076923076925 0.546875
406000 4.673076923076923 0.390625
408000 4.711538461538462 0.421875
410000 4.673076923076923 0.4375
412000 4.673076923076923 0.4375
414000 4.615384615384615 0.4375
416000 4.615384615384615 0.484375
418000 4.615384615384615 0.375
420000 4.5576923076923075 0.46875
422000 4.596153846153846 0.453125
424000 4.596153846153846 0.359375
426000 4.403846153846154 0.421875
428000 4.403846153846154 0.375
430000 4.538461538461538 0.421875
432000 4.538461538461538 0.421875
434000 4.538461538461538 0.453125
436000 4.653846153846154 0.4375
438000 4.519230769230769 0.421875
440000 4.5 0.390625
442000 4.480769230769231 0.40625
444000 4.519230769230769 0.453125
446000 4.596153846153846 0.375
448000 4.615384615384615 0.40625
450000 4.615384615384615 0.40625
452000 4.576923076923077 0.4375
454000 4.653846153846154 0.40625
456000 4.673076923076923 0.40625
458000 4.673076923076923 0.375
460000 4.711538461538462 0.421875
462000 4.711538461538462 0.46875
464000 4.673076923076923 0.40625
466000 4.673076923076923 0.453125
468000 4.673076923076923 0.4375
470000 4.673076923076923 0.359375
472000 4.673076923076923 0.34375
474000 4.6923076923076925 0.421875
476000 4.75 0.40625
478000 4.788461538461538 0.375
480000 4.788461538461538 0.4375
482000 4.711538461538462 0.453125
484000 4.6923076923076925 0.375
486000 4.711538461538462 0.4375
488000 4.75 0.40625
490000 4.653846153846154 0.390625
492000 4.653846153846154 0.40625
494000 4.6923076923076925 0.4375
496000 4.6923076923076925 0.40625
498000 4.673076923076923 0.375
500000 4.653846153846154 0.421875
