2000 0.15384615384615385 0.015625
4000 0.17307692307692307 0.03125
6000 0.5 0.03125
8000 0.5 0.046875
10000 0.6923076923076923 0.046875
12000 0.8846153846153846 0.046875
14000 0.7692307692307693 0.078125
16000 0.9423076923076923 0.0625
18000 1.0384615384615385 0.078125
20000 0.9615384615384616 0.0625
22000 1.0576923076923077 0.109375
24000 1.0769230769230769 0.15625
26000 1.1346153846153846 0.09375
28000 1.1923076923076923 0.09375
30000 1.1346153846153846 0.125
32000 1.1153846153846154 0.078125
34000 1.1538461538461537 0.171875
36000 1.1538461538461537 0.09375
38000 1.1538461538461537 0.09375
40000 1.1730769230769231 0.125
42000 1.1730769230769231 0.078125
44000 1.1730769230769231 0.125
46000 1.1730769230769231 0.09375
48000 1.1923076923076923 0.09375
50000 1.1923076923076923 0.09375
52000 1.3461538461538463 0.109375
54000 1.6538461538461537 0.09375
56000 1.7115384615384615 0.125
58000 1.8076923076923077 0.125
60000 2.0 0.09375
62000 2.326923076923077 0.078125
64000 2.576923076923077 0.09375
66000 2.519230769230769 0.09375
68000 2.519230769230769 0.125
70000 2.6538461538461537 0.109375
72000 2.6346153846153846 0.109375
74000 2.6346153846153846 0.109375
76000 2.673076923076923 0.125
78000 2.673076923076923 0.171875
80000 2.673076923076923 0.125
82000 2.6923076923076925 0.1875
84000 2.7115384615384617 0.203125
86000 2.7115384615384617 0.109375
88000 2.7115384615384617 0.078125
90000 2.7115384615384617 0.0625
92000 2.7115384615384617 0.15625
94000 2.7115384615384617 0.09375
96000 2.7115384615384617 0.078125
98000 2.7115384615384617 0.09375
100000 2.7115384615384617 0.109375
102000 2.7115384615384617 0.09375
104000 2.730769230769231 0.125
106000 2.730769230769231 0.140625
108000 2.730769230769231 0.09375
110000 2.730769230769231 0.09375
112000 2.730769230769231 0.109375
114000 2.730769230769231 0.09375
116000 2.730769230769231 0.09375
118000 2.730769230769231 0.09375
120000 2.730769230769231 0.09375
122000 2.730769230769231 0.078125
124000 2.730769230769231 0.09375
126000 2.730769230769231 0.0625
128000 2.730769230769231 0.09375
130000 2.730769230769231 0.09375
132000 2.730769230769231 0.109375
134000 2.730769230769231 0.109375
136000 2.730769230769231 0.09375
138000 2.730769230769231 0.09375
140000 2.730769230769231 0.09375
142000 2.730769230769231 0.078125
144000 2.730769230769231 0.09375
146000 2.730769230769231 0.109375
148000 2.730769230769231 0.109375
150000 2.730769230769231 0.09375
152000 2.730769230769231 0.09375
154000 2.730769230769231 0.0625
156000 2.730769230769231 0.078125
158000 2.730769230769231 0.09375
160000 2.730769230769231 0.078125
162000 2.730769230769231 0.078125
164000 2.730769230769231 0.125
166000 2.730769230769231 0.1875
168000 2.730769230769231 0.203125
170000 2.730769230769231 0.1875
172000 2.730769230769231 0.09375
174000 2.730769230769231 0.09375
176000 2.730769230769231 0.09375
178000 2.730769230769231 0.09375
180000 2.730769230769231 0.09375
182000 2.730769230769231 0.109375
184000 2.730769230769231 0.09375
186000 2.730769230769231 0.09375
188000 2.730769230769231 0.109375
190000 2.730769230769231 0.09375
192000 2.730769230769231 0.109375
194000 2.730769230769231 0.109375
196000 2.730769230769231 0.125
198000 2.730769230769231 0.09375
200000 2.730769230769231 0.078125
202000 2.730769230769231 0.09375
204000 2.730769230769231 0.09375
206000 2.730769230769231 0.09375
208000 2.730769230769231 0.09375
210000 2.730769230769231 0.109375
212000 2.730769230769231 0.109375
214000 2.730769230769231 0.09375
216000 2.730769230769231 0.109375
218000 2.730769230769231 0.09375
220000 2.730769230769231 0.09375
222000 2.730769230769231 0.09375
224000 2.730769230769231 0.09375
226000 2.730769230769231 0.09375
228000 2.730769230769231 0.09375
230000 2.730769230769231 0.0625
232000 2.730769230769231 0.0625
234000 2.730769230769231 0.078125
236000 2.730769230769231 0.078125
238000 2.730769230769231 0.078125
240000 2.730769230769231 0.0625
242000 2.730769230769231 0.109375
244000 2.730769230769231 0.078125
246000 2.730769230769231 0.0625
248000 2.730769230769231 0.078125
250000 2.730769230769231 0.15625
252000 2.730769230769231 0.1875
254000 2.730769230769231 0.1875
256000 2.730769230769231 0.078125
258000 2.730769230769231 0.109375
260000 2.7115384615384617 0.09375
262000 2.730769230769231 0.09375
264000 2.730769230769231 0.109375
266000 2.730769230769231 0.09375
268000 2.7115384615384617 0.09375
270000 2.730769230769231 0.09375
272000 2.730769230769231 0.09375
274000 2.730769230769231 0.09375
276000 2.730769230769231 0.109375
278000 2.730769230769231 0.125
280000 2.730769230769231 0.109375
282000 2.730769230769231 0.078125
284000 2.730769230769231 0.09375
286000 2.730769230769231 0.109375
288000 2.730769230769231 0.09375
290000 2.730769230769231 0.125
292000 2.730769230769231 0.09375
294000 2.730769230769231 0.09375
296000 2.730769230769231 0.09375
298000 2.7115384615384617 0.09375
300000 2.730769230769231 0.078125
302000 2.730769230769231 0.09375
304000 2.7115384615384617 0.09375
306000 2.7115384615384617 0.125
308000 2.730769230769231 0.09375
310000 2.730769230769231 0.09375
312000 2.730769230769231 0.09375
314000 2.730769230769231 0.0625
316000 2.7115384615384617 0.078125
318000 2.7115384615384617 0.078125
320000 2.7115384615384617 0.078125
322000 2.730769230769231 0.078125
324000 2.7115384615384617 0.09375
326000 2.730769230769231 0.09375
328000 2.730769230769231 0.078125
330000 2.730769230769231 0.09375
332000 2.730769230769231 0.0625
334000 2.730769230769231 0.109375
336000 2.730769230769231 0.125
338000 2.730769230769231 0.203125
340000 2.730769230769231 0.1875
342000 2.730769230769231 0.09375
344000 2.730769230769231 0.09375
346000 2.730769230769231 0.078125
348000 2.730769230769231 0.09375
350000 2.730769230769231 0.09375
352000 2.730769230769231 0.09375
354000 2.730769230769231 0.09375
356000 2.730769230769231 0.09375
358000 2.730769230769231 0.09375
360000 2.730769230769231 0.078125
362000 2.730769230769231 0.078125
364000 2.730769230769231 0.09375
366000 2.730769230769231 0.078125
368000 2.730769230769231 0.109375
370000 2.730769230769231 0.125
372000 2.730769230769231 0.078125
374000 2.730769230769231 0.09375
376000 2.730769230769231 0.109375
378000 2.730769230769231 0.09375
380000 2.730769230769231 0.109375
382000 2.730769230769231 0.09375
384000 2.730769230769231 0.109375
386000 2.730769230769231 0.125
388000 2.730769230769231 0.0625
390000 2.730769230769231 0.078125
392000 2.730769230769231 0.09375
394000 2.730769230769231 0.078125
396000 2.730769230769231 0.0625
398000 2.730769230769231 0.078125
400000 2.730769230769231 0.09375
402000 2.730769230769231 0.0625
404000 2.730769230769231 0.078125
406000 2.730769230769231 0.078125
408000 2.730769230769231 0.078125
410000 2.730769230769231 0.109375
412000 2.730769230769231 0.078125
414000 2.730769230769231 0.125
416000 2.730769230769231 0.109375
418000 2.730769230769231 0.09375
420000 2.730769230769231 0.140625
422000 2.730769230769231 0.171875
424000 2.730769230769231 0.1875
426000 2.730769230769231 0.1875
428000 2.730769230769231 0.09375
430000 2.730769230769231 0.078125
432000 2.730769230769231 0.09375
434000 2.730769230769231 0.125
436000 2.730769230769231 0.09375
438000 2.730769230769231 0.078125
440000 2.730769230769231 0.09375
442000 2.730769230769231 0.109375
444000 2.730769230769231 0.109375
446000 2.730769230769231 0.09375
448000 2.730769230769231 0.125
450000 2.730769230769231 0.09375
452000 2.730769230769231 0.078125
454000 2.730769230769231 0.09375
456000 2.730769230769231 0.09375
458000 2.730769230769231 0.109375
460000 2.730769230769231 0.09375
462000 2.730769230769231 0.09375
464000 2.730769230769231 0.078125
466000 2.730769230769231 0.078125
468000 2.730769230769231 0.078125
470000 2.730769230769231 0.078125
472000 2.730769230769231 0.078125
474000 2.730769230769231 0.078125
476000 2.7115384615384617 0.078125
478000 2.730769230769231 0.0625
480000 2.730769230769231 0.109375
482000 2.730769230769231 0.125
484000 2.730769230769231 0.09375
486000 2.730769230769231 0.078125
488000 2.730769230769231 0.078125
490000 2.730769230769231 0.078125
492000 2.730769230769231 0.078125
494000 2.730769230769231 0.078125
496000 2.730769230769231 0.109375
498000 2.730769230769231 0.109375
500000 2.730769230769231 0.078125
