2000 1.1923076923076923 0.203125
4000 3.8076923076923075 0.1875
6000 4.519230769230769 0.265625
8000 4.519230769230769 0.25
10000 4.519230769230769 0.28125
12000 4.519230769230769 0.234375
14000 4.519230769230769 0.28125
16000 4.519230769230769 0.234375
18000 4.519230769230769 0.265625
20000 4.519230769230769 0.359375
22000 4.519230769230769 0.3125
24000 4.519230769230769 0.359375
26000 4.519230769230769 0.234375
28000 4.519230769230769 0.234375
30000 4.576923076923077 0.328125
32000 4.576923076923077 0.1875
34000 4.596153846153846 0.15625
36000 4.519230769230769 0.203125
38000 4.596153846153846 0.171875
40000 4.596153846153846 0.3125
42000 4.576923076923077 0.359375
44000 4.596153846153846 0.21875
46000 4.615384615384615 0.171875
48000 4.615384615384615 0.1875
50000 4.538461538461538 0.28125
52000 4.538461538461538 0.328125
54000 4.538461538461538 0.1875
56000 4.596153846153846 0.25
58000 4.519230769230769 0.28125
60000 4.5 0.296875
62000 4.480769230769231 0.296875
64000 4.269230769230769 0.3125
66000 4.5 0.21875
68000 4.5576923076923075 0.203125
70000 4.230769230769231 0.1875
72000 4.211538461538462 0.265625
74000 4.519230769230769 0.375
76000 4.480769230769231 0.265625
78000 4.211538461538462 0.203125
80000 4.480769230769231 0.25
82000 4.538461538461538 0.265625
84000 4.596153846153846 0.34375
86000 4.211538461538462 0.203125
88000 4.211538461538462 0.21875
90000 4.288461538461538 0.1875
92000 4.211538461538462 0.1875
94000 4.4423076923076925 0.375
96000 4.346153846153846 0.234375
98000 4.365384615384615 0.25
100000 4.269230769230769 0.171875
102000 4.153846153846154 0.21875
104000 4.153846153846154 0.25
106000 4.153846153846154 0.296875
108000 4.153846153846154 0.203125
110000 4.3076923076923075 0.203125
112000 4.403846153846154 0.171875
114000 4.634615384615385 0.265625
116000 4.596153846153846 0.359375
118000 4.596153846153846 0.234375
120000 4.461538461538462 0.234375
122000 4.634615384615385 0.296875
124000 4.346153846153846 0.21875
126000 4.346153846153846 0.296875
128000 4.230769230769231 0.15625
130000 4.365384615384615 0.203125
132000 4.5576923076923075 0.203125
134000 4.346153846153846 0.203125
136000 4.3076923076923075 0.28125
138000 4.211538461538462 0.359375
140000 4.4423076923076925 0.1875
142000 4.615384615384615 0.265625
144000 4.615384615384615 0.25
146000 4.269230769230769 0.265625
148000 4.5576923076923075 0.34375
150000 4.115384615384615 0.265625
152000 4.230769230769231 0.234375
154000 4.846153846153846 0.21875
156000 4.8076923076923075 0.265625
158000 4.788461538461538 0.265625
160000 4.788461538461538 0.1875
162000 4.788461538461538 0.265625
164000 4.769230769230769 0.21875
166000 4.788461538461538 0.203125
168000 4.711538461538462 0.265625
170000 4.538461538461538 0.390625
172000 4.634615384615385 0.125
174000 4.673076923076923 0.234375
176000 4.673076923076923 0.25
178000 4.730769230769231 0.265625
180000 4.673076923076923 0.234375
182000 4.711538461538462 0.25
184000 4.5576923076923075 0.234375
186000 4.75 0.171875
188000 4.711538461538462 0.203125
190000 4.403846153846154 0.328125
192000 4.403846153846154 0.203125
194000 4.673076923076923 0.21875
196000 4.5576923076923075 0.234375
198000 4.3076923076923075 0.171875
200000 4.384615384615385 0.296875
202000 4.615384615384615 0.34375
204000 4.8076923076923075 0.171875
206000 4.769230769230769 0.265625
208000 4.788461538461538 0.203125
210000 4.576923076923077 0.265625
212000 4.788461538461538 0.296875
214000 4.8076923076923075 0.265625
216000 4.653846153846154 0.296875
218000 4.4423076923076925 0.265625
220000 4.826923076923077 0.203125
222000 4.8076923076923075 0.3125
224000 4.8076923076923075 0.3125
226000 4.5576923076923075 0.359375
228000 4.634615384615385 0.1875
230000 4.6923076923076925 0.15625
232000 4.769230769230769 0.265625
234000 4.75 0.390625
236000 4.673076923076923 0.203125
238000 4.788461538461538 0.203125
240000 4.596153846153846 0.203125
242000 4.480769230769231 0.21875
244000 4.788461538461538 0.328125
246000 4.673076923076923 0.203125
248000 4.769230769230769 0.21875
250000 4.730769230769231 0.234375
252000 4.75 0.1875
254000 4.75 0.296875
256000 4.769230769230769 0.25
258000 4.826923076923077 0.203125
260000 4.846153846153846 0.234375
262000 4.884615384615385 0.203125
264000 4.8076923076923075 0.25
266000 4.769230769230769 0.390625
268000 4.8076923076923075 0.25
270000 4.673076923076923 0.234375
272000 4.6923076923076925 0.171875
274000 4.673076923076923 0.234375
276000 4.673076923076923 0.296875
278000 4.730769230769231 0.234375
280000 4.711538461538462 0.203125
282000 4.730769230769231 0.171875
284000 4.788461538461538 0.21875
286000 4.8076923076923075 0.234375
288000 4.6923076923076925 0.1875
290000 4.711538461538462 0.1875
292000 4.5576923076923075 0.171875
294000 4.6923076923076925 0.171875
296000 4.6923076923076925 0.265625
298000 4.6923076923076925 0.34375
300000 4.6923076923076925 0.21875
302000 4.8076923076923075 0.21875
304000 4.711538461538462 0.171875
306000 4.615384615384615 0.25
308000 4.596153846153846 0.3125
310000 4.519230769230769 0.15625
312000 4.576923076923077 0.171875
314000 4.5 0.25
316000 4.6923076923076925 0.21875
318000 4.634615384615385 0.3125
320000 4.673076923076923 0.1875
322000 4.615384615384615 0.25
324000 4.365384615384615 0.15625
326000 4.576923076923077 0.15625
328000 4.596153846153846 0.234375
330000 4.384615384615385 0.375
332000 4.634615384615385 0.171875
334000 4.75 0.203125
336000 4.4423076923076925 0.1875
338000 4.5576923076923075 0.296875
340000 4.711538461538462 0.390625
342000 4.711538461538462 0.25
344000 4.596153846153846 0.28125
346000 4.653846153846154 0.171875
348000 4.653846153846154 0.171875
350000 4.634615384615385 0.296875
352000 4.653846153846154 0.171875
354000 4.75 0.1875
356000 4.673076923076923 0.171875
358000 4.653846153846154 0.1875
360000 4.673076923076923 0.296875
362000 4.634615384615385 0.296875
364000 4.673076923076923 0.203125
366000 4.4423076923076925 0.171875
368000 4.4423076923076925 0.171875
370000 4.615384615384615 0.25
372000 4.576923076923077 0.34375
374000 4.673076923076923 0.203125
376000 4.653846153846154 0.171875
378000 4.5576923076923075 0.203125
380000 4.423076923076923 0.25
382000 4.596153846153846 0.25
384000 4.6923076923076925 0.109375
386000 4.653846153846154 0.15625
388000 4.6923076923076925 0.171875
390000 4.6923076923076925 0.140625
392000 4.653846153846154 0.234375
394000 4.653846153846154 0.28125
396000 4.711538461538462 0.109375
398000 4.6923076923076925 0.125
400000 4.634615384615385 0.171875
402000 4.634615384615385 0.21875
404000 4.673076923076923 0.265625
406000 4.711538461538462 0.140625
408000 4.461538461538462 0.140625
410000 4.634615384615385 0.171875
412000 4.480769230769231 0.21875
414000 4.634615384615385 0.265625
416000 4.730769230769231 0.109375
418000 4.730769230769231 0.09375
420000 4.6923076923076925 0.109375
422000 4.711538461538462 0.171875
424000 4.673076923076923 0.234375
426000 4.615384615384615 0.28125
428000 4.653846153846154 0.109375
430000 4.615384615384615 0.109375
432000 4.75 0.140625
434000 4.711538461538462 0.203125
436000 4.769230769230769 0.296875
438000 4.75 0.171875
440000 4.75 0.109375
442000 4.75 0.15625
444000 4.75 0.203125
446000 4.788461538461538 0.28125
448000 4.769230769230769 0.140625
450000 4.730769230769231 0.171875
452000 4.6923076923076925 0.25
454000 4.711538461538462 0.1875
456000 4.6923076923076925 0.28125
458000 4.730769230769231 0.375
460000 4.730769230769231 0.1875
462000 4.769230769230769 0.15625
464000 4.75 0.171875
466000 4.6923076923076925 0.234375
468000 4.6923076923076925 0.3125
470000 4.673076923076923 0.296875
472000 4.673076923076923 0.25
474000 4.6923076923076925 0.21875
476000 4.769230769230769 0.203125
478000 4.769230769230769 0.328125
480000 4.730769230769231 0.15625
482000 4.769230769230769 0.25
484000 4.788461538461538 0.1875
486000 4.730769230769231 0.21875
488000 4.75 0.265625
490000 4.788461538461538 0.40625
492000 4.75 0.171875
494000 4.75 0.25
496000 4.75 0.15625
498000 4.769230769230769 0.25
500000 4.788461538461538 0.375
