2000 0.5576923076923077 0.1875
4000 0.5384615384615384 0.171875
6000 0.9615384615384616 0.171875
8000 1.0769230769230769 0.34375
10000 1.1538461538461537 0.421875
12000 1.1923076923076923 0.234375
14000 1.1923076923076923 0.28125
16000 1.2884615384615385 0.234375
18000 1.3846153846153846 0.234375
20000 2.0384615384615383 0.328125
22000 2.6153846153846154 0.265625
24000 2.8076923076923075 0.25
26000 4.1923076923076925 0.3125
28000 4.211538461538462 0.265625
30000 4.519230769230769 0.3125
32000 4.519230769230769 0.25
34000 4.576923076923077 0.21875
36000 4.730769230769231 0.28125
38000 4.75 0.25
40000 4.6923076923076925 0.34375
42000 4.75 0.34375
44000 4.75 0.21875
46000 4.634615384615385 0.234375
48000 4.653846153846154 0.265625
50000 4.5 0.28125
52000 4.769230769230769 0.375
54000 4.769230769230769 0.34375
56000 4.826923076923077 0.265625
58000 4.826923076923077 0.28125
60000 4.8076923076923075 0.203125
62000 4.730769230769231 0.3125
64000 4.769230769230769 0.28125
66000 4.769230769230769 0.28125
68000 4.788461538461538 0.265625
70000 4.788461538461538 0.203125
72000 4.788461538461538 0.328125
74000 4.788461538461538 0.421875
76000 4.788461538461538 0.265625
78000 4.730769230769231 0.28125
80000 4.769230769230769 0.328125
82000 4.788461538461538 0.328125
84000 4.788461538461538 0.359375
86000 4.788461538461538 0.25
88000 4.788461538461538 0.34375
90000 4.788461538461538 0.3125
92000 4.653846153846154 0.40625
94000 4.730769230769231 0.359375
96000 4.615384615384615 0.3125
98000 4.4423076923076925 0.359375
100000 4.461538461538462 0.3125
102000 4.461538461538462 0.265625
104000 4.519230769230769 0.3125
106000 4.5576923076923075 0.375
108000 4.711538461538462 0.25
110000 4.6923076923076925 0.234375
112000 4.634615384615385 0.25
114000 4.634615384615385 0.265625
116000 4.576923076923077 0.34375
118000 4.5576923076923075 0.25
120000 4.5576923076923075 0.234375
122000 4.5576923076923075 0.28125
124000 4.519230769230769 0.3125
126000 4.596153846153846 0.3125
128000 4.5576923076923075 0.28125
130000 4.673076923076923 0.203125
132000 4.653846153846154 0.234375
134000 4.634615384615385 0.3125
136000 4.615384615384615 0.359375
138000 4.653846153846154 0.375
140000 4.576923076923077 0.25
142000 4.634615384615385 0.234375
144000 4.634615384615385 0.21875
146000 4.519230769230769 0.203125
148000 4.769230769230769 0.34375
150000 4.769230769230769 0.328125
152000 4.769230769230769 0.21875
154000 4.711538461538462 0.203125
156000 4.769230769230769 0.234375
158000 4.711538461538462 0.3125
160000 4.711538461538462 0.25
162000 4.75 0.25
164000 4.826923076923077 0.234375
166000 4.788461538461538 0.234375
168000 4.769230769230769 0.34375
170000 4.769230769230769 0.453125
172000 4.75 0.234375
174000 4.6923076923076925 0.203125
176000 4.615384615384615 0.234375
178000 4.5576923076923075 0.3125
180000 4.634615384615385 0.390625
182000 4.730769230769231 0.21875
184000 4.8076923076923075 0.3125
186000 4.788461538461538 0.25
188000 4.711538461538462 0.234375
190000 4.673076923076923 0.328125
192000 4.711538461538462 0.28125
194000 4.75 0.234375
196000 4.634615384615385 0.25
198000 4.8076923076923075 0.25
200000 4.788461538461538 0.28125
202000 4.653846153846154 0.4375
204000 4.596153846153846 0.25
206000 4.730769230769231 0.265625
208000 4.653846153846154 0.21875
210000 4.6923076923076925 0.25
212000 4.711538461538462 0.390625
214000 4.711538461538462 0.234375
216000 4.788461538461538 0.234375
218000 4.711538461538462 0.296875
220000 4.8076923076923075 0.328125
222000 4.730769230769231 0.359375
224000 4.75 0.265625
226000 4.75 0.3125
228000 4.615384615384615 0.28125
230000 4.730769230769231 0.28125
232000 4.5576923076923075 0.3125
234000 4.846153846153846 0.375
236000 4.730769230769231 0.25
238000 4.826923076923077 0.234375
240000 4.846153846153846 0.21875
242000 4.826923076923077 0.28125
244000 4.538461538461538 0.359375
246000 4.846153846153846 0.25
248000 4.711538461538462 0.265625
250000 4.615384615384615 0.25
252000 4.711538461538462 0.296875
254000 4.673076923076923 0.265625
256000 4.846153846153846 0.328125
258000 4.846153846153846 0.265625
260000 4.846153846153846 0.265625
262000 4.6923076923076925 0.296875
264000 4.653846153846154 0.34375
266000 4.653846153846154 0.390625
268000 4.653846153846154 0.328125
270000 4.653846153846154 0.234375
272000 4.730769230769231 0.25
274000 4.769230769230769 0.265625
276000 4.75 0.375
278000 4.538461538461538 0.328125
280000 4.5576923076923075 0.25
282000 4.615384615384615 0.375
284000 4.711538461538462 0.328125
286000 4.480769230769231 0.3125
288000 4.673076923076923 0.265625
290000 4.538461538461538 0.28125
292000 4.596153846153846 0.25
294000 4.615384615384615 0.265625
296000 4.6923076923076925 0.25
298000 4.673076923076923 0.390625
300000 4.576923076923077 0.234375
302000 4.4423076923076925 0.265625
304000 4.461538461538462 0.25
306000 4.673076923076923 0.359375
308000 4.5576923076923075 0.375
310000 4.615384615384615 0.265625
312000 4.615384615384615 0.25
314000 4.634615384615385 0.265625
316000 4.576923076923077 0.28125
318000 4.480769230769231 0.359375
320000 4.653846153846154 0.234375
322000 4.634615384615385 0.265625
324000 4.711538461538462 0.25
326000 4.75 0.234375
328000 4.615384615384615 0.375
330000 4.596153846153846 0.390625
332000 4.519230769230769 0.25
334000 4.538461538461538 0.25
336000 4.5 0.234375
338000 4.519230769230769 0.265625
340000 4.576923076923077 0.328125
342000 4.576923076923077 0.234375
344000 4.576923076923077 0.25
346000 4.5576923076923075 0.28125
348000 4.846153846153846 0.21875
350000 4.826923076923077 0.3125
352000 4.788461538461538 0.359375
354000 4.576923076923077 0.234375
356000 4.576923076923077 0.4375
358000 4.5576923076923075 0.296875
360000 4.615384615384615 0.296875
362000 4.653846153846154 0.375
364000 4.653846153846154 0.390625
366000 4.634615384615385 0.34375
368000 4.673076923076923 0.34375
370000 4.423076923076923 0.3125
372000 4.538461538461538 0.25
374000 4.653846153846154 0.265625
376000 4.615384615384615 0.25
378000 4.634615384615385 0.25
380000 4.615384615384615 0.3125
382000 4.788461538461538 0.28125
384000 4.461538461538462 0.1875
386000 4.576923076923077 0.21875
388000 4.6923076923076925 0.21875
390000 4.826923076923077 0.265625
392000 4.653846153846154 0.3125
394000 4.788461538461538 0.40625
396000 4.8076923076923075 0.3125
398000 4.769230769230769 0.203125
400000 4.788461538461538 0.296875
402000 4.6923076923076925 0.328125
404000 4.711538461538462 0.34375
406000 4.826923076923077 0.25
408000 4.8076923076923075 0.21875
410000 4.673076923076923 0.25
412000 4.634615384615385 0.203125
414000 4.75 0.296875
416000 4.730769230769231 0.3125
418000 4.769230769230769 0.296875
420000 4.711538461538462 0.234375
422000 4.865384615384615 0.3125
424000 4.903846153846154 0.28125
426000 4.865384615384615 0.453125
428000 4.846153846153846 0.40625
430000 4.846153846153846 0.3125
432000 4.903846153846154 0.28125
434000 4.8076923076923075 0.296875
436000 4.769230769230769 0.359375
438000 4.730769230769231 0.265625
440000 4.865384615384615 0.28125
442000 4.769230769230769 0.28125
444000 4.846153846153846 0.25
446000 4.730769230769231 0.421875
448000 4.576923076923077 0.359375
450000 4.653846153846154 0.28125
452000 4.653846153846154 0.265625
454000 4.673076923076923 0.328125
456000 4.653846153846154 0.265625
458000 4.6923076923076925 0.21875
460000 4.6923076923076925 0.296875
462000 4.6923076923076925 0.34375
464000 4.6923076923076925 0.296875
466000 4.653846153846154 0.234375
468000 4.634615384615385 0.4375
470000 4.653846153846154 0.265625
472000 4.653846153846154 0.34375
474000 4.634615384615385 0.25
476000 4.634615384615385 0.234375
478000 4.673076923076923 0.28125
480000 4.711538461538462 0.25
482000 4.711538461538462 0.25
484000 4.653846153846154 0.296875
486000 4.653846153846154 0.25
488000 4.634615384615385 0.359375
490000 4.615384615384615 0.421875
492000 4.615384615384615 0.234375
494000 4.634615384615385 0.359375
496000 4.673076923076923 0.28125
498000 4.634615384615385 0.3125
500000 4.730769230769231 0.40625
