2000 0.5961538461538461 0.5
4000 0.6730769230769231 0.84375
6000 0.9423076923076923 0.75
8000 1.8269230769230769 0.65625
10000 3.4423076923076925 0.78125
12000 4.403846153846154 0.796875
14000 4.519230769230769 0.578125
16000 4.519230769230769 0.703125
18000 4.519230769230769 0.53125
20000 4.519230769230769 0.625
22000 4.365384615384615 0.546875
24000 4.365384615384615 0.515625
26000 4.365384615384615 0.515625
28000 4.365384615384615 0.546875
30000 4.519230769230769 0.734375
32000 4.5 0.5625
34000 4.673076923076923 0.65625
36000 4.5 0.515625
38000 4.519230769230769 0.546875
40000 4.519230769230769 0.5625
42000 4.211538461538462 0.796875
44000 4.134615384615385 0.53125
46000 4.365384615384615 0.546875
48000 4.288461538461538 0.5
50000 4.673076923076923 0.5625
52000 4.653846153846154 0.625
54000 4.461538461538462 0.59375
56000 4.596153846153846 0.796875
58000 4.653846153846154 0.546875
60000 4.596153846153846 0.765625
62000 4.673076923076923 0.765625
64000 4.5576923076923075 0.6875
66000 4.653846153846154 0.515625
68000 4.673076923076923 0.5625
70000 4.673076923076923 0.796875
72000 4.653846153846154 0.578125
74000 4.519230769230769 0.859375
76000 4.5576923076923075 0.75
78000 4.5576923076923075 0.578125
80000 4.5576923076923075 0.609375
82000 4.538461538461538 0.5625
84000 4.538461538461538 0.78125
86000 4.519230769230769 0.515625
88000 4.538461538461538 0.796875
90000 4.5 0.78125
92000 4.519230769230769 0.71875
94000 4.5576923076923075 0.546875
96000 4.5576923076923075 0.515625
98000 4.673076923076923 0.765625
100000 4.288461538461538 0.578125
102000 4.673076923076923 0.59375
104000 4.730769230769231 0.625
106000 4.788461538461538 0.703125
108000 4.6923076923076925 0.578125
110000 4.6923076923076925 0.5625
112000 4.596153846153846 0.578125
114000 4.711538461538462 0.5625
116000 4.6923076923076925 0.796875
118000 4.884615384615385 0.53125
120000 4.846153846153846 0.546875
122000 4.6923076923076925 0.6875
124000 4.8076923076923075 0.5625
126000 4.769230769230769 0.5625
128000 4.730769230769231 0.671875
130000 4.865384615384615 0.546875
132000 4.865384615384615 0.546875
134000 4.9423076923076925 0.53125
136000 4.865384615384615 0.5625
138000 4.9423076923076925 0.65625
140000 4.75 0.59375
142000 4.961538461538462 0.765625
144000 4.923076923076923 0.578125
146000 5.0 0.875
148000 4.884615384615385 0.75
150000 4.884615384615385 0.78125
152000 4.8076923076923075 0.578125
154000 4.865384615384615 0.5625
156000 4.730769230769231 0.796875
158000 4.788461538461538 0.515625
160000 4.75 0.65625
162000 4.730769230769231 0.59375
164000 4.769230769230769 0.5625
166000 4.980769230769231 0.53125
168000 4.961538461538462 0.609375
170000 4.826923076923077 0.671875
172000 4.826923076923077 0.609375
174000 4.769230769230769 0.546875
176000 4.634615384615385 0.75
178000 4.75 0.515625
180000 4.8076923076923075 0.609375
182000 4.634615384615385 0.609375
184000 4.673076923076923 0.609375
186000 4.788461538461538 0.53125
188000 4.673076923076923 0.53125
190000 4.576923076923077 0.578125
192000 4.653846153846154 0.5625
194000 4.615384615384615 0.515625
196000 4.673076923076923 0.515625
198000 4.788461538461538 0.609375
200000 4.788461538461538 0.59375
202000 4.903846153846154 0.671875
204000 4.903846153846154 0.578125
206000 4.788461538461538 0.578125
208000 4.961538461538462 0.59375
210000 4.865384615384615 0.734375
212000 4.865384615384615 0.65625
214000 4.9423076923076925 0.53125
216000 4.980769230769231 0.765625
218000 4.923076923076923 0.515625
220000 4.730769230769231 0.515625
222000 4.769230769230769 0.703125
224000 4.923076923076923 0.5625
226000 4.730769230769231 0.609375
228000 4.788461538461538 0.765625
230000 4.884615384615385 0.515625
232000 4.884615384615385 0.609375
234000 4.846153846153846 0.671875
236000 4.673076923076923 0.59375
238000 4.865384615384615 0.578125
240000 4.788461538461538 0.625
242000 4.711538461538462 0.5
244000 4.673076923076923 0.796875
246000 4.769230769230769 0.59375
248000 4.711538461538462 0.640625
250000 4.634615384615385 0.546875
252000 4.634615384615385 0.796875
254000 4.615384615384615 0.734375
256000 4.673076923076923 0.609375
258000 4.653846153846154 0.578125
260000 4.730769230769231 0.78125
262000 4.826923076923077 0.484375
264000 4.673076923076923 0.53125
266000 4.730769230769231 0.875
268000 4.769230769230769 0.53125
270000 4.826923076923077 0.53125
272000 4.75 0.71875
274000 4.75 0.578125
276000 4.788461538461538 0.578125
278000 4.730769230769231 0.75
280000 4.884615384615385 0.546875
282000 4.788461538461538 0.578125
284000 4.788461538461538 0.71875
286000 4.769230769230769 0.484375
288000 4.884615384615385 0.515625
290000 4.788461538461538 0.75
292000 4.846153846153846 0.578125
294000 4.846153846153846 0.515625
296000 4.9423076923076925 0.5
298000 4.9423076923076925 0.65625
300000 4.903846153846154 0.734375
302000 4.846153846153846 0.625
304000 4.769230769230769 0.515625
306000 4.8076923076923075 0.6875
308000 4.788461538461538 0.53125
310000 4.826923076923077 0.546875
312000 4.826923076923077 0.78125
314000 4.6923076923076925 0.515625
316000 4.788461538461538 0.5
318000 4.730769230769231 0.890625
320000 4.769230769230769 0.59375
322000 4.769230769230769 0.65625
324000 4.769230769230769 0.546875
326000 4.826923076923077 0.515625
328000 4.615384615384615 0.578125
330000 4.634615384615385 0.734375
332000 4.615384615384615 0.578125
334000 4.673076923076923 0.53125
336000 4.615384615384615 0.5625
338000 4.711538461538462 0.8125
340000 4.6923076923076925 0.75
342000 4.634615384615385 0.53125
344000 4.6923076923076925 0.75
346000 4.75 0.546875
348000 4.788461538461538 0.703125
350000 4.6923076923076925 0.703125
352000 4.615384615384615 0.640625
354000 4.461538461538462 0.75
356000 4.5576923076923075 0.53125
358000 4.5 0.53125
360000 4.8076923076923075 0.625
362000 4.75 0.796875
364000 4.6923076923076925 0.546875
366000 4.480769230769231 0.484375
368000 4.519230769230769 0.671875
370000 4.615384615384615 0.71875
372000 4.519230769230769 0.609375
374000 4.4423076923076925 0.734375
376000 4.653846153846154 0.78125
378000 4.615384615384615 0.53125
380000 4.596153846153846 0.546875
382000 4.75 0.578125
384000 4.8076923076923075 0.546875
386000 4.865384615384615 0.515625
388000 4.730769230769231 0.5625
390000 4.75 0.578125
392000 4.6923076923076925 0.578125
394000 4.673076923076923 0.6875
396000 4.615384615384615 0.53125
398000 4.634615384615385 0.5625
400000 4.788461538461538 0.765625
402000 4.653846153846154 0.65625
404000 4.6923076923076925 0.609375
406000 4.711538461538462 0.5625
408000 4.769230769230769 0.75
410000 4.769230769230769 0.640625
412000 4.769230769230769 0.53125
414000 4.634615384615385 0.78125
416000 4.788461538461538 0.59375
418000 4.788461538461538 0.703125
420000 4.8076923076923075 0.65625
422000 4.673076923076923 0.828125
424000 4.673076923076923 0.515625
426000 4.730769230769231 0.78125
428000 4.730769230769231 0.625
430000 4.884615384615385 0.546875
432000 4.769230769230769 0.78125
434000 4.730769230769231 0.515625
436000 4.923076923076923 0.578125
438000 4.769230769230769 0.578125
440000 4.730769230769231 0.546875
442000 4.730769230769231 0.53125
444000 4.769230769230769 0.515625
446000 4.769230769230769 0.65625
448000 4.730769230769231 0.578125
450000 4.730769230769231 0.640625
452000 4.769230769230769 0.578125
454000 4.788461538461538 0.515625
456000 4.8076923076923075 0.765625
458000 4.788461538461538 0.8125
460000 4.730769230769231 0.546875
462000 4.653846153846154 0.59375
464000 4.711538461538462 0.75
466000 4.788461538461538 0.609375
468000 4.75 0.671875
470000 4.75 0.75
472000 4.730769230769231 0.609375
474000 4.75 0.59375
476000 4.75 0.703125
478000 4.75 0.515625
480000 4.75 0.578125
482000 4.769230769230769 0.625
484000 4.634615384615385 0.875
486000 4.653846153846154 0.65625
488000 4.6923076923076925 0.53125
490000 4.6923076923076925 0.625
492000 4.769230769230769 0.59375
494000 4.711538461538462 0.5625
496000 4.673076923076923 0.71875
498000 4.6923076923076925 0.515625
500000 4.8076923076923075 0.5625
