2000 0.5384615384615384 0.140625
4000 0.8076923076923077 0.125
6000 1.3076923076923077 0.15625
8000 0.9423076923076923 0.265625
10000 1.9230769230769231 0.3125
12000 1.9230769230769231 0.1875
14000 2.230769230769231 0.21875
16000 3.269230769230769 0.21875
18000 4.25 0.203125
20000 4.538461538461538 0.328125
22000 4.519230769230769 0.171875
24000 4.519230769230769 0.203125
26000 4.519230769230769 0.1875
28000 4.519230769230769 0.203125
30000 4.519230769230769 0.296875
32000 4.519230769230769 0.171875
34000 4.519230769230769 0.1875
36000 4.519230769230769 0.21875
38000 4.519230769230769 0.25
40000 4.519230769230769 0.265625
42000 4.519230769230769 0.390625
44000 4.519230769230769 0.1875
46000 4.576923076923077 0.265625
48000 4.519230769230769 0.1875
50000 4.538461538461538 0.21875
52000 4.75 0.34375
54000 4.596153846153846 0.171875
56000 4.634615384615385 0.1875
58000 4.5576923076923075 0.171875
60000 4.596153846153846 0.3125
62000 4.596153846153846 0.3125
64000 4.596153846153846 0.265625
66000 4.615384615384615 0.171875
68000 4.596153846153846 0.234375
70000 4.5576923076923075 0.1875
72000 4.5576923076923075 0.296875
74000 4.576923076923077 0.375
76000 4.596153846153846 0.171875
78000 4.634615384615385 0.21875
80000 4.730769230769231 0.15625
82000 4.538461538461538 0.25
84000 4.8076923076923075 0.359375
86000 4.826923076923077 0.1875
88000 4.8076923076923075 0.265625
90000 4.826923076923077 0.1875
92000 4.8076923076923075 0.21875
94000 4.673076923076923 0.328125
96000 4.653846153846154 0.203125
98000 4.769230769230769 0.203125
100000 4.769230769230769 0.1875
102000 4.846153846153846 0.1875
104000 4.673076923076923 0.296875
106000 4.788461538461538 0.375
108000 4.826923076923077 0.203125
110000 4.673076923076923 0.21875
112000 4.788461538461538 0.1875
114000 4.6923076923076925 0.25
116000 4.8076923076923075 0.34375
118000 4.653846153846154 0.203125
120000 4.826923076923077 0.203125
122000 4.826923076923077 0.1875
124000 4.673076923076923 0.1875
126000 4.673076923076923 0.28125
128000 4.769230769230769 0.234375
130000 4.865384615384615 0.28125
132000 4.8076923076923075 0.1875
134000 4.8076923076923075 0.1875
136000 4.846153846153846 0.25
138000 4.846153846153846 0.375
140000 4.75 0.1875
142000 4.826923076923077 0.203125
144000 4.8076923076923075 0.1875
146000 4.884615384615385 0.203125
148000 4.865384615384615 0.359375
150000 4.653846153846154 0.203125
152000 4.846153846153846 0.203125
154000 4.730769230769231 0.28125
156000 4.6923076923076925 0.21875
158000 4.711538461538462 0.296875
160000 4.788461538461538 0.1875
162000 4.6923076923076925 0.140625
164000 4.673076923076923 0.1875
166000 4.961538461538462 0.296875
168000 4.865384615384615 0.28125
170000 5.019230769230769 0.390625
172000 4.769230769230769 0.21875
174000 4.788461538461538 0.1875
176000 4.769230769230769 0.21875
178000 4.711538461538462 0.25
180000 4.769230769230769 0.359375
182000 4.5576923076923075 0.203125
184000 4.75 0.203125
186000 4.730769230769231 0.171875
188000 4.615384615384615 0.28125
190000 4.75 0.28125
192000 4.673076923076923 0.203125
194000 4.711538461538462 0.25
196000 4.711538461538462 0.171875
198000 4.788461538461538 0.171875
200000 4.6923076923076925 0.296875
202000 4.634615384615385 0.421875
204000 4.634615384615385 0.25
206000 4.865384615384615 0.203125
208000 4.653846153846154 0.1875
210000 4.8076923076923075 0.265625
212000 4.730769230769231 0.28125
214000 4.788461538461538 0.265625
216000 4.6923076923076925 0.171875
218000 4.596153846153846 0.234375
220000 4.480769230769231 0.1875
222000 4.730769230769231 0.28125
224000 4.596153846153846 0.1875
226000 4.576923076923077 0.28125
228000 4.903846153846154 0.171875
230000 4.884615384615385 0.203125
232000 4.884615384615385 0.265625
234000 4.826923076923077 0.40625
236000 4.769230769230769 0.1875
238000 4.788461538461538 0.234375
240000 4.846153846153846 0.203125
242000 4.8076923076923075 0.265625
244000 4.769230769230769 0.34375
246000 4.769230769230769 0.1875
248000 4.8076923076923075 0.234375
250000 4.75 0.265625
252000 4.730769230769231 0.1875
254000 4.769230769230769 0.328125
256000 4.826923076923077 0.1875
258000 4.846153846153846 0.1875
260000 4.903846153846154 0.203125
262000 4.788461538461538 0.234375
264000 4.846153846153846 0.265625
266000 4.903846153846154 0.390625
268000 5.0 0.1875
270000 5.038461538461538 0.21875
272000 4.884615384615385 0.203125
274000 4.75 0.265625
276000 4.865384615384615 0.3125
278000 4.826923076923077 0.1875
280000 4.788461538461538 0.1875
282000 4.865384615384615 0.171875
284000 4.846153846153846 0.21875
286000 4.903846153846154 0.3125
288000 4.865384615384615 0.1875
290000 4.9423076923076925 0.171875
292000 5.0 0.1875
294000 4.826923076923077 0.21875
296000 4.865384615384615 0.28125
298000 4.846153846153846 0.40625
300000 4.884615384615385 0.21875
302000 4.903846153846154 0.234375
304000 4.923076923076923 0.234375
306000 4.884615384615385 0.234375
308000 4.884615384615385 0.328125
310000 4.865384615384615 0.1875
312000 4.846153846153846 0.1875
314000 4.884615384615385 0.1875
316000 4.865384615384615 0.203125
318000 4.865384615384615 0.296875
320000 4.865384615384615 0.21875
322000 4.961538461538462 0.15625
324000 4.826923076923077 0.203125
326000 4.903846153846154 0.328125
328000 4.884615384615385 0.265625
330000 4.846153846153846 0.359375
332000 4.903846153846154 0.203125
334000 4.903846153846154 0.15625
336000 4.846153846153846 0.1875
338000 4.826923076923077 0.21875
340000 4.846153846153846 0.390625
342000 4.846153846153846 0.34375
344000 4.923076923076923 0.34375
346000 4.961538461538462 0.234375
348000 4.923076923076923 0.234375
350000 4.980769230769231 0.34375
352000 4.9423076923076925 0.1875
354000 4.8076923076923075 0.234375
356000 4.8076923076923075 0.1875
358000 5.019230769230769 0.203125
360000 4.903846153846154 0.328125
362000 4.903846153846154 0.421875
364000 4.903846153846154 0.25
366000 4.923076923076923 0.234375
368000 4.846153846153846 0.28125
370000 4.846153846153846 0.375
372000 4.865384615384615 0.390625
374000 4.826923076923077 0.203125
376000 4.826923076923077 0.234375
378000 4.846153846153846 0.28125
380000 4.865384615384615 0.21875
382000 4.884615384615385 0.28125
384000 4.903846153846154 0.265625
386000 4.903846153846154 0.203125
388000 4.884615384615385 0.25
390000 4.846153846153846 0.21875
392000 4.846153846153846 0.25
394000 4.846153846153846 0.390625
396000 4.846153846153846 0.21875
398000 4.8076923076923075 0.171875
400000 4.8076923076923075 0.28125
402000 4.769230769230769 0.234375
404000 4.788461538461538 0.34375
406000 4.75 0.21875
408000 4.769230769230769 0.234375
410000 4.75 0.203125
412000 4.769230769230769 0.203125
414000 4.826923076923077 0.328125
416000 4.826923076923077 0.1875
418000 4.769230769230769 0.203125
420000 4.8076923076923075 0.21875
422000 4.8076923076923075 0.203125
424000 4.8076923076923075 0.28125
426000 4.826923076923077 0.390625
428000 4.826923076923077 0.234375
430000 4.846153846153846 0.25
432000 4.788461538461538 0.234375
434000 4.769230769230769 0.296875
436000 4.75 0.296875
438000 4.75 0.25
440000 4.788461538461538 0.203125
442000 4.865384615384615 0.234375
444000 4.8076923076923075 0.203125
446000 4.8076923076923075 0.3125
448000 4.788461538461538 0.1875
450000 4.788461538461538 0.1875
452000 4.788461538461538 0.21875
454000 4.8076923076923075 0.1875
456000 4.8076923076923075 0.265625
458000 4.826923076923077 0.421875
460000 4.788461538461538 0.265625
462000 4.8076923076923075 0.171875
464000 4.788461538461538 0.25
466000 4.826923076923077 0.25
468000 4.769230769230769 0.375
470000 4.8076923076923075 0.171875
472000 4.846153846153846 0.1875
474000 4.788461538461538 0.25
476000 4.8076923076923075 0.203125
478000 4.826923076923077 0.3125
480000 4.826923076923077 0.21875
482000 4.8076923076923075 0.171875
484000 4.826923076923077 0.234375
486000 4.826923076923077 0.265625
488000 4.826923076923077 0.234375
490000 4.8076923076923075 0.390625
492000 4.826923076923077 0.234375
494000 4.826923076923077 0.234375
496000 4.903846153846154 0.234375
498000 4.903846153846154 0.28125
500000 4.846153846153846 0.40625
