2000 0.4807692307692308 0.53125
4000 0.6730769230769231 0.515625
6000 0.9807692307692307 0.546875
8000 0.75 0.484375
10000 0.9807692307692307 0.703125
12000 0.8653846153846154 0.671875
14000 2.5576923076923075 0.515625
16000 4.0576923076923075 0.765625
18000 4.403846153846154 0.515625
20000 4.519230769230769 0.609375
22000 4.519230769230769 0.703125
24000 4.519230769230769 0.46875
26000 4.519230769230769 0.53125
28000 4.519230769230769 0.515625
30000 4.576923076923077 0.515625
32000 4.576923076923077 0.515625
34000 4.519230769230769 0.515625
36000 4.6923076923076925 0.671875
38000 4.519230769230769 0.53125
40000 4.596153846153846 0.53125
42000 4.653846153846154 0.609375
44000 4.711538461538462 0.546875
46000 4.576923076923077 0.515625
48000 4.615384615384615 0.5
50000 4.576923076923077 0.53125
52000 4.730769230769231 0.578125
54000 4.653846153846154 0.5
56000 4.730769230769231 0.53125
58000 4.75 0.546875
60000 4.711538461538462 0.515625
62000 4.730769230769231 0.515625
64000 4.75 0.5
66000 4.8076923076923075 0.515625
68000 4.75 0.515625
70000 4.75 0.59375
72000 4.8076923076923075 0.546875
74000 4.826923076923077 0.640625
76000 4.653846153846154 0.671875
78000 4.75 0.53125
80000 4.788461538461538 0.5
82000 4.961538461538462 0.59375
84000 4.826923076923077 0.578125
86000 4.884615384615385 0.609375
88000 4.788461538461538 0.546875
90000 4.826923076923077 0.484375
92000 4.788461538461538 0.5
94000 4.6923076923076925 0.671875
96000 4.8076923076923075 0.609375
98000 4.769230769230769 0.515625
100000 4.75 0.59375
102000 4.961538461538462 0.515625
104000 4.961538461538462 0.53125
106000 4.826923076923077 0.765625
108000 4.923076923076923 0.5
110000 4.788461538461538 0.53125
112000 4.653846153846154 0.484375
114000 4.8076923076923075 0.53125
116000 4.730769230769231 0.546875
118000 4.769230769230769 0.671875
120000 4.653846153846154 0.515625
122000 4.788461538461538 0.546875
124000 4.6923076923076925 0.640625
126000 4.6923076923076925 0.546875
128000 4.6923076923076925 0.515625
130000 4.6923076923076925 0.765625
132000 4.673076923076923 0.53125
134000 4.826923076923077 0.515625
136000 4.788461538461538 0.703125
138000 4.788461538461538 0.625
140000 4.653846153846154 0.515625
142000 4.711538461538462 0.65625
144000 4.884615384615385 0.578125
146000 4.846153846153846 0.515625
148000 4.923076923076923 0.609375
150000 4.8076923076923075 0.515625
152000 4.769230769230769 0.5
154000 4.769230769230769 0.609375
156000 4.8076923076923075 0.765625
158000 4.846153846153846 0.546875
160000 4.596153846153846 0.46875
162000 4.615384615384615 0.546875
164000 4.634615384615385 0.84375
166000 4.615384615384615 0.609375
168000 4.673076923076923 0.71875
170000 4.8076923076923075 0.609375
172000 4.538461538461538 0.5
174000 4.923076923076923 0.8125
176000 4.923076923076923 0.703125
178000 4.923076923076923 0.703125
180000 4.865384615384615 0.59375
182000 4.730769230769231 0.625
184000 4.6923076923076925 0.53125
186000 4.8076923076923075 0.5625
188000 4.673076923076923 0.5625
190000 4.711538461538462 0.5625
192000 4.711538461538462 0.546875
194000 4.576923076923077 0.578125
196000 4.865384615384615 0.71875
198000 4.75 0.5625
200000 4.653846153846154 0.765625
202000 4.673076923076923 0.75
204000 4.903846153846154 0.734375
206000 4.980769230769231 0.625
208000 4.5 0.546875
210000 4.9423076923076925 0.65625
212000 4.923076923076923 0.65625
214000 4.865384615384615 0.5625
216000 4.846153846153846 0.546875
218000 4.826923076923077 0.53125
220000 4.846153846153846 0.53125
222000 4.846153846153846 0.640625
224000 5.0 0.53125
226000 4.903846153846154 0.53125
228000 4.9423076923076925 0.609375
230000 4.9423076923076925 0.53125
232000 4.788461538461538 0.59375
234000 4.769230769230769 0.609375
236000 4.923076923076923 0.53125
238000 4.961538461538462 0.671875
240000 4.9423076923076925 0.546875
242000 4.769230769230769 0.546875
244000 4.903846153846154 0.703125
246000 4.923076923076923 0.671875
248000 4.903846153846154 0.46875
250000 5.019230769230769 0.53125
252000 4.9423076923076925 0.375
254000 4.903846153846154 0.359375
256000 4.865384615384615 0.5625
258000 4.9423076923076925 0.484375
260000 4.923076923076923 0.4375
262000 4.903846153846154 0.359375
264000 4.961538461538462 0.421875
266000 4.865384615384615 0.59375
268000 4.884615384615385 0.40625
270000 4.9423076923076925 0.375
272000 4.884615384615385 0.53125
274000 4.884615384615385 0.4375
276000 4.884615384615385 0.484375
278000 4.846153846153846 0.40625
280000 4.884615384615385 0.421875
282000 4.788461538461538 0.296875
284000 4.903846153846154 0.4375
286000 4.846153846153846 0.484375
288000 4.8076923076923075 0.40625
290000 4.75 0.390625
292000 4.846153846153846 0.359375
294000 4.884615384615385 0.328125
296000 4.884615384615385 0.390625
298000 4.884615384615385 0.65625
300000 4.8076923076923075 0.671875
302000 4.846153846153846 0.40625
304000 4.961538461538462 0.296875
306000 4.884615384615385 0.359375
308000 4.884615384615385 0.421875
310000 4.961538461538462 0.46875
312000 4.9423076923076925 0.5625
314000 4.8076923076923075 0.5625
316000 4.903846153846154 0.703125
318000 4.673076923076923 0.84375
320000 4.8076923076923075 0.640625
322000 4.9423076923076925 0.71875
324000 4.826923076923077 0.671875
326000 4.865384615384615 0.59375
328000 4.576923076923077 0.5625
330000 4.826923076923077 0.765625
332000 4.711538461538462 0.515625
334000 4.653846153846154 0.546875
336000 4.826923076923077 0.453125
338000 4.769230769230769 0.5625
340000 4.8076923076923075 0.671875
342000 4.788461538461538 0.609375
344000 4.615384615384615 0.609375
346000 4.461538461538462 0.671875
348000 4.653846153846154 0.578125
350000 4.576923076923077 0.609375
352000 4.788461538461538 0.609375
354000 4.788461538461538 0.671875
356000 4.730769230769231 0.640625
358000 4.673076923076923 0.703125
360000 4.519230769230769 0.609375
362000 4.923076923076923 0.796875
364000 4.826923076923077 0.59375
366000 4.826923076923077 0.546875
368000 4.865384615384615 0.578125
370000 4.788461538461538 0.640625
372000 4.923076923076923 0.8125
374000 4.884615384615385 0.65625
376000 4.9423076923076925 0.5625
378000 4.884615384615385 0.484375
380000 4.903846153846154 0.546875
382000 4.884615384615385 0.546875
384000 4.903846153846154 0.578125
386000 4.903846153846154 0.546875
388000 4.923076923076923 0.46875
390000 4.538461538461538 0.484375
392000 4.961538461538462 0.515625
394000 4.961538461538462 0.75
396000 4.884615384615385 0.5625
398000 4.9423076923076925 0.5625
400000 4.9423076923076925 0.5625
402000 4.903846153846154 0.53125
404000 4.596153846153846 0.546875
406000 4.884615384615385 0.640625
408000 4.903846153846154 0.546875
410000 4.846153846153846 0.578125
412000 4.846153846153846 0.59375
414000 4.8076923076923075 0.53125
416000 4.923076923076923 0.5
418000 4.826923076923077 0.5
420000 4.903846153846154 0.515625
422000 4.903846153846154 0.515625
424000 4.884615384615385 0.671875
426000 4.884615384615385 0.765625
428000 4.884615384615385 0.5625
430000 4.9423076923076925 0.453125
432000 4.826923076923077 0.46875
434000 4.9423076923076925 0.515625
436000 4.9423076923076925 0.671875
438000 4.923076923076923 0.515625
440000 4.961538461538462 0.5625
442000 4.961538461538462 0.46875
444000 4.8076923076923075 0.59375
446000 4.769230769230769 0.484375
448000 4.923076923076923 0.5
450000 4.9423076923076925 0.578125
452000 4.9423076923076925 0.546875
454000 4.884615384615385 0.5625
456000 4.9423076923076925 0.640625
458000 4.6923076923076925 0.71875
460000 4.6923076923076925 0.546875
462000 4.903846153846154 0.71875
464000 4.788461538461538 0.671875
466000 4.961538461538462 0.78125
468000 4.9423076923076925 0.546875
470000 4.961538461538462 0.484375
472000 4.923076923076923 0.6875
474000 4.9423076923076925 0.53125
476000 4.9423076923076925 0.765625
478000 4.961538461538462 0.671875
480000 4.961538461538462 0.59375
482000 5.0 0.65625
484000 4.980769230769231 0.578125
486000 4.961538461538462 0.640625
488000 4.980769230769231 0.5
490000 4.961538461538462 0.640625
492000 4.961538461538462 0.515625
494000 4.961538461538462 0.640625
496000 4.961538461538462 0.609375
498000 4.961538461538462 0.546875
500000 4.961538461538462 0.5625
