2000 1.4038461538461537 0.703125
4000 1.3461538461538463 0.640625
6000 4.576923076923077 0.8125
8000 4.519230769230769 0.671875
10000 4.519230769230769 0.75
12000 4.538461538461538 0.640625
14000 4.519230769230769 0.640625
16000 4.519230769230769 0.640625
18000 4.153846153846154 0.515625
20000 4.403846153846154 0.6875
22000 4.519230769230769 0.625
24000 4.461538461538462 0.625
26000 4.519230769230769 0.65625
28000 4.596153846153846 0.703125
30000 4.615384615384615 0.5625
32000 4.538461538461538 0.578125
34000 4.519230769230769 0.578125
36000 4.596153846153846 0.5625
38000 4.615384615384615 0.609375
40000 4.576923076923077 0.734375
42000 4.596153846153846 0.671875
44000 4.576923076923077 0.671875
46000 4.576923076923077 0.8125
48000 4.538461538461538 0.625
50000 4.519230769230769 0.6875
52000 4.596153846153846 0.625
54000 4.5 0.8125
56000 4.519230769230769 0.609375
58000 4.519230769230769 0.5625
60000 4.519230769230769 0.609375
62000 4.576923076923077 0.671875
64000 4.519230769230769 0.625
66000 4.519230769230769 0.5
68000 4.519230769230769 0.6875
70000 4.596153846153846 0.5625
72000 4.576923076923077 0.546875
74000 4.576923076923077 0.75
76000 4.576923076923077 0.59375
78000 4.576923076923077 0.671875
80000 4.576923076923077 0.53125
82000 4.5576923076923075 0.703125
84000 4.5576923076923075 0.640625
86000 4.576923076923077 0.625
88000 4.461538461538462 0.546875
90000 4.519230769230769 0.53125
92000 4.519230769230769 0.515625
94000 4.596153846153846 0.46875
96000 4.519230769230769 0.609375
98000 4.5 0.65625
100000 4.538461538461538 0.5625
102000 4.4423076923076925 0.578125
104000 4.461538461538462 0.46875
106000 4.538461538461538 0.625
108000 4.596153846153846 0.640625
110000 4.576923076923077 0.640625
112000 4.576923076923077 0.53125
114000 4.5576923076923075 0.59375
116000 4.5576923076923075 0.625
118000 4.576923076923077 0.515625
120000 4.5576923076923075 0.484375
122000 4.596153846153846 0.5
124000 4.480769230769231 0.625
126000 4.5 0.53125
128000 4.5576923076923075 0.578125
130000 4.519230769230769 0.515625
132000 4.365384615384615 0.59375
134000 4.538461538461538 0.59375
136000 4.5 0.5625
138000 4.596153846153846 0.6875
140000 4.538461538461538 0.5625
142000 4.538461538461538 0.53125
144000 4.346153846153846 0.59375
146000 4.634615384615385 0.640625
148000 4.3076923076923075 0.671875
150000 4.5576923076923075 0.515625
152000 4.634615384615385 0.640625
154000 4.711538461538462 0.609375
156000 4.711538461538462 0.5625
158000 4.576923076923077 0.625
160000 4.596153846153846 0.515625
162000 4.5576923076923075 0.671875
164000 4.673076923076923 0.53125
166000 4.730769230769231 0.59375
168000 4.8076923076923075 0.53125
170000 4.730769230769231 0.734375
172000 4.711538461538462 0.53125
174000 4.711538461538462 0.65625
176000 4.634615384615385 0.5625
178000 4.653846153846154 0.484375
180000 4.5576923076923075 0.5625
182000 4.711538461538462 0.5625
184000 4.75 0.640625
186000 4.653846153846154 0.671875
188000 4.769230769230769 0.5625
190000 4.75 0.4375
192000 4.788461538461538 0.4375
194000 4.730769230769231 0.4375
196000 4.769230769230769 0.4375
198000 4.75 0.484375
200000 4.75 0.375
202000 4.653846153846154 0.609375
204000 4.75 0.453125
206000 4.730769230769231 0.4375
208000 4.769230769230769 0.484375
210000 4.653846153846154 0.34375
212000 4.538461538461538 0.421875
214000 4.711538461538462 0.375
216000 4.6923076923076925 0.328125
218000 4.6923076923076925 0.359375
220000 4.788461538461538 0.40625
222000 4.846153846153846 0.421875
224000 4.75 0.34375
226000 4.730769230769231 0.40625
228000 4.730769230769231 0.375
230000 4.788461538461538 0.4375
232000 4.75 0.421875
234000 4.769230769230769 0.53125
236000 4.788461538461538 0.34375
238000 4.788461538461538 0.421875
240000 4.9423076923076925 0.375
242000 4.75 0.375
244000 4.75 0.5
246000 4.769230769230769 0.375
248000 4.826923076923077 0.453125
250000 4.788461538461538 0.40625
252000 4.75 0.359375
254000 4.884615384615385 0.375
256000 4.826923076923077 0.40625
258000 4.75 0.390625
260000 4.865384615384615 0.328125
262000 4.961538461538462 0.390625
264000 5.019230769230769 0.453125
266000 5.019230769230769 0.59375
268000 5.019230769230769 0.3125
270000 4.961538461538462 0.34375
272000 4.846153846153846 0.3125
274000 4.961538461538462 0.390625
276000 4.846153846153846 0.5
278000 4.865384615384615 0.5625
280000 4.980769230769231 0.375
282000 4.826923076923077 0.40625
284000 4.961538461538462 0.4375
286000 4.884615384615385 0.53125
288000 4.884615384615385 0.4375
290000 4.865384615384615 0.359375
292000 4.865384615384615 0.421875
294000 4.923076923076923 0.453125
296000 4.903846153846154 0.4375
298000 4.865384615384615 0.453125
300000 4.923076923076923 0.40625
302000 4.923076923076923 0.359375
304000 4.865384615384615 0.3125
306000 4.865384615384615 0.359375
308000 4.865384615384615 0.46875
310000 4.846153846153846 0.375
312000 4.846153846153846 0.734375
314000 4.865384615384615 0.359375
316000 4.826923076923077 0.609375
318000 4.8076923076923075 0.515625
320000 4.884615384615385 0.765625
322000 4.846153846153846 0.65625
324000 4.884615384615385 0.796875
326000 4.923076923076923 0.75
328000 4.884615384615385 0.78125
330000 4.903846153846154 0.6875
332000 4.923076923076923 0.5625
334000 4.923076923076923 0.53125
336000 4.884615384615385 0.546875
338000 4.903846153846154 0.734375
340000 4.923076923076923 0.578125
342000 4.865384615384615 0.671875
344000 4.8076923076923075 0.625
346000 4.846153846153846 0.71875
348000 4.8076923076923075 0.71875
350000 4.6923076923076925 0.546875
352000 4.596153846153846 0.5625
354000 4.6923076923076925 0.59375
356000 4.673076923076923 0.609375
358000 4.730769230769231 0.546875
360000 4.6923076923076925 0.671875
362000 4.653846153846154 0.78125
364000 4.211538461538462 0.625
366000 4.634615384615385 0.640625
368000 4.403846153846154 0.515625
370000 4.615384615384615 0.6875
372000 4.6923076923076925 0.625
374000 4.769230769230769 0.53125
376000 4.75 0.5
378000 4.8076923076923075 0.546875
380000 4.730769230769231 0.5625
382000 4.615384615384615 0.609375
384000 4.846153846153846 0.515625
386000 4.846153846153846 0.75
388000 4.75 0.609375
390000 4.6923076923076925 0.671875
392000 4.730769230769231 0.59375
394000 4.865384615384615 0.625
396000 4.75 0.59375
398000 4.846153846153846 0.53125
400000 4.826923076923077 0.546875
402000 5.0 0.578125
404000 4.923076923076923 0.65625
406000 5.0576923076923075 0.625
408000 4.884615384615385 0.671875
410000 4.865384615384615 0.546875
412000 4.884615384615385 0.5625
414000 4.865384615384615 0.640625
416000 4.865384615384615 0.5
418000 4.826923076923077 0.65625
420000 4.846153846153846 0.53125
422000 4.826923076923077 0.8125
424000 4.903846153846154 0.546875
426000 4.769230769230769 0.765625
428000 4.769230769230769 0.546875
430000 4.711538461538462 0.609375
432000 5.0 0.5625
434000 4.846153846153846 0.5625
436000 4.788461538461538 0.59375
438000 4.923076923076923 0.59375
440000 4.9423076923076925 0.53125
442000 4.8076923076923075 0.515625
444000 4.826923076923077 0.53125
446000 4.846153846153846 0.5625
448000 4.826923076923077 0.578125
450000 4.846153846153846 0.640625
452000 4.8076923076923075 0.71875
454000 4.865384615384615 0.5
456000 4.788461538461538 0.5
458000 4.769230769230769 0.640625
460000 4.8076923076923075 0.5
462000 4.788461538461538 0.609375
464000 4.769230769230769 0.5
466000 4.8076923076923075 0.46875
468000 4.769230769230769 0.578125
470000 4.769230769230769 0.515625
472000 4.8076923076923075 0.6875
474000 4.769230769230769 0.53125
476000 4.769230769230769 0.640625
478000 4.788461538461538 0.5
480000 4.769230769230769 0.765625
482000 4.826923076923077 0.6875
484000 4.826923076923077 0.515625
486000 4.8076923076923075 0.453125
488000 4.788461538461538 0.515625
490000 4.75 0.6875
492000 4.788461538461538 0.671875
494000 4.769230769230769 0.46875
496000 4.788461538461538 0.484375
498000 4.8076923076923075 0.640625
500000 4.8076923076923075 0.59375
