2000 1.5384615384615385 0.125
4000 1.4230769230769231 0.140625
6000 4.403846153846154 0.21875
8000 4.519230769230769 0.25
10000 4.519230769230769 0.265625
12000 4.519230769230769 0.125
14000 4.519230769230769 0.109375
16000 4.519230769230769 0.125
18000 4.461538461538462 0.25
20000 4.519230769230769 0.3125
22000 4.461538461538462 0.125
24000 4.596153846153846 0.109375
26000 4.596153846153846 0.15625
28000 4.538461538461538 0.203125
30000 4.615384615384615 0.265625
32000 4.615384615384615 0.15625
34000 4.596153846153846 0.15625
36000 4.576923076923077 0.140625
38000 4.596153846153846 0.171875
40000 4.365384615384615 0.296875
42000 4.288461538461538 0.34375
44000 4.230769230769231 0.109375
46000 4.230769230769231 0.125
48000 4.596153846153846 0.140625
50000 4.480769230769231 0.265625
52000 4.4423076923076925 0.296875
54000 4.5 0.140625
56000 4.4423076923076925 0.125
58000 4.538461538461538 0.140625
60000 4.615384615384615 0.21875
62000 4.480769230769231 0.3125
64000 4.5 0.125
66000 4.4423076923076925 0.1875
68000 4.4423076923076925 0.125
70000 4.519230769230769 0.1875
72000 4.5576923076923075 0.265625
74000 4.615384615384615 0.28125
76000 4.634615384615385 0.109375
78000 4.461538461538462 0.109375
80000 4.576923076923077 0.15625
82000 4.519230769230769 0.21875
84000 4.576923076923077 0.3125
86000 4.538461538461538 0.125
88000 4.480769230769231 0.140625
90000 4.5 0.171875
92000 4.634615384615385 0.203125
94000 4.615384615384615 0.296875
96000 4.634615384615385 0.125
98000 4.423076923076923 0.109375
100000 4.5 0.125
102000 4.634615384615385 0.140625
104000 4.5576923076923075 0.359375
106000 4.5576923076923075 0.3125
108000 4.423076923076923 0.140625
110000 4.615384615384615 0.109375
112000 4.634615384615385 0.171875
114000 4.519230769230769 0.21875
116000 4.5576923076923075 0.296875
118000 4.576923076923077 0.109375
120000 4.461538461538462 0.125
122000 4.634615384615385 0.171875
124000 4.5576923076923075 0.21875
126000 4.4423076923076925 0.28125
128000 4.788461538461538 0.125
130000 4.346153846153846 0.125
132000 4.538461538461538 0.109375
134000 4.730769230769231 0.1875
136000 4.769230769230769 0.328125
138000 4.75 0.359375
140000 4.711538461538462 0.203125
142000 4.769230769230769 0.125
144000 4.6923076923076925 0.125
146000 4.461538461538462 0.21875
148000 4.423076923076923 0.3125
150000 4.461538461538462 0.125
152000 4.6923076923076925 0.125
154000 4.673076923076923 0.203125
156000 4.75 0.25
158000 4.5576923076923075 0.265625
160000 4.5576923076923075 0.140625
162000 4.6923076923076925 0.109375
164000 4.6923076923076925 0.09375
166000 4.673076923076923 0.203125
168000 4.596153846153846 0.28125
170000 4.384615384615385 0.390625
172000 4.5 0.125
174000 4.6923076923076925 0.125
176000 4.769230769230769 0.203125
178000 4.788461538461538 0.203125
180000 4.538461538461538 0.296875
182000 4.711538461538462 0.140625
184000 4.6923076923076925 0.109375
186000 4.480769230769231 0.109375
188000 4.346153846153846 0.1875
190000 4.634615384615385 0.328125
192000 4.538461538461538 0.125
194000 4.673076923076923 0.109375
196000 4.615384615384615 0.15625
198000 4.730769230769231 0.203125
200000 4.711538461538462 0.265625
202000 4.673076923076923 0.375
204000 4.519230769230769 0.1875
206000 4.75 0.15625
208000 4.576923076923077 0.125
210000 4.596153846153846 0.25
212000 4.653846153846154 0.28125
214000 4.423076923076923 0.125
216000 4.288461538461538 0.125
218000 4.5576923076923075 0.125
220000 4.6923076923076925 0.265625
222000 4.653846153846154 0.25
224000 4.538461538461538 0.140625
226000 4.634615384615385 0.125
228000 4.653846153846154 0.140625
230000 4.596153846153846 0.15625
232000 4.634615384615385 0.265625
234000 4.634615384615385 0.3125
236000 4.673076923076923 0.125
238000 4.538461538461538 0.25
240000 4.826923076923077 0.1875
242000 4.711538461538462 0.25
244000 4.8076923076923075 0.3125
246000 4.6923076923076925 0.140625
248000 4.711538461538462 0.15625
250000 4.673076923076923 0.140625
252000 4.711538461538462 0.234375
254000 4.711538461538462 0.296875
256000 4.673076923076923 0.21875
258000 4.6923076923076925 0.1875
260000 4.75 0.125
262000 4.75 0.140625
264000 4.711538461538462 0.25
266000 4.596153846153846 0.3125
268000 4.615384615384615 0.140625
270000 4.6923076923076925 0.125
272000 4.596153846153846 0.1875
274000 4.711538461538462 0.21875
276000 4.730769230769231 0.28125
278000 4.769230769230769 0.109375
280000 4.788461538461538 0.125
282000 4.846153846153846 0.171875
284000 4.826923076923077 0.203125
286000 4.673076923076923 0.3125
288000 4.730769230769231 0.15625
290000 4.711538461538462 0.109375
292000 4.653846153846154 0.140625
294000 4.6923076923076925 0.171875
296000 4.6923076923076925 0.25
298000 4.615384615384615 0.28125
300000 4.653846153846154 0.203125
302000 4.846153846153846 0.109375
304000 4.634615384615385 0.125
306000 4.538461538461538 0.21875
308000 4.653846153846154 0.34375
310000 4.634615384615385 0.140625
312000 4.653846153846154 0.140625
314000 4.6923076923076925 0.109375
316000 4.6923076923076925 0.203125
318000 4.576923076923077 0.28125
320000 4.8076923076923075 0.109375
322000 4.6923076923076925 0.125
324000 4.673076923076923 0.21875
326000 4.711538461538462 0.15625
328000 4.538461538461538 0.3125
330000 4.576923076923077 0.296875
332000 4.5 0.15625
334000 4.75 0.109375
336000 4.596153846153846 0.125
338000 4.596153846153846 0.265625
340000 4.8076923076923075 0.328125
342000 4.711538461538462 0.15625
344000 4.6923076923076925 0.125
346000 4.75 0.15625
348000 4.596153846153846 0.203125
350000 4.461538461538462 0.28125
352000 4.5 0.109375
354000 4.634615384615385 0.125
356000 4.576923076923077 0.109375
358000 4.480769230769231 0.1875
360000 4.576923076923077 0.25
362000 4.5 0.28125
364000 4.480769230769231 0.125
366000 4.461538461538462 0.125
368000 4.538461538461538 0.1875
370000 4.826923076923077 0.21875
372000 4.826923076923077 0.3125
374000 4.923076923076923 0.125
376000 4.846153846153846 0.109375
378000 4.923076923076923 0.140625
380000 4.826923076923077 0.234375
382000 4.769230769230769 0.3125
384000 4.8076923076923075 0.125
386000 4.711538461538462 0.109375
388000 4.730769230769231 0.140625
390000 4.788461538461538 0.203125
392000 4.788461538461538 0.1875
394000 4.75 0.375
396000 4.6923076923076925 0.109375
398000 4.673076923076923 0.125
400000 4.711538461538462 0.125
402000 4.730769230769231 0.234375
404000 4.826923076923077 0.3125
406000 4.673076923076923 0.125
408000 4.75 0.140625
410000 4.653846153846154 0.125
412000 4.865384615384615 0.203125
414000 4.769230769230769 0.296875
416000 4.711538461538462 0.140625
418000 4.711538461538462 0.125
420000 4.711538461538462 0.125
422000 4.653846153846154 0.15625
424000 4.826923076923077 0.21875
426000 4.6923076923076925 0.34375
428000 4.730769230769231 0.171875
430000 4.730769230769231 0.125
432000 4.711538461538462 0.140625
434000 4.75 0.203125
436000 4.730769230769231 0.296875
438000 4.75 0.140625
440000 4.75 0.125
442000 4.5576923076923075 0.140625
444000 4.538461538461538 0.203125
446000 4.75 0.25
448000 4.769230769230769 0.140625
450000 4.8076923076923075 0.109375
452000 4.788461538461538 0.140625
454000 4.730769230769231 0.203125
456000 4.769230769230769 0.28125
458000 4.615384615384615 0.28125
460000 4.653846153846154 0.1875
462000 4.730769230769231 0.15625
464000 4.711538461538462 0.15625
466000 4.711538461538462 0.21875
468000 4.730769230769231 0.3125
470000 4.730769230769231 0.125
472000 4.8076923076923075 0.109375
474000 4.75 0.125
476000 4.730769230769231 0.1875
478000 4.730769230769231 0.296875
480000 4.846153846153846 0.125
482000 4.846153846153846 0.125
484000 4.846153846153846 0.125
486000 4.865384615384615 0.203125
488000 4.884615384615385 0.265625
490000 4.865384615384615 0.265625
492000 4.75 0.125
494000 4.788461538461538 0.171875
496000 4.884615384615385 0.171875
498000 4.884615384615385 0.234375
500000 4.884615384615385 0.296875
