2000 1.0384615384615385 0.109375
4000 1.1153846153846154 0.140625
6000 1.6538461538461537 0.140625
8000 1.6538461538461537 0.21875
10000 1.6538461538461537 0.1875
12000 1.6538461538461537 0.140625
14000 1.6538461538461537 0.140625
16000 1.75 0.109375
18000 1.6346153846153846 0.171875
20000 1.6923076923076923 0.28125
22000 1.6730769230769231 0.140625
24000 1.6730769230769231 0.109375
26000 1.6730769230769231 0.140625
28000 1.6923076923076923 0.15625
30000 1.75 0.1875
32000 1.6730769230769231 0.140625
34000 1.6730769230769231 0.125
36000 1.6730769230769231 0.125
38000 1.6730769230769231 0.125
40000 1.6923076923076923 0.1875
42000 1.6730769230769231 0.296875
44000 1.6923076923076923 0.125
46000 1.6923076923076923 0.171875
48000 1.6923076923076923 0.125
50000 1.7115384615384615 0.15625
52000 1.6923076923076923 0.28125
54000 1.6923076923076923 0.140625
56000 1.6538461538461537 0.109375
58000 1.7115384615384615 0.109375
60000 1.7115384615384615 0.140625
62000 1.6923076923076923 0.203125
64000 1.6730769230769231 0.140625
66000 1.6923076923076923 0.171875
68000 1.6538461538461537 0.109375
70000 1.6730769230769231 0.109375
72000 1.6923076923076923 0.234375
74000 1.6730769230769231 0.265625
76000 1.6153846153846154 0.140625
78000 1.6153846153846154 0.125
80000 1.5961538461538463 0.125
82000 1.6153846153846154 0.1875
84000 1.6730769230769231 0.1875
86000 1.6730769230769231 0.21875
88000 1.6730769230769231 0.140625
90000 1.6153846153846154 0.140625
92000 1.6923076923076923 0.140625
94000 1.6923076923076923 0.25
96000 1.7115384615384615 0.15625
98000 1.6923076923076923 0.15625
100000 1.6923076923076923 0.140625
102000 1.6730769230769231 0.15625
104000 1.6730769230769231 0.234375
106000 1.6923076923076923 0.25
108000 1.6923076923076923 0.140625
110000 1.7115384615384615 0.125
112000 1.7115384615384615 0.21875
114000 1.7115384615384615 0.140625
116000 1.7115384615384615 0.265625
118000 1.7115384615384615 0.15625
120000 1.7115384615384615 0.125
122000 1.7115384615384615 0.15625
124000 1.7115384615384615 0.171875
126000 1.7307692307692308 0.21875
128000 1.6923076923076923 0.140625
130000 1.75 0.140625
132000 1.6730769230769231 0.171875
134000 1.6923076923076923 0.15625
136000 1.6923076923076923 0.15625
138000 1.7307692307692308 0.3125
140000 1.7115384615384615 0.15625
142000 1.75 0.1875
144000 1.7115384615384615 0.09375
146000 1.7307692307692308 0.140625
148000 1.7884615384615385 0.21875
150000 1.7884615384615385 0.125
152000 1.7884615384615385 0.171875
154000 1.7692307692307692 0.125
156000 1.8269230769230769 0.125
158000 1.8269230769230769 0.25
160000 1.9038461538461537 0.125
162000 1.8269230769230769 0.125
164000 1.8461538461538463 0.21875
166000 1.8269230769230769 0.125
168000 1.8461538461538463 0.21875
170000 1.8269230769230769 0.28125
172000 1.8076923076923077 0.171875
174000 1.8653846153846154 0.125
176000 1.8461538461538463 0.21875
178000 1.8269230769230769 0.171875
180000 1.8076923076923077 0.203125
182000 1.8653846153846154 0.1875
184000 1.8269230769230769 0.171875
186000 1.8076923076923077 0.1875
188000 1.8269230769230769 0.140625
190000 1.75 0.21875
192000 1.75 0.15625
194000 1.8653846153846154 0.15625
196000 1.7692307692307692 0.15625
198000 1.8846153846153846 0.140625
200000 1.8269230769230769 0.203125
202000 1.8846153846153846 0.265625
204000 1.8461538461538463 0.203125
206000 1.8846153846153846 0.171875
208000 1.8653846153846154 0.203125
210000 1.9423076923076923 0.171875
212000 1.8653846153846154 0.234375
214000 1.8846153846153846 0.15625
216000 1.8653846153846154 0.15625
218000 1.8846153846153846 0.109375
220000 1.8653846153846154 0.125
222000 1.8076923076923077 0.234375
224000 1.8653846153846154 0.140625
226000 1.9230769230769231 0.140625
228000 1.9423076923076923 0.140625
230000 1.9230769230769231 0.125
232000 1.9230769230769231 0.203125
234000 1.9230769230769231 0.28125
236000 1.9230769230769231 0.15625
238000 1.9807692307692308 0.125
240000 1.9230769230769231 0.125
242000 1.9615384615384615 0.171875
244000 1.9230769230769231 0.265625
246000 1.9230769230769231 0.125
248000 1.9615384615384615 0.140625
250000 1.9230769230769231 0.171875
252000 1.8846153846153846 0.140625
254000 1.9230769230769231 0.234375
256000 1.9615384615384615 0.171875
258000 1.9230769230769231 0.1875
260000 1.9230769230769231 0.171875
262000 1.9038461538461537 0.140625
264000 1.8846153846153846 0.1875
266000 1.7884615384615385 0.296875
268000 1.8846153846153846 0.109375
270000 1.7307692307692308 0.15625
272000 1.9230769230769231 0.140625
274000 1.7884615384615385 0.140625
276000 1.9423076923076923 0.25
278000 1.7884615384615385 0.125
280000 1.8461538461538463 0.109375
282000 1.9230769230769231 0.125
284000 1.8653846153846154 0.125
286000 1.9230769230769231 0.234375
288000 1.9615384615384615 0.109375
290000 1.9807692307692308 0.125
292000 1.9230769230769231 0.109375
294000 1.9038461538461537 0.09375
296000 1.8846153846153846 0.203125
298000 1.9038461538461537 0.265625
300000 1.8461538461538463 0.140625
302000 1.8461538461538463 0.125
304000 1.9230769230769231 0.109375
306000 1.9230769230769231 0.15625
308000 1.8846153846153846 0.28125
310000 1.9230769230769231 0.15625
312000 1.9423076923076923 0.140625
314000 1.9423076923076923 0.125
316000 1.9423076923076923 0.203125
318000 1.9423076923076923 0.21875
320000 1.8846153846153846 0.125
322000 1.9615384615384615 0.109375
324000 1.9615384615384615 0.140625
326000 1.9615384615384615 0.125
328000 2.0 0.21875
330000 1.9423076923076923 0.265625
332000 1.8846153846153846 0.109375
334000 1.9038461538461537 0.125
336000 1.9230769230769231 0.140625
338000 2.0 0.171875
340000 1.9615384615384615 0.28125
342000 1.9615384615384615 0.140625
344000 1.9423076923076923 0.140625
346000 1.9230769230769231 0.125
348000 1.8846153846153846 0.15625
350000 1.8846153846153846 0.203125
352000 1.8653846153846154 0.140625
354000 1.9038461538461537 0.125
356000 1.9423076923076923 0.109375
358000 1.9423076923076923 0.109375
360000 1.9423076923076923 0.171875
362000 1.9615384615384615 0.28125
364000 1.9038461538461537 0.140625
366000 1.9230769230769231 0.09375
368000 1.9038461538461537 0.109375
370000 1.9423076923076923 0.15625
372000 1.9230769230769231 0.265625
374000 1.9230769230769231 0.140625
376000 1.8846153846153846 0.125
378000 1.9423076923076923 0.171875
380000 1.9423076923076923 0.15625
382000 1.9423076923076923 0.234375
384000 1.9230769230769231 0.140625
386000 1.9615384615384615 0.109375
388000 1.9615384615384615 0.140625
390000 1.9807692307692308 0.140625
392000 1.9615384615384615 0.203125
394000 1.9423076923076923 0.28125
396000 1.9807692307692308 0.125
398000 1.9807692307692308 0.09375
400000 1.9807692307692308 0.125
402000 1.9615384615384615 0.140625
404000 1.9615384615384615 0.265625
406000 1.9423076923076923 0.125
408000 1.9615384615384615 0.15625
410000 1.9230769230769231 0.125
412000 1.9615384615384615 0.15625
414000 1.9615384615384615 0.234375
416000 1.9615384615384615 0.09375
418000 1.9230769230769231 0.109375
420000 1.9230769230769231 0.140625
422000 1.9230769230769231 0.140625
424000 1.9423076923076923 0.234375
426000 1.9230769230769231 0.265625
428000 1.9038461538461537 0.140625
430000 1.9038461538461537 0.140625
432000 1.9230769230769231 0.140625
434000 1.9423076923076923 0.171875
436000 2.0 0.28125
438000 1.9423076923076923 0.109375
440000 1.9423076923076923 0.125
442000 1.9230769230769231 0.140625
444000 1.9423076923076923 0.140625
446000 1.9615384615384615 0.25
448000 1.9615384615384615 0.109375
450000 1.9615384615384615 0.140625
452000 1.9230769230769231 0.125
454000 1.9807692307692308 0.15625
456000 1.9423076923076923 0.21875
458000 1.9615384615384615 0.25
460000 1.9615384615384615 0.125
462000 1.9615384615384615 0.140625
464000 1.9615384615384615 0.109375
466000 1.9423076923076923 0.1875
468000 1.9423076923076923 0.296875
470000 1.9423076923076923 0.125
472000 1.9423076923076923 0.140625
474000 1.9423076923076923 0.140625
476000 1.9423076923076923 0.171875
478000 1.9230769230769231 0.25
480000 1.9230769230769231 0.125
482000 1.9230769230769231 0.15625
484000 1.9230769230769231 0.125
486000 1.9423076923076923 0.109375
488000 1.9423076923076923 0.21875
490000 1.9423076923076923 0.265625
492000 1.9423076923076923 0.109375
494000 1.9423076923076923 0.078125
496000 1.9423076923076923 0.125
498000 1.9423076923076923 0.1875
500000 1.9423076923076923 0.203125
