2000 0.36538461538461536 0.21875
4000 0.6538461538461539 0.21875
6000 1.0961538461538463 0.21875
8000 1.3076923076923077 0.234375
10000 1.3076923076923077 0.25
12000 1.3846153846153846 0.25
14000 1.5769230769230769 0.28125
16000 1.5961538461538463 0.28125
18000 1.5961538461538463 0.28125
20000 1.6730769230769231 0.28125
22000 1.6730769230769231 0.296875
24000 1.75 0.328125
26000 1.75 0.296875
28000 1.7307692307692308 0.296875
30000 1.75 0.28125
32000 1.7307692307692308 0.25
34000 1.7884615384615385 0.296875
36000 1.8076923076923077 0.265625
38000 1.8076923076923077 0.265625
40000 1.8076923076923077 0.265625
42000 1.8076923076923077 0.265625
44000 1.8076923076923077 0.265625
46000 1.8076923076923077 0.25
48000 1.8076923076923077 0.28125
50000 1.8076923076923077 0.265625
52000 1.7692307692307692 0.25
54000 1.7692307692307692 0.25
56000 1.8269230769230769 0.25
58000 1.7692307692307692 0.28125
60000 1.75 0.265625
62000 1.75 0.28125
64000 1.8076923076923077 0.1875
66000 1.8076923076923077 0.1875
68000 1.8076923076923077 0.234375
70000 1.7692307692307692 0.1875
72000 1.7692307692307692 0.171875
74000 1.7692307692307692 0.1875
76000 1.75 0.234375
78000 1.75 0.1875
80000 1.75 0.171875
82000 1.75 0.15625
84000 1.75 0.15625
86000 1.75 0.15625
88000 1.75 0.15625
90000 1.75 0.15625
92000 1.75 0.15625
94000 1.7884615384615385 0.125
96000 1.8461538461538463 0.25
98000 1.8269230769230769 0.25
100000 1.8846153846153846 0.234375
102000 1.8461538461538463 0.25
104000 1.8076923076923077 0.25
106000 1.8653846153846154 0.234375
108000 1.8653846153846154 0.296875
110000 1.8653846153846154 0.25
112000 1.8653846153846154 0.25
114000 1.8846153846153846 0.28125
116000 1.8846153846153846 0.296875
118000 1.8846153846153846 0.25
120000 1.9230769230769231 0.28125
122000 1.9230769230769231 0.296875
124000 1.9230769230769231 0.265625
126000 1.9230769230769231 0.265625
128000 1.9230769230769231 0.28125
130000 1.9230769230769231 0.3125
132000 1.9038461538461537 0.28125
134000 1.8461538461538463 0.28125
136000 1.8461538461538463 0.265625
138000 1.8461538461538463 0.296875
140000 1.8461538461538463 0.265625
142000 1.8846153846153846 0.265625
144000 1.8461538461538463 0.28125
146000 1.8461538461538463 0.21875
148000 1.8269230769230769 0.265625
150000 1.8076923076923077 0.265625
152000 1.8846153846153846 0.25
154000 1.8846153846153846 0.28125
156000 1.8461538461538463 0.359375
158000 1.8846153846153846 0.34375
160000 1.8461538461538463 0.390625
162000 1.8461538461538463 0.390625
164000 1.8461538461538463 0.296875
166000 1.8461538461538463 0.359375
168000 1.8269230769230769 0.390625
170000 1.8269230769230769 0.359375
172000 1.8269230769230769 0.390625
174000 1.8269230769230769 0.40625
176000 1.8461538461538463 0.375
178000 1.8653846153846154 0.421875
180000 1.8653846153846154 0.390625
182000 1.8653846153846154 0.390625
184000 1.8653846153846154 0.375
186000 1.8653846153846154 0.34375
188000 1.8846153846153846 0.359375
190000 1.8461538461538463 0.34375
192000 1.9423076923076923 0.359375
194000 1.9423076923076923 0.390625
196000 1.9230769230769231 0.3125
198000 1.9230769230769231 0.375
200000 1.8846153846153846 0.390625
202000 1.9230769230769231 0.359375
204000 1.8269230769230769 0.359375
206000 1.8653846153846154 0.40625
208000 1.8461538461538463 0.375
210000 1.8653846153846154 0.359375
212000 1.8846153846153846 0.375
214000 1.8653846153846154 0.375
216000 1.9038461538461537 0.40625
218000 1.9423076923076923 0.390625
220000 1.9423076923076923 0.40625
222000 1.9423076923076923 0.359375
224000 1.9423076923076923 0.375
226000 1.9038461538461537 0.375
228000 1.9230769230769231 0.375
230000 1.9423076923076923 0.390625
232000 1.9423076923076923 0.390625
234000 1.9038461538461537 0.390625
236000 1.9038461538461537 0.375
238000 1.8461538461538463 0.359375
240000 1.8653846153846154 0.375
242000 1.9038461538461537 0.359375
244000 1.9807692307692308 0.375
246000 1.9423076923076923 0.390625
248000 1.9807692307692308 0.375
250000 1.9807692307692308 0.390625
252000 1.9615384615384615 0.40625
254000 1.9807692307692308 0.4375
256000 1.9807692307692308 0.4375
258000 1.9615384615384615 0.4375
260000 1.9615384615384615 0.453125
262000 2.019230769230769 0.4375
264000 1.9615384615384615 0.390625
266000 2.0 0.390625
268000 2.0 0.375
270000 2.0 0.421875
272000 1.9423076923076923 0.375
274000 1.9807692307692308 0.375
276000 2.0 0.359375
278000 2.019230769230769 0.34375
280000 2.019230769230769 0.359375
282000 2.0 0.359375
284000 1.9807692307692308 0.328125
286000 1.9615384615384615 0.375
288000 1.9807692307692308 0.40625
290000 1.9807692307692308 0.375
292000 1.9807692307692308 0.359375
294000 2.019230769230769 0.390625
296000 2.019230769230769 0.421875
298000 2.0 0.421875
300000 2.0 0.4375
302000 1.9807692307692308 0.421875
304000 1.9807692307692308 0.421875
306000 2.0 0.421875
308000 2.0 0.375
310000 1.9615384615384615 0.390625
312000 1.9807692307692308 0.390625
314000 2.0 0.359375
316000 2.0 0.390625
318000 2.0 0.40625
320000 2.0 0.359375
322000 2.0 0.390625
324000 2.0384615384615383 0.359375
326000 1.9807692307692308 0.40625
328000 1.9807692307692308 0.375
330000 1.9807692307692308 0.390625
332000 1.9615384615384615 0.421875
334000 2.019230769230769 0.40625
336000 2.0 0.40625
338000 2.0 0.375
340000 2.0 0.4375
342000 2.0 0.421875
344000 2.019230769230769 0.421875
346000 2.0384615384615383 0.40625
348000 2.0 0.359375
350000 2.0 0.375
352000 2.019230769230769 0.34375
354000 2.019230769230769 0.375
356000 2.019230769230769 0.390625
358000 2.019230769230769 0.359375
360000 2.019230769230769 0.375
362000 2.0 0.390625
364000 2.0 0.390625
366000 2.0 0.375
368000 2.0 0.390625
370000 1.9615384615384615 0.34375
372000 1.9423076923076923 0.390625
374000 1.9423076923076923 0.390625
376000 2.019230769230769 0.390625
378000 2.019230769230769 0.375
380000 2.019230769230769 0.390625
382000 2.0 0.40625
384000 2.019230769230769 0.40625
386000 1.9807692307692308 0.390625
388000 1.9807692307692308 0.359375
390000 1.9615384615384615 0.359375
392000 1.9615384615384615 0.359375
394000 1.9423076923076923 0.390625
396000 1.9423076923076923 0.421875
398000 2.0 0.421875
400000 1.9615384615384615 0.40625
402000 1.9615384615384615 0.40625
404000 2.0 0.390625
406000 2.0 0.375
408000 2.019230769230769 0.421875
410000 1.9807692307692308 0.4375
412000 2.019230769230769 0.375
414000 2.019230769230769 0.359375
416000 2.019230769230769 0.40625
418000 2.0 0.390625
420000 1.9615384615384615 0.390625
422000 1.9807692307692308 0.359375
424000 1.9615384615384615 0.359375
426000 1.9807692307692308 0.40625
428000 1.9807692307692308 0.390625
430000 1.9423076923076923 0.40625
432000 2.0 0.375
434000 1.9615384615384615 0.34375
436000 1.9615384615384615 0.359375
438000 1.9423076923076923 0.34375
440000 1.9615384615384615 0.390625
442000 1.9423076923076923 0.421875
444000 1.9615384615384615 0.421875
446000 1.9615384615384615 0.421875
448000 1.9423076923076923 0.40625
450000 1.9423076923076923 0.4375
452000 1.9423076923076923 0.421875
454000 1.9615384615384615 0.421875
456000 1.9807692307692308 0.421875
458000 1.9423076923076923 0.40625
460000 1.9807692307692308 0.421875
462000 1.9615384615384615 0.421875
464000 1.9807692307692308 0.40625
466000 2.019230769230769 0.421875
468000 1.9807692307692308 0.421875
470000 1.9807692307692308 0.34375
472000 2.0 0.40625
474000 1.9807692307692308 0.40625
476000 1.9615384615384615 0.4375
478000 1.9615384615384615 0.4375
480000 1.9615384615384615 0.40625
482000 1.9615384615384615 0.34375
484000 1.9615384615384615 0.421875
486000 1.9423076923076923 0.390625
488000 1.9807692307692308 0.40625
490000 1.9807692307692308 0.40625
492000 1.9807692307692308 0.390625
494000 2.0 0.390625
496000 2.0 0.40625
498000 2.0384615384615383 0.359375
500000 2.019230769230769 0.375
