2000 0.21153846153846154 0.0625
4000 0.8269230769230769 0.078125
6000 1.0769230769230769 0.125
8000 1.0769230769230769 0.140625
10000 1.0769230769230769 0.125
12000 1.0769230769230769 0.0625
14000 1.0769230769230769 0.078125
16000 1.0769230769230769 0.125
18000 1.0769230769230769 0.125
20000 1.0769230769230769 0.109375
22000 1.0769230769230769 0.09375
24000 1.0769230769230769 0.0625
26000 1.0769230769230769 0.09375
28000 1.0769230769230769 0.125
30000 1.0769230769230769 0.125
32000 1.0769230769230769 0.078125
34000 1.0769230769230769 0.0625
36000 1.0769230769230769 0.046875
38000 1.0769230769230769 0.09375
40000 1.0769230769230769 0.109375
42000 1.0769230769230769 0.125
44000 1.0769230769230769 0.0625
46000 1.0769230769230769 0.0625
48000 1.0769230769230769 0.09375
50000 1.0769230769230769 0.15625
52000 1.0769230769230769 0.125
54000 1.0769230769230769 0.046875
56000 1.0769230769230769 0.046875
58000 1.0576923076923077 0.078125
60000 1.0769230769230769 0.140625
62000 1.0769230769230769 0.140625
64000 1.0769230769230769 0.078125
66000 1.0769230769230769 0.0625
68000 1.0769230769230769 0.0625
70000 1.0769230769230769 0.125
72000 1.0769230769230769 0.125
74000 1.0769230769230769 0.0625
76000 1.0769230769230769 0.046875
78000 1.0769230769230769 0.0625
80000 1.0769230769230769 0.125
82000 1.0769230769230769 0.109375
84000 1.0769230769230769 0.15625
86000 1.0769230769230769 0.0625
88000 1.0769230769230769 0.0625
90000 1.0769230769230769 0.109375
92000 1.0769230769230769 0.125
94000 1.0769230769230769 0.046875
96000 1.0769230769230769 0.0625
98000 1.0769230769230769 0.0625
100000 1.0769230769230769 0.078125
102000 1.0769230769230769 0.125
104000 1.0769230769230769 0.09375
106000 1.0769230769230769 0.140625
108000 1.0769230769230769 0.046875
110000 1.0769230769230769 0.0625
112000 1.0769230769230769 0.125
114000 1.0769230769230769 0.078125
116000 1.0769230769230769 0.125
118000 1.0769230769230769 0.0625
120000 1.0769230769230769 0.0625
122000 1.0769230769230769 0.109375
124000 1.0769230769230769 0.125
126000 1.0769230769230769 0.125
128000 1.0769230769230769 0.078125
130000 1.0769230769230769 0.046875
132000 1.0769230769230769 0.0625
134000 1.0769230769230769 0.09375
136000 1.0769230769230769 0.109375
138000 1.0769230769230769 0.109375
140000 1.0769230769230769 0.0625
142000 1.0769230769230769 0.109375
144000 1.0769230769230769 0.125
146000 1.0769230769230769 0.109375
148000 1.0769230769230769 0.125
150000 1.0769230769230769 0.046875
152000 1.0769230769230769 0.0625
154000 1.0769230769230769 0.0625
156000 1.0769230769230769 0.125
158000 1.0769230769230769 0.109375
160000 1.0769230769230769 0.0625
162000 1.0769230769230769 0.046875
164000 1.0769230769230769 0.078125
166000 1.0769230769230769 0.125
168000 1.0769230769230769 0.078125
170000 1.0769230769230769 0.09375
172000 1.0769230769230769 0.0625
174000 1.0769230769230769 0.078125
176000 1.0769230769230769 0.046875
178000 1.0769230769230769 0.140625
180000 1.0769230769230769 0.125
182000 1.0769230769230769 0.09375
184000 1.0769230769230769 0.078125
186000 1.0769230769230769 0.109375
188000 1.0769230769230769 0.125
190000 1.0769230769230769 0.125
192000 1.0769230769230769 0.078125
194000 1.0769230769230769 0.0625
196000 1.0769230769230769 0.09375
198000 1.0769230769230769 0.125
200000 1.0769230769230769 0.140625
202000 1.0769230769230769 0.140625
204000 1.0769230769230769 0.0625
206000 1.0769230769230769 0.0625
208000 1.0769230769230769 0.109375
210000 1.0769230769230769 0.125
212000 1.0769230769230769 0.109375
214000 1.0769230769230769 0.0625
216000 1.0769230769230769 0.0625
218000 1.0769230769230769 0.109375
220000 1.0769230769230769 0.15625
222000 1.0769230769230769 0.15625
224000 1.0769230769230769 0.0625
226000 1.0769230769230769 0.0625
228000 1.0769230769230769 0.078125
230000 1.0769230769230769 0.125
232000 1.0769230769230769 0.109375
234000 1.0769230769230769 0.109375
236000 1.0769230769230769 0.09375
238000 1.0769230769230769 0.046875
240000 1.0769230769230769 0.109375
242000 1.0769230769230769 0.125
244000 1.0769230769230769 0.109375
246000 1.0769230769230769 0.078125
248000 1.0769230769230769 0.0625
250000 1.0769230769230769 0.125
252000 1.0769230769230769 0.109375
254000 1.0769230769230769 0.125
256000 1.0769230769230769 0.046875
258000 1.0769230769230769 0.046875
260000 1.0769230769230769 0.109375
262000 1.0769230769230769 0.125
264000 1.0769230769230769 0.15625
266000 1.0769230769230769 0.125
268000 1.0769230769230769 0.0625
270000 1.0769230769230769 0.0625
272000 1.0769230769230769 0.09375
274000 1.0769230769230769 0.15625
276000 1.0769230769230769 0.125
278000 1.0576923076923077 0.078125
280000 1.0769230769230769 0.078125
282000 1.0769230769230769 0.109375
284000 1.0769230769230769 0.125
286000 1.0769230769230769 0.125
288000 1.0769230769230769 0.0625
290000 1.0769230769230769 0.078125
292000 1.0769230769230769 0.0625
294000 1.0769230769230769 0.09375
296000 1.0769230769230769 0.125
298000 1.0769230769230769 0.125
300000 1.0769230769230769 0.078125
302000 1.0769230769230769 0.078125
304000 1.0769230769230769 0.109375
306000 1.0769230769230769 0.0625
308000 1.0769230769230769 0.15625
310000 1.0769230769230769 0.0625
312000 1.0769230769230769 0.0625
314000 1.0769230769230769 0.078125
316000 1.0769230769230769 0.15625
318000 1.0769230769230769 0.125
320000 1.0769230769230769 0.0625
322000 1.0769230769230769 0.078125
324000 1.0769230769230769 0.046875
326000 1.0769230769230769 0.125
328000 1.0769230769230769 0.125
330000 1.0769230769230769 0.125
332000 1.0769230769230769 0.0625
334000 1.0769230769230769 0.046875
336000 1.0769230769230769 0.125
338000 1.0769230769230769 0.125
340000 1.0769230769230769 0.125
342000 1.0769230769230769 0.046875
344000 1.0769230769230769 0.046875
346000 1.0769230769230769 0.125
348000 1.0769230769230769 0.140625
350000 1.0769230769230769 0.15625
352000 1.0769230769230769 0.0625
354000 1.0769230769230769 0.0625
356000 1.0769230769230769 0.09375
358000 1.0769230769230769 0.125
360000 1.0576923076923077 0.140625
362000 1.0576923076923077 0.109375
364000 1.0769230769230769 0.046875
366000 1.0769230769230769 0.0625
368000 1.0769230769230769 0.125
370000 1.0769230769230769 0.046875
372000 1.0769230769230769 0.125
374000 1.0769230769230769 0.0625
376000 1.0769230769230769 0.0625
378000 1.0769230769230769 0.09375
380000 1.0769230769230769 0.125
382000 1.0769230769230769 0.09375
384000 1.0769230769230769 0.0625
386000 1.0769230769230769 0.0625
388000 1.0769230769230769 0.078125
390000 1.0769230769230769 0.125
392000 1.0769230769230769 0.125
394000 1.0769230769230769 0.109375
396000 1.0769230769230769 0.046875
398000 1.0769230769230769 0.0625
400000 1.0769230769230769 0.09375
402000 1.0769230769230769 0.125
404000 1.0769230769230769 0.078125
406000 1.0769230769230769 0.0625
408000 1.0769230769230769 0.0625
410000 1.0769230769230769 0.109375
412000 1.0769230769230769 0.09375
414000 1.0769230769230769 0.125
416000 1.0769230769230769 0.0625
418000 1.0769230769230769 0.0625
420000 1.0769230769230769 0.0625
422000 1.0769230769230769 0.125
424000 1.0769230769230769 0.125
426000 1.0769230769230769 0.109375
428000 1.0769230769230769 0.0625
430000 1.0769230769230769 0.078125
432000 1.0769230769230769 0.109375
434000 1.0769230769230769 0.109375
436000 1.0769230769230769 0.125
438000 1.0769230769230769 0.0625
440000 1.0769230769230769 0.046875
442000 1.0769230769230769 0.109375
444000 1.0769230769230769 0.125
446000 1.0769230769230769 0.140625
448000 1.0769230769230769 0.0625
450000 1.0769230769230769 0.046875
452000 1.0769230769230769 0.09375
454000 1.0769230769230769 0.125
456000 1.0769230769230769 0.125
458000 1.0769230769230769 0.078125
460000 1.0769230769230769 0.0625
462000 1.0769230769230769 0.0625
464000 1.0769230769230769 0.09375
466000 1.0769230769230769 0.125
468000 1.0769230769230769 0.109375
470000 1.0769230769230769 0.0625
472000 1.0769230769230769 0.046875
474000 1.0769230769230769 0.0625
476000 1.0769230769230769 0.140625
478000 1.0769230769230769 0.09375
480000 1.0769230769230769 0.03125
482000 1.0769230769230769 0.109375
484000 1.0769230769230769 0.078125
486000 1.0769230769230769 0.078125
488000 1.0769230769230769 0.0625
490000 1.0769230769230769 0.09375
492000 1.0769230769230769 0.0625
494000 1.0769230769230769 0.078125
496000 1.0769230769230769 0.109375
498000 1.0769230769230769 0.09375
500000 1.0769230769230769 0.09375
