2000 0.17307692307692307 0.0625
4000 0.2692307692307692 0.03125
6000 0.4423076923076923 0.03125
8000 0.36538461538461536 0.046875
10000 0.34615384615384615 0.046875
12000 0.25 0.0625
14000 0.28846153846153844 0.0625
16000 0.36538461538461536 0.0625
18000 0.5 0.046875
20000 0.6730769230769231 0.03125
22000 0.6346153846153846 0.046875
24000 0.6538461538461539 0.03125
26000 0.7884615384615384 0.046875
28000 1.0961538461538463 0.046875
30000 1.1346153846153846 0.046875
32000 1.1153846153846154 0.0625
34000 1.0961538461538463 0.046875
36000 1.0961538461538463 0.046875
38000 1.0961538461538463 0.046875
40000 1.1538461538461537 0.046875
42000 1.1346153846153846 0.046875
44000 1.1153846153846154 0.046875
46000 1.1538461538461537 0.0625
48000 1.1730769230769231 0.046875
50000 1.2115384615384615 0.046875
52000 1.25 0.046875
54000 1.3076923076923077 0.046875
56000 1.3461538461538463 0.0625
58000 1.3269230769230769 0.046875
60000 1.3461538461538463 0.046875
62000 1.4615384615384615 0.046875
64000 1.5576923076923077 0.046875
66000 1.5576923076923077 0.046875
68000 1.5576923076923077 0.046875
70000 1.5576923076923077 0.0625
72000 1.5576923076923077 0.0625
74000 1.6153846153846154 0.046875
76000 1.5961538461538463 0.046875
78000 1.6538461538461537 0.078125
80000 1.6538461538461537 0.109375
82000 1.6153846153846154 0.125
84000 1.6538461538461537 0.125
86000 1.6538461538461537 0.046875
88000 1.6153846153846154 0.0625
90000 1.6923076923076923 0.0625
92000 1.6538461538461537 0.078125
94000 1.6153846153846154 0.0625
96000 1.6153846153846154 0.0625
98000 1.6346153846153846 0.0625
100000 1.6346153846153846 0.0625
102000 1.6153846153846154 0.0625
104000 1.5961538461538463 0.046875
106000 1.6346153846153846 0.0625
108000 1.6153846153846154 0.0625
110000 1.5769230769230769 0.078125
112000 1.6346153846153846 0.078125
114000 1.6153846153846154 0.046875
116000 1.6346153846153846 0.046875
118000 1.6346153846153846 0.046875
120000 1.6346153846153846 0.046875
122000 1.6346153846153846 0.0625
124000 1.6346153846153846 0.046875
126000 1.6346153846153846 0.046875
128000 1.6346153846153846 0.046875
130000 1.6153846153846154 0.046875
132000 1.6346153846153846 0.046875
134000 1.6346153846153846 0.046875
136000 1.6153846153846154 0.09375
138000 1.6153846153846154 0.078125
140000 1.6538461538461537 0.046875
142000 1.6153846153846154 0.03125
144000 1.6538461538461537 0.046875
146000 1.6538461538461537 0.046875
148000 1.6538461538461537 0.046875
150000 1.6538461538461537 0.046875
152000 1.6538461538461537 0.046875
154000 1.6538461538461537 0.078125
156000 1.6730769230769231 0.046875
158000 1.6730769230769231 0.078125
160000 1.6346153846153846 0.046875
162000 1.6730769230769231 0.046875
164000 1.6730769230769231 0.09375
166000 1.6730769230769231 0.125
168000 1.6730769230769231 0.109375
170000 1.6730769230769231 0.109375
172000 1.6730769230769231 0.078125
174000 1.6730769230769231 0.09375
176000 1.6730769230769231 0.0625
178000 1.6730769230769231 0.0625
180000 1.6730769230769231 0.0625
182000 1.6923076923076923 0.0625
184000 1.6923076923076923 0.0625
186000 1.6923076923076923 0.046875
188000 1.7115384615384615 0.0625
190000 1.7115384615384615 0.0625
192000 1.6730769230769231 0.0625
194000 1.6730769230769231 0.078125
196000 1.6730769230769231 0.03125
198000 1.6730769230769231 0.046875
200000 1.6923076923076923 0.03125
202000 1.6346153846153846 0.046875
204000 1.6923076923076923 0.03125
206000 1.6923076923076923 0.046875
208000 1.6923076923076923 0.078125
210000 1.6923076923076923 0.046875
212000 1.6923076923076923 0.046875
214000 1.7115384615384615 0.0625
216000 1.6923076923076923 0.046875
218000 1.7115384615384615 0.0625
220000 1.6730769230769231 0.046875
222000 1.6346153846153846 0.046875
224000 1.6346153846153846 0.046875
226000 1.6346153846153846 0.046875
228000 1.6730769230769231 0.046875
230000 1.6923076923076923 0.046875
232000 1.6730769230769231 0.0625
234000 1.6730769230769231 0.078125
236000 1.6923076923076923 0.03125
238000 1.6923076923076923 0.046875
240000 1.6730769230769231 0.0625
242000 1.6730769230769231 0.046875
244000 1.6923076923076923 0.046875
246000 1.6923076923076923 0.046875
248000 1.6923076923076923 0.078125
250000 1.6923076923076923 0.09375
252000 1.6538461538461537 0.078125
254000 1.6730769230769231 0.109375
256000 1.6730769230769231 0.0625
258000 1.6730769230769231 0.078125
260000 1.6730769230769231 0.078125
262000 1.6730769230769231 0.0625
264000 1.6730769230769231 0.078125
266000 1.6730769230769231 0.0625
268000 1.6730769230769231 0.0625
270000 1.6923076923076923 0.0625
272000 1.6923076923076923 0.0625
274000 1.6730769230769231 0.0625
276000 1.6923076923076923 0.0625
278000 1.6923076923076923 0.046875
280000 1.6923076923076923 0.0625
282000 1.6923076923076923 0.0625
284000 1.6923076923076923 0.078125
286000 1.6923076923076923 0.0625
288000 1.6730769230769231 0.03125
290000 1.6730769230769231 0.046875
292000 1.6730769230769231 0.078125
294000 1.6730769230769231 0.0625
296000 1.6923076923076923 0.046875
298000 1.6730769230769231 0.046875
300000 1.6730769230769231 0.046875
302000 1.6923076923076923 0.078125
304000 1.6730769230769231 0.0625
306000 1.6923076923076923 0.03125
308000 1.6730769230769231 0.09375
310000 1.6730769230769231 0.046875
312000 1.6923076923076923 0.0625
314000 1.6923076923076923 0.046875
316000 1.6923076923076923 0.046875
318000 1.6923076923076923 0.046875
320000 1.6923076923076923 0.046875
322000 1.6923076923076923 0.0625
324000 1.6730769230769231 0.046875
326000 1.6923076923076923 0.03125
328000 1.6923076923076923 0.0625
330000 1.6923076923076923 0.046875
332000 1.6923076923076923 0.0625
334000 1.6923076923076923 0.0625
336000 1.6923076923076923 0.125
338000 1.6923076923076923 0.140625
340000 1.6923076923076923 0.15625
342000 1.6923076923076923 0.078125
344000 1.6923076923076923 0.0625
346000 1.6923076923076923 0.0625
348000 1.6923076923076923 0.0625
350000 1.7115384615384615 0.0625
352000 1.7115384615384615 0.0625
354000 1.7115384615384615 0.0625
356000 1.7115384615384615 0.046875
358000 1.7115384615384615 0.0625
360000 1.6923076923076923 0.078125
362000 1.6730769230769231 0.078125
364000 1.6730769230769231 0.0625
366000 1.6923076923076923 0.046875
368000 1.6923076923076923 0.0625
370000 1.6923076923076923 0.046875
372000 1.6923076923076923 0.0625
374000 1.7115384615384615 0.0625
376000 1.7115384615384615 0.046875
378000 1.6923076923076923 0.0625
380000 1.6923076923076923 0.046875
382000 1.6923076923076923 0.046875
384000 1.6730769230769231 0.046875
386000 1.6730769230769231 0.0625
388000 1.6730769230769231 0.046875
390000 1.6730769230769231 0.046875
392000 1.6730769230769231 0.0625
394000 1.6730769230769231 0.0625
396000 1.6730769230769231 0.0625
398000 1.6730769230769231 0.046875
400000 1.6538461538461537 0.046875
402000 1.6538461538461537 0.0625
404000 1.6538461538461537 0.046875
406000 1.6538461538461537 0.046875
408000 1.6923076923076923 0.046875
410000 1.6538461538461537 0.046875
412000 1.6346153846153846 0.046875
414000 1.6730769230769231 0.0625
416000 1.7115384615384615 0.046875
418000 1.6730769230769231 0.078125
420000 1.6538461538461537 0.109375
422000 1.6730769230769231 0.09375
424000 1.6730769230769231 0.09375
426000 1.7115384615384615 0.125
428000 1.7115384615384615 0.046875
430000 1.7115384615384615 0.0625
432000 1.7115384615384615 0.046875
434000 1.7115384615384615 0.046875
436000 1.7115384615384615 0.046875
438000 1.7115384615384615 0.078125
440000 1.7115384615384615 0.0625
442000 1.7115384615384615 0.0625
444000 1.7115384615384615 0.0625
446000 1.7115384615384615 0.046875
448000 1.7115384615384615 0.046875
450000 1.7115384615384615 0.0625
452000 1.7115384615384615 0.0625
454000 1.7115384615384615 0.0625
456000 1.7115384615384615 0.0625
458000 1.6730769230769231 0.0625
460000 1.7115384615384615 0.046875
462000 1.7115384615384615 0.046875
464000 1.7115384615384615 0.03125
466000 1.7115384615384615 0.046875
468000 1.7115384615384615 0.046875
470000 1.6923076923076923 0.046875
472000 1.6923076923076923 0.046875
474000 1.6923076923076923 0.046875
476000 1.7115384615384615 0.046875
478000 1.7115384615384615 0.0625
480000 1.7115384615384615 0.03125
482000 1.7115384615384615 0.046875
484000 1.7115384615384615 0.046875
486000 1.7115384615384615 0.046875
488000 1.7115384615384615 0.03125
490000 1.7115384615384615 0.03125
492000 1.7115384615384615 0.046875
494000 1.7115384615384615 0.03125
496000 1.6923076923076923 0.03125
498000 1.7115384615384615 0.03125
500000 1.7115384615384615 0.046875
