2000 0.5 0.21875
4000 0.6153846153846154 0.171875
6000 0.40384615384615385 0.140625
8000 0.4230769230769231 0.265625
10000 0.5 0.3125
12000 0.6538461538461539 0.140625
14000 1.1538461538461537 0.15625
16000 1.5384615384615385 0.15625
18000 1.5769230769230769 0.203125
20000 1.7307692307692308 0.265625
22000 1.7692307692307692 0.140625
24000 1.7692307692307692 0.15625
26000 1.7692307692307692 0.171875
28000 1.7692307692307692 0.15625
30000 1.8269230769230769 0.265625
32000 1.8653846153846154 0.140625
34000 1.7692307692307692 0.296875
36000 1.8653846153846154 0.265625
38000 1.8461538461538463 0.203125
40000 1.8269230769230769 0.21875
42000 1.8653846153846154 0.3125
44000 1.7884615384615385 0.171875
46000 1.8653846153846154 0.171875
48000 1.8846153846153846 0.15625
50000 1.8653846153846154 0.1875
52000 1.7884615384615385 0.28125
54000 1.6730769230769231 0.15625
56000 1.7692307692307692 0.171875
58000 1.9230769230769231 0.203125
60000 1.7884615384615385 0.21875
62000 1.7692307692307692 0.234375
64000 1.7884615384615385 0.171875
66000 1.8461538461538463 0.203125
68000 1.7884615384615385 0.15625
70000 1.7884615384615385 0.140625
72000 1.7884615384615385 0.1875
74000 1.9038461538461537 0.328125
76000 1.8461538461538463 0.171875
78000 1.75 0.171875
80000 1.75 0.1875
82000 1.9230769230769231 0.21875
84000 1.7884615384615385 0.3125
86000 1.7115384615384615 0.203125
88000 1.6346153846153846 0.15625
90000 1.8076923076923077 0.15625
92000 1.7115384615384615 0.21875
94000 1.8846153846153846 0.234375
96000 1.9038461538461537 0.171875
98000 1.8846153846153846 0.171875
100000 1.8269230769230769 0.140625
102000 1.8653846153846154 0.171875
104000 1.7884615384615385 0.21875
106000 1.6730769230769231 0.359375
108000 1.8653846153846154 0.140625
110000 1.8269230769230769 0.1875
112000 1.8653846153846154 0.1875
114000 1.8076923076923077 0.140625
116000 1.7692307692307692 0.296875
118000 1.7115384615384615 0.15625
120000 1.6538461538461537 0.234375
122000 1.7307692307692308 0.15625
124000 1.7307692307692308 0.1875
126000 1.7307692307692308 0.234375
128000 1.8269230769230769 0.125
130000 1.7884615384615385 0.15625
132000 1.7884615384615385 0.15625
134000 1.8846153846153846 0.171875
136000 1.8269230769230769 0.15625
138000 1.8461538461538463 0.328125
140000 1.9038461538461537 0.15625
142000 1.8846153846153846 0.171875
144000 1.8269230769230769 0.171875
146000 1.8653846153846154 0.203125
148000 1.8269230769230769 0.28125
150000 1.7884615384615385 0.109375
152000 1.75 0.171875
154000 1.8076923076923077 0.171875
156000 1.75 0.171875
158000 1.7884615384615385 0.203125
160000 1.7307692307692308 0.1875
162000 1.9230769230769231 0.1875
164000 1.9230769230769231 0.203125
166000 1.9230769230769231 0.203125
168000 1.7884615384615385 0.21875
170000 1.8269230769230769 0.3125
172000 1.8269230769230769 0.140625
174000 1.8076923076923077 0.140625
176000 1.8846153846153846 0.171875
178000 1.8653846153846154 0.1875
180000 1.7115384615384615 0.296875
182000 1.8653846153846154 0.140625
184000 1.8653846153846154 0.203125
186000 1.8461538461538463 0.140625
188000 1.8653846153846154 0.1875
190000 1.7307692307692308 0.265625
192000 1.8653846153846154 0.1875
194000 1.8846153846153846 0.15625
196000 1.6538461538461537 0.140625
198000 1.7115384615384615 0.1875
200000 1.8846153846153846 0.203125
202000 1.8653846153846154 0.3125
204000 1.8461538461538463 0.171875
206000 1.7307692307692308 0.15625
208000 1.5769230769230769 0.21875
210000 1.8461538461538463 0.15625
212000 1.8076923076923077 0.265625
214000 1.9230769230769231 0.171875
216000 1.9423076923076923 0.21875
218000 1.9230769230769231 0.171875
220000 1.9230769230769231 0.203125
222000 1.7692307692307692 0.25
224000 1.9038461538461537 0.15625
226000 1.9038461538461537 0.1875
228000 1.9038461538461537 0.1875
230000 1.7692307692307692 0.15625
232000 1.75 0.21875
234000 1.9230769230769231 0.28125
236000 1.8269230769230769 0.125
238000 1.9038461538461537 0.140625
240000 1.8846153846153846 0.125
242000 1.8653846153846154 0.15625
244000 1.6730769230769231 0.296875
246000 1.8076923076923077 0.171875
248000 1.7692307692307692 0.15625
250000 1.6923076923076923 0.203125
252000 1.7307692307692308 0.140625
254000 1.7115384615384615 0.21875
256000 1.7307692307692308 0.15625
258000 1.75 0.1875
260000 1.8653846153846154 0.203125
262000 1.7692307692307692 0.140625
264000 1.7692307692307692 0.1875
266000 1.7692307692307692 0.34375
268000 1.8076923076923077 0.171875
270000 1.8846153846153846 0.171875
272000 1.8653846153846154 0.15625
274000 1.8461538461538463 0.1875
276000 1.8461538461538463 0.28125
278000 1.8461538461538463 0.171875
280000 1.8846153846153846 0.25
282000 1.9230769230769231 0.203125
284000 1.9038461538461537 0.15625
286000 1.8461538461538463 0.25
288000 1.9230769230769231 0.15625
290000 1.8461538461538463 0.15625
292000 1.8653846153846154 0.21875
294000 1.9615384615384615 0.203125
296000 1.9615384615384615 0.140625
298000 1.6538461538461537 0.3125
300000 1.8076923076923077 0.15625
302000 1.9038461538461537 0.15625
304000 1.9230769230769231 0.140625
306000 1.6538461538461537 0.15625
308000 1.9423076923076923 0.28125
310000 1.9615384615384615 0.125
312000 1.8269230769230769 0.1875
314000 1.8461538461538463 0.15625
316000 1.9230769230769231 0.15625
318000 1.7692307692307692 0.25
320000 1.8653846153846154 0.109375
322000 1.8076923076923077 0.203125
324000 1.8846153846153846 0.171875
326000 1.9807692307692308 0.140625
328000 1.8846153846153846 0.21875
330000 1.8076923076923077 0.328125
332000 1.9423076923076923 0.15625
334000 1.8461538461538463 0.1875
336000 1.8653846153846154 0.15625
338000 1.8846153846153846 0.25
340000 1.7884615384615385 0.296875
342000 1.8846153846153846 0.15625
344000 1.8461538461538463 0.203125
346000 1.9423076923076923 0.171875
348000 1.9230769230769231 0.171875
350000 1.9423076923076923 0.265625
352000 1.9230769230769231 0.15625
354000 1.9230769230769231 0.203125
356000 1.9230769230769231 0.125
358000 1.9230769230769231 0.140625
360000 1.8269230769230769 0.1875
362000 1.8269230769230769 0.328125
364000 1.7884615384615385 0.15625
366000 1.7884615384615385 0.140625
368000 1.8846153846153846 0.125
370000 1.8461538461538463 0.21875
372000 1.8846153846153846 0.328125
374000 1.8846153846153846 0.140625
376000 1.8269230769230769 0.140625
378000 1.8269230769230769 0.171875
380000 1.8076923076923077 0.171875
382000 1.8269230769230769 0.265625
384000 1.8076923076923077 0.1875
386000 1.8076923076923077 0.203125
388000 1.8076923076923077 0.125
390000 1.8461538461538463 0.171875
392000 1.8653846153846154 0.203125
394000 1.8461538461538463 0.328125
396000 1.9230769230769231 0.21875
398000 1.9230769230769231 0.171875
400000 1.8846153846153846 0.171875
402000 1.8269230769230769 0.171875
404000 1.8269230769230769 0.265625
406000 1.8269230769230769 0.203125
408000 1.8461538461538463 0.140625
410000 1.8461538461538463 0.125
412000 1.8653846153846154 0.125
414000 1.9230769230769231 0.25
416000 1.8461538461538463 0.1875
418000 1.9423076923076923 0.171875
420000 1.9423076923076923 0.125
422000 1.8846153846153846 0.140625
424000 1.9038461538461537 0.21875
426000 1.8846153846153846 0.28125
428000 1.9038461538461537 0.171875
430000 1.9423076923076923 0.140625
432000 1.8846153846153846 0.203125
434000 1.9423076923076923 0.15625
436000 1.9230769230769231 0.28125
438000 1.9230769230769231 0.15625
440000 1.9230769230769231 0.1875
442000 1.9230769230769231 0.125
444000 1.8653846153846154 0.203125
446000 1.7884615384615385 0.21875
448000 1.8846153846153846 0.15625
450000 1.9038461538461537 0.1875
452000 1.9038461538461537 0.171875
454000 1.9230769230769231 0.21875
456000 1.9038461538461537 0.203125
458000 1.9038461538461537 0.265625
460000 1.9230769230769231 0.140625
462000 1.9230769230769231 0.125
464000 1.9230769230769231 0.171875
466000 1.9230769230769231 0.171875
468000 1.9038461538461537 0.296875
470000 1.9038461538461537 0.15625
472000 1.8269230769230769 0.15625
474000 1.8269230769230769 0.140625
476000 1.8269230769230769 0.21875
478000 1.8076923076923077 0.1875
480000 1.8076923076923077 0.1875
482000 1.8076923076923077 0.15625
484000 1.8269230769230769 0.203125
486000 1.8269230769230769 0.15625
488000 1.8846153846153846 0.265625
490000 1.8846153846153846 0.21875
492000 1.8846153846153846 0.203125
494000 1.8846153846153846 0.21875
496000 1.8846153846153846 0.234375
498000 1.8846153846153846 0.15625
500000 1.8653846153846154 0.203125
