2000 0.5192307692307693 0.359375
4000 0.75 0.359375
6000 0.5576923076923077 0.390625
8000 0.4423076923076923 0.53125
10000 0.28846153846153844 0.53125
12000 0.5769230769230769 0.3125
14000 1.0 0.40625
16000 1.0769230769230769 0.40625
18000 1.3269230769230769 0.359375
20000 1.6730769230769231 0.390625
22000 1.6346153846153846 0.515625
24000 1.7115384615384615 0.34375
26000 1.6923076923076923 0.328125
28000 1.6538461538461537 0.40625
30000 1.6923076923076923 0.375
32000 1.6923076923076923 0.390625
34000 1.6923076923076923 0.359375
36000 1.6923076923076923 0.375
38000 1.75 0.375
40000 1.6923076923076923 0.34375
42000 1.7692307692307692 0.515625
44000 1.6923076923076923 0.34375
46000 1.6730769230769231 0.34375
48000 1.6923076923076923 0.34375
50000 1.75 0.46875
52000 1.8076923076923077 0.546875
54000 1.75 0.5625
56000 1.8846153846153846 0.546875
58000 1.8846153846153846 0.5
60000 1.7307692307692308 0.578125
62000 1.9038461538461537 0.53125
64000 1.9038461538461537 0.453125
66000 1.8846153846153846 0.359375
68000 1.75 0.34375
70000 1.75 0.390625
72000 1.75 0.40625
74000 1.9423076923076923 0.5625
76000 1.8461538461538463 0.328125
78000 1.9423076923076923 0.375
80000 1.6923076923076923 0.5
82000 1.8269230769230769 0.375
84000 1.8269230769230769 0.40625
86000 1.9423076923076923 0.359375
88000 1.9807692307692308 0.40625
90000 1.9423076923076923 0.40625
92000 1.7692307692307692 0.4375
94000 1.8076923076923077 0.328125
96000 1.7884615384615385 0.375
98000 1.8653846153846154 0.34375
100000 1.7884615384615385 0.53125
102000 1.7115384615384615 0.359375
104000 1.6923076923076923 0.359375
106000 1.7307692307692308 0.53125
108000 1.8846153846153846 0.34375
110000 1.9423076923076923 0.453125
112000 1.9038461538461537 0.484375
114000 1.9230769230769231 0.40625
116000 1.6153846153846154 0.40625
118000 1.6923076923076923 0.40625
120000 1.9038461538461537 0.515625
122000 1.7115384615384615 0.375
124000 1.8269230769230769 0.34375
126000 1.7307692307692308 0.40625
128000 1.8076923076923077 0.359375
130000 1.8269230769230769 0.390625
132000 1.6730769230769231 0.421875
134000 1.8653846153846154 0.34375
136000 1.8076923076923077 0.390625
138000 1.75 0.484375
140000 1.8846153846153846 0.359375
142000 1.8653846153846154 0.359375
144000 1.8461538461538463 0.375
146000 1.8653846153846154 0.515625
148000 1.6346153846153846 0.4375
150000 1.8653846153846154 0.375
152000 1.9038461538461537 0.375
154000 1.8076923076923077 0.359375
156000 1.8269230769230769 0.46875
158000 1.9615384615384615 0.390625
160000 1.8269230769230769 0.40625
162000 1.7884615384615385 0.375
164000 1.8653846153846154 0.34375
166000 1.8076923076923077 0.359375
168000 1.7884615384615385 0.375
170000 1.9230769230769231 0.46875
172000 1.9230769230769231 0.453125
174000 1.7884615384615385 0.390625
176000 1.8269230769230769 0.375
178000 1.8269230769230769 0.484375
180000 1.8846153846153846 0.4375
182000 1.9807692307692308 0.34375
184000 1.8846153846153846 0.359375
186000 1.8846153846153846 0.359375
188000 1.9423076923076923 0.390625
190000 1.9423076923076923 0.375
192000 1.8846153846153846 0.5
194000 1.8846153846153846 0.359375
196000 1.8461538461538463 0.34375
198000 1.9230769230769231 0.453125
200000 1.9423076923076923 0.359375
202000 1.9230769230769231 0.546875
204000 1.9615384615384615 0.34375
206000 1.9807692307692308 0.359375
208000 1.9230769230769231 0.390625
210000 1.9230769230769231 0.359375
212000 1.8653846153846154 0.546875
214000 1.8461538461538463 0.40625
216000 1.8846153846153846 0.390625
218000 1.8653846153846154 0.515625
220000 1.9807692307692308 0.359375
222000 1.9423076923076923 0.40625
224000 1.9423076923076923 0.515625
226000 1.9615384615384615 0.40625
228000 1.9615384615384615 0.421875
230000 1.9230769230769231 0.5
232000 1.9423076923076923 0.375
234000 1.9807692307692308 0.484375
236000 1.9615384615384615 0.328125
238000 2.0 0.46875
240000 1.9615384615384615 0.421875
242000 1.9615384615384615 0.390625
244000 1.9807692307692308 0.46875
246000 1.9038461538461537 0.34375
248000 1.9615384615384615 0.3125
250000 1.9038461538461537 0.515625
252000 1.7307692307692308 0.390625
254000 1.8076923076923077 0.375
256000 1.8076923076923077 0.34375
258000 1.7307692307692308 0.578125
260000 1.9038461538461537 0.359375
262000 1.7692307692307692 0.390625
264000 1.75 0.359375
266000 1.75 0.453125
268000 1.7115384615384615 0.40625
270000 1.6538461538461537 0.375
272000 1.7307692307692308 0.34375
274000 1.7692307692307692 0.34375
276000 1.9230769230769231 0.5
278000 1.8653846153846154 0.359375
280000 1.75 0.359375
282000 1.7115384615384615 0.484375
284000 1.8846153846153846 0.5
286000 1.8653846153846154 0.4375
288000 1.7115384615384615 0.375
290000 1.7884615384615385 0.359375
292000 1.8653846153846154 0.359375
294000 1.8653846153846154 0.40625
296000 1.9038461538461537 0.40625
298000 1.9038461538461537 0.484375
300000 1.9230769230769231 0.359375
302000 1.7307692307692308 0.453125
304000 1.9230769230769231 0.328125
306000 1.9038461538461537 0.34375
308000 1.6923076923076923 0.453125
310000 1.8846153846153846 0.34375
312000 1.8846153846153846 0.390625
314000 1.9038461538461537 0.359375
316000 1.6538461538461537 0.375
318000 1.6923076923076923 0.40625
320000 1.8076923076923077 0.359375
322000 1.9038461538461537 0.46875
324000 1.8653846153846154 0.453125
326000 1.9615384615384615 0.40625
328000 1.7692307692307692 0.34375
330000 1.9423076923076923 0.5
332000 1.7692307692307692 0.390625
334000 1.9038461538461537 0.4375
336000 1.9038461538461537 0.359375
338000 1.75 0.34375
340000 1.8653846153846154 0.375
342000 1.8846153846153846 0.5
344000 1.9615384615384615 0.421875
346000 1.9038461538461537 0.375
348000 1.9423076923076923 0.4375
350000 1.9423076923076923 0.546875
352000 1.9038461538461537 0.375
354000 1.9615384615384615 0.40625
356000 1.7307692307692308 0.40625
358000 1.7884615384615385 0.40625
360000 1.9230769230769231 0.40625
362000 1.9230769230769231 0.578125
364000 1.9615384615384615 0.578125
366000 1.9038461538461537 0.453125
368000 1.9230769230769231 0.46875
370000 1.75 0.453125
372000 1.9615384615384615 0.46875
374000 1.9038461538461537 0.546875
376000 1.9423076923076923 0.40625
378000 1.9038461538461537 0.40625
380000 1.9038461538461537 0.484375
382000 1.8653846153846154 0.46875
384000 1.9423076923076923 0.4375
386000 1.8653846153846154 0.5625
388000 1.8653846153846154 0.625
390000 1.8269230769230769 0.6875
392000 1.8653846153846154 0.65625
394000 1.8653846153846154 0.59375
396000 1.8846153846153846 0.59375
398000 1.9230769230769231 0.453125
400000 1.8653846153846154 0.453125
402000 1.9038461538461537 0.34375
404000 1.8846153846153846 0.390625
406000 1.8461538461538463 0.390625
408000 1.8846153846153846 0.59375
410000 1.8653846153846154 0.390625
412000 1.8653846153846154 0.4375
414000 1.8846153846153846 0.34375
416000 1.8846153846153846 0.359375
418000 1.8846153846153846 0.40625
420000 1.9038461538461537 0.515625
422000 1.9423076923076923 0.515625
424000 1.9038461538461537 0.359375
426000 1.9038461538461537 0.5
428000 1.9423076923076923 0.421875
430000 2.019230769230769 0.421875
432000 1.9807692307692308 0.34375
434000 2.019230769230769 0.53125
436000 2.019230769230769 0.59375
438000 2.019230769230769 0.40625
440000 1.9807692307692308 0.4375
442000 1.9807692307692308 0.421875
444000 2.019230769230769 0.375
446000 2.0384615384615383 0.46875
448000 1.9615384615384615 0.390625
450000 1.9230769230769231 0.46875
452000 1.9423076923076923 0.40625
454000 1.9230769230769231 0.34375
456000 1.9807692307692308 0.390625
458000 1.9423076923076923 0.625
460000 2.0 0.4375
462000 1.9423076923076923 0.640625
464000 1.9423076923076923 0.421875
466000 1.9807692307692308 0.4375
468000 1.9807692307692308 0.5625
470000 1.9423076923076923 0.421875
472000 1.8461538461538463 0.46875
474000 1.8846153846153846 0.453125
476000 1.8846153846153846 0.5625
478000 1.9230769230769231 0.40625
480000 1.9230769230769231 0.453125
482000 1.9423076923076923 0.515625
484000 1.9423076923076923 0.578125
486000 2.0 0.359375
488000 1.9807692307692308 0.359375
490000 1.9807692307692308 0.625
492000 1.9615384615384615 0.328125
494000 1.9615384615384615 0.296875
496000 1.9230769230769231 0.34375
498000 1.9230769230769231 0.4375
500000 1.9230769230769231 0.296875
