2000 0.6923076923076923 0.328125
4000 0.6153846153846154 0.296875
6000 0.6923076923076923 0.328125
8000 0.7692307692307693 0.328125
10000 0.7884615384615384 0.484375
12000 1.2115384615384615 0.296875
14000 0.8076923076923077 0.296875
16000 0.8846153846153846 0.3125
18000 0.9615384615384616 0.296875
20000 1.2307692307692308 0.40625
22000 1.3461538461538463 0.40625
24000 1.3076923076923077 0.359375
26000 1.3076923076923077 0.296875
28000 1.3076923076923077 0.3125
30000 1.6923076923076923 0.390625
32000 1.7115384615384615 0.3125
34000 1.7115384615384615 0.359375
36000 1.7115384615384615 0.328125
38000 1.6923076923076923 0.3125
40000 1.7115384615384615 0.359375
42000 1.75 0.484375
44000 1.6923076923076923 0.34375
46000 1.7115384615384615 0.3125
48000 1.7115384615384615 0.34375
50000 1.7115384615384615 0.359375
52000 1.7115384615384615 0.40625
54000 1.7115384615384615 0.34375
56000 1.7115384615384615 0.328125
58000 1.6923076923076923 0.34375
60000 1.6730769230769231 0.34375
62000 1.6730769230769231 0.359375
64000 1.6730769230769231 0.328125
66000 1.6538461538461537 0.34375
68000 1.7115384615384615 0.34375
70000 1.7692307692307692 0.328125
72000 1.7115384615384615 0.359375
74000 1.7307692307692308 0.484375
76000 1.7115384615384615 0.34375
78000 1.7115384615384615 0.34375
80000 1.7115384615384615 0.328125
82000 1.7115384615384615 0.3125
84000 1.6923076923076923 0.453125
86000 1.7115384615384615 0.34375
88000 1.6923076923076923 0.34375
90000 1.7115384615384615 0.34375
92000 1.7115384615384615 0.296875
94000 1.7115384615384615 0.421875
96000 1.7115384615384615 0.296875
98000 1.7115384615384615 0.453125
100000 1.7115384615384615 0.328125
102000 1.6923076923076923 0.40625
104000 1.7115384615384615 0.359375
106000 1.7115384615384615 0.53125
108000 1.7115384615384615 0.484375
110000 1.6923076923076923 0.578125
112000 1.7115384615384615 0.421875
114000 1.7115384615384615 0.390625
116000 1.7115384615384615 0.421875
118000 1.7307692307692308 0.375
120000 1.7115384615384615 0.359375
122000 1.7115384615384615 0.421875
124000 1.7115384615384615 0.40625
126000 1.6923076923076923 0.34375
128000 1.6923076923076923 0.5
130000 1.7115384615384615 0.390625
132000 1.7115384615384615 0.328125
134000 1.7115384615384615 0.421875
136000 1.7115384615384615 0.421875
138000 1.7115384615384615 0.546875
140000 1.7115384615384615 0.390625
142000 1.7115384615384615 0.375
144000 1.7115384615384615 0.453125
146000 1.7115384615384615 0.53125
148000 1.7115384615384615 0.515625
150000 1.7115384615384615 0.421875
152000 1.7692307692307692 0.3125
154000 1.7692307692307692 0.375
156000 1.7115384615384615 0.5
158000 1.7307692307692308 0.3125
160000 1.7115384615384615 0.375
162000 1.7307692307692308 0.421875
164000 1.7115384615384615 0.421875
166000 1.7307692307692308 0.375
168000 1.75 0.34375
170000 1.7115384615384615 0.515625
172000 1.7307692307692308 0.40625
174000 1.7307692307692308 0.328125
176000 1.7307692307692308 0.34375
178000 1.7307692307692308 0.578125
180000 1.7115384615384615 0.5
182000 1.7115384615384615 0.359375
184000 1.7115384615384615 0.40625
186000 1.6538461538461537 0.375
188000 1.6538461538461537 0.40625
190000 1.7115384615384615 0.375
192000 1.7115384615384615 0.328125
194000 1.7115384615384615 0.390625
196000 1.7307692307692308 0.453125
198000 1.7115384615384615 0.375
200000 1.7115384615384615 0.484375
202000 1.7307692307692308 0.546875
204000 1.7307692307692308 0.421875
206000 1.7307692307692308 0.453125
208000 1.7115384615384615 0.359375
210000 1.7115384615384615 0.375
212000 1.7115384615384615 0.453125
214000 1.7115384615384615 0.375
216000 1.7115384615384615 0.34375
218000 1.7115384615384615 0.34375
220000 1.7115384615384615 0.3125
222000 1.6538461538461537 0.359375
224000 1.6538461538461537 0.328125
226000 1.6538461538461537 0.40625
228000 1.6153846153846154 0.484375
230000 1.5961538461538463 0.40625
232000 1.6346153846153846 0.375
234000 1.7115384615384615 0.4375
236000 1.7115384615384615 0.390625
238000 1.6923076923076923 0.375
240000 1.7115384615384615 0.390625
242000 1.7115384615384615 0.390625
244000 1.7115384615384615 0.4375
246000 1.7115384615384615 0.375
248000 1.7115384615384615 0.390625
250000 1.7115384615384615 0.21875
252000 1.7115384615384615 0.265625
254000 1.7115384615384615 0.328125
256000 1.7115384615384615 0.3125
258000 1.7307692307692308 0.296875
260000 1.7307692307692308 0.296875
262000 1.7307692307692308 0.328125
264000 1.7115384615384615 0.28125
266000 1.7115384615384615 0.390625
268000 1.7115384615384615 0.296875
270000 1.7307692307692308 0.265625
272000 1.7115384615384615 0.28125
274000 1.7115384615384615 0.3125
276000 1.7115384615384615 0.34375
278000 1.7115384615384615 0.328125
280000 1.7115384615384615 0.25
282000 1.7115384615384615 0.328125
284000 1.6923076923076923 0.359375
286000 1.7115384615384615 0.296875
288000 1.7115384615384615 0.21875
290000 1.7115384615384615 0.234375
292000 1.7307692307692308 0.25
294000 1.7307692307692308 0.265625
296000 1.75 0.328125
298000 1.7307692307692308 0.40625
300000 1.7307692307692308 0.1875
302000 1.7115384615384615 0.203125
304000 1.7115384615384615 0.234375
306000 1.7307692307692308 0.21875
308000 1.7115384615384615 0.34375
310000 1.75 0.25
312000 1.7307692307692308 0.234375
314000 1.75 0.265625
316000 1.7115384615384615 0.21875
318000 1.7307692307692308 0.28125
320000 1.75 0.234375
322000 1.6923076923076923 0.25
324000 1.7307692307692308 0.375
326000 1.7115384615384615 0.296875
328000 1.7115384615384615 0.3125
330000 1.7115384615384615 0.34375
332000 1.7307692307692308 0.3125
334000 1.7115384615384615 0.484375
336000 1.7115384615384615 0.3125
338000 1.6923076923076923 0.265625
340000 1.75 0.359375
342000 1.75 0.296875
344000 1.7115384615384615 0.296875
346000 1.7115384615384615 0.265625
348000 1.7115384615384615 0.234375
350000 1.7115384615384615 0.328125
352000 1.7115384615384615 0.234375
354000 1.7115384615384615 0.234375
356000 1.7307692307692308 0.28125
358000 1.7307692307692308 0.25
360000 1.7115384615384615 0.265625
362000 1.7307692307692308 0.453125
364000 1.7115384615384615 0.328125
366000 1.7115384615384615 0.484375
368000 1.7115384615384615 0.25
370000 1.7307692307692308 0.25
372000 1.7307692307692308 0.390625
374000 1.7115384615384615 0.234375
376000 1.7307692307692308 0.46875
378000 1.7307692307692308 0.21875
380000 1.7307692307692308 0.1875
382000 1.7307692307692308 0.25
384000 1.7307692307692308 0.25
386000 1.7307692307692308 0.21875
388000 1.7307692307692308 0.203125
390000 1.7307692307692308 0.265625
392000 1.7692307692307692 0.3125
394000 1.7692307692307692 0.4375
396000 1.8653846153846154 0.296875
398000 1.8653846153846154 0.5
400000 1.9038461538461537 0.5625
402000 1.8846153846153846 0.359375
404000 1.8653846153846154 0.5625
406000 1.8653846153846154 0.453125
408000 1.7692307692307692 0.3125
410000 1.75 0.359375
412000 1.7692307692307692 0.40625
414000 1.7884615384615385 0.515625
416000 1.7884615384615385 0.4375
418000 1.75 0.375
420000 1.75 0.375
422000 1.9038461538461537 0.375
424000 1.9038461538461537 0.34375
426000 1.9038461538461537 0.40625
428000 1.7115384615384615 0.328125
430000 1.7884615384615385 0.328125
432000 1.75 0.390625
434000 1.75 0.40625
436000 1.75 0.390625
438000 1.75 0.390625
440000 1.75 0.40625
442000 1.7307692307692308 0.484375
444000 1.7115384615384615 0.390625
446000 1.7115384615384615 0.609375
448000 1.7115384615384615 0.453125
450000 1.7115384615384615 0.375
452000 1.7115384615384615 0.375
454000 1.7115384615384615 0.390625
456000 1.7115384615384615 0.46875
458000 1.7115384615384615 0.5625
460000 1.7115384615384615 0.40625
462000 1.7115384615384615 0.375
464000 1.7115384615384615 0.3125
466000 1.7115384615384615 0.3125
468000 1.7307692307692308 0.390625
470000 1.7115384615384615 0.375
472000 1.7307692307692308 0.3125
474000 1.7307692307692308 0.3125
476000 1.7115384615384615 0.40625
478000 1.7115384615384615 0.328125
480000 1.7115384615384615 0.328125
482000 1.7115384615384615 0.390625
484000 1.7115384615384615 0.34375
486000 1.7115384615384615 0.390625
488000 1.7115384615384615 0.421875
490000 1.7115384615384615 0.484375
492000 1.7115384615384615 0.4375
494000 1.7115384615384615 0.453125
496000 1.7115384615384615 0.546875
498000 1.7115384615384615 0.46875
500000 1.7115384615384615 0.546875
