2000 0.5961538461538461 0.078125
4000 0.7115384615384616 0.09375
6000 0.75 0.125
8000 0.7115384615384616 0.15625
10000 0.8269230769230769 0.21875
12000 0.9423076923076923 0.21875
14000 0.9615384615384616 0.125
16000 0.9423076923076923 0.09375
18000 1.0769230769230769 0.171875
20000 1.1153846153846154 0.28125
22000 1.0961538461538463 0.109375
24000 1.1538461538461537 0.109375
26000 1.3269230769230769 0.125
28000 1.3461538461538463 0.125
30000 1.5 0.234375
32000 1.7115384615384615 0.125
34000 1.7115384615384615 0.109375
36000 1.7692307692307692 0.125
38000 1.7307692307692308 0.109375
40000 1.6923076923076923 0.21875
42000 1.6730769230769231 0.25
44000 1.7115384615384615 0.125
46000 1.7115384615384615 0.125
48000 1.7692307692307692 0.125
50000 1.7115384615384615 0.171875
52000 1.7115384615384615 0.28125
54000 1.7115384615384615 0.140625
56000 1.7115384615384615 0.234375
58000 1.6923076923076923 0.140625
60000 1.7115384615384615 0.15625
62000 1.6923076923076923 0.234375
64000 1.6153846153846154 0.109375
66000 1.6923076923076923 0.125
68000 1.7115384615384615 0.140625
70000 1.6923076923076923 0.140625
72000 1.6730769230769231 0.21875
74000 1.6923076923076923 0.3125
76000 1.6923076923076923 0.15625
78000 1.7115384615384615 0.109375
80000 1.7115384615384615 0.140625
82000 1.6923076923076923 0.171875
84000 1.7115384615384615 0.28125
86000 1.7115384615384615 0.109375
88000 1.6923076923076923 0.109375
90000 1.6923076923076923 0.21875
92000 1.7115384615384615 0.125
94000 1.5576923076923077 0.25
96000 1.6538461538461537 0.140625
98000 1.6346153846153846 0.125
100000 1.7692307692307692 0.140625
102000 1.7307692307692308 0.125
104000 1.8653846153846154 0.234375
106000 1.8269230769230769 0.28125
108000 1.8653846153846154 0.125
110000 1.8461538461538463 0.125
112000 1.8461538461538463 0.125
114000 1.7884615384615385 0.140625
116000 1.8461538461538463 0.296875
118000 1.8846153846153846 0.140625
120000 1.8846153846153846 0.140625
122000 1.7307692307692308 0.109375
124000 1.9038461538461537 0.140625
126000 1.8076923076923077 0.25
128000 1.8653846153846154 0.125
130000 1.8846153846153846 0.109375
132000 1.9038461538461537 0.125
134000 1.8846153846153846 0.125
136000 1.8076923076923077 0.1875
138000 1.8269230769230769 0.28125
140000 1.6730769230769231 0.125
142000 1.75 0.1875
144000 1.6730769230769231 0.140625
146000 1.8269230769230769 0.15625
148000 1.8846153846153846 0.28125
150000 1.9038461538461537 0.109375
152000 1.7307692307692308 0.125
154000 1.8461538461538463 0.109375
156000 1.8846153846153846 0.109375
158000 1.8846153846153846 0.21875
160000 1.8846153846153846 0.15625
162000 1.8461538461538463 0.1875
164000 1.8653846153846154 0.140625
166000 1.8653846153846154 0.109375
168000 1.8846153846153846 0.21875
170000 1.8846153846153846 0.296875
172000 1.9423076923076923 0.125
174000 1.9038461538461537 0.140625
176000 1.9423076923076923 0.140625
178000 1.9230769230769231 0.1875
180000 1.9038461538461537 0.265625
182000 1.9038461538461537 0.15625
184000 1.8846153846153846 0.15625
186000 1.8846153846153846 0.125
188000 1.8461538461538463 0.15625
190000 1.8846153846153846 0.21875
192000 1.8846153846153846 0.109375
194000 1.8653846153846154 0.125
196000 1.8846153846153846 0.109375
198000 1.9230769230769231 0.125
200000 1.7115384615384615 0.1875
202000 1.7115384615384615 0.3125
204000 1.8461538461538463 0.140625
206000 1.9423076923076923 0.125
208000 1.8846153846153846 0.21875
210000 1.9038461538461537 0.28125
212000 1.8846153846153846 0.265625
214000 1.9038461538461537 0.15625
216000 1.9038461538461537 0.21875
218000 1.8846153846153846 0.171875
220000 1.8269230769230769 0.140625
222000 1.8269230769230769 0.21875
224000 1.8461538461538463 0.15625
226000 1.8846153846153846 0.171875
228000 1.8653846153846154 0.234375
230000 1.9038461538461537 0.140625
232000 1.8653846153846154 0.21875
234000 1.8653846153846154 0.21875
236000 1.8653846153846154 0.1875
238000 1.8653846153846154 0.140625
240000 1.8461538461538463 0.15625
242000 1.8269230769230769 0.171875
244000 1.8269230769230769 0.234375
246000 1.8846153846153846 0.171875
248000 1.8846153846153846 0.125
250000 1.8846153846153846 0.15625
252000 1.8461538461538463 0.171875
254000 1.9038461538461537 0.21875
256000 1.8653846153846154 0.171875
258000 1.8269230769230769 0.1875
260000 1.8846153846153846 0.140625
262000 1.9038461538461537 0.1875
264000 1.8653846153846154 0.25
266000 1.7115384615384615 0.265625
268000 1.8846153846153846 0.21875
270000 1.8653846153846154 0.125
272000 1.9230769230769231 0.125
274000 1.8846153846153846 0.171875
276000 1.8461538461538463 0.28125
278000 1.9423076923076923 0.15625
280000 1.9230769230769231 0.140625
282000 1.9230769230769231 0.125
284000 1.9230769230769231 0.140625
286000 1.9423076923076923 0.203125
288000 1.9423076923076923 0.171875
290000 1.9230769230769231 0.15625
292000 1.9423076923076923 0.125
294000 1.9230769230769231 0.125
296000 1.9230769230769231 0.21875
298000 1.9230769230769231 0.328125
300000 1.8461538461538463 0.21875
302000 1.8653846153846154 0.15625
304000 1.8461538461538463 0.140625
306000 1.7884615384615385 0.1875
308000 1.8846153846153846 0.296875
310000 1.8653846153846154 0.171875
312000 1.8076923076923077 0.140625
314000 1.8846153846153846 0.203125
316000 1.9038461538461537 0.15625
318000 1.8846153846153846 0.234375
320000 1.8653846153846154 0.140625
322000 1.9038461538461537 0.125
324000 1.8846153846153846 0.140625
326000 1.9038461538461537 0.140625
328000 1.8653846153846154 0.234375
330000 1.8846153846153846 0.3125
332000 1.9230769230769231 0.109375
334000 1.9230769230769231 0.125
336000 1.9038461538461537 0.125
338000 1.9038461538461537 0.15625
340000 1.9230769230769231 0.234375
342000 1.9423076923076923 0.15625
344000 1.8846153846153846 0.109375
346000 1.8846153846153846 0.15625
348000 1.8846153846153846 0.140625
350000 1.9038461538461537 0.171875
352000 1.9230769230769231 0.140625
354000 1.8846153846153846 0.140625
356000 1.9038461538461537 0.125
358000 1.8653846153846154 0.140625
360000 1.9038461538461537 0.171875
362000 1.8461538461538463 0.296875
364000 1.8653846153846154 0.1875
366000 1.7884615384615385 0.15625
368000 1.9230769230769231 0.1875
370000 1.9423076923076923 0.1875
372000 1.8269230769230769 0.234375
374000 1.8653846153846154 0.15625
376000 1.8653846153846154 0.125
378000 1.9038461538461537 0.125
380000 1.9615384615384615 0.125
382000 1.9423076923076923 0.25
384000 1.9423076923076923 0.171875
386000 1.9230769230769231 0.15625
388000 1.8846153846153846 0.140625
390000 1.8461538461538463 0.125
392000 1.9038461538461537 0.234375
394000 1.8846153846153846 0.3125
396000 1.7884615384615385 0.125
398000 1.9038461538461537 0.234375
400000 1.8846153846153846 0.140625
402000 1.9038461538461537 0.203125
404000 1.8269230769230769 0.296875
406000 1.9038461538461537 0.203125
408000 1.8846153846153846 0.1875
410000 1.9230769230769231 0.171875
412000 1.9230769230769231 0.1875
414000 1.8653846153846154 0.234375
416000 1.9230769230769231 0.203125
418000 1.9230769230769231 0.125
420000 1.8653846153846154 0.140625
422000 1.8846153846153846 0.1875
424000 1.9038461538461537 0.234375
426000 1.8653846153846154 0.28125
428000 1.9038461538461537 0.140625
430000 1.9038461538461537 0.109375
432000 1.9615384615384615 0.1875
434000 1.9615384615384615 0.15625
436000 1.8653846153846154 0.28125
438000 1.9230769230769231 0.15625
440000 1.8653846153846154 0.125
442000 1.9615384615384615 0.15625
444000 1.9615384615384615 0.15625
446000 2.0 0.25
448000 1.9615384615384615 0.140625
450000 1.9230769230769231 0.1875
452000 1.8653846153846154 0.125
454000 1.7884615384615385 0.265625
456000 1.7692307692307692 0.21875
458000 1.8076923076923077 0.3125
460000 1.9230769230769231 0.171875
462000 1.9038461538461537 0.140625
464000 1.9038461538461537 0.140625
466000 1.9230769230769231 0.171875
468000 1.9230769230769231 0.234375
470000 1.9230769230769231 0.140625
472000 1.9423076923076923 0.140625
474000 1.9038461538461537 0.1875
476000 1.9038461538461537 0.15625
478000 1.8653846153846154 0.265625
480000 1.9038461538461537 0.140625
482000 1.9423076923076923 0.125
484000 1.9038461538461537 0.140625
486000 1.8653846153846154 0.171875
488000 1.8653846153846154 0.1875
490000 1.8461538461538463 0.296875
492000 1.8653846153846154 0.171875
494000 1.8653846153846154 0.1875
496000 1.8653846153846154 0.125
498000 1.8269230769230769 0.15625
500000 1.8653846153846154 0.265625
