2000 1.4807692307692308 0.078125
4000 1.2115384615384615 0.109375
6000 1.2307692307692308 0.15625
8000 1.6346153846153846 0.21875
10000 1.6153846153846154 0.21875
12000 1.6346153846153846 0.078125
14000 1.6346153846153846 0.078125
16000 1.6923076923076923 0.140625
18000 1.6923076923076923 0.203125
20000 1.7115384615384615 0.15625
22000 1.7115384615384615 0.078125
24000 1.75 0.078125
26000 1.7692307692307692 0.171875
28000 1.6346153846153846 0.15625
30000 1.75 0.1875
32000 1.6923076923076923 0.09375
34000 1.6923076923076923 0.09375
36000 1.6923076923076923 0.078125
38000 1.6923076923076923 0.15625
40000 1.6153846153846154 0.21875
42000 1.7115384615384615 0.1875
44000 1.6346153846153846 0.109375
46000 1.7115384615384615 0.125
48000 1.7115384615384615 0.125
50000 1.7115384615384615 0.21875
52000 1.7115384615384615 0.21875
54000 1.6923076923076923 0.09375
56000 1.7115384615384615 0.09375
58000 1.7115384615384615 0.09375
60000 1.7115384615384615 0.1875
62000 1.6730769230769231 0.234375
64000 1.7115384615384615 0.109375
66000 1.6923076923076923 0.078125
68000 1.7115384615384615 0.09375
70000 1.7115384615384615 0.140625
72000 1.7115384615384615 0.21875
74000 1.7115384615384615 0.1875
76000 1.7115384615384615 0.078125
78000 1.7115384615384615 0.09375
80000 1.7115384615384615 0.09375
82000 1.7115384615384615 0.203125
84000 1.7115384615384615 0.21875
86000 1.6730769230769231 0.078125
88000 1.6538461538461537 0.078125
90000 1.7115384615384615 0.09375
92000 1.7115384615384615 0.171875
94000 1.7115384615384615 0.21875
96000 1.6923076923076923 0.078125
98000 1.7115384615384615 0.078125
100000 1.6923076923076923 0.109375
102000 1.6923076923076923 0.140625
104000 1.6923076923076923 0.1875
106000 1.6730769230769231 0.171875
108000 1.7115384615384615 0.078125
110000 1.7115384615384615 0.09375
112000 1.7115384615384615 0.109375
114000 1.7115384615384615 0.21875
116000 1.7115384615384615 0.21875
118000 1.7115384615384615 0.109375
120000 1.7115384615384615 0.078125
122000 1.6730769230769231 0.140625
124000 1.6923076923076923 0.171875
126000 1.6538461538461537 0.21875
128000 1.6923076923076923 0.078125
130000 1.7115384615384615 0.109375
132000 1.7115384615384615 0.078125
134000 1.6730769230769231 0.09375
136000 1.6730769230769231 0.21875
138000 1.6153846153846154 0.203125
140000 1.7115384615384615 0.09375
142000 1.7115384615384615 0.078125
144000 1.7115384615384615 0.125
146000 1.7307692307692308 0.1875
148000 1.6923076923076923 0.234375
150000 1.7307692307692308 0.078125
152000 1.75 0.078125
154000 1.5961538461538463 0.109375
156000 1.7115384615384615 0.140625
158000 1.7307692307692308 0.1875
160000 1.75 0.078125
162000 1.75 0.078125
164000 1.75 0.125
166000 1.7115384615384615 0.140625
168000 1.75 0.171875
170000 1.75 0.1875
172000 1.5192307692307692 0.078125
174000 1.7307692307692308 0.078125
176000 1.6153846153846154 0.078125
178000 1.75 0.203125
180000 1.5384615384615385 0.296875
182000 1.7115384615384615 0.078125
184000 1.7115384615384615 0.078125
186000 1.6923076923076923 0.09375
188000 1.7884615384615385 0.140625
190000 1.7884615384615385 0.21875
192000 1.7884615384615385 0.09375
194000 1.7115384615384615 0.078125
196000 1.7692307692307692 0.09375
198000 1.6730769230769231 0.125
200000 1.7115384615384615 0.21875
202000 1.7307692307692308 0.1875
204000 1.8076923076923077 0.0625
206000 1.7307692307692308 0.078125
208000 1.6923076923076923 0.09375
210000 1.7115384615384615 0.171875
212000 1.75 0.1875
214000 1.7884615384615385 0.09375
216000 1.7692307692307692 0.078125
218000 1.75 0.078125
220000 1.7884615384615385 0.140625
222000 1.6923076923076923 0.21875
224000 1.75 0.078125
226000 1.7115384615384615 0.078125
228000 1.7692307692307692 0.09375
230000 1.7115384615384615 0.140625
232000 1.6923076923076923 0.21875
234000 1.7115384615384615 0.28125
236000 1.7307692307692308 0.078125
238000 1.7692307692307692 0.09375
240000 1.7307692307692308 0.09375
242000 1.7307692307692308 0.171875
244000 1.7307692307692308 0.171875
246000 1.7307692307692308 0.109375
248000 1.7307692307692308 0.125
250000 1.7884615384615385 0.125
252000 1.7115384615384615 0.1875
254000 1.7115384615384615 0.21875
256000 1.7884615384615385 0.09375
258000 1.7692307692307692 0.125
260000 1.7307692307692308 0.09375
262000 1.9038461538461537 0.109375
264000 1.9230769230769231 0.15625
266000 1.8846153846153846 0.25
268000 1.9807692307692308 0.078125
270000 1.9423076923076923 0.078125
272000 1.8846153846153846 0.125
274000 1.9230769230769231 0.171875
276000 1.9230769230769231 0.203125
278000 1.9807692307692308 0.078125
280000 1.9038461538461537 0.09375
282000 1.8653846153846154 0.109375
284000 1.9038461538461537 0.15625
286000 1.9038461538461537 0.234375
288000 1.9038461538461537 0.15625
290000 1.8269230769230769 0.09375
292000 1.9423076923076923 0.125
294000 1.9615384615384615 0.125
296000 1.8653846153846154 0.21875
298000 1.9230769230769231 0.296875
300000 2.019230769230769 0.171875
302000 1.9230769230769231 0.109375
304000 1.9615384615384615 0.109375
306000 1.9807692307692308 0.171875
308000 2.0 0.234375
310000 2.019230769230769 0.15625
312000 1.9038461538461537 0.15625
314000 1.9423076923076923 0.1875
316000 1.9423076923076923 0.1875
318000 1.9615384615384615 0.25
320000 1.9615384615384615 0.09375
322000 2.019230769230769 0.078125
324000 1.9038461538461537 0.078125
326000 1.9615384615384615 0.171875
328000 1.9807692307692308 0.125
330000 2.0 0.1875
332000 1.9230769230769231 0.078125
334000 2.019230769230769 0.09375
336000 2.019230769230769 0.125
338000 1.9423076923076923 0.1875
340000 2.019230769230769 0.15625
342000 2.0 0.078125
344000 2.0 0.09375
346000 2.0 0.09375
348000 1.9038461538461537 0.171875
350000 1.9423076923076923 0.21875
352000 1.8846153846153846 0.078125
354000 1.8846153846153846 0.078125
356000 1.8846153846153846 0.09375
358000 1.9423076923076923 0.140625
360000 1.9615384615384615 0.140625
362000 1.8653846153846154 0.328125
364000 1.9807692307692308 0.078125
366000 2.019230769230769 0.21875
368000 1.8846153846153846 0.09375
370000 1.8653846153846154 0.171875
372000 1.8269230769230769 0.1875
374000 1.9230769230769231 0.078125
376000 1.9807692307692308 0.109375
378000 1.9615384615384615 0.09375
380000 2.0 0.15625
382000 1.9230769230769231 0.1875
384000 1.9038461538461537 0.078125
386000 1.8846153846153846 0.078125
388000 1.9423076923076923 0.078125
390000 2.0 0.109375
392000 1.8846153846153846 0.1875
394000 1.8846153846153846 0.171875
396000 1.9423076923076923 0.09375
398000 1.9615384615384615 0.078125
400000 1.9615384615384615 0.140625
402000 1.9615384615384615 0.21875
404000 1.9230769230769231 0.21875
406000 1.9038461538461537 0.09375
408000 1.9038461538461537 0.09375
410000 1.9807692307692308 0.109375
412000 2.019230769230769 0.15625
414000 1.9615384615384615 0.1875
416000 1.8846153846153846 0.09375
418000 1.8846153846153846 0.078125
420000 2.019230769230769 0.09375
422000 1.9807692307692308 0.140625
424000 1.9615384615384615 0.171875
426000 2.0 0.234375
428000 2.0384615384615383 0.109375
430000 2.0384615384615383 0.09375
432000 2.0384615384615383 0.140625
434000 2.0384615384615383 0.203125
436000 2.0576923076923075 0.234375
438000 2.0384615384615383 0.078125
440000 2.0576923076923075 0.078125
442000 2.0576923076923075 0.09375
444000 2.0384615384615383 0.171875
446000 1.9807692307692308 0.15625
448000 2.0384615384615383 0.09375
450000 1.9423076923076923 0.078125
452000 1.9807692307692308 0.078125
454000 1.9615384615384615 0.140625
456000 1.9423076923076923 0.171875
458000 1.9423076923076923 0.21875
460000 1.9423076923076923 0.078125
462000 1.9615384615384615 0.078125
464000 1.9615384615384615 0.125
466000 1.9423076923076923 0.203125
468000 1.9615384615384615 0.21875
470000 1.9423076923076923 0.078125
472000 1.9423076923076923 0.09375
474000 1.9615384615384615 0.109375
476000 1.9807692307692308 0.171875
478000 1.9615384615384615 0.1875
480000 1.9423076923076923 0.078125
482000 1.9615384615384615 0.078125
484000 1.9807692307692308 0.078125
486000 1.9615384615384615 0.15625
488000 1.9615384615384615 0.1875
490000 1.9615384615384615 0.21875
492000 2.019230769230769 0.078125
494000 1.9615384615384615 0.078125
496000 2.019230769230769 0.125
498000 2.019230769230769 0.125
500000 2.019230769230769 0.21875
