2000 1.4807692307692308 0.5
4000 1.5576923076923077 0.484375
6000 1.6346153846153846 0.421875
8000 1.6346153846153846 0.390625
10000 1.6346153846153846 0.53125
12000 1.6346153846153846 0.375
14000 1.6923076923076923 0.40625
16000 1.6923076923076923 0.359375
18000 1.6923076923076923 0.421875
20000 1.6730769230769231 0.4375
22000 1.6923076923076923 0.3125
24000 1.6730769230769231 0.34375
26000 1.6153846153846154 0.40625
28000 1.6538461538461537 0.359375
30000 1.6730769230769231 0.328125
32000 1.6923076923076923 0.4375
34000 1.7115384615384615 0.359375
36000 1.7115384615384615 0.453125
38000 1.7115384615384615 0.5
40000 1.6923076923076923 0.421875
42000 1.7115384615384615 0.515625
44000 1.7115384615384615 0.296875
46000 1.7115384615384615 0.484375
48000 1.7115384615384615 0.515625
50000 1.6923076923076923 0.578125
52000 1.6923076923076923 0.546875
54000 1.6730769230769231 0.3125
56000 1.6730769230769231 0.390625
58000 1.6538461538461537 0.4375
60000 1.7115384615384615 0.46875
62000 1.6730769230769231 0.34375
64000 1.6923076923076923 0.421875
66000 1.6923076923076923 0.46875
68000 1.6923076923076923 0.328125
70000 1.6923076923076923 0.3125
72000 1.7307692307692308 0.296875
74000 1.75 0.515625
76000 1.7307692307692308 0.28125
78000 1.75 0.3125
80000 1.75 0.4375
82000 1.7692307692307692 0.34375
84000 1.7692307692307692 0.4375
86000 1.75 0.328125
88000 1.7307692307692308 0.40625
90000 1.6923076923076923 0.390625
92000 1.7115384615384615 0.421875
94000 1.6923076923076923 0.4375
96000 1.75 0.359375
98000 1.75 0.375
100000 1.75 0.5625
102000 1.8269230769230769 0.515625
104000 1.8461538461538463 0.46875
106000 1.8461538461538463 0.4375
108000 2.019230769230769 0.28125
110000 1.9230769230769231 0.25
112000 1.9807692307692308 0.28125
114000 1.9807692307692308 0.234375
116000 1.9038461538461537 0.34375
118000 1.8269230769230769 0.3125
120000 1.8461538461538463 0.21875
122000 1.9230769230769231 0.21875
124000 1.8269230769230769 0.265625
126000 1.75 0.25
128000 1.7307692307692308 0.203125
130000 1.6730769230769231 0.203125
132000 1.5384615384615385 0.203125
134000 1.6153846153846154 0.21875
136000 1.8269230769230769 0.25
138000 1.6923076923076923 0.375
140000 1.6923076923076923 0.203125
142000 1.8269230769230769 0.21875
144000 1.7884615384615385 0.203125
146000 1.8269230769230769 0.203125
148000 1.6730769230769231 0.296875
150000 1.9423076923076923 0.203125
152000 1.7115384615384615 0.203125
154000 1.8076923076923077 0.203125
156000 1.6923076923076923 0.203125
158000 1.7692307692307692 0.28125
160000 1.6730769230769231 0.203125
162000 1.7115384615384615 0.234375
164000 1.75 0.203125
166000 1.9230769230769231 0.203125
168000 1.7115384615384615 0.234375
170000 1.9230769230769231 0.40625
172000 1.9230769230769231 0.234375
174000 1.8846153846153846 0.1875
176000 1.9423076923076923 0.203125
178000 1.8846153846153846 0.234375
180000 1.9230769230769231 0.328125
182000 1.7692307692307692 0.265625
184000 1.7307692307692308 0.5625
186000 1.7692307692307692 0.234375
188000 1.9038461538461537 0.203125
190000 1.8846153846153846 0.28125
192000 1.6153846153846154 0.203125
194000 1.7692307692307692 0.203125
196000 1.9807692307692308 0.203125
198000 1.8076923076923077 0.203125
200000 1.9230769230769231 0.171875
202000 1.8653846153846154 0.34375
204000 1.9038461538461537 0.203125
206000 1.9038461538461537 0.203125
208000 1.9807692307692308 0.203125
210000 1.7115384615384615 0.21875
212000 1.8653846153846154 0.34375
214000 2.0 0.171875
216000 1.8461538461538463 0.203125
218000 1.9807692307692308 0.234375
220000 1.7692307692307692 0.21875
222000 1.8076923076923077 0.28125
224000 1.8269230769230769 0.203125
226000 1.6923076923076923 0.234375
228000 1.9807692307692308 0.203125
230000 1.9038461538461537 0.234375
232000 1.7115384615384615 0.25
234000 1.7115384615384615 0.375
236000 1.8461538461538463 0.203125
238000 1.8461538461538463 0.21875
240000 1.8269230769230769 0.234375
242000 1.7115384615384615 0.234375
244000 1.75 0.34375
246000 1.9038461538461537 0.203125
248000 1.7307692307692308 0.203125
250000 1.8653846153846154 0.359375
252000 1.9038461538461537 0.21875
254000 1.9423076923076923 0.3125
256000 1.9423076923076923 0.21875
258000 1.8846153846153846 0.21875
260000 1.8269230769230769 0.234375
262000 1.9230769230769231 0.203125
264000 1.9230769230769231 0.203125
266000 1.9230769230769231 0.359375
268000 1.9615384615384615 0.21875
270000 1.9423076923076923 0.21875
272000 1.9423076923076923 0.21875
274000 1.9615384615384615 0.234375
276000 1.9423076923076923 0.3125
278000 1.8076923076923077 0.21875
280000 1.8846153846153846 0.21875
282000 1.8846153846153846 0.234375
284000 1.8846153846153846 0.203125
286000 1.7884615384615385 0.328125
288000 1.8653846153846154 0.203125
290000 1.8846153846153846 0.21875
292000 1.8653846153846154 0.265625
294000 1.9423076923076923 0.1875
296000 1.9423076923076923 0.25
298000 1.9230769230769231 0.421875
300000 1.8846153846153846 0.328125
302000 1.6730769230769231 0.21875
304000 1.8269230769230769 0.203125
306000 1.8269230769230769 0.375
308000 1.8653846153846154 0.359375
310000 1.9230769230769231 0.421875
312000 1.8846153846153846 0.515625
314000 1.8461538461538463 0.4375
316000 1.7884615384615385 0.328125
318000 1.8461538461538463 0.375
320000 1.8461538461538463 0.40625
322000 1.8846153846153846 0.328125
324000 1.9230769230769231 0.359375
326000 1.9615384615384615 0.359375
328000 1.9038461538461537 0.390625
330000 1.8269230769230769 0.484375
332000 1.7692307692307692 0.421875
334000 1.8461538461538463 0.34375
336000 1.8461538461538463 0.359375
338000 1.8269230769230769 0.484375
340000 1.8846153846153846 0.390625
342000 1.8846153846153846 0.34375
344000 1.7692307692307692 0.34375
346000 1.9038461538461537 0.3125
348000 1.8846153846153846 0.359375
350000 1.8846153846153846 0.34375
352000 1.8846153846153846 0.5625
354000 1.9230769230769231 0.3125
356000 1.8269230769230769 0.328125
358000 1.8269230769230769 0.3125
360000 1.8846153846153846 0.34375
362000 1.8269230769230769 0.515625
364000 1.9038461538461537 0.3125
366000 1.8653846153846154 0.359375
368000 1.9615384615384615 0.328125
370000 1.9230769230769231 0.3125
372000 1.9038461538461537 0.375
374000 1.9423076923076923 0.375
376000 1.9423076923076923 0.390625
378000 1.9230769230769231 0.359375
380000 1.9230769230769231 0.34375
382000 1.9615384615384615 0.375
384000 1.8846153846153846 0.40625
386000 2.0 0.328125
388000 1.9615384615384615 0.53125
390000 1.9807692307692308 0.296875
392000 1.9230769230769231 0.34375
394000 1.9230769230769231 0.515625
396000 1.7692307692307692 0.34375
398000 2.019230769230769 0.359375
400000 1.9230769230769231 0.359375
402000 1.9807692307692308 0.34375
404000 1.9423076923076923 0.390625
406000 1.9615384615384615 0.296875
408000 1.9423076923076923 0.328125
410000 1.8846153846153846 0.296875
412000 1.8846153846153846 0.359375
414000 1.9230769230769231 0.328125
416000 1.9615384615384615 0.296875
418000 1.9807692307692308 0.328125
420000 2.019230769230769 0.4375
422000 2.0 0.34375
424000 1.9423076923076923 0.34375
426000 1.9615384615384615 0.453125
428000 2.0 0.3125
430000 1.9230769230769231 0.453125
432000 1.9423076923076923 0.328125
434000 2.0 0.359375
436000 1.9230769230769231 0.390625
438000 1.9038461538461537 0.34375
440000 1.9423076923076923 0.328125
442000 1.9615384615384615 0.296875
444000 1.9423076923076923 0.359375
446000 1.8653846153846154 0.296875
448000 1.9038461538461537 0.328125
450000 1.9230769230769231 0.34375
452000 1.9038461538461537 0.328125
454000 1.8653846153846154 0.359375
456000 1.8461538461538463 0.34375
458000 1.8846153846153846 0.484375
460000 1.9230769230769231 0.328125
462000 1.8653846153846154 0.375
464000 1.8846153846153846 0.53125
466000 1.9038461538461537 0.328125
468000 1.9038461538461537 0.40625
470000 1.8846153846153846 0.328125
472000 1.9038461538461537 0.375
474000 1.9038461538461537 0.390625
476000 1.8461538461538463 0.328125
478000 1.8461538461538463 0.296875
480000 1.8269230769230769 0.375
482000 1.8461538461538463 0.34375
484000 1.8653846153846154 0.328125
486000 1.8076923076923077 0.359375
488000 1.8269230769230769 0.296875
490000 1.8269230769230769 0.46875
492000 1.8269230769230769 0.296875
494000 1.8846153846153846 0.328125
496000 1.8461538461538463 0.328125
498000 1.8846153846153846 0.34375
500000 1.8461538461538463 0.484375
