2000 0.019230769230769232 0.359375
4000 0.019230769230769232 0.40625
6000 0.15384615384615385 0.515625
8000 0.25 0.59375
10000 0.4230769230769231 0.828125
12000 0.4423076923076923 0.734375
14000 0.7692307692307693 0.734375
16000 1.0192307692307692 0.796875
18000 0.9615384615384616 0.765625
20000 0.9615384615384616 0.78125
22000 1.0 0.796875
24000 1.0576923076923077 0.8125
26000 1.1538461538461537 0.875
28000 1.1730769230769231 0.84375
30000 1.1730769230769231 0.875
32000 1.0769230769230769 0.875
34000 1.4038461538461537 0.953125
36000 1.8076923076923077 0.953125
38000 1.8076923076923077 0.9375
40000 1.8846153846153846 0.921875
42000 2.173076923076923 1.140625
44000 2.1153846153846154 0.9375
46000 2.0961538461538463 0.875
48000 2.3653846153846154 0.90625
50000 2.4423076923076925 1.109375
52000 2.5 1.15625
54000 2.4615384615384617 0.90625
56000 2.7115384615384617 1.0
58000 2.576923076923077 0.96875
60000 2.5961538461538463 1.171875
62000 2.730769230769231 0.984375
64000 2.4615384615384617 1.125
66000 2.769230769230769 1.265625
68000 2.6346153846153846 0.921875
70000 2.5961538461538463 1.03125
72000 2.326923076923077 1.28125
74000 2.5961538461538463 1.0625
76000 3.019230769230769 0.953125
78000 2.5576923076923075 1.0
80000 2.8076923076923075 0.984375
82000 2.923076923076923 0.96875
84000 2.6538461538461537 0.96875
86000 2.769230769230769 1.078125
88000 2.6153846153846154 1.296875
90000 2.576923076923077 1.015625
92000 2.730769230769231 1.078125
94000 2.4615384615384617 0.984375
96000 2.6153846153846154 1.515625
98000 2.980769230769231 1.015625
100000 2.769230769230769 1.390625
102000 2.7115384615384617 1.171875
104000 2.6923076923076925 1.0625
106000 3.019230769230769 0.890625
108000 2.7115384615384617 1.015625
110000 2.6538461538461537 1.015625
112000 2.980769230769231 1.015625
114000 2.826923076923077 0.921875
116000 2.9038461538461537 1.40625
118000 2.5576923076923075 1.125
120000 2.6153846153846154 1.0
122000 2.769230769230769 0.921875
124000 2.8076923076923075 0.890625
126000 2.5576923076923075 1.34375
128000 2.6538461538461537 0.921875
130000 3.1153846153846154 1.0
132000 2.6346153846153846 1.15625
134000 2.923076923076923 1.109375
136000 2.5961538461538463 0.9375
138000 2.673076923076923 1.046875
140000 2.730769230769231 1.03125
142000 2.6923076923076925 0.984375
144000 3.0961538461538463 1.0625
146000 3.076923076923077 1.25
148000 2.9615384615384617 1.34375
150000 2.6538461538461537 1.140625
152000 2.826923076923077 1.484375
154000 2.75 1.078125
156000 2.673076923076923 1.03125
158000 2.9038461538461537 1.171875
160000 2.8653846153846154 1.15625
162000 2.8461538461538463 1.015625
164000 2.769230769230769 0.96875
166000 2.8653846153846154 1.140625
168000 2.8076923076923075 0.96875
170000 2.7115384615384617 1.09375
172000 2.4615384615384617 1.0
174000 2.75 1.0625
176000 3.0576923076923075 1.03125
178000 2.6153846153846154 1.0625
180000 2.75 1.03125
182000 2.9038461538461537 0.96875
184000 2.673076923076923 1.265625
186000 2.769230769230769 1.03125
188000 2.6923076923076925 1.171875
190000 2.9423076923076925 1.21875
192000 2.8461538461538463 1.0625
194000 2.8461538461538463 0.984375
196000 2.6538461538461537 1.0
198000 2.8653846153846154 1.21875
200000 2.730769230769231 1.09375
202000 2.5576923076923075 0.96875
204000 2.75 1.140625
206000 2.769230769230769 1.0625
208000 2.7884615384615383 1.171875
210000 2.769230769230769 1.03125
212000 2.6346153846153846 1.390625
214000 2.5961538461538463 0.921875
216000 2.75 0.9375
218000 2.769230769230769 0.921875
220000 2.576923076923077 0.921875
222000 3.1153846153846154 0.9375
224000 2.7115384615384617 0.9375
226000 2.826923076923077 1.25
228000 2.7884615384615383 1.09375
230000 3.076923076923077 1.015625
232000 2.9615384615384617 0.9375
234000 2.8461538461538463 0.9375
236000 3.1346153846153846 0.96875
238000 2.5576923076923075 0.9375
240000 2.9423076923076925 0.953125
242000 2.8461538461538463 0.90625
244000 2.8461538461538463 1.046875
246000 2.9423076923076925 1.03125
248000 2.8846153846153846 1.015625
250000 2.8653846153846154 1.234375
252000 2.769230769230769 1.03125
254000 3.0384615384615383 0.96875
256000 3.019230769230769 1.25
258000 2.769230769230769 1.3125
260000 2.8846153846153846 1.203125
262000 2.8846153846153846 1.25
264000 2.7115384615384617 0.953125
266000 2.9615384615384617 1.046875
268000 2.980769230769231 1.21875
270000 2.9038461538461537 1.046875
272000 2.9038461538461537 0.9375
274000 2.8461538461538463 1.25
276000 3.1346153846153846 1.046875
278000 2.5961538461538463 1.15625
280000 2.8846153846153846 1.328125
282000 2.7115384615384617 1.171875
284000 2.9038461538461537 1.296875
286000 2.7115384615384617 1.1875
288000 2.8653846153846154 1.125
290000 2.980769230769231 1.15625
292000 2.6923076923076925 1.234375
294000 2.9615384615384617 1.203125
296000 2.980769230769231 0.921875
298000 2.8653846153846154 1.140625
300000 2.769230769230769 3.546875
302000 2.7884615384615383 3.03125
304000 2.75 3.25
306000 2.7115384615384617 3.234375
308000 2.980769230769231 3.265625
310000 3.019230769230769 3.328125
312000 2.8461538461538463 3.296875
314000 3.0 3.3125
316000 2.8076923076923075 3.296875
318000 2.5576923076923075 3.34375
320000 2.9615384615384617 3.328125
322000 2.769230769230769 2.65625
324000 2.8653846153846154 3.34375
326000 2.8461538461538463 3.375
328000 2.6923076923076925 3.3125
330000 2.75 3.171875
332000 3.3076923076923075 3.15625
334000 2.519230769230769 3.25
336000 2.9038461538461537 3.015625
338000 3.2115384615384617 3.140625
340000 2.9038461538461537 3.359375
342000 2.769230769230769 3.09375
344000 2.7115384615384617 3.171875
346000 2.8846153846153846 2.75
348000 2.980769230769231 3.265625
350000 2.826923076923077 3.203125
352000 2.6346153846153846 3.171875
354000 3.0961538461538463 3.203125
356000 2.75 3.25
358000 2.8846153846153846 3.171875
360000 2.923076923076923 3.328125
362000 3.076923076923077 3.25
364000 2.8846153846153846 3.171875
366000 3.019230769230769 1.015625
368000 3.0 3.015625
370000 2.8846153846153846 3.546875
372000 2.8653846153846154 3.765625
374000 2.923076923076923 3.703125
376000 2.9038461538461537 3.203125
378000 2.769230769230769 2.578125
380000 2.8076923076923075 1.3125
382000 2.923076923076923 1.28125
384000 2.8846153846153846 1.28125
386000 2.6346153846153846 1.203125
388000 2.8076923076923075 1.3125
390000 3.076923076923077 1.375
392000 2.8846153846153846 1.46875
394000 3.0384615384615383 1.421875
396000 3.0 1.40625
398000 2.769230769230769 1.328125
400000 2.8653846153846154 1.34375
402000 3.0 1.328125
404000 2.9615384615384617 1.40625
406000 2.9423076923076925 1.4375
408000 2.730769230769231 1.40625
410000 2.923076923076923 1.421875
412000 2.8653846153846154 1.4375
414000 3.0961538461538463 1.5
416000 3.0 1.421875
418000 2.730769230769231 1.484375
420000 2.6538461538461537 1.34375
422000 2.730769230769231 1.4375
424000 2.8461538461538463 1.421875
426000 2.7884615384615383 1.421875
428000 2.9038461538461537 1.390625
430000 2.769230769230769 1.328125
432000 2.826923076923077 1.40625
434000 3.019230769230769 1.40625
436000 2.9615384615384617 1.46875
438000 3.0 1.453125
440000 2.7884615384615383 1.484375
442000 2.8076923076923075 1.5
444000 3.019230769230769 1.546875
446000 2.9038461538461537 1.046875
448000 3.019230769230769 1.15625
450000 2.9615384615384617 0.984375
452000 3.3653846153846154 0.984375
454000 2.673076923076923 1.453125
456000 3.0961538461538463 0.96875
458000 2.8846153846153846 0.921875
460000 3.0 1.484375
462000 2.673076923076923 0.96875
464000 2.9038461538461537 1.0625
466000 3.2115384615384617 0.984375
468000 2.8076923076923075 1.078125
470000 3.1923076923076925 1.1875
472000 2.7884615384615383 1.078125
474000 2.980769230769231 1.046875
476000 2.8076923076923075 0.96875
478000 2.923076923076923 1.0625
480000 2.6538461538461537 1.21875
482000 2.9615384615384617 1.5
484000 2.9615384615384617 1.0625
486000 2.8461538461538463 0.953125
488000 2.6538461538461537 1.34375
490000 2.826923076923077 0.984375
492000 2.8653846153846154 0.9375
494000 2.9615384615384617 1.234375
496000 2.6923076923076925 1.046875
498000 2.730769230769231 0.953125
500000 2.730769230769231 0.9375
