2000 0.038461538461538464 0.2927023249999987
4000 0.0 0.21375264600000143
6000 0.019230769230769232 0.18999092299999987
8000 0.07692307692307693 0.19773881999999787
10000 0.019230769230769232 0.18332136800000143
12000 0.038461538461538464 0.20142442200000232
14000 0.0 0.19030508300000548
16000 0.019230769230769232 0.19304448799999818
18000 0.019230769230769232 0.2014445390000006
20000 0.0 0.1859540029999991
22000 0.019230769230769232 0.1921131719999991
24000 0.019230769230769232 0.206620491999999
26000 0.019230769230769232 0.19546065800000179
28000 0.019230769230769232 0.20852635600000724
30000 0.038461538461538464 0.19412425299999825
32000 0.019230769230769232 0.19379316300000937
34000 0.019230769230769232 0.21670600399998818
36000 0.019230769230769232 0.2001672840000026
38000 0.019230769230769232 0.19034756199999947
40000 0.038461538461538464 0.20258799999999155
42000 0.038461538461538464 0.19566396999999824
44000 0.0 0.21263252600000726
46000 0.019230769230769232 0.192269746000008
48000 0.0 0.19985555899999952
50000 0.0 0.18678177599998946
52000 0.36538461538461536 0.40187166999999135
54000 0.5192307692307693 0.42798631400000886
56000 0.8076923076923077 0.4614987200000087
58000 0.9038461538461539 0.4635013450000258
60000 1.0 0.49171551700001714
62000 1.0192307692307692 0.4911485309999932
64000 0.8846153846153846 0.4992408550000107
66000 0.9038461538461539 0.49808554200001254
68000 1.0 0.5013267049999968
70000 1.0384615384615385 0.5020758800000067
72000 1.0192307692307692 0.5036809620000042
74000 1.0384615384615385 0.5027856920000033
76000 1.1730769230769231 0.5035347169999795
78000 1.0 0.49430046200001243
80000 0.9807692307692307 0.5036983440000142
82000 1.0769230769230769 0.5036043090000248
84000 0.9807692307692307 0.5107778880000069
86000 1.1153846153846154 0.5065775529999996
88000 1.0576923076923077 0.5028013040000019
90000 1.0576923076923077 0.5064203680000219
92000 1.1730769230769231 0.5086606089999464
94000 1.0 0.5009459549999633
96000 1.1153846153846154 0.4997933329999569
98000 1.0 0.5083869950000235
100000 1.0961538461538463 0.5126623040000027
102000 1.0961538461538463 0.5005334999999604
104000 0.9807692307692307 0.5127378640000302
106000 1.0576923076923077 0.4977880120000009
108000 0.9807692307692307 0.49888170499997386
110000 1.0192307692307692 0.505656384999952
112000 1.0384615384615385 0.5123070469999789
114000 1.0192307692307692 0.5072330529999931
116000 1.1153846153846154 0.5073507330000098
118000 0.9807692307692307 0.5041982999999846
120000 1.1153846153846154 0.5038228170000139
122000 0.8846153846153846 0.5100900170000386
124000 0.9230769230769231 0.4980721659999858
126000 1.0192307692307692 0.5047905949999745
128000 0.8653846153846154 0.49746688999999833
130000 0.9807692307692307 0.5065690370000198
132000 0.8269230769230769 0.5004946380000206
134000 0.6923076923076923 0.501134555999954
136000 0.7115384615384616 0.49998827599995366
138000 0.8076923076923077 0.502538831000038
140000 0.75 0.4942209619999858
142000 1.0769230769230769 0.4988551819999998
144000 0.9807692307692307 0.49855642500000386
146000 0.9423076923076923 0.5121688749999862
148000 0.9615384615384616 0.5075892500000236
150000 0.9807692307692307 0.4961557819999598
152000 1.0576923076923077 0.49688932800000885
154000 1.0576923076923077 0.5059898409999732
156000 0.9615384615384616 0.5032997559999899
158000 1.0576923076923077 0.5006432040000846
160000 0.9807692307692307 0.49490656999989824
162000 1.0961538461538463 0.5033130020000272
164000 1.0 0.49935619300003964
166000 0.9615384615384616 0.49931492600001093
168000 0.9423076923076923 0.5053555020000431
170000 1.0576923076923077 0.5091982669999879
172000 1.1346153846153846 0.5080597220000982
174000 1.1923076923076923 0.5024823250000736
176000 1.0961538461538463 0.5061319989999902
178000 1.0769230769230769 0.5033132129999558
180000 1.0769230769230769 0.5044625560000213
182000 1.0384615384615385 0.5101980510000885
184000 1.0192307692307692 0.5113867900000741
186000 1.1923076923076923 0.5015869759999987
188000 1.2115384615384615 0.5096402030000036
190000 1.1346153846153846 0.5034575930000074
192000 1.0384615384615385 0.4964419990000124
194000 1.1923076923076923 0.5031238150000945
196000 1.1153846153846154 0.5110851629999615
198000 1.1538461538461537 0.5015854829999853
200000 1.2692307692307692 0.5013084629999867
202000 1.1730769230769231 0.5093646279999575
204000 1.1923076923076923 0.5072357770000053
206000 1.1730769230769231 0.5096663740000622
208000 1.2307692307692308 0.5047564879999982
210000 1.2115384615384615 0.5035665169999675
212000 1.0961538461538463 0.5088046579999173
214000 1.1730769230769231 0.508493526000052
216000 1.1538461538461537 0.5084279410000363
218000 1.1538461538461537 0.5116527889999816
220000 1.2307692307692308 0.5093122289999883
222000 1.1923076923076923 0.5100979019999841
224000 1.1923076923076923 0.5044284929999776
226000 1.1538461538461537 0.51056960599999
228000 1.0769230769230769 0.497340662000056
230000 1.0961538461538463 0.4987986969999838
232000 1.1538461538461537 0.5062757090000787
234000 1.0769230769230769 0.5082468230000359
236000 1.2307692307692308 0.5089564029999565
238000 1.2692307692307692 0.5110677000000123
240000 1.1730769230769231 0.5094658579999987
242000 1.2692307692307692 0.5149034319999828
244000 1.1346153846153846 0.4995973930000446
246000 1.1153846153846154 0.510179876000052
248000 1.2884615384615385 0.49860925200005113
250000 1.2692307692307692 0.5118378759999587
252000 1.25 0.5042074299999513
254000 1.1346153846153846 0.5140551939999796
256000 1.1923076923076923 0.49124644799996986
258000 1.3461538461538463 0.5010198429999946
260000 1.4230769230769231 0.5075382549999858
262000 1.2307692307692308 0.5092696699999806
264000 1.2115384615384615 0.5017273790000445
266000 1.2307692307692308 0.49345644199991057
268000 1.2307692307692308 0.5112806920000139
270000 1.2692307692307692 0.5076619580000852
272000 1.3076923076923077 0.5152972610000006
274000 1.25 0.503357878000088
276000 1.2692307692307692 0.5049369950000937
278000 1.3653846153846154 0.5116766109999844
280000 1.2115384615384615 0.5003374419999318
282000 1.3269230769230769 0.509125919999974
284000 1.1730769230769231 0.49471780500005025
286000 1.2692307692307692 0.5069160780000175
288000 1.2307692307692308 0.516418563000002
290000 1.1923076923076923 0.5009563529999923
292000 1.1923076923076923 0.5080512759999465
294000 1.2884615384615385 0.5034860060000028
296000 1.2115384615384615 0.5081067500000245
298000 1.25 0.5046969989999752
300000 1.1923076923076923 0.5086576920000425
302000 1.2692307692307692 0.49831973000004837
304000 1.2115384615384615 0.4984655929999917
306000 1.2692307692307692 0.5022258229998897
308000 1.1538461538461537 0.4927178749999257
310000 1.2884615384615385 0.5078305419999651
312000 1.3076923076923077 0.5066019000000779
314000 1.2884615384615385 0.5080946169998697
316000 1.2115384615384615 0.509770109999863
318000 1.1538461538461537 0.4993807090002065
320000 1.1730769230769231 0.503210690999822
322000 1.2115384615384615 0.5042922879999878
324000 1.1538461538461537 0.5103447859999051
326000 1.1730769230769231 0.5161051459999726
328000 1.1538461538461537 0.5035845120000886
330000 1.3076923076923077 0.5094826690001355
332000 1.3076923076923077 0.5097230289998151
334000 1.4038461538461537 0.5070348990000184
336000 1.2307692307692308 0.5002178679999361
338000 1.4423076923076923 0.5107292889999826
340000 1.2307692307692308 0.5096707440000046
342000 1.4807692307692308 0.5057086530000561
344000 1.4038461538461537 0.511832658000003
346000 1.3076923076923077 0.4981180510001195
348000 1.3461538461538463 0.4962792429998899
350000 1.2884615384615385 0.49862546200006364
352000 1.4423076923076923 0.5056161789998441
354000 1.3846153846153846 0.5076637680001568
356000 1.5 0.5038372860001346
358000 1.8076923076923077 0.5121682659998896
360000 1.75 0.5159154319999288
362000 1.8076923076923077 0.4956052909999471
364000 1.9615384615384615 0.509611681000024
366000 1.8846153846153846 0.5028994350000175
368000 2.076923076923077 0.5103343260000202
370000 1.8076923076923077 0.5071897709999575
372000 2.0 0.5016322419999142
374000 1.5961538461538463 0.5088978849998966
376000 1.6346153846153846 0.50645933099986
378000 1.5961538461538463 0.500658322000163
380000 1.9038461538461537 0.5081041449998338
382000 2.173076923076923 0.5098744239999178
384000 1.9423076923076923 0.5106639739999537
386000 2.423076923076923 0.5102699569999913
388000 2.1923076923076925 0.510356086999991
390000 2.269230769230769 0.5029611009999826
392000 2.230769230769231 0.5107845120001002
394000 2.1153846153846154 0.5063639219999914
396000 2.5384615384615383 0.5144270789999155
398000 2.0961538461538463 0.50532890400018
400000 2.1923076923076925 0.49715610800012655
402000 2.2115384615384617 0.5106029700000363
404000 2.230769230769231 0.5054908059998979
406000 2.480769230769231 0.5089330799999061
408000 2.3461538461538463 0.5123032489998423
410000 2.3846153846153846 0.5079605559999436
412000 2.4615384615384617 0.5065009400000235
414000 2.269230769230769 0.5005980119999549
416000 2.1923076923076925 0.5055239959999653
418000 2.0576923076923075 0.509259861000146
420000 2.2115384615384617 0.5087532620000275
422000 2.3461538461538463 0.5083442659999946
424000 2.25 0.5038839419999022
426000 2.4423076923076925 0.5167647539999507
428000 2.1923076923076925 0.5038509399998929
430000 2.326923076923077 0.5011550940000689
432000 2.2115384615384617 0.5131349969999519
434000 2.4038461538461537 0.5099041490000218
436000 2.0961538461538463 0.49407427899996037
438000 2.2884615384615383 0.4969973190000019
440000 2.3653846153846154 0.5150820460000887
442000 2.1923076923076925 0.4993582970000716
444000 2.5384615384615383 0.5118537860000743
446000 2.076923076923077 0.5081119389999458
448000 2.519230769230769 0.512105917000099
450000 2.519230769230769 0.5152657420001105
452000 1.8653846153846154 0.48908171899984154
454000 1.7884615384615385 0.5071960410000429
456000 2.019230769230769 0.5000732649998554
458000 1.7115384615384615 0.5098612369999955
460000 1.5961538461538463 0.5040749999998297
462000 2.423076923076923 0.5011774780000451
464000 2.423076923076923 0.5014027099998657
466000 2.2115384615384617 0.5105317650002235
468000 2.5 0.5048064809998323
470000 2.3076923076923075 0.5093177710000418
472000 2.3076923076923075 0.5122838330000832
474000 2.0576923076923075 0.5086129599999367
476000 2.019230769230769 0.5093396519998805
478000 2.3076923076923075 0.49465571999985514
480000 2.1153846153846154 0.5087666379999973
482000 2.0961538461538463 0.4950722379999206
484000 2.75 0.5058219460001965
486000 2.1346153846153846 0.499493431000019
488000 2.230769230769231 0.49913967499992395
490000 2.519230769230769 0.5090219759999854
492000 2.3076923076923075 0.5097927310000614
494000 2.0 0.5030508180000197
496000 2.3846153846153846 0.5100624479998714
498000 2.1923076923076925 0.5078500960000838
500000 2.230769230769231 0.51066270299998
