2000 0.0 0.2806790320000001
4000 0.019230769230769232 0.18590731500000146
490000 1.2115384615384615 0.35963689000027443
6000 0.0 0.18801577999999708
8000 0.038461538461538464 0.19969335599999738
492000 1.1730769230769231 0.3540833659999407
10000 0.019230769230769232 0.1881528959999983
12000 0.0 0.18596733799999754
494000 1.2307692307692308 0.3601739450000423
14000 0.0 0.18369455699999548
16000 0.019230769230769232 0.1925601900000018
496000 1.2115384615384615 0.35724559500022224
18000 0.019230769230769232 0.1975800620000001
498000 1.3846153846153846 0.35823288700021294
20000 0.038461538461538464 0.17262141500000183
22000 0.057692307692307696 0.1809312159999905
500000 1.25 0.3610592650002218
24000 0.0 0.1851743919999933
26000 0.038461538461538464 0.19645270799999537
28000 0.0 0.17718356099999255
30000 0.038461538461538464 0.18356657900000073
32000 0.019230769230769232 0.1837556309999968
34000 0.09615384615384616 0.17402440499999727
36000 0.019230769230769232 0.18168713400000058
38000 0.038461538461538464 0.1963775279999993
40000 0.038461538461538464 0.19911452899999915
42000 0.0 0.16610980599999436
44000 0.019230769230769232 0.17157780000000855
46000 0.019230769230769232 0.16740966400000445
48000 0.07692307692307693 0.1925176800000088
50000 0.019230769230769232 0.18677851000001056
52000 0.36538461538461536 0.3175293060000115
54000 0.3269230769230769 0.3280417490000218
56000 0.8269230769230769 0.33896631999999727
58000 0.9807692307692307 0.34976433799999995
60000 1.0384615384615385 0.35190781699998297
62000 1.0 0.3454813370000238
64000 1.0192307692307692 0.35808087199998795
66000 1.0384615384615385 0.34581668800001353
68000 0.9807692307692307 0.3558970459999955
70000 0.9807692307692307 0.3455590640000139
72000 1.0 0.3576561540000114
74000 1.0192307692307692 0.34426773500001673
76000 1.0192307692307692 0.3571719149999808
78000 1.0 0.34916706799998565
80000 1.0 0.35003715900001
82000 1.0576923076923077 0.35649523999995836
84000 0.8846153846153846 0.3492949689999705
86000 0.9807692307692307 0.3470407830000113
88000 0.9615384615384616 0.3460326609999811
90000 1.0 0.35506596800001944
92000 0.9615384615384616 0.35237121399995885
94000 0.9230769230769231 0.3457444100000089
96000 0.8846153846153846 0.3507241179999596
98000 0.8653846153846154 0.35277442099999234
100000 0.6923076923076923 0.3477683460000094
102000 0.7307692307692307 0.3426468029999796
104000 0.7884615384615384 0.35249342299999853
106000 0.7307692307692307 0.3453434699999889
108000 0.7692307692307693 0.3491710050000165
110000 0.5769230769230769 0.33928095199996733
112000 0.9038461538461539 0.3449496900000213
114000 0.9230769230769231 0.3580342639999685
116000 0.9615384615384616 0.35192669200000637
118000 0.8846153846153846 0.34678856699997596
120000 1.0961538461538463 0.34913824300002716
122000 0.9038461538461539 0.3554239389999907
124000 1.0192307692307692 0.3555143599999724
126000 0.9615384615384616 0.3483816469999965
128000 0.9423076923076923 0.34132772899999964
130000 1.0384615384615385 0.35598536300000205
132000 0.9807692307692307 0.3414853839999523
134000 1.0 0.35068048599998747
136000 0.9615384615384616 0.35394307199999275
138000 0.9423076923076923 0.34688468800004557
140000 0.9423076923076923 0.34828021500004525
142000 1.0192307692307692 0.3539560669998991
144000 0.9807692307692307 0.3417488399999229
146000 0.9615384615384616 0.36266576900004566
148000 1.0769230769230769 0.36164917199994306
150000 1.0 0.35319547200003854
152000 1.0192307692307692 0.3497523150000461
154000 0.9615384615384616 0.34477214699995784
156000 1.0384615384615385 0.3500625190000619
158000 1.0576923076923077 0.3539836090000108
160000 1.0384615384615385 0.35639240700004393
162000 1.0 0.353620578999994
164000 1.0 0.35966675399993164
166000 1.0192307692307692 0.3532144780000408
168000 1.0192307692307692 0.3490557989999843
170000 0.9615384615384616 0.3398810160000494
172000 1.0192307692307692 0.3531991590000416
174000 0.9807692307692307 0.3449648700000125
176000 0.9423076923076923 0.3507413300000053
178000 0.9423076923076923 0.3573604900000191
180000 0.9615384615384616 0.3583757640000158
182000 0.9807692307692307 0.3515691820000484
184000 0.9423076923076923 0.3550803050000013
186000 1.0 0.35048069100002976
188000 1.0192307692307692 0.3536908690000473
190000 1.0 0.35137799300002825
192000 1.0 0.355355761999931
194000 1.0192307692307692 0.3489431790000026
196000 0.9807692307692307 0.3425929410000208
198000 1.0192307692307692 0.3526257529999839
200000 1.0384615384615385 0.35498029799998676
202000 1.0192307692307692 0.34784474799994314
204000 1.0 0.35421469200002775
206000 1.0192307692307692 0.3376474500000768
208000 1.0384615384615385 0.3416960910000171
210000 1.0769230769230769 0.35637756699998135
212000 1.0576923076923077 0.3417297429999735
214000 1.0 0.35927061199993204
216000 0.9807692307692307 0.3472730880000654
218000 1.0 0.357561378000014
220000 0.9615384615384616 0.35189419099992847
222000 1.0 0.35179273199992167
224000 1.0961538461538463 0.35853290000000015
226000 1.0 0.3453195429999596
228000 1.0192307692307692 0.35573362200000247
230000 1.0576923076923077 0.35288355700004104
232000 1.0576923076923077 0.36020484400000896
234000 1.1730769230769231 0.3489792560000069
236000 1.0192307692307692 0.3497781840000016
238000 1.1538461538461537 0.34990361999996367
240000 1.2692307692307692 0.3497312970000621
242000 1.1923076923076923 0.3471558460000779
244000 1.2115384615384615 0.3572431909999523
246000 1.0769230769230769 0.3466261650000888
248000 1.3269230769230769 0.3552930349999315
250000 1.2115384615384615 0.3523725679999643
252000 1.1346153846153846 0.3574563200002103
254000 1.0769230769230769 0.35238383799992334
256000 1.2115384615384615 0.3538795530000698
258000 1.1538461538461537 0.34557838999990054
260000 1.0192307692307692 0.355836963999991
262000 1.1346153846153846 0.35288506000006237
264000 1.1730769230769231 0.35403580699994563
266000 1.1538461538461537 0.34712069200008955
268000 1.3076923076923077 0.354383278999876
270000 1.1346153846153846 0.34744217200000094
272000 1.1730769230769231 0.3475488429999132
274000 1.1346153846153846 0.3616713730000356
276000 1.1153846153846154 0.341135500000064
278000 1.2884615384615385 0.3550783030000275
280000 1.3076923076923077 0.3476995060000263
282000 1.1923076923076923 0.3462388070001907
284000 1.0576923076923077 0.343817276999971
286000 1.3076923076923077 0.34471640299989303
288000 1.1538461538461537 0.34245386199995664
290000 1.25 0.35382979999985764
292000 1.1346153846153846 0.34596891199998936
294000 1.1346153846153846 0.33885851699983505
296000 1.25 0.3466586739998547
298000 1.0961538461538463 0.3490991420001137
300000 1.3269230769230769 0.33926763499994195
302000 1.0576923076923077 0.35045524399993155
304000 1.0576923076923077 0.352315912999984
306000 1.2884615384615385 0.36099334100003944
308000 1.3653846153846154 0.3573179810000511
310000 1.1730769230769231 0.35024616100008643
312000 1.1730769230769231 0.3509938140000486
314000 1.1153846153846154 0.35076214900004743
316000 1.3076923076923077 0.3546678019999945
318000 1.1538461538461537 0.3509968390001177
320000 1.0 0.35221173600007205
322000 1.0769230769230769 0.34695190399997955
324000 1.3076923076923077 0.3513651389998813
326000 1.2115384615384615 0.35034498600020925
328000 1.1538461538461537 0.3463020859999233
330000 1.1923076923076923 0.3568161700000019
332000 1.25 0.3454121170000235
334000 1.1538461538461537 0.350251371000013
336000 1.2884615384615385 0.355009162999977
338000 1.1730769230769231 0.35404256999981953
340000 1.2307692307692308 0.35018957600004796
342000 1.3653846153846154 0.34902055500015194
344000 1.2692307692307692 0.3563643940001384
346000 1.4807692307692308 0.36108124699990185
348000 1.2307692307692308 0.34873192100008055
350000 1.2692307692307692 0.35326607399997556
352000 1.1923076923076923 0.3413694260000284
354000 1.1923076923076923 0.34781514100018285
356000 1.0769230769230769 0.3388068920000933
358000 1.25 0.35534801700009666
360000 1.1923076923076923 0.3538618709999355
362000 1.1923076923076923 0.3564104709998901
364000 1.25 0.35522588899993934
366000 1.0961538461538463 0.34737777500004086
368000 1.1538461538461537 0.34872045999986767
370000 1.25 0.35274500700006683
372000 1.1538461538461537 0.3487130769999567
374000 1.3269230769230769 0.3514539259999765
376000 1.4038461538461537 0.3505313949999618
378000 1.4423076923076923 0.34835569699998814
380000 1.1923076923076923 0.3467529019999347
382000 1.1153846153846154 0.35476828000014393
384000 1.0576923076923077 0.3458314540000629
386000 1.2692307692307692 0.35359659400000965
388000 1.3269230769230769 0.35306908500001555
390000 1.1923076923076923 0.34312936699984675
392000 1.2692307692307692 0.3519209419998788
394000 1.0961538461538463 0.3551971560000311
396000 1.1923076923076923 0.3552468059999683
398000 1.0384615384615385 0.3552261790000557
400000 1.1538461538461537 0.3489021710001907
402000 1.1730769230769231 0.35332118800010903
404000 1.1153846153846154 0.3545367549997991
406000 1.1346153846153846 0.3492038169999887
408000 1.3846153846153846 0.3475328729998637
410000 1.25 0.34412891300007686
412000 1.0576923076923077 0.3522596169998451
414000 1.0576923076923077 0.35484302999998363
416000 1.2307692307692308 0.3617491990000872
418000 1.0 0.3482995309998387
420000 1.1730769230769231 0.3496767839999393
422000 1.1923076923076923 0.34356811099996776
424000 1.2115384615384615 0.35550778799984073
426000 1.0576923076923077 0.3454174769999554
428000 1.2115384615384615 0.3415759449999314
430000 1.5961538461538463 0.35853994099988995
432000 1.2884615384615385 0.35299676900012855
434000 1.1538461538461537 0.34435225100014577
436000 1.1346153846153846 0.3536259489999338
438000 1.2115384615384615 0.3453428279999571
440000 1.0 0.35288629300021057
442000 1.4230769230769231 0.3583636920000117
444000 1.2115384615384615 0.3461436089999097
446000 1.25 0.35629295900002944
448000 1.3269230769230769 0.3507271209998635
450000 1.2884615384615385 0.35463777599989044
452000 1.1153846153846154 0.3529400129998521
454000 1.2115384615384615 0.3569320179999522
456000 1.1730769230769231 0.3535052509998877
458000 1.1346153846153846 0.35030173699988154
460000 1.1923076923076923 0.35040360699986195
462000 1.1730769230769231 0.35473346600019795
464000 1.1538461538461537 0.341192234999653
466000 1.1538461538461537 0.34768169500011936
468000 1.1538461538461537 0.3499172060001001
470000 1.1923076923076923 0.3536533500000587
472000 1.1730769230769231 0.3463689519999207
474000 1.0961538461538463 0.34805626499974096
476000 1.1153846153846154 0.35108889999992243
478000 1.4423076923076923 0.3468491419998827
480000 1.1538461538461537 0.3555411790002836
482000 1.25 0.348805430000084
484000 1.3269230769230769 0.35434406600006696
486000 1.4038461538461537 0.345870055999967
488000 1.2692307692307692 0.34798378999994384
490000 1.2115384615384615 0.35282803200016133
492000 1.1730769230769231 0.3494839499999216
494000 1.2307692307692308 0.35317615599979035
496000 1.2115384615384615 0.353092820999791
498000 1.3846153846153846 0.3531946190000781
500000 1.25 0.3565648980002152
