2000 0.038461538461538464 0.234375
4000 0.07692307692307693 0.28125
6000 0.15384615384615385 0.34375
8000 0.15384615384615385 0.34375
10000 0.23076923076923078 0.4375
12000 0.19230769230769232 0.421875
14000 0.7307692307692307 0.71875
16000 1.0192307692307692 0.5625
18000 0.9230769230769231 0.59375
20000 0.9230769230769231 0.515625
22000 1.0 0.578125
24000 0.9807692307692307 0.546875
26000 1.0 0.5625
28000 1.0384615384615385 0.671875
30000 1.2115384615384615 0.65625
32000 1.1538461538461537 0.703125
34000 1.1538461538461537 0.6875
36000 1.5 0.734375
38000 1.9615384615384615 0.75
40000 2.0576923076923075 1.375
42000 1.8846153846153846 0.734375
44000 2.269230769230769 0.828125
46000 2.4038461538461537 0.8125
48000 2.923076923076923 0.765625
50000 3.1346153846153846 0.75
52000 2.826923076923077 0.96875
54000 3.173076923076923 0.71875
56000 3.3461538461538463 1.0625
58000 3.730769230769231 0.8125
60000 3.673076923076923 0.765625
62000 3.730769230769231 0.796875
64000 3.5961538461538463 0.796875
66000 3.326923076923077 0.75
68000 3.576923076923077 0.796875
70000 3.8653846153846154 1.375
72000 3.75 0.765625
74000 3.6923076923076925 0.859375
76000 3.8846153846153846 0.828125
78000 3.7115384615384617 0.875
80000 3.5961538461538463 0.78125
82000 3.6538461538461537 0.828125
84000 3.8076923076923075 0.828125
86000 3.9423076923076925 0.8125
88000 3.8846153846153846 1.34375
90000 3.673076923076923 0.78125
92000 3.8461538461538463 0.8125
94000 4.173076923076923 0.921875
96000 3.6346153846153846 0.71875
98000 3.576923076923077 0.828125
100000 4.269230769230769 0.875
102000 3.9615384615384617 0.84375
104000 3.5576923076923075 0.828125
106000 3.826923076923077 0.78125
108000 3.730769230769231 0.84375
110000 3.8076923076923075 0.9375
112000 3.769230769230769 1.015625
114000 4.019230769230769 0.765625
116000 3.75 0.71875
118000 3.826923076923077 0.96875
120000 3.9038461538461537 0.765625
122000 4.0576923076923075 0.84375
124000 4.115384615384615 0.828125
126000 4.0576923076923075 0.796875
128000 3.8846153846153846 0.703125
130000 3.8461538461538463 0.96875
132000 3.6346153846153846 0.78125
134000 3.6923076923076925 0.8125
136000 4.038461538461538 0.78125
138000 4.019230769230769 0.796875
140000 3.8653846153846154 0.75
142000 4.3076923076923075 0.8125
144000 4.019230769230769 0.796875
146000 3.8653846153846154 0.78125
148000 3.6923076923076925 0.75
150000 3.6923076923076925 1.953125
152000 4.0576923076923075 0.796875
154000 3.75 0.875
156000 3.673076923076923 0.765625
158000 3.923076923076923 0.890625
160000 4.019230769230769 0.78125
162000 3.7115384615384617 0.84375
164000 3.6538461538461537 0.75
166000 3.7115384615384617 1.0625
168000 3.8846153846153846 0.734375
170000 4.153846153846154 0.90625
172000 3.730769230769231 0.734375
174000 4.038461538461538 0.875
176000 3.576923076923077 0.90625
178000 3.673076923076923 0.859375
180000 4.0 0.75
182000 3.9038461538461537 0.765625
184000 3.769230769230769 0.765625
186000 4.173076923076923 0.78125
188000 4.9423076923076925 0.734375
190000 5.5 0.78125
192000 5.961538461538462 0.78125
194000 5.865384615384615 1.484375
196000 6.653846153846154 0.6875
198000 6.826923076923077 0.71875
200000 6.673076923076923 0.75
202000 6.980769230769231 0.734375
204000 6.788461538461538 0.84375
206000 7.269230769230769 0.84375
208000 7.326923076923077 0.796875
210000 7.403846153846154 0.953125
212000 7.365384615384615 0.734375
214000 8.173076923076923 0.859375
216000 7.153846153846154 0.734375
218000 7.173076923076923 0.953125
220000 7.3076923076923075 1.515625
222000 7.461538461538462 0.71875
224000 6.480769230769231 0.90625
226000 6.653846153846154 0.734375
228000 6.903846153846154 1.515625
230000 6.634615384615385 0.75
232000 7.019230769230769 0.765625
234000 6.6923076923076925 0.75
236000 7.1923076923076925 0.96875
238000 6.961538461538462 0.8125
240000 7.25 0.765625
242000 7.403846153846154 0.765625
244000 7.269230769230769 0.796875
246000 7.0576923076923075 0.75
248000 7.9423076923076925 0.796875
250000 7.038461538461538 0.90625
252000 6.980769230769231 0.765625
254000 6.923076923076923 0.734375
256000 6.961538461538462 1.3125
258000 6.980769230769231 0.71875
260000 7.25 0.875
262000 7.0 0.890625
264000 6.673076923076923 0.953125
266000 7.230769230769231 0.796875
268000 7.730769230769231 0.8125
270000 7.115384615384615 0.75
272000 7.269230769230769 0.78125
274000 7.038461538461538 1.359375
276000 7.403846153846154 0.875
278000 7.480769230769231 1.40625
280000 7.0 1.328125
282000 7.076923076923077 1.0
284000 6.653846153846154 0.90625
286000 7.365384615384615 0.921875
288000 6.903846153846154 0.765625
290000 7.288461538461538 1.03125
292000 7.211538461538462 0.890625
294000 6.865384615384615 0.828125
296000 7.076923076923077 0.84375
298000 7.903846153846154 0.75
300000 7.365384615384615 0.953125
302000 8.192307692307692 0.984375
304000 7.615384615384615 0.828125
306000 7.403846153846154 0.796875
308000 6.903846153846154 0.84375
310000 7.423076923076923 1.0625
312000 7.576923076923077 0.875
314000 6.980769230769231 1.171875
316000 7.1923076923076925 0.828125
318000 7.25 0.796875
320000 6.8076923076923075 1.484375
322000 7.480769230769231 0.921875
324000 7.769230769230769 0.875
326000 6.903846153846154 0.78125
328000 6.826923076923077 0.859375
330000 7.730769230769231 0.734375
332000 7.480769230769231 0.9375
334000 7.25 0.796875
336000 6.730769230769231 0.9375
338000 7.211538461538462 0.859375
340000 7.5 1.34375
342000 7.384615384615385 0.828125
344000 6.884615384615385 0.78125
346000 7.076923076923077 1.140625
348000 7.634615384615385 0.734375
350000 7.115384615384615 0.734375
352000 6.9423076923076925 1.03125
354000 7.538461538461538 0.8125
356000 8.096153846153847 0.84375
358000 7.211538461538462 0.71875
360000 7.576923076923077 0.8125
362000 7.576923076923077 0.765625
364000 7.230769230769231 0.796875
366000 6.6923076923076925 1.03125
368000 6.5576923076923075 0.765625
370000 6.826923076923077 0.78125
372000 6.826923076923077 0.75
374000 7.019230769230769 0.8125
376000 6.961538461538462 0.78125
378000 7.384615384615385 0.75
380000 7.519230769230769 0.78125
382000 6.75 0.765625
384000 7.538461538461538 1.328125
386000 7.423076923076923 0.8125
388000 7.384615384615385 0.875
390000 7.519230769230769 0.8125
392000 7.923076923076923 0.8125
394000 6.384615384615385 0.796875
396000 7.096153846153846 0.765625
398000 7.153846153846154 0.765625
400000 7.884615384615385 0.8125
402000 7.230769230769231 1.390625
404000 7.769230769230769 0.828125
406000 8.038461538461538 0.8125
408000 7.634615384615385 0.828125
410000 7.096153846153846 0.796875
412000 6.711538461538462 0.765625
414000 7.384615384615385 0.765625
416000 7.019230769230769 0.8125
418000 7.5 1.09375
420000 7.5 0.875
422000 7.423076923076923 0.84375
424000 7.153846153846154 0.796875
426000 7.134615384615385 0.921875
428000 7.423076923076923 0.8125
430000 7.480769230769231 0.859375
432000 7.615384615384615 0.84375
434000 8.173076923076923 0.8125
436000 6.788461538461538 0.78125
438000 7.25 1.421875
440000 7.288461538461538 0.8125
442000 7.403846153846154 0.765625
444000 6.9423076923076925 0.828125
446000 7.153846153846154 0.765625
448000 7.461538461538462 0.828125
450000 7.288461538461538 0.875
452000 6.9423076923076925 0.875
454000 7.461538461538462 0.875
456000 6.788461538461538 1.3125
458000 7.6923076923076925 0.96875
460000 7.6923076923076925 0.90625
462000 7.365384615384615 0.875
464000 7.288461538461538 0.828125
466000 7.3076923076923075 0.796875
468000 6.980769230769231 0.75
470000 6.980769230769231 0.75
472000 7.269230769230769 0.9375
474000 7.461538461538462 0.875
476000 6.884615384615385 0.921875
478000 7.0576923076923075 0.765625
480000 7.596153846153846 0.828125
482000 7.3076923076923075 1.28125
484000 7.6923076923076925 0.8125
486000 7.115384615384615 0.828125
488000 7.923076923076923 0.875
490000 6.980769230769231 0.8125
492000 7.115384615384615 0.734375
494000 7.365384615384615 0.8125
496000 7.115384615384615 0.859375
498000 7.269230769230769 0.765625
500000 6.615384615384615 1.125
