2000 0.019230769230769232 0.2773448510000005
4000 0.0 0.18362932600000192
6000 0.019230769230769232 0.1838541470000017
8000 0.0 0.19675789100000074
10000 0.038461538461538464 0.2057085739999991
12000 0.019230769230769232 0.20799230500000476
14000 0.057692307692307696 0.1762441170000031
16000 0.019230769230769232 0.1989723149999989
18000 0.019230769230769232 0.18393198100000063
20000 0.0 0.18954154099999698
22000 0.057692307692307696 0.1932406349999951
24000 0.038461538461538464 0.18773285800000394
26000 0.057692307692307696 0.19368828599999688
28000 0.038461538461538464 0.19105372500000328
30000 0.038461538461538464 0.19056286500000397
32000 0.019230769230769232 0.18276510500000143
34000 0.019230769230769232 0.19175959899999384
36000 0.0 0.19661689499999113
38000 0.019230769230769232 0.18189327000000333
40000 0.019230769230769232 0.19518608399999948
42000 0.019230769230769232 0.19774214600001017
44000 0.0 0.18532831200001
46000 0.0 0.17732416399999806
48000 0.038461538461538464 0.18542560299999877
50000 0.0 0.19785401600000796
52000 0.23076923076923078 0.3719220440000015
54000 0.5384615384615384 0.4152427100000011
56000 0.7115384615384616 0.4748601409999935
58000 0.7307692307692307 0.4821257360000004
60000 0.9230769230769231 0.5243625989999998
62000 1.0769230769230769 0.5330225770000254
64000 1.25 0.5755347589999928
66000 1.1538461538461537 0.5829952040000137
68000 1.3269230769230769 0.5882068280000112
70000 1.0 0.577389495999995
72000 1.1923076923076923 0.5862615110000036
74000 1.3076923076923077 0.5977525840000055
76000 1.5192307692307692 0.5952952990000142
78000 1.4423076923076923 0.5929437409999991
80000 1.3653846153846154 0.6067955519999941
82000 1.3653846153846154 0.6056360680000239
84000 1.3461538461538463 0.6013486190000208
86000 1.5961538461538463 0.6084370009999702
88000 1.2307692307692308 0.6037423959999728
90000 1.4423076923076923 0.6034380580000516
92000 1.4038461538461537 0.6020390330000396
94000 1.2884615384615385 0.6019338839999477
96000 1.4038461538461537 0.5994852850000143
98000 1.25 0.5965570139999841
100000 1.2884615384615385 0.6018754560000161
102000 1.2884615384615385 0.6013315449999936
104000 1.3269230769230769 0.5965016600000013
106000 1.2692307692307692 0.59833495700002
108000 1.3461538461538463 0.6038637949999952
110000 1.4807692307692308 0.5870430859999942
112000 1.2884615384615385 0.6049981129999651
114000 1.2692307692307692 0.5890283069999782
116000 1.2307692307692308 0.5934109250000006
118000 1.3076923076923077 0.5938145850000183
120000 1.2115384615384615 0.5705543789999865
122000 1.1153846153846154 0.5646918959999994
124000 1.2307692307692308 0.5599940500000002
126000 1.3269230769230769 0.5964016130000118
128000 1.2692307692307692 0.593375229000003
130000 1.1730769230769231 0.5774091339999927
132000 1.3076923076923077 0.5916990489999989
134000 1.1346153846153846 0.5831505780000157
136000 1.3076923076923077 0.5939210010000124
138000 1.2115384615384615 0.5869394999999713
140000 1.3653846153846154 0.6031858239999792
142000 1.3653846153846154 0.5937251630000446
144000 1.3461538461538463 0.6062552570000435
146000 1.2884615384615385 0.5865612520000241
148000 1.2692307692307692 0.6001552300000412
150000 1.5 0.6028256580000289
152000 1.3846153846153846 0.5981288610000774
154000 1.5 0.6041415350000534
156000 1.3269230769230769 0.5949681830001055
158000 1.3269230769230769 0.5998848549999138
160000 1.3076923076923077 0.6053246440000066
162000 1.4230769230769231 0.6051984189999757
164000 1.25 0.6008893990000388
166000 1.6346153846153846 0.60771283400004
168000 1.4230769230769231 0.6071521310000207
170000 1.4423076923076923 0.5911635620000197
172000 1.4038461538461537 0.6045174110000744
174000 1.2884615384615385 0.595038000000045
176000 1.4615384615384615 0.5991791000000148
178000 1.3846153846153846 0.5984864630000857
180000 1.4423076923076923 0.5932802319999837
182000 1.5 0.6085904479999726
184000 1.4615384615384615 0.5876815139999962
186000 1.4615384615384615 0.6033777330000021
188000 1.3269230769230769 0.5844220010000072
190000 1.2884615384615385 0.5939314120000745
192000 1.4615384615384615 0.6048193159999755
194000 1.1923076923076923 0.6036970899999687
196000 1.5576923076923077 0.6030917699999918
198000 1.7884615384615385 0.6051300480000918
200000 1.4807692307692308 0.5998050619999731
202000 1.7115384615384615 0.6084467270000005
204000 1.6730769230769231 0.6030793040000617
206000 1.5769230769230769 0.6052360260000569
208000 1.4230769230769231 0.6038896320000049
210000 1.6538461538461537 0.6172623160000512
212000 1.6346153846153846 0.600444404999962
214000 1.7692307692307692 0.6070546579999245
216000 1.5576923076923077 0.6031298599999673
218000 1.6346153846153846 0.5982819779999318
220000 1.6153846153846154 0.6054736419999927
222000 1.9038461538461537 0.5981970590000856
224000 2.076923076923077 0.6103265220000367
226000 1.8653846153846154 0.6137950569999475
228000 2.3461538461538463 0.6064869029999045
230000 2.076923076923077 0.6044273329999896
232000 2.1153846153846154 0.5963163129999884
234000 1.8846153846153846 0.5963057129999925
236000 2.1538461538461537 0.6128025410000646
238000 2.25 0.5973615440000231
240000 2.173076923076923 0.6080891670000028
242000 1.9423076923076923 0.6062954530000297
244000 2.076923076923077 0.5976509959999703
246000 2.0384615384615383 0.6029473590000407
248000 2.230769230769231 0.5944995170000311
250000 2.4038461538461537 0.6010197319999406
252000 2.3461538461538463 0.6065392420000535
254000 2.730769230769231 0.6001158379999652
256000 2.480769230769231 0.5889557609998519
258000 2.4038461538461537 0.6073976899999707
260000 2.3846153846153846 0.5862640329999067
262000 2.730769230769231 0.5666913259999546
264000 2.75 0.5920137749999412
266000 2.826923076923077 0.5942862280001009
268000 3.0384615384615383 0.5909161680001489
270000 3.0 0.5965651890001027
272000 3.0384615384615383 0.5973404639998989
274000 3.0961538461538463 0.6076883350001481
276000 3.230769230769231 0.6069673940000939
278000 3.3076923076923075 0.6117539270001089
280000 2.8846153846153846 0.5959684090000792
282000 3.7115384615384617 0.6059040320001259
284000 3.1153846153846154 0.6050669409999045
286000 3.5 0.6032015839998621
288000 3.076923076923077 0.6070626299999731
290000 3.1346153846153846 0.6122353700000076
292000 2.9038461538461537 0.604424095000013
294000 3.423076923076923 0.6149873619999653
296000 3.6153846153846154 0.6077703000000838
298000 3.4423076923076925 0.6039846300000136
300000 3.4423076923076925 0.6118060339999829
302000 3.1153846153846154 0.6098154640001212
304000 3.1923076923076925 0.606527480000068
306000 3.1538461538461537 0.6073079820000657
308000 3.019230769230769 0.613271604999909
310000 2.923076923076923 0.5987425020000501
312000 3.423076923076923 0.6059911320000992
314000 3.4038461538461537 0.6076730649999718
316000 3.173076923076923 0.6057900769999378
318000 3.423076923076923 0.6111400069999036
320000 3.076923076923077 0.5955989669998871
322000 3.519230769230769 0.6022794519999479
324000 3.0384615384615383 0.6022418039999593
326000 3.423076923076923 0.5947715560000688
328000 3.576923076923077 0.605655342000091
330000 3.519230769230769 0.6181384210001397
332000 3.2115384615384617 0.6033579449999706
334000 3.0384615384615383 0.6070915929999501
336000 2.6346153846153846 0.6003343259999383
338000 2.6538461538461537 0.6106752069999857
340000 3.3461538461538463 0.5969178999998803
342000 3.1923076923076925 0.6117171600001257
344000 3.4615384615384617 0.6124510659999487
346000 3.8076923076923075 0.6145254749999367
348000 3.673076923076923 0.6014202030000888
350000 3.576923076923077 0.5989615519999916
352000 3.519230769230769 0.6117838570000913
354000 2.980769230769231 0.5973684440000397
356000 3.3076923076923075 0.5899195570000302
358000 3.576923076923077 0.609496044000025
360000 3.6538461538461537 0.6206275669999286
362000 3.3846153846153846 0.603884773000118
364000 3.5 0.6061610739998287
366000 3.576923076923077 0.5955924869999762
368000 3.7115384615384617 0.6028651210001499
370000 3.230769230769231 0.5923554159999185
372000 3.9038461538461537 0.599516259000211
374000 4.1923076923076925 0.6080651739998757
376000 3.6153846153846154 0.5963576529998136
378000 4.096153846153846 0.6050569730000461
380000 4.096153846153846 0.6058838829999331
382000 3.9423076923076925 0.6104682289999346
384000 4.076923076923077 0.6030434469998909
386000 4.019230769230769 0.6142167749999317
388000 3.7884615384615383 0.6006935899999917
390000 4.134615384615385 0.6106332069998643
392000 4.0576923076923075 0.604945644000054
394000 4.019230769230769 0.6051754749998963
396000 4.1923076923076925 0.6019943080000303
398000 3.6538461538461537 0.6146362419999605
400000 4.153846153846154 0.6052399750001314
402000 3.4038461538461537 0.6035452050000458
404000 3.576923076923077 0.604008315000101
406000 3.6923076923076925 0.6120061220001389
408000 3.423076923076923 0.6007662590000109
410000 3.6923076923076925 0.6076289459999771
412000 3.7115384615384617 0.604825787999971
414000 3.1923076923076925 0.6056515249999848
416000 2.8653846153846154 0.6048389939999197
418000 3.673076923076923 0.6015534540001681
420000 3.75 0.6067027159999725
422000 3.2115384615384617 0.6084133750000547
424000 3.423076923076923 0.6109848569999485
426000 3.6346153846153846 0.616017692000014
428000 3.2884615384615383 0.6135026070001004
430000 3.019230769230769 0.5973064999998314
432000 3.769230769230769 0.608845502999884
434000 3.326923076923077 0.6036220620001131
436000 4.019230769230769 0.6072047389998261
438000 4.038461538461538 0.611781892999943
440000 3.25 0.5959090589999505
442000 3.9038461538461537 0.6124436009999954
444000 3.076923076923077 0.6016245350001554
446000 3.6153846153846154 0.6075070850001794
448000 3.923076923076923 0.608623168000122
450000 4.3076923076923075 0.6080319089999193
452000 3.3461538461538463 0.6019428710001193
454000 3.8076923076923075 0.6114833210001507
456000 4.153846153846154 0.6097737369998413
458000 4.038461538461538 0.6071450969998295
460000 3.923076923076923 0.6023825570000554
462000 3.6923076923076925 0.6053560100001505
464000 4.038461538461538 0.6067279670000971
466000 3.480769230769231 0.603774476000126
468000 3.730769230769231 0.6019946779999827
470000 3.1923076923076925 0.5987220960000741
472000 3.6153846153846154 0.605408541000088
474000 3.923076923076923 0.6076507739999215
476000 3.730769230769231 0.6043996769999467
478000 3.6153846153846154 0.6104623470000661
480000 3.8076923076923075 0.5927791909998632
482000 3.4615384615384617 0.6084028469999794
484000 3.3461538461538463 0.597387950999746
486000 4.5576923076923075 0.608560461000252
488000 4.346153846153846 0.6085770600002434
490000 3.269230769230769 0.6067343670001719
492000 3.6923076923076925 0.608377197000209
494000 3.6153846153846154 0.6035340479998013
496000 3.3846153846153846 0.6026750840001114
498000 3.173076923076923 0.6040452540000842
500000 3.269230769230769 0.6017486289997578
