2000 0.019230769230769232 0.279127364999999
4000 0.0 0.18547788100000062
6000 0.0 0.19283847299999834
8000 0.0 0.19854510200000064
10000 0.0 0.19386582899999638
12000 0.0 0.19994735200000235
14000 0.038461538461538464 0.19444296999999722
16000 0.019230769230769232 0.19747811099999524
18000 0.019230769230769232 0.18806511200000386
20000 0.0 0.192221846999999
22000 0.0 0.1923053420000116
24000 0.038461538461538464 0.18950135299999715
26000 0.019230769230769232 0.19715726000001155
28000 0.0 0.1883240979999954
30000 0.038461538461538464 0.2116742009999939
32000 0.019230769230769232 0.19754126000000838
34000 0.019230769230769232 0.1820146080000029
36000 0.019230769230769232 0.1949443710000054
38000 0.038461538461538464 0.18720112299999414
40000 0.0 0.18678740600000765
42000 0.019230769230769232 0.19018195999998966
44000 0.0 0.2001994440000061
46000 0.019230769230769232 0.19159728500000028
48000 0.019230769230769232 0.19702409100000295
50000 0.0 0.20360064199999783
52000 0.4230769230769231 0.347332458000011
54000 0.5 0.45177194400000076
56000 0.6538461538461539 0.4347805730000118
58000 0.6923076923076923 0.5251211130000115
60000 1.2115384615384615 0.5659587529999897
62000 1.0576923076923077 0.604631114
64000 1.2307692307692308 0.6572614659999942
66000 1.0769230769230769 0.6819143689999976
68000 1.2692307692307692 0.6895060519999845
70000 1.3076923076923077 0.7059962419999977
72000 1.3653846153846154 0.7271248680000042
74000 1.4230769230769231 0.7167753239999968
76000 1.5 0.7236319510000158
78000 1.4038461538461537 0.7337693759999979
80000 1.3653846153846154 0.7112333219999982
82000 1.5 0.7165765020000094
84000 1.4423076923076923 0.7385497910000254
86000 1.4038461538461537 0.7307772579999892
88000 1.5961538461538463 0.7239980660000356
90000 1.8076923076923077 0.6904585190000034
92000 1.7884615384615385 0.6995638010000107
94000 1.4230769230769231 0.6958423160000393
96000 1.8461538461538463 0.7180314080000016
98000 1.75 0.6974703660000046
100000 1.8653846153846154 0.698331182000004
102000 1.6538461538461537 0.720990597000025
104000 1.8269230769230769 0.7166485970000167
106000 1.8653846153846154 0.7335579100000018
108000 1.75 0.7160586609999768
110000 1.7692307692307692 0.7156591820000244
112000 1.7307692307692308 0.7274069279999935
114000 1.8076923076923077 0.7331139780000058
116000 1.7307692307692308 0.7371943089999604
118000 1.75 0.7093193710000492
120000 1.9615384615384615 0.7299353300000462
122000 2.1153846153846154 0.7242474759999595
124000 1.9615384615384615 0.7389897130000236
126000 1.8846153846153846 0.7387318209999876
128000 2.0961538461538463 0.7318536660000063
130000 1.8653846153846154 0.7239423899999906
132000 1.7115384615384615 0.7176680679999663
134000 1.9230769230769231 0.7366339390000576
136000 1.7692307692307692 0.7363364820000697
138000 1.9807692307692308 0.7384265880000385
140000 1.4807692307692308 0.7278299189999871
142000 1.5192307692307692 0.7327567199999976
144000 1.5 0.6771895099999483
146000 1.5384615384615385 0.6956233739999789
148000 1.3269230769230769 0.7165079300000343
150000 1.5769230769230769 0.7052072339999995
152000 1.6538461538461537 0.739068886000041
154000 1.3461538461538463 0.6630326949999699
156000 1.4807692307692308 0.7104924519999258
158000 1.4615384615384615 0.7127178060000006
160000 1.4423076923076923 0.7107424419999688
162000 1.3846153846153846 0.6466254630000776
164000 1.5769230769230769 0.6904867320000676
166000 1.2115384615384615 0.6652638699999898
168000 1.3653846153846154 0.6860397760000296
170000 1.3653846153846154 0.702440906999982
172000 1.4615384615384615 0.6968222740000556
174000 1.4423076923076923 0.7343513810000104
176000 1.3461538461538463 0.6898111860000427
178000 1.6538461538461537 0.7087423929999659
180000 1.8461538461538463 0.7105977119999807
182000 1.9615384615384615 0.7138910970001007
184000 1.4038461538461537 0.7205554419999771
186000 1.5576923076923077 0.7224052300000494
188000 1.5384615384615385 0.7299325519999229
190000 1.5769230769230769 0.7071766750000279
192000 1.5769230769230769 0.734860622000042
194000 2.076923076923077 0.738986557999965
196000 1.75 0.7344351750000442
198000 1.3653846153846154 0.7143396369999664
200000 1.6346153846153846 0.7193336310000404
202000 1.8076923076923077 0.7272721670000237
204000 1.7115384615384615 0.7386635249999927
206000 1.5576923076923077 0.7181213489999436
208000 1.7692307692307692 0.7245369879999544
210000 1.6923076923076923 0.7329960270000129
212000 1.6153846153846154 0.735268288000043
214000 1.8461538461538463 0.7317530669999996
216000 1.5 0.7157497929999863
218000 1.5769230769230769 0.7125880510000115
220000 1.6346153846153846 0.7330930910000006
222000 1.5576923076923077 0.730325940000057
224000 1.6923076923076923 0.7267221930000005
226000 1.8461538461538463 0.7459295270000439
228000 1.5961538461538463 0.7237321770001017
230000 1.7692307692307692 0.7316781869999431
232000 1.7115384615384615 0.7440125430000535
234000 1.6346153846153846 0.7335667469999407
236000 1.6538461538461537 0.7358949539999458
238000 1.6346153846153846 0.7024262689999432
240000 1.5769230769230769 0.7318411519999017
242000 1.6153846153846154 0.6950520229999029
244000 1.5384615384615385 0.7088440720000335
246000 1.7115384615384615 0.7424811999999292
248000 1.6538461538461537 0.7390844809999635
250000 1.5576923076923077 0.6718752069998573
252000 1.5 0.6820347150000998
254000 1.4807692307692308 0.6856662650000089
256000 1.6346153846153846 0.6849878839998382
258000 1.9423076923076923 0.6932589880000251
260000 1.6923076923076923 0.6846720510000068
262000 1.5 0.6694284980001157
264000 1.6538461538461537 0.6735525900000994
266000 1.5576923076923077 0.695994760000076
268000 1.8269230769230769 0.7142871069997909
270000 1.6730769230769231 0.7066361209999741
272000 1.6730769230769231 0.6974788420000095
274000 1.9615384615384615 0.7232508140000391
276000 1.6923076923076923 0.6887728479998714
278000 1.5 0.6923479619999853
280000 1.75 0.6985525340001004
282000 1.5 0.6696433609999985
284000 1.4615384615384615 0.6855895989999681
286000 1.5192307692307692 0.7094615829998929
288000 1.5576923076923077 0.6917227909998473
290000 1.6730769230769231 0.7299408080000376
292000 1.9807692307692308 0.7434207129999777
294000 1.5961538461538463 0.7301836359999925
296000 1.6923076923076923 0.7274427869999727
298000 1.8076923076923077 0.7254305789999762
300000 1.6730769230769231 0.7323903129999962
302000 1.5769230769230769 0.732740769999964
304000 1.9423076923076923 0.7333822319999399
306000 1.9423076923076923 0.7296142350000991
308000 1.9423076923076923 0.7135295990001396
310000 1.7692307692307692 0.7004665740000746
312000 1.9615384615384615 0.7358889029999318
314000 1.8846153846153846 0.7359072260001085
316000 2.0961538461538463 0.7376654919999055
318000 1.6923076923076923 0.7398113179999655
320000 2.230769230769231 0.7371070359999976
322000 2.2115384615384617 0.7460676169998806
324000 1.9807692307692308 0.7424887869999566
326000 2.019230769230769 0.73887274599997
328000 1.9615384615384615 0.7490809880000597
330000 2.0961538461538463 0.748215885000036
332000 2.0384615384615383 0.7440428809998139
334000 2.4038461538461537 0.7523539329999949
336000 1.9615384615384615 0.7473732670000572
338000 2.1346153846153846 0.7412696300000334
340000 1.8076923076923077 0.7402458789999855
342000 2.0576923076923075 0.7511475420001261
344000 2.0576923076923075 0.7501738840001053
346000 1.9038461538461537 0.743194800000083
348000 1.8653846153846154 0.7362359210001159
350000 1.9807692307692308 0.7339692529999411
352000 1.8461538461538463 0.7313030860000254
354000 1.8076923076923077 0.7382059940000545
356000 1.9038461538461537 0.7522052439999243
358000 1.9807692307692308 0.743876476999958
360000 1.75 0.7387570579999192
362000 2.019230769230769 0.7297003060000407
364000 1.8461538461538463 0.7495034969999779
366000 2.1153846153846154 0.7393138850000014
368000 1.9615384615384615 0.7428201180000542
370000 1.7115384615384615 0.7384374090001984
372000 2.0384615384615383 0.7319728889999624
374000 2.1153846153846154 0.7491650239999217
376000 1.75 0.7439885090000189
378000 1.8846153846153846 0.7370520609999858
380000 1.7884615384615385 0.7441372980001688
382000 1.9615384615384615 0.7510016189999078
384000 1.8269230769230769 0.7360369890000129
386000 2.1346153846153846 0.7480169919999753
388000 2.1538461538461537 0.7405096150000645
390000 2.019230769230769 0.7316828140001235
392000 1.9423076923076923 0.7373760389998552
394000 2.173076923076923 0.7386810660000265
396000 2.4615384615384617 0.7418445570001495
398000 1.8076923076923077 0.7333029429998987
400000 2.1538461538461537 0.7257098249999672
402000 1.9038461538461537 0.7342587650000496
404000 2.25 0.7464413889999832
406000 2.1538461538461537 0.7322655990001294
408000 1.8076923076923077 0.7196012530000644
410000 1.9807692307692308 0.7456728160000239
412000 1.9615384615384615 0.7354771600000731
414000 2.019230769230769 0.7446401289998903
416000 1.9038461538461537 0.7395413700000972
418000 1.8076923076923077 0.7515574209999158
420000 1.7884615384615385 0.7363652059998458
422000 1.9038461538461537 0.7355497949999972
424000 1.7692307692307692 0.7335089700000026
426000 1.9615384615384615 0.7399586430001364
428000 1.9038461538461537 0.7375200989999939
430000 1.8076923076923077 0.7296293059998789
432000 1.75 0.74088529200003
434000 1.9230769230769231 0.7368754399999489
436000 1.7692307692307692 0.7386864669999795
438000 1.8076923076923077 0.7315682200000992
440000 2.0576923076923075 0.7416630269999587
442000 1.9615384615384615 0.7319599029999608
444000 1.9807692307692308 0.7492710429999079
446000 2.1538461538461537 0.7400110510000104
448000 1.8076923076923077 0.7360035369999878
450000 2.6346153846153846 0.7421094540000013
452000 2.0 0.7478556460000618
454000 2.5576923076923075 0.7456023009999626
456000 2.3846153846153846 0.7354161649998332
458000 3.0576923076923075 0.7375880550000602
460000 2.3846153846153846 0.7259427139999843
462000 2.7115384615384617 0.7431629899999734
464000 2.75 0.7411238690001483
466000 2.980769230769231 0.7268968409998706
468000 3.0 0.7407126459997926
470000 2.8846153846153846 0.7339647339999829
472000 3.4615384615384617 0.7405054890000429
474000 3.326923076923077 0.7419839680001132
476000 3.9423076923076925 0.7386666190000142
478000 3.6153846153846154 0.7484645290001026
480000 4.019230769230769 0.7457627029998548
482000 3.673076923076923 0.7450844330001019
484000 3.5576923076923075 0.7412516049998885
486000 3.9423076923076925 0.7400332130000606
488000 4.5576923076923075 0.7349033539999255
490000 4.3076923076923075 0.7386259639997661
492000 5.6923076923076925 0.7417155279999861
494000 5.634615384615385 0.7400265189999118
496000 5.403846153846154 0.7430532260000291
498000 5.826923076923077 0.7457641890000559
500000 5.211538461538462 0.7303910319997158
