2000 1.0961538461538463 0.0625
4000 1.7115384615384615 0.09375
6000 1.6923076923076923 0.171875
8000 1.6923076923076923 0.1875
10000 1.7115384615384615 0.25
12000 1.7692307692307692 0.125
14000 1.7692307692307692 0.140625
16000 1.7692307692307692 0.125
18000 1.7692307692307692 0.15625
20000 1.7115384615384615 0.234375
22000 1.7692307692307692 0.109375
24000 1.7692307692307692 0.15625
26000 1.6923076923076923 0.125
28000 1.7884615384615385 0.109375
30000 1.7692307692307692 0.25
32000 1.75 0.09375
34000 1.7115384615384615 0.125
36000 1.7884615384615385 0.140625
38000 1.7884615384615385 0.140625
40000 1.7884615384615385 0.21875
42000 1.9038461538461537 0.265625
44000 1.9615384615384615 0.109375
46000 1.6923076923076923 0.09375
48000 1.6538461538461537 0.109375
50000 1.6923076923076923 0.1875
52000 1.7692307692307692 0.28125
54000 1.6923076923076923 0.125
56000 1.6923076923076923 0.171875
58000 1.6923076923076923 0.109375
60000 1.7884615384615385 0.15625
62000 1.9038461538461537 0.28125
64000 1.9038461538461537 0.109375
66000 1.9230769230769231 0.109375
68000 1.8653846153846154 0.15625
70000 1.8653846153846154 0.125
72000 1.8269230769230769 0.203125
74000 1.8461538461538463 0.28125
76000 1.8461538461538463 0.15625
78000 1.8461538461538463 0.171875
80000 1.8653846153846154 0.15625
82000 1.8269230769230769 0.21875
84000 1.7884615384615385 0.140625
86000 1.8846153846153846 0.125
88000 1.75 0.125
90000 1.8653846153846154 0.125
92000 1.8269230769230769 0.171875
94000 1.8461538461538463 0.21875
96000 1.6538461538461537 0.140625
98000 1.6923076923076923 0.140625
100000 1.8653846153846154 0.109375
102000 1.7884615384615385 0.15625
104000 1.8269230769230769 0.203125
106000 1.7884615384615385 0.203125
108000 1.6923076923076923 0.140625
110000 1.9038461538461537 0.109375
112000 1.8846153846153846 0.125
114000 1.8076923076923077 0.140625
116000 1.8653846153846154 0.265625
118000 1.8076923076923077 0.125
120000 1.7884615384615385 0.109375
122000 1.8653846153846154 0.203125
124000 1.8269230769230769 0.140625
126000 1.7692307692307692 0.265625
128000 1.7307692307692308 0.15625
130000 1.6923076923076923 0.109375
132000 1.7307692307692308 0.109375
134000 1.7692307692307692 0.15625
136000 1.7884615384615385 0.21875
138000 1.8076923076923077 0.25
140000 1.8076923076923077 0.1875
142000 1.7115384615384615 0.125
144000 1.75 0.140625
146000 1.7115384615384615 0.15625
148000 1.7692307692307692 0.234375
150000 1.7692307692307692 0.09375
152000 1.6923076923076923 0.140625
154000 1.7307692307692308 0.140625
156000 1.8461538461538463 0.140625
158000 1.8269230769230769 0.234375
160000 1.8653846153846154 0.171875
162000 1.75 0.09375
164000 1.6923076923076923 0.109375
166000 1.8461538461538463 0.09375
168000 1.8076923076923077 0.171875
170000 1.7307692307692308 0.25
172000 1.7884615384615385 0.15625
174000 1.7307692307692308 0.171875
176000 1.75 0.15625
178000 1.8461538461538463 0.15625
180000 1.8461538461538463 0.171875
182000 1.7307692307692308 0.125
184000 1.8076923076923077 0.171875
186000 1.7692307692307692 0.125
188000 1.8653846153846154 0.171875
190000 1.7884615384615385 0.25
192000 1.75 0.125
194000 1.8653846153846154 0.125
196000 1.8461538461538463 0.140625
198000 1.9230769230769231 0.09375
200000 1.8653846153846154 0.1875
202000 1.9423076923076923 0.21875
204000 1.9423076923076923 0.140625
206000 1.9423076923076923 0.09375
208000 1.9615384615384615 0.15625
210000 1.7307692307692308 0.171875
212000 1.7307692307692308 0.25
214000 1.8076923076923077 0.109375
216000 1.8461538461538463 0.109375
218000 1.8653846153846154 0.109375
220000 1.6730769230769231 0.171875
222000 1.6730769230769231 0.203125
224000 1.7884615384615385 0.140625
226000 1.8461538461538463 0.09375
228000 1.8461538461538463 0.140625
230000 1.8269230769230769 0.125
232000 1.6538461538461537 0.203125
234000 1.7884615384615385 0.25
236000 1.8653846153846154 0.15625
238000 1.8461538461538463 0.15625
240000 1.8653846153846154 0.125
242000 1.8461538461538463 0.171875
244000 1.8076923076923077 0.25
246000 1.8461538461538463 0.125
248000 1.8653846153846154 0.171875
250000 1.8269230769230769 0.15625
252000 1.7884615384615385 0.1875
254000 1.9038461538461537 0.234375
256000 1.8846153846153846 0.1875
258000 1.7115384615384615 0.125
260000 1.6923076923076923 0.125
262000 1.8461538461538463 0.140625
264000 1.6730769230769231 0.203125
266000 1.6538461538461537 0.265625
268000 1.7115384615384615 0.15625
270000 1.75 0.140625
272000 1.7307692307692308 0.109375
274000 1.75 0.171875
276000 1.8846153846153846 0.234375
278000 1.8269230769230769 0.15625
280000 1.7884615384615385 0.15625
282000 1.7115384615384615 0.125
284000 1.7692307692307692 0.171875
286000 1.6923076923076923 0.265625
288000 1.75 0.109375
290000 1.9230769230769231 0.09375
292000 1.8653846153846154 0.125
294000 1.8461538461538463 0.140625
296000 1.8461538461538463 0.234375
298000 1.8653846153846154 0.25
300000 1.8269230769230769 0.125
302000 1.8461538461538463 0.109375
304000 1.8846153846153846 0.15625
306000 1.8461538461538463 0.15625
308000 1.8076923076923077 0.265625
310000 1.7115384615384615 0.140625
312000 1.6538461538461537 0.125
314000 1.8653846153846154 0.15625
316000 1.6538461538461537 0.125
318000 1.6538461538461537 0.15625
320000 1.6538461538461537 0.109375
322000 1.6153846153846154 0.125
324000 1.8653846153846154 0.140625
326000 1.8846153846153846 0.109375
328000 2.0 0.171875
330000 1.9423076923076923 0.171875
332000 1.9423076923076923 0.15625
334000 1.9230769230769231 0.125
336000 1.8846153846153846 0.125
338000 1.7692307692307692 0.140625
340000 1.8653846153846154 0.21875
342000 1.8653846153846154 0.125
344000 1.8269230769230769 0.109375
346000 1.8269230769230769 0.140625
348000 1.8076923076923077 0.15625
350000 1.9615384615384615 0.25
352000 1.9615384615384615 0.125
354000 1.9423076923076923 0.1875
356000 1.9423076923076923 0.109375
358000 1.9807692307692308 0.109375
360000 1.9807692307692308 0.234375
362000 1.9807692307692308 0.265625
364000 1.9807692307692308 0.109375
366000 1.9807692307692308 0.140625
368000 1.9807692307692308 0.125
370000 1.9038461538461537 0.1875
372000 1.9615384615384615 0.1875
374000 1.9423076923076923 0.125
376000 1.8846153846153846 0.125
378000 1.9230769230769231 0.15625
380000 1.8076923076923077 0.15625
382000 1.8653846153846154 0.234375
384000 1.7115384615384615 0.140625
386000 1.7884615384615385 0.125
388000 1.8269230769230769 0.171875
390000 1.7692307692307692 0.140625
392000 1.9423076923076923 0.171875
394000 1.8269230769230769 0.3125
396000 1.8269230769230769 0.15625
398000 1.7115384615384615 0.15625
400000 1.75 0.125
402000 1.6923076923076923 0.1875
404000 1.7884615384615385 0.234375
406000 1.7307692307692308 0.109375
408000 1.8461538461538463 0.109375
410000 1.8269230769230769 0.109375
412000 1.8653846153846154 0.125
414000 1.8461538461538463 0.203125
416000 1.7884615384615385 0.15625
418000 1.8076923076923077 0.125
420000 1.8653846153846154 0.140625
422000 1.9807692307692308 0.140625
424000 1.9038461538461537 0.234375
426000 1.9423076923076923 0.25
428000 1.9038461538461537 0.125
430000 1.9038461538461537 0.125
432000 1.9038461538461537 0.125
434000 1.9230769230769231 0.203125
436000 1.9423076923076923 0.265625
438000 1.8846153846153846 0.125
440000 1.8269230769230769 0.125
442000 1.9615384615384615 0.171875
444000 1.9615384615384615 0.109375
446000 1.9230769230769231 0.234375
448000 1.9423076923076923 0.125
450000 1.8846153846153846 0.15625
452000 1.9807692307692308 0.140625
454000 1.8076923076923077 0.109375
456000 1.9807692307692308 0.21875
458000 1.9615384615384615 0.234375
460000 1.8653846153846154 0.125
462000 1.8653846153846154 0.125
464000 1.8461538461538463 0.171875
466000 1.9038461538461537 0.15625
468000 1.9230769230769231 0.21875
470000 1.9807692307692308 0.140625
472000 2.0 0.140625
474000 2.019230769230769 0.125
476000 2.019230769230769 0.140625
478000 1.9807692307692308 0.203125
480000 2.0 0.125
482000 2.019230769230769 0.140625
484000 1.9038461538461537 0.109375
486000 1.8846153846153846 0.15625
488000 1.9807692307692308 0.171875
490000 1.9230769230769231 0.25
492000 1.9230769230769231 0.171875
494000 1.9615384615384615 0.203125
496000 1.9615384615384615 0.171875
498000 1.9230769230769231 0.21875
500000 1.9615384615384615 0.265625
