2000 0.23076923076923078 0.0625
4000 1.0769230769230769 0.0625
6000 1.0576923076923077 0.09375
8000 1.0769230769230769 0.09375
10000 1.0576923076923077 0.09375
12000 1.0769230769230769 0.109375
14000 1.0576923076923077 0.09375
16000 1.0769230769230769 0.09375
18000 1.0769230769230769 0.140625
20000 1.0769230769230769 0.15625
22000 1.0576923076923077 0.0625
24000 1.0576923076923077 0.078125
26000 1.0576923076923077 0.109375
28000 1.0769230769230769 0.109375
30000 1.0769230769230769 0.125
32000 1.0769230769230769 0.0625
34000 1.0769230769230769 0.0625
36000 1.0576923076923077 0.09375
38000 1.0576923076923077 0.125
40000 1.0769230769230769 0.078125
42000 1.0769230769230769 0.125
44000 1.0769230769230769 0.046875
46000 1.0769230769230769 0.0625
48000 1.0769230769230769 0.125
50000 1.0769230769230769 0.125
52000 1.0769230769230769 0.125
54000 1.0384615384615385 0.0625
56000 1.0576923076923077 0.046875
58000 1.0576923076923077 0.109375
60000 1.0769230769230769 0.140625
62000 1.0769230769230769 0.125
64000 1.0576923076923077 0.046875
66000 1.0769230769230769 0.0625
68000 1.0769230769230769 0.109375
70000 1.0576923076923077 0.125
72000 1.0769230769230769 0.109375
74000 1.0576923076923077 0.125
76000 1.0769230769230769 0.0625
78000 1.0769230769230769 0.0625
80000 1.0576923076923077 0.09375
82000 1.0576923076923077 0.125
84000 1.0576923076923077 0.125
86000 1.0769230769230769 0.046875
88000 1.0769230769230769 0.046875
90000 1.0576923076923077 0.09375
92000 1.0576923076923077 0.125
94000 1.0769230769230769 0.15625
96000 1.0769230769230769 0.046875
98000 1.0769230769230769 0.0625
100000 1.0769230769230769 0.109375
102000 1.0576923076923077 0.125
104000 1.0769230769230769 0.125
106000 1.0769230769230769 0.125
108000 1.0769230769230769 0.0625
110000 1.0769230769230769 0.0625
112000 1.0384615384615385 0.125
114000 1.0769230769230769 0.125
116000 1.0576923076923077 0.125
118000 1.0769230769230769 0.046875
120000 1.0384615384615385 0.0625
122000 1.0576923076923077 0.109375
124000 1.0769230769230769 0.125
126000 1.0576923076923077 0.09375
128000 1.0576923076923077 0.046875
130000 1.0576923076923077 0.046875
132000 1.0769230769230769 0.0625
134000 1.0769230769230769 0.125
136000 1.0576923076923077 0.125
138000 1.0576923076923077 0.15625
140000 1.0576923076923077 0.046875
142000 1.0576923076923077 0.0625
144000 1.0769230769230769 0.078125
146000 1.0769230769230769 0.109375
148000 1.0576923076923077 0.125
150000 1.0769230769230769 0.046875
152000 1.0576923076923077 0.046875
154000 1.0769230769230769 0.125
156000 1.0576923076923077 0.125
158000 1.0576923076923077 0.125
160000 1.0576923076923077 0.0625
162000 1.0769230769230769 0.046875
164000 1.0576923076923077 0.078125
166000 1.0769230769230769 0.125
168000 1.0769230769230769 0.125
170000 1.0384615384615385 0.140625
172000 1.0769230769230769 0.046875
174000 1.0384615384615385 0.09375
176000 1.0576923076923077 0.109375
178000 1.0576923076923077 0.125
180000 1.0384615384615385 0.125
182000 1.0769230769230769 0.0625
184000 1.0769230769230769 0.046875
186000 1.0769230769230769 0.078125
188000 1.0576923076923077 0.125
190000 1.0576923076923077 0.125
192000 1.0769230769230769 0.0625
194000 1.0576923076923077 0.09375
196000 1.0769230769230769 0.0625
198000 1.0769230769230769 0.125
200000 1.0769230769230769 0.15625
202000 1.0769230769230769 0.109375
204000 1.0769230769230769 0.046875
206000 1.0769230769230769 0.078125
208000 1.0769230769230769 0.125
210000 1.0769230769230769 0.125
212000 1.0769230769230769 0.125
214000 1.0769230769230769 0.0625
216000 1.0769230769230769 0.0625
218000 1.0769230769230769 0.09375
220000 1.0769230769230769 0.09375
222000 1.0769230769230769 0.09375
224000 1.0769230769230769 0.046875
226000 1.0769230769230769 0.0625
228000 1.0769230769230769 0.09375
230000 1.0769230769230769 0.125
232000 1.0576923076923077 0.125
234000 1.0769230769230769 0.125
236000 1.0769230769230769 0.0625
238000 1.0769230769230769 0.078125
240000 1.0769230769230769 0.125
242000 1.0769230769230769 0.109375
244000 1.0769230769230769 0.15625
246000 1.0769230769230769 0.078125
248000 1.0576923076923077 0.0625
250000 1.0769230769230769 0.125
252000 1.0769230769230769 0.109375
254000 1.0769230769230769 0.125
256000 1.0769230769230769 0.046875
258000 1.0769230769230769 0.046875
260000 1.0576923076923077 0.109375
262000 1.0576923076923077 0.109375
264000 1.0576923076923077 0.125
266000 1.0769230769230769 0.125
268000 1.0769230769230769 0.046875
270000 1.0769230769230769 0.0625
272000 1.0769230769230769 0.109375
274000 1.0769230769230769 0.140625
276000 1.0769230769230769 0.125
278000 1.0769230769230769 0.046875
280000 1.0769230769230769 0.046875
282000 1.0769230769230769 0.125
284000 1.0769230769230769 0.140625
286000 1.0769230769230769 0.09375
288000 1.0769230769230769 0.0625
290000 1.0769230769230769 0.046875
292000 1.0769230769230769 0.0625
294000 1.0769230769230769 0.09375
296000 1.0769230769230769 0.078125
298000 1.0769230769230769 0.09375
300000 1.0769230769230769 0.0625
302000 1.0769230769230769 0.078125
304000 1.0769230769230769 0.109375
306000 1.0769230769230769 0.125
308000 1.0769230769230769 0.15625
310000 1.0769230769230769 0.046875
312000 1.0769230769230769 0.078125
314000 1.0769230769230769 0.09375
316000 1.0769230769230769 0.125
318000 1.0769230769230769 0.125
320000 1.0769230769230769 0.046875
322000 1.0769230769230769 0.078125
324000 1.0769230769230769 0.078125
326000 1.0769230769230769 0.125
328000 1.0769230769230769 0.125
330000 1.0769230769230769 0.09375
332000 1.0769230769230769 0.0625
334000 1.0769230769230769 0.09375
336000 1.0769230769230769 0.125
338000 1.0769230769230769 0.078125
340000 1.0769230769230769 0.15625
342000 1.0769230769230769 0.0625
344000 1.0769230769230769 0.0625
346000 1.0769230769230769 0.109375
348000 1.0769230769230769 0.09375
350000 1.0769230769230769 0.109375
352000 1.0769230769230769 0.03125
354000 1.0769230769230769 0.0625
356000 1.0769230769230769 0.109375
358000 1.0769230769230769 0.109375
360000 1.0769230769230769 0.125
362000 1.0769230769230769 0.125
364000 1.0769230769230769 0.0625
366000 1.0769230769230769 0.046875
368000 1.0769230769230769 0.109375
370000 1.0769230769230769 0.078125
372000 1.0769230769230769 0.125
374000 1.0769230769230769 0.078125
376000 1.0769230769230769 0.078125
378000 1.0769230769230769 0.109375
380000 1.0769230769230769 0.078125
382000 1.0769230769230769 0.125
384000 1.0769230769230769 0.046875
386000 1.0769230769230769 0.0625
388000 1.0769230769230769 0.109375
390000 1.0769230769230769 0.140625
392000 1.0769230769230769 0.125
394000 1.0769230769230769 0.125
396000 1.0769230769230769 0.0625
398000 1.0769230769230769 0.078125
400000 1.0769230769230769 0.125
402000 1.0769230769230769 0.125
404000 1.0769230769230769 0.0625
406000 1.0769230769230769 0.046875
408000 1.0769230769230769 0.046875
410000 1.0769230769230769 0.046875
412000 1.0769230769230769 0.125
414000 1.0769230769230769 0.109375
416000 1.0769230769230769 0.0625
418000 1.0769230769230769 0.0625
420000 1.0769230769230769 0.109375
422000 1.0769230769230769 0.125
424000 1.0769230769230769 0.125
426000 1.0769230769230769 0.109375
428000 1.0769230769230769 0.0625
430000 1.0769230769230769 0.09375
432000 1.0769230769230769 0.09375
434000 1.0769230769230769 0.125
436000 1.0769230769230769 0.140625
438000 1.0769230769230769 0.03125
440000 1.0769230769230769 0.046875
442000 1.0769230769230769 0.09375
444000 1.0769230769230769 0.15625
446000 1.0769230769230769 0.125
448000 1.0769230769230769 0.09375
450000 1.0769230769230769 0.0625
452000 1.0769230769230769 0.09375
454000 1.0769230769230769 0.109375
456000 1.0769230769230769 0.09375
458000 1.0769230769230769 0.125
460000 1.0769230769230769 0.0625
462000 1.0769230769230769 0.0625
464000 1.0769230769230769 0.125
466000 1.0769230769230769 0.109375
468000 1.0769230769230769 0.15625
470000 1.0769230769230769 0.046875
472000 1.0769230769230769 0.0625
474000 1.0769230769230769 0.078125
476000 1.0769230769230769 0.078125
478000 1.0769230769230769 0.078125
480000 1.0769230769230769 0.078125
482000 1.0769230769230769 0.0625
484000 1.0769230769230769 0.078125
486000 1.0769230769230769 0.09375
488000 1.0769230769230769 0.09375
490000 1.0769230769230769 0.109375
492000 1.0769230769230769 0.03125
494000 1.0769230769230769 0.0625
496000 1.0769230769230769 0.09375
498000 1.0769230769230769 0.125
500000 1.0769230769230769 0.09375
