2000 0.34615384615384615 0.09375
4000 0.8846153846153846 0.078125
6000 1.4230769230769231 0.078125
8000 1.5769230769230769 0.125
10000 1.5769230769230769 0.09375
12000 1.4807692307692308 0.09375
14000 1.5576923076923077 0.09375
16000 1.5576923076923077 0.09375
18000 1.5 0.09375
20000 1.5192307692307692 0.09375
22000 1.6153846153846154 0.15625
24000 1.5384615384615385 0.140625
26000 1.5961538461538463 0.109375
28000 1.5769230769230769 0.109375
30000 1.5961538461538463 0.109375
32000 1.5769230769230769 0.109375
34000 1.6153846153846154 0.09375
36000 1.6538461538461537 0.109375
38000 1.6346153846153846 0.09375
40000 1.6538461538461537 0.09375
42000 1.75 0.09375
44000 1.7884615384615385 0.078125
46000 1.7115384615384615 0.140625
48000 1.8269230769230769 0.140625
50000 1.7692307692307692 0.09375
52000 1.7884615384615385 0.09375
54000 1.8076923076923077 0.09375
56000 1.75 0.109375
58000 1.8269230769230769 0.109375
60000 1.8269230769230769 0.109375
62000 1.8269230769230769 0.09375
64000 1.8269230769230769 0.125
66000 1.8269230769230769 0.109375
68000 1.8461538461538463 0.171875
70000 1.8461538461538463 0.125
72000 1.8461538461538463 0.125
74000 1.8269230769230769 0.125
76000 1.8269230769230769 0.09375
78000 1.8269230769230769 0.125
80000 1.8269230769230769 0.15625
82000 1.8269230769230769 0.15625
84000 1.8461538461538463 0.25
86000 1.8461538461538463 0.140625
88000 1.8461538461538463 0.140625
90000 1.8461538461538463 0.109375
92000 1.75 0.140625
94000 1.7307692307692308 0.203125
96000 1.7307692307692308 0.1875
98000 1.8076923076923077 0.09375
100000 1.7307692307692308 0.125
102000 1.7884615384615385 0.15625
104000 1.7692307692307692 0.125
106000 1.8461538461538463 0.1875
108000 1.8461538461538463 0.125
110000 1.8461538461538463 0.109375
112000 1.8269230769230769 0.1875
114000 1.8461538461538463 0.21875
116000 1.75 0.15625
118000 1.8269230769230769 0.09375
120000 1.8461538461538463 0.140625
122000 1.7692307692307692 0.15625
124000 1.7692307692307692 0.09375
126000 1.7692307692307692 0.09375
128000 1.8653846153846154 0.171875
130000 1.8846153846153846 0.109375
132000 1.8846153846153846 0.140625
134000 1.8846153846153846 0.171875
136000 1.8076923076923077 0.1875
138000 1.8076923076923077 0.109375
140000 1.9230769230769231 0.140625
142000 1.9038461538461537 0.109375
144000 1.8653846153846154 0.140625
146000 1.9230769230769231 0.125
148000 1.8461538461538463 0.09375
150000 1.8461538461538463 0.109375
152000 1.8269230769230769 0.109375
154000 1.8076923076923077 0.09375
156000 1.7884615384615385 0.15625
158000 1.8269230769230769 0.109375
160000 1.8269230769230769 0.109375
162000 1.8269230769230769 0.15625
164000 1.7884615384615385 0.109375
166000 1.8269230769230769 0.171875
168000 1.8269230769230769 0.171875
170000 1.8269230769230769 0.265625
172000 1.8269230769230769 0.15625
174000 1.8269230769230769 0.140625
176000 1.8269230769230769 0.125
178000 1.8269230769230769 0.171875
180000 1.8269230769230769 0.125
182000 1.8269230769230769 0.15625
184000 1.8269230769230769 0.1875
186000 1.8076923076923077 0.140625
188000 1.8269230769230769 0.171875
190000 1.9038461538461537 0.125
192000 1.8846153846153846 0.15625
194000 1.8461538461538463 0.109375
196000 1.9038461538461537 0.171875
198000 1.8269230769230769 0.078125
200000 1.8269230769230769 0.109375
202000 1.8269230769230769 0.140625
204000 1.8461538461538463 0.109375
206000 1.8461538461538463 0.109375
208000 1.8461538461538463 0.109375
210000 1.8269230769230769 0.140625
212000 1.8461538461538463 0.15625
214000 1.8653846153846154 0.109375
216000 1.8076923076923077 0.109375
218000 1.8846153846153846 0.125
220000 1.9230769230769231 0.109375
222000 1.8653846153846154 0.109375
224000 1.9423076923076923 0.125
226000 1.9038461538461537 0.15625
228000 1.9230769230769231 0.171875
230000 1.9038461538461537 0.125
232000 1.9038461538461537 0.125
234000 1.9038461538461537 0.109375
236000 1.9230769230769231 0.15625
238000 1.9423076923076923 0.15625
240000 1.9423076923076923 0.125
242000 1.9423076923076923 0.109375
244000 1.9423076923076923 0.09375
246000 1.9423076923076923 0.09375
248000 1.9615384615384615 0.125
250000 1.9615384615384615 0.09375
252000 1.9615384615384615 0.171875
254000 1.9615384615384615 0.21875
256000 1.9615384615384615 0.125
258000 1.9423076923076923 0.109375
260000 1.9423076923076923 0.140625
262000 1.9423076923076923 0.125
264000 1.9423076923076923 0.15625
266000 1.9423076923076923 0.140625
268000 1.9423076923076923 0.15625
270000 1.9615384615384615 0.140625
272000 1.9615384615384615 0.15625
274000 1.9615384615384615 0.140625
276000 1.9615384615384615 0.109375
278000 1.9615384615384615 0.171875
280000 1.9615384615384615 0.09375
282000 1.9038461538461537 0.125
284000 1.8653846153846154 0.09375
286000 1.9423076923076923 0.125
288000 1.8846153846153846 0.109375
290000 1.9230769230769231 0.125
292000 1.8846153846153846 0.109375
294000 1.9423076923076923 0.125
296000 1.9038461538461537 0.203125
298000 1.9423076923076923 0.125
300000 1.9423076923076923 0.09375
302000 1.9423076923076923 0.15625
304000 1.9423076923076923 0.09375
306000 1.9423076923076923 0.171875
308000 1.9230769230769231 0.125
310000 1.9230769230769231 0.109375
312000 1.9230769230769231 0.125
314000 1.9038461538461537 0.109375
316000 1.9038461538461537 0.125
318000 1.9038461538461537 0.140625
320000 1.9230769230769231 0.15625
322000 1.9038461538461537 0.15625
324000 1.9038461538461537 0.171875
326000 1.9038461538461537 0.140625
328000 1.9038461538461537 0.109375
330000 1.9038461538461537 0.109375
332000 1.9038461538461537 0.109375
334000 1.9038461538461537 0.15625
336000 1.8846153846153846 0.15625
338000 1.9423076923076923 0.140625
340000 1.9423076923076923 0.21875
342000 1.9423076923076923 0.15625
344000 1.9423076923076923 0.140625
346000 1.9423076923076923 0.109375
348000 1.9423076923076923 0.125
350000 1.9230769230769231 0.15625
352000 1.9038461538461537 0.171875
354000 1.9230769230769231 0.203125
356000 1.9230769230769231 0.125
358000 1.9038461538461537 0.140625
360000 1.9038461538461537 0.140625
362000 1.9038461538461537 0.140625
364000 1.9230769230769231 0.15625
366000 1.9038461538461537 0.15625
368000 1.8846153846153846 0.140625
370000 1.9423076923076923 0.125
372000 1.9615384615384615 0.140625
374000 1.9807692307692308 0.125
376000 1.9615384615384615 0.15625
378000 1.9807692307692308 0.09375
380000 1.8846153846153846 0.109375
382000 1.8846153846153846 0.09375
384000 1.8846153846153846 0.109375
386000 1.8461538461538463 0.171875
388000 1.8461538461538463 0.109375
390000 1.8269230769230769 0.125
392000 1.8461538461538463 0.109375
394000 1.8653846153846154 0.15625
396000 1.8653846153846154 0.15625
398000 1.8653846153846154 0.09375
400000 1.9038461538461537 0.15625
402000 1.9038461538461537 0.140625
404000 1.8076923076923077 0.125
406000 1.8653846153846154 0.109375
408000 1.8461538461538463 0.109375
410000 1.9230769230769231 0.15625
412000 1.9615384615384615 0.125
414000 1.9230769230769231 0.109375
416000 1.9230769230769231 0.140625
418000 1.9038461538461537 0.09375
420000 1.9230769230769231 0.109375
422000 1.9423076923076923 0.109375
424000 1.9423076923076923 0.21875
426000 1.9423076923076923 0.25
428000 1.9423076923076923 0.125
430000 1.9230769230769231 0.125
432000 1.8461538461538463 0.140625
434000 1.8846153846153846 0.125
436000 1.9038461538461537 0.125
438000 1.8461538461538463 0.125
440000 1.8846153846153846 0.140625
442000 1.9038461538461537 0.125
444000 1.9038461538461537 0.125
446000 1.9230769230769231 0.125
448000 1.9230769230769231 0.125
450000 1.9038461538461537 0.125
452000 1.9038461538461537 0.140625
454000 1.9038461538461537 0.125
456000 1.9038461538461537 0.140625
458000 1.8269230769230769 0.1875
460000 1.9038461538461537 0.140625
462000 1.8461538461538463 0.125
464000 1.8846153846153846 0.140625
466000 1.8846153846153846 0.125
468000 1.9038461538461537 0.140625
470000 1.8653846153846154 0.125
472000 1.8653846153846154 0.125
474000 1.8653846153846154 0.140625
476000 1.8653846153846154 0.125
478000 1.9423076923076923 0.09375
480000 1.9615384615384615 0.09375
482000 1.8846153846153846 0.125
484000 1.8653846153846154 0.09375
486000 1.9038461538461537 0.125
488000 1.9038461538461537 0.109375
490000 1.9423076923076923 0.09375
492000 1.9423076923076923 0.109375
494000 1.9615384615384615 0.09375
496000 1.9230769230769231 0.125
498000 1.9038461538461537 0.109375
500000 1.9230769230769231 0.09375
