2000 0.4423076923076923 0.203125
4000 0.6153846153846154 0.1875
6000 0.7115384615384616 0.265625
8000 0.9230769230769231 0.234375
10000 0.9807692307692307 0.390625
12000 1.0384615384615385 0.3125
14000 1.3076923076923077 0.3125
16000 1.3846153846153846 0.28125
18000 1.6538461538461537 0.28125
20000 1.6538461538461537 0.390625
22000 1.6538461538461537 0.359375
24000 1.6923076923076923 0.359375
26000 1.6923076923076923 0.328125
28000 1.7115384615384615 0.4375
30000 1.75 0.34375
32000 1.7115384615384615 0.390625
34000 1.75 0.296875
36000 1.6346153846153846 0.375
38000 1.6923076923076923 0.3125
40000 1.6923076923076923 0.453125
42000 1.7115384615384615 0.453125
44000 1.6923076923076923 0.359375
46000 1.6346153846153846 0.34375
48000 1.7115384615384615 0.3125
50000 1.7115384615384615 0.375
52000 1.6538461538461537 0.359375
54000 1.7115384615384615 0.375
56000 1.6923076923076923 0.359375
58000 1.7115384615384615 0.359375
60000 1.7115384615384615 0.3125
62000 1.6923076923076923 0.328125
64000 1.6923076923076923 0.34375
66000 1.7115384615384615 0.359375
68000 1.7115384615384615 0.375
70000 1.6923076923076923 0.34375
72000 1.6923076923076923 0.40625
74000 1.6923076923076923 0.453125
76000 1.7115384615384615 0.328125
78000 1.6923076923076923 0.359375
80000 1.6923076923076923 0.453125
82000 1.6923076923076923 0.34375
84000 1.7115384615384615 0.4375
86000 1.7307692307692308 0.34375
88000 1.6923076923076923 0.34375
90000 1.6923076923076923 0.359375
92000 1.6538461538461537 0.375
94000 1.6923076923076923 0.453125
96000 1.6923076923076923 0.328125
98000 1.6923076923076923 0.34375
100000 1.6153846153846154 0.328125
102000 1.6923076923076923 0.40625
104000 1.6153846153846154 0.34375
106000 1.75 0.484375
108000 1.6346153846153846 0.34375
110000 1.5961538461538463 0.328125
112000 1.7115384615384615 0.328125
114000 1.6923076923076923 0.40625
116000 1.6923076923076923 0.484375
118000 1.6923076923076923 0.34375
120000 1.7115384615384615 0.34375
122000 1.7115384615384615 0.390625
124000 1.6923076923076923 0.53125
126000 1.8461538461538463 0.34375
128000 1.5961538461538463 0.328125
130000 1.8653846153846154 0.4375
132000 1.8653846153846154 0.375
134000 1.8461538461538463 0.359375
136000 1.8653846153846154 0.359375
138000 1.9230769230769231 0.5625
140000 1.7692307692307692 0.375
142000 1.8461538461538463 0.4375
144000 1.8269230769230769 0.46875
146000 1.9038461538461537 0.359375
148000 1.8846153846153846 0.421875
150000 1.8846153846153846 0.328125
152000 1.9038461538461537 0.34375
154000 1.9423076923076923 0.453125
156000 1.8269230769230769 0.390625
158000 1.7307692307692308 0.5
160000 1.7692307692307692 0.359375
162000 1.75 0.328125
164000 1.9038461538461537 0.34375
166000 1.9423076923076923 0.34375
168000 1.9038461538461537 0.359375
170000 1.9423076923076923 0.640625
172000 1.9423076923076923 0.53125
174000 1.8461538461538463 0.34375
176000 1.7307692307692308 0.609375
178000 1.5576923076923077 0.484375
180000 1.6346153846153846 0.546875
182000 1.6730769230769231 0.546875
184000 1.75 0.3125
186000 1.8269230769230769 0.34375
188000 1.8846153846153846 0.359375
190000 1.6923076923076923 0.453125
192000 1.5384615384615385 0.328125
194000 1.6923076923076923 0.34375
196000 1.75 0.328125
198000 1.9038461538461537 0.34375
200000 1.6923076923076923 0.359375
202000 1.8461538461538463 0.53125
204000 1.8076923076923077 0.4375
206000 1.8461538461538463 0.359375
208000 1.8653846153846154 0.328125
210000 1.7884615384615385 0.34375
212000 1.9423076923076923 0.4375
214000 1.9230769230769231 0.359375
216000 1.7884615384615385 0.34375
218000 1.6730769230769231 0.546875
220000 1.6923076923076923 0.375
222000 1.9230769230769231 0.515625
224000 1.9423076923076923 0.546875
226000 1.8076923076923077 0.453125
228000 1.7692307692307692 0.46875
230000 1.6538461538461537 0.546875
232000 1.8076923076923077 0.5
234000 2.0 0.515625
236000 2.0 0.515625
238000 1.8653846153846154 0.328125
240000 1.9230769230769231 0.359375
242000 1.9807692307692308 0.421875
244000 1.9807692307692308 0.390625
246000 1.7307692307692308 0.390625
248000 1.8461538461538463 0.375
250000 1.9230769230769231 0.359375
252000 1.7307692307692308 0.359375
254000 1.8076923076923077 0.359375
256000 1.9230769230769231 0.375
258000 1.9230769230769231 0.34375
260000 1.9807692307692308 0.34375
262000 1.9807692307692308 0.40625
264000 1.9038461538461537 0.34375
266000 1.9230769230769231 0.484375
268000 1.8269230769230769 0.328125
270000 1.9230769230769231 0.46875
272000 1.9230769230769231 0.390625
274000 1.9230769230769231 0.375
276000 1.9807692307692308 0.4375
278000 1.9423076923076923 0.3125
280000 1.9038461538461537 0.421875
282000 1.8461538461538463 0.375
284000 1.8846153846153846 0.421875
286000 1.8846153846153846 0.359375
288000 1.8846153846153846 0.40625
290000 1.9615384615384615 0.5
292000 1.8269230769230769 0.359375
294000 1.7307692307692308 0.34375
296000 1.8846153846153846 0.34375
298000 1.9807692307692308 0.46875
300000 1.9615384615384615 0.40625
302000 1.8653846153846154 0.390625
304000 1.9423076923076923 0.390625
306000 1.9615384615384615 0.34375
308000 1.8269230769230769 0.390625
310000 1.8461538461538463 0.328125
312000 1.9038461538461537 0.390625
314000 1.9038461538461537 0.375
316000 1.7115384615384615 0.359375
318000 1.9230769230769231 0.453125
320000 1.8846153846153846 0.328125
322000 1.9230769230769231 0.40625
324000 1.9230769230769231 0.40625
326000 1.9230769230769231 0.34375
328000 1.9230769230769231 0.34375
330000 1.9230769230769231 0.453125
332000 1.8653846153846154 0.46875
334000 1.9038461538461537 0.390625
336000 1.9230769230769231 0.390625
338000 1.9038461538461537 0.421875
340000 1.8846153846153846 0.421875
342000 1.8269230769230769 0.484375
344000 1.9038461538461537 0.546875
346000 1.8461538461538463 0.359375
348000 1.7884615384615385 0.359375
350000 1.8653846153846154 0.34375
352000 1.8653846153846154 0.359375
354000 1.8846153846153846 0.375
356000 1.8269230769230769 0.375
358000 1.8269230769230769 0.4375
360000 1.8269230769230769 0.328125
362000 1.8461538461538463 0.453125
364000 1.8846153846153846 0.484375
366000 1.75 0.390625
368000 1.8076923076923077 0.40625
370000 1.8076923076923077 0.40625
372000 1.8076923076923077 0.46875
374000 1.8076923076923077 0.3125
376000 1.8076923076923077 0.328125
378000 1.7115384615384615 0.375
380000 1.8269230769230769 0.34375
382000 1.8653846153846154 0.359375
384000 1.8269230769230769 0.390625
386000 1.9230769230769231 0.390625
388000 1.9230769230769231 0.34375
390000 1.9615384615384615 0.328125
392000 1.9423076923076923 0.359375
394000 1.8653846153846154 0.515625
396000 1.8846153846153846 0.4375
398000 1.7884615384615385 0.46875
400000 1.8269230769230769 0.40625
402000 1.8269230769230769 0.390625
404000 1.9230769230769231 0.40625
406000 1.9615384615384615 0.515625
408000 1.9230769230769231 0.328125
410000 1.8846153846153846 0.421875
412000 1.9038461538461537 0.53125
414000 1.8653846153846154 0.34375
416000 1.9230769230769231 0.421875
418000 1.9423076923076923 0.359375
420000 1.9615384615384615 0.34375
422000 1.9615384615384615 0.375
424000 1.9615384615384615 0.40625
426000 1.9038461538461537 0.515625
428000 1.9615384615384615 0.34375
430000 1.9615384615384615 0.328125
432000 1.8846153846153846 0.5
434000 1.8846153846153846 0.390625
436000 1.8461538461538463 0.453125
438000 1.9038461538461537 0.46875
440000 1.8076923076923077 0.34375
442000 1.9423076923076923 0.421875
444000 1.9423076923076923 0.375
446000 1.9423076923076923 0.390625
448000 1.9423076923076923 0.375
450000 1.9807692307692308 0.375
452000 2.0 0.34375
454000 2.0 0.359375
456000 1.9423076923076923 0.46875
458000 1.9423076923076923 0.578125
460000 1.9423076923076923 0.359375
462000 1.9615384615384615 0.359375
464000 1.9423076923076923 0.328125
466000 1.9423076923076923 0.328125
468000 1.8846153846153846 0.390625
470000 1.8653846153846154 0.5
472000 1.8653846153846154 0.359375
474000 1.8653846153846154 0.328125
476000 1.9038461538461537 0.328125
478000 1.8653846153846154 0.359375
480000 1.8846153846153846 0.421875
482000 1.8846153846153846 0.359375
484000 1.9615384615384615 0.34375
486000 1.9615384615384615 0.359375
488000 1.9615384615384615 0.328125
490000 1.9615384615384615 0.53125
492000 1.9615384615384615 0.421875
494000 1.9423076923076923 0.375
496000 1.9038461538461537 0.375
498000 1.9423076923076923 0.421875
500000 1.9423076923076923 0.546875
