2000 0.4807692307692308 0.09375
4000 0.7115384615384616 0.078125
6000 0.7307692307692307 0.109375
8000 0.6923076923076923 0.15625
10000 1.0769230769230769 0.1875
12000 1.0961538461538463 0.09375
14000 1.3846153846153846 0.0625
16000 1.3269230769230769 0.125
18000 1.6538461538461537 0.1875
20000 1.6730769230769231 0.234375
22000 1.6923076923076923 0.140625
24000 1.6923076923076923 0.203125
26000 1.6923076923076923 0.140625
28000 1.6923076923076923 0.140625
30000 1.75 0.265625
32000 1.6730769230769231 0.078125
34000 1.75 0.078125
36000 1.7692307692307692 0.0625
38000 1.7307692307692308 0.1875
40000 1.8076923076923077 0.21875
42000 1.9038461538461537 0.21875
44000 1.9423076923076923 0.125
46000 1.8653846153846154 0.078125
48000 1.8846153846153846 0.09375
50000 1.8461538461538463 0.109375
52000 1.8076923076923077 0.171875
54000 1.8461538461538463 0.15625
56000 1.8653846153846154 0.09375
58000 1.8269230769230769 0.078125
60000 1.8461538461538463 0.1875
62000 1.8461538461538463 0.234375
64000 1.8846153846153846 0.171875
66000 1.8846153846153846 0.1875
68000 1.8461538461538463 0.125
70000 1.9038461538461537 0.109375
72000 1.8076923076923077 0.1875
74000 1.8846153846153846 0.234375
76000 1.8461538461538463 0.25
78000 1.8461538461538463 0.078125
80000 1.8846153846153846 0.09375
82000 1.8653846153846154 0.15625
84000 1.8846153846153846 0.28125
86000 1.8846153846153846 0.09375
88000 1.9230769230769231 0.125
90000 1.9038461538461537 0.09375
92000 1.8653846153846154 0.109375
94000 1.8076923076923077 0.203125
96000 1.8846153846153846 0.09375
98000 1.8846153846153846 0.109375
100000 1.9038461538461537 0.15625
102000 1.9038461538461537 0.140625
104000 1.8269230769230769 0.1875
106000 1.8269230769230769 0.21875
108000 1.8461538461538463 0.109375
110000 1.8461538461538463 0.09375
112000 1.7307692307692308 0.125
114000 1.7884615384615385 0.1875
116000 1.8269230769230769 0.25
118000 1.7692307692307692 0.125
120000 1.8461538461538463 0.203125
122000 1.9038461538461537 0.109375
124000 1.8076923076923077 0.140625
126000 1.8846153846153846 0.296875
128000 1.8653846153846154 0.25
130000 1.8461538461538463 0.09375
132000 1.9038461538461537 0.125
134000 1.8846153846153846 0.125
136000 1.9230769230769231 0.21875
138000 1.7692307692307692 0.203125
140000 1.7692307692307692 0.078125
142000 1.9423076923076923 0.1875
144000 1.8461538461538463 0.09375
146000 1.9038461538461537 0.171875
148000 1.75 0.21875
150000 1.8269230769230769 0.109375
152000 1.8269230769230769 0.109375
154000 1.8461538461538463 0.234375
156000 1.7307692307692308 0.15625
158000 1.7307692307692308 0.21875
160000 1.7692307692307692 0.109375
162000 1.8269230769230769 0.1875
164000 1.8846153846153846 0.15625
166000 1.9038461538461537 0.15625
168000 1.9038461538461537 0.234375
170000 1.8076923076923077 0.25
172000 1.8653846153846154 0.15625
174000 1.9230769230769231 0.140625
176000 1.7884615384615385 0.1875
178000 1.8846153846153846 0.171875
180000 1.9230769230769231 0.234375
182000 1.8653846153846154 0.15625
184000 1.7307692307692308 0.1875
186000 1.8461538461538463 0.171875
188000 1.8461538461538463 0.21875
190000 1.8461538461538463 0.21875
192000 1.9038461538461537 0.1875
194000 1.8461538461538463 0.1875
196000 1.7884615384615385 0.171875
198000 1.7692307692307692 0.203125
200000 1.8269230769230769 0.21875
202000 1.6923076923076923 0.328125
204000 1.6730769230769231 0.203125
206000 1.7307692307692308 0.1875
208000 1.8269230769230769 0.21875
210000 1.75 0.140625
212000 1.8461538461538463 0.265625
214000 1.75 0.171875
216000 1.75 0.203125
218000 1.9230769230769231 0.171875
220000 1.8269230769230769 0.234375
222000 1.75 0.15625
224000 1.7692307692307692 0.125
226000 1.8846153846153846 0.15625
228000 1.8461538461538463 0.1875
230000 1.75 0.203125
232000 1.6923076923076923 0.171875
234000 1.8269230769230769 0.328125
236000 1.8653846153846154 0.1875
238000 1.8269230769230769 0.21875
240000 1.9038461538461537 0.15625
242000 1.7307692307692308 0.171875
244000 1.8653846153846154 0.140625
246000 1.8269230769230769 0.171875
248000 1.8653846153846154 0.1875
250000 1.8846153846153846 0.1875
252000 1.7884615384615385 0.171875
254000 1.7307692307692308 0.1875
256000 1.6730769230769231 0.171875
258000 1.7692307692307692 0.171875
260000 1.9423076923076923 0.203125
262000 1.9615384615384615 0.15625
264000 1.8076923076923077 0.234375
266000 1.9230769230769231 0.3125
268000 1.9230769230769231 0.15625
270000 1.7307692307692308 0.140625
272000 1.8076923076923077 0.21875
274000 1.7307692307692308 0.171875
276000 1.7115384615384615 0.21875
278000 1.7307692307692308 0.203125
280000 1.7692307692307692 0.203125
282000 1.6923076923076923 0.203125
284000 1.8653846153846154 0.140625
286000 1.9038461538461537 0.25
288000 1.7692307692307692 0.1875
290000 1.6923076923076923 0.1875
292000 1.8076923076923077 0.1875
294000 1.8653846153846154 0.171875
296000 1.8846153846153846 0.25
298000 1.8269230769230769 0.328125
300000 1.7884615384615385 0.15625
302000 1.7307692307692308 0.15625
304000 1.8653846153846154 0.203125
306000 1.8461538461538463 0.1875
308000 1.8461538461538463 0.28125
310000 1.8846153846153846 0.171875
312000 1.9230769230769231 0.1875
314000 1.9038461538461537 0.171875
316000 1.8846153846153846 0.15625
318000 1.7884615384615385 0.265625
320000 1.9038461538461537 0.203125
322000 1.8846153846153846 0.203125
324000 1.9038461538461537 0.1875
326000 1.6923076923076923 0.1875
328000 1.8653846153846154 0.265625
330000 1.8653846153846154 0.265625
332000 1.8653846153846154 0.140625
334000 1.9230769230769231 0.1875
336000 1.9615384615384615 0.203125
338000 1.9615384615384615 0.1875
340000 1.9230769230769231 0.296875
342000 1.8461538461538463 0.15625
344000 1.9615384615384615 0.1875
346000 1.9615384615384615 0.1875
348000 1.8076923076923077 0.15625
350000 1.9230769230769231 0.234375
352000 1.9615384615384615 0.203125
354000 1.8846153846153846 0.171875
356000 1.9615384615384615 0.171875
358000 1.9615384615384615 0.171875
360000 1.9038461538461537 0.171875
362000 1.9038461538461537 0.265625
364000 1.9230769230769231 0.21875
366000 1.9230769230769231 0.1875
368000 1.8269230769230769 0.171875
370000 1.8461538461538463 0.171875
372000 1.8846153846153846 0.28125
374000 1.9038461538461537 0.140625
376000 1.8846153846153846 0.140625
378000 1.9230769230769231 0.15625
380000 1.9423076923076923 0.15625
382000 1.9038461538461537 0.234375
384000 1.8846153846153846 0.15625
386000 1.9038461538461537 0.140625
388000 1.8846153846153846 0.15625
390000 1.8846153846153846 0.140625
392000 1.9038461538461537 0.21875
394000 1.8846153846153846 0.296875
396000 1.9038461538461537 0.125
398000 1.8269230769230769 0.15625
400000 1.9423076923076923 0.1875
402000 1.9230769230769231 0.21875
404000 1.7884615384615385 0.28125
406000 1.8846153846153846 0.15625
408000 1.75 0.140625
410000 1.8653846153846154 0.140625
412000 1.9230769230769231 0.171875
414000 1.9807692307692308 0.28125
416000 1.9615384615384615 0.140625
418000 1.9615384615384615 0.125
420000 1.9615384615384615 0.171875
422000 1.9807692307692308 0.171875
424000 1.9807692307692308 0.1875
426000 1.9038461538461537 0.359375
428000 1.9230769230769231 0.15625
430000 1.9423076923076923 0.125
432000 1.8269230769230769 0.125
434000 1.8269230769230769 0.203125
436000 1.8269230769230769 0.296875
438000 1.8076923076923077 0.15625
440000 1.8076923076923077 0.1875
442000 1.8653846153846154 0.21875
444000 1.9230769230769231 0.1875
446000 1.9230769230769231 0.234375
448000 1.9423076923076923 0.15625
450000 1.9230769230769231 0.1875
452000 1.9230769230769231 0.1875
454000 1.9038461538461537 0.1875
456000 1.8653846153846154 0.1875
458000 1.8846153846153846 0.359375
460000 1.9230769230769231 0.140625
462000 1.8846153846153846 0.203125
464000 1.8846153846153846 0.28125
466000 1.8653846153846154 0.203125
468000 1.9038461538461537 0.25
470000 1.9038461538461537 0.21875
472000 1.9038461538461537 0.15625
474000 1.9038461538461537 0.1875
476000 1.9423076923076923 0.1875
478000 1.9038461538461537 0.25
480000 1.9423076923076923 0.203125
482000 1.9807692307692308 0.171875
484000 1.9423076923076923 0.140625
486000 1.8846153846153846 0.1875
488000 1.9038461538461537 0.21875
490000 1.9038461538461537 0.328125
492000 1.9038461538461537 0.1875
494000 1.9423076923076923 0.171875
496000 1.9615384615384615 0.171875
498000 1.9423076923076923 0.203125
500000 1.8846153846153846 0.25
