2000 0.3269230769230769 0.21875
4000 0.36538461538461536 0.1875
6000 0.6153846153846154 0.265625
8000 0.5576923076923077 0.375
10000 0.3269230769230769 0.515625
12000 0.5576923076923077 0.3125
14000 0.6153846153846154 0.3125
16000 0.9230769230769231 0.375
18000 1.0384615384615385 0.359375
20000 1.0769230769230769 0.46875
22000 1.0961538461538463 0.3125
24000 1.1346153846153846 0.28125
26000 1.5192307692307692 0.34375
28000 1.5576923076923077 0.40625
30000 1.6153846153846154 0.359375
32000 1.6153846153846154 0.375
34000 1.6153846153846154 0.4375
36000 1.6153846153846154 0.296875
38000 1.6153846153846154 0.375
40000 1.6730769230769231 0.296875
42000 1.6730769230769231 0.46875
44000 1.6923076923076923 0.3125
46000 1.7115384615384615 0.3125
48000 1.7115384615384615 0.4375
50000 1.6730769230769231 0.3125
52000 1.6346153846153846 0.390625
54000 1.6730769230769231 0.359375
56000 1.75 0.328125
58000 1.6730769230769231 0.34375
60000 1.6538461538461537 0.4375
62000 1.6923076923076923 0.3125
64000 1.6923076923076923 0.296875
66000 1.6923076923076923 0.328125
68000 1.6730769230769231 0.359375
70000 1.6923076923076923 0.390625
72000 1.6923076923076923 0.328125
74000 1.7115384615384615 0.40625
76000 1.7115384615384615 0.296875
78000 1.6923076923076923 0.328125
80000 1.6730769230769231 0.421875
82000 1.7115384615384615 0.390625
84000 1.75 0.4375
86000 1.7115384615384615 0.421875
88000 1.6923076923076923 0.296875
90000 1.6923076923076923 0.28125
92000 1.7884615384615385 0.453125
94000 1.7692307692307692 0.359375
96000 1.7115384615384615 0.34375
98000 1.6730769230769231 0.40625
100000 1.6538461538461537 0.296875
102000 1.6923076923076923 0.390625
104000 1.6346153846153846 0.453125
106000 1.6923076923076923 0.5
108000 1.6923076923076923 0.4375
110000 1.6730769230769231 0.296875
112000 1.7115384615384615 0.34375
114000 1.7115384615384615 0.359375
116000 1.7115384615384615 0.40625
118000 1.7115384615384615 0.296875
120000 1.7115384615384615 0.4375
122000 1.7115384615384615 0.3125
124000 1.7115384615384615 0.453125
126000 1.6923076923076923 0.375
128000 1.7115384615384615 0.515625
130000 1.6923076923076923 0.4375
132000 1.6923076923076923 0.3125
134000 1.6923076923076923 0.34375
136000 1.7115384615384615 0.359375
138000 1.7115384615384615 0.453125
140000 1.7115384615384615 0.34375
142000 1.7115384615384615 0.40625
144000 1.7115384615384615 0.328125
146000 1.7115384615384615 0.453125
148000 1.7115384615384615 0.46875
150000 1.7115384615384615 0.421875
152000 1.7115384615384615 0.40625
154000 1.7115384615384615 0.4375
156000 1.7115384615384615 0.4375
158000 1.7115384615384615 0.390625
160000 1.6923076923076923 0.359375
162000 1.6730769230769231 0.46875
164000 1.6730769230769231 0.34375
166000 1.7115384615384615 0.40625
168000 1.7115384615384615 0.40625
170000 1.6730769230769231 0.515625
172000 1.6923076923076923 0.296875
174000 1.6923076923076923 0.421875
176000 1.6923076923076923 0.46875
178000 1.7115384615384615 0.359375
180000 1.6730769230769231 0.375
182000 1.6730769230769231 0.609375
184000 1.6923076923076923 0.328125
186000 1.6923076923076923 0.34375
188000 1.6730769230769231 0.3125
190000 1.6923076923076923 0.453125
192000 1.6923076923076923 0.3125
194000 1.6346153846153846 0.4375
196000 1.6538461538461537 0.3125
198000 1.6346153846153846 0.40625
200000 1.6730769230769231 0.375
202000 1.6923076923076923 0.421875
204000 1.6730769230769231 0.3125
206000 1.6923076923076923 0.375
208000 1.6923076923076923 0.46875
210000 1.6923076923076923 0.359375
212000 1.6923076923076923 0.46875
214000 1.6923076923076923 0.328125
216000 1.7115384615384615 0.390625
218000 1.6923076923076923 0.328125
220000 1.6923076923076923 0.40625
222000 1.7115384615384615 0.40625
224000 1.6923076923076923 0.375
226000 1.7307692307692308 0.328125
228000 1.7307692307692308 0.28125
230000 1.7307692307692308 0.34375
232000 1.7307692307692308 0.328125
234000 1.6923076923076923 0.53125
236000 1.6923076923076923 0.359375
238000 1.7307692307692308 0.421875
240000 1.7307692307692308 0.3125
242000 1.7115384615384615 0.453125
244000 1.7307692307692308 0.390625
246000 1.7307692307692308 0.34375
248000 1.7307692307692308 0.53125
250000 1.7307692307692308 0.328125
252000 1.7307692307692308 0.375
254000 1.6923076923076923 0.4375
256000 1.7115384615384615 0.296875
258000 1.75 0.4375
260000 1.7307692307692308 0.390625
262000 1.6923076923076923 0.328125
264000 1.6923076923076923 0.3125
266000 1.7884615384615385 0.53125
268000 1.8076923076923077 0.390625
270000 1.7307692307692308 0.4375
272000 1.7692307692307692 0.375
274000 1.8461538461538463 0.46875
276000 1.7884615384615385 0.421875
278000 1.8653846153846154 0.328125
280000 1.7884615384615385 0.375
282000 1.8461538461538463 0.421875
284000 1.8846153846153846 0.359375
286000 1.8269230769230769 0.5
288000 1.8461538461538463 0.46875
290000 1.8269230769230769 0.375
292000 1.8461538461538463 0.40625
294000 1.8269230769230769 0.328125
296000 1.7884615384615385 0.296875
298000 1.7884615384615385 0.4375
300000 1.75 0.296875
302000 1.6538461538461537 0.3125
304000 1.6923076923076923 0.3125
306000 1.6923076923076923 0.375
308000 1.6923076923076923 0.34375
310000 1.7884615384615385 0.359375
312000 1.8653846153846154 0.328125
314000 1.9038461538461537 0.296875
316000 1.7884615384615385 0.296875
318000 1.8076923076923077 0.28125
320000 1.8653846153846154 0.359375
322000 1.6538461538461537 0.3125
324000 1.7307692307692308 0.34375
326000 1.6730769230769231 0.28125
328000 1.7884615384615385 0.328125
330000 1.7692307692307692 0.4375
332000 1.7692307692307692 0.359375
334000 1.7692307692307692 0.40625
336000 1.8461538461538463 0.3125
338000 1.8269230769230769 0.296875
340000 1.8653846153846154 0.375
342000 1.8461538461538463 0.40625
344000 1.8461538461538463 0.296875
346000 1.8653846153846154 0.296875
348000 1.8653846153846154 0.390625
350000 1.8846153846153846 0.390625
352000 1.8461538461538463 0.328125
354000 1.8846153846153846 0.296875
356000 1.8653846153846154 0.28125
358000 1.8461538461538463 0.296875
360000 1.8461538461538463 0.3125
362000 1.8269230769230769 0.46875
364000 1.8461538461538463 0.390625
366000 1.8653846153846154 0.40625
368000 1.8653846153846154 0.421875
370000 1.7692307692307692 0.3125
372000 1.7884615384615385 0.40625
374000 1.7884615384615385 0.3125
376000 1.8076923076923077 0.28125
378000 1.8653846153846154 0.390625
380000 1.8653846153846154 0.328125
382000 1.8653846153846154 0.375
384000 1.9230769230769231 0.296875
386000 1.9423076923076923 0.296875
388000 1.9038461538461537 0.375
390000 1.9423076923076923 0.3125
392000 1.9423076923076923 0.34375
394000 1.9423076923076923 0.46875
396000 1.9230769230769231 0.28125
398000 1.7884615384615385 0.28125
400000 1.9807692307692308 0.328125
402000 1.9423076923076923 0.453125
404000 1.9423076923076923 0.390625
406000 1.9615384615384615 0.328125
408000 1.9038461538461537 0.390625
410000 1.9423076923076923 0.328125
412000 1.9423076923076923 0.328125
414000 1.9423076923076923 0.453125
416000 1.9423076923076923 0.390625
418000 1.9423076923076923 0.3125
420000 1.9038461538461537 0.328125
422000 1.9038461538461537 0.359375
424000 1.8846153846153846 0.328125
426000 1.9038461538461537 0.46875
428000 1.8461538461538463 0.359375
430000 1.8461538461538463 0.328125
432000 1.8461538461538463 0.34375
434000 1.8461538461538463 0.3125
436000 1.8461538461538463 0.390625
438000 1.8653846153846154 0.296875
440000 1.8461538461538463 0.3125
442000 1.8653846153846154 0.40625
444000 1.9230769230769231 0.296875
446000 1.9230769230769231 0.328125
448000 1.9230769230769231 0.390625
450000 1.9807692307692308 0.3125
452000 2.0 0.265625
454000 2.0 0.296875
456000 2.0 0.34375
458000 1.9615384615384615 0.46875
460000 1.9230769230769231 0.34375
462000 1.9615384615384615 0.3125
464000 1.8846153846153846 0.296875
466000 1.9807692307692308 0.296875
468000 1.8653846153846154 0.34375
470000 1.8653846153846154 0.328125
472000 1.8653846153846154 0.3125
474000 2.0 0.359375
476000 2.0 0.28125
478000 2.0 0.328125
480000 2.0 0.34375
482000 1.9807692307692308 0.4375
484000 2.0 0.296875
486000 2.0 0.3125
488000 2.0 0.359375
490000 2.0 0.484375
492000 1.9615384615384615 0.34375
494000 2.0 0.3125
496000 2.0 0.28125
498000 2.0 0.3125
500000 1.9230769230769231 0.515625
