2000 0.36538461538461536 0.078125
4000 0.4230769230769231 0.15625
6000 0.4230769230769231 0.15625
8000 0.8461538461538461 0.203125
10000 0.8846153846153846 0.265625
12000 0.6923076923076923 0.109375
14000 1.3653846153846154 0.171875
16000 1.3461538461538463 0.125
18000 1.5192307692307692 0.1875
20000 1.7115384615384615 0.28125
22000 1.6153846153846154 0.125
24000 1.3461538461538463 0.140625
26000 1.3269230769230769 0.125
28000 1.3269230769230769 0.15625
30000 1.3269230769230769 0.25
32000 1.3269230769230769 0.140625
34000 1.3076923076923077 0.140625
36000 1.6153846153846154 0.109375
38000 1.7115384615384615 0.140625
40000 1.7115384615384615 0.21875
42000 1.7115384615384615 0.265625
44000 1.7115384615384615 0.125
46000 1.7115384615384615 0.109375
48000 1.7115384615384615 0.125
50000 1.7115384615384615 0.171875
52000 1.7115384615384615 0.28125
54000 1.7115384615384615 0.15625
56000 1.7115384615384615 0.203125
58000 1.7115384615384615 0.125
60000 1.6923076923076923 0.203125
62000 1.7115384615384615 0.25
64000 1.7115384615384615 0.15625
66000 1.7115384615384615 0.15625
68000 1.7115384615384615 0.15625
70000 1.7115384615384615 0.140625
72000 1.7115384615384615 0.203125
74000 1.6346153846153846 0.28125
76000 1.6730769230769231 0.234375
78000 1.6923076923076923 0.171875
80000 1.7115384615384615 0.1875
82000 1.7307692307692308 0.203125
84000 1.7307692307692308 0.25
86000 1.7115384615384615 0.140625
88000 1.7115384615384615 0.109375
90000 1.7115384615384615 0.109375
92000 1.7307692307692308 0.125
94000 1.7307692307692308 0.265625
96000 1.7307692307692308 0.109375
98000 1.7115384615384615 0.109375
100000 1.7115384615384615 0.109375
102000 1.6730769230769231 0.125
104000 1.6730769230769231 0.203125
106000 1.6730769230769231 0.28125
108000 1.6730769230769231 0.171875
110000 1.6730769230769231 0.109375
112000 1.7115384615384615 0.140625
114000 1.7115384615384615 0.171875
116000 1.6730769230769231 0.296875
118000 1.7115384615384615 0.109375
120000 1.7115384615384615 0.125
122000 1.7115384615384615 0.140625
124000 1.7307692307692308 0.171875
126000 1.7307692307692308 0.25
128000 1.7115384615384615 0.125
130000 1.7307692307692308 0.125
132000 1.7307692307692308 0.125
134000 1.7115384615384615 0.140625
136000 1.7115384615384615 0.25
138000 1.7115384615384615 0.28125
140000 1.75 0.125
142000 1.75 0.109375
144000 1.8269230769230769 0.125
146000 1.8461538461538463 0.15625
148000 1.8076923076923077 0.296875
150000 1.8269230769230769 0.125
152000 1.8653846153846154 0.140625
154000 1.8461538461538463 0.109375
156000 1.8076923076923077 0.140625
158000 1.8846153846153846 0.25
160000 1.8269230769230769 0.171875
162000 1.8461538461538463 0.125
164000 1.8846153846153846 0.140625
166000 1.9423076923076923 0.140625
168000 1.9038461538461537 0.203125
170000 1.8269230769230769 0.28125
172000 1.9038461538461537 0.109375
174000 1.9038461538461537 0.140625
176000 1.7884615384615385 0.125
178000 1.7884615384615385 0.1875
180000 1.8846153846153846 0.3125
182000 1.9038461538461537 0.125
184000 1.9230769230769231 0.140625
186000 1.7692307692307692 0.1875
188000 1.7307692307692308 0.171875
190000 1.8269230769230769 0.25
192000 1.7884615384615385 0.109375
194000 1.8653846153846154 0.15625
196000 1.8653846153846154 0.09375
198000 1.8846153846153846 0.15625
200000 1.7307692307692308 0.203125
202000 1.8846153846153846 0.3125
204000 1.9038461538461537 0.125
206000 1.8846153846153846 0.109375
208000 1.8846153846153846 0.109375
210000 1.8461538461538463 0.203125
212000 1.9038461538461537 0.25
214000 1.8653846153846154 0.125
216000 1.8461538461538463 0.125
218000 1.8846153846153846 0.125
220000 1.8653846153846154 0.171875
222000 1.9230769230769231 0.21875
224000 1.8846153846153846 0.125
226000 1.8269230769230769 0.15625
228000 1.8269230769230769 0.1875
230000 1.8653846153846154 0.421875
232000 1.9423076923076923 0.40625
234000 1.8846153846153846 0.203125
236000 1.9230769230769231 0.4375
238000 1.8846153846153846 0.359375
240000 1.9038461538461537 0.453125
242000 1.8653846153846154 0.21875
244000 1.8846153846153846 0.171875
246000 1.8653846153846154 0.453125
248000 1.8461538461538463 0.375
250000 1.8846153846153846 0.46875
252000 1.8461538461538463 0.234375
254000 1.8269230769230769 0.4375
256000 1.8846153846153846 0.46875
258000 1.8846153846153846 0.4375
260000 1.8846153846153846 0.453125
262000 1.7884615384615385 0.421875
264000 1.6923076923076923 0.453125
266000 1.9038461538461537 0.546875
268000 1.8269230769230769 0.40625
270000 1.8461538461538463 0.4375
272000 1.8653846153846154 0.34375
274000 1.8076923076923077 0.40625
276000 1.8461538461538463 0.453125
278000 1.7884615384615385 0.421875
280000 1.7884615384615385 0.421875
282000 1.8461538461538463 0.4375
284000 1.9038461538461537 0.421875
286000 1.8653846153846154 0.40625
288000 1.8846153846153846 0.46875
290000 1.9038461538461537 0.421875
292000 1.9038461538461537 0.4375
294000 1.8846153846153846 0.421875
296000 1.8269230769230769 0.40625
298000 1.8076923076923077 0.515625
300000 1.7884615384615385 0.390625
302000 1.8269230769230769 0.390625
304000 1.8461538461538463 0.453125
306000 1.75 0.421875
308000 1.8461538461538463 0.4375
310000 1.8653846153846154 0.421875
312000 1.8461538461538463 0.421875
314000 1.9038461538461537 0.421875
316000 1.8269230769230769 0.40625
318000 1.7692307692307692 0.421875
320000 1.6923076923076923 0.453125
322000 1.75 0.4375
324000 1.8076923076923077 0.375
326000 1.8653846153846154 0.4375
328000 1.8269230769230769 0.4375
330000 1.75 0.53125
332000 1.75 0.46875
334000 1.7115384615384615 0.390625
336000 1.7884615384615385 0.515625
338000 1.8076923076923077 0.453125
340000 1.8076923076923077 0.421875
342000 1.8846153846153846 0.453125
344000 1.8461538461538463 0.40625
346000 1.8461538461538463 0.4375
348000 1.8076923076923077 0.4375
350000 1.75 0.46875
352000 1.7692307692307692 0.4375
354000 1.9038461538461537 0.390625
356000 1.8461538461538463 0.375
358000 1.9038461538461537 0.40625
360000 1.8846153846153846 0.4375
362000 1.8846153846153846 0.546875
364000 1.9038461538461537 0.390625
366000 1.8846153846153846 0.421875
368000 1.8269230769230769 0.40625
370000 1.7692307692307692 0.4375
372000 1.8653846153846154 0.421875
374000 1.7692307692307692 0.4375
376000 1.7692307692307692 0.453125
378000 1.7884615384615385 0.421875
380000 1.8076923076923077 0.390625
382000 1.8076923076923077 0.328125
384000 1.8076923076923077 0.421875
386000 1.8846153846153846 0.421875
388000 1.8461538461538463 0.421875
390000 1.8461538461538463 0.4375
392000 1.8269230769230769 0.40625
394000 1.8653846153846154 0.578125
396000 1.8846153846153846 0.40625
398000 1.9038461538461537 0.4375
400000 1.9038461538461537 0.375
402000 1.9038461538461537 0.453125
404000 1.9038461538461537 0.484375
406000 1.9038461538461537 0.421875
408000 1.8653846153846154 0.390625
410000 1.9038461538461537 0.40625
412000 1.8846153846153846 0.390625
414000 1.9038461538461537 0.390625
416000 1.8653846153846154 0.390625
418000 1.8653846153846154 0.4375
420000 1.8269230769230769 0.4375
422000 1.8269230769230769 0.40625
424000 1.8653846153846154 0.453125
426000 1.9038461538461537 0.453125
428000 1.8269230769230769 0.4375
430000 1.8269230769230769 0.453125
432000 1.8269230769230769 0.4375
434000 1.8653846153846154 0.390625
436000 1.8269230769230769 0.46875
438000 1.8076923076923077 0.359375
440000 1.8269230769230769 0.390625
442000 1.8076923076923077 0.421875
444000 1.7884615384615385 0.4375
446000 1.75 0.390625
448000 1.75 0.390625
450000 1.8076923076923077 0.453125
452000 1.8269230769230769 0.421875
454000 1.8269230769230769 0.359375
456000 1.8269230769230769 0.40625
458000 1.8269230769230769 0.421875
460000 1.8076923076923077 0.421875
462000 1.8076923076923077 0.453125
464000 1.8076923076923077 0.4375
466000 1.8076923076923077 0.40625
468000 1.8076923076923077 0.46875
470000 1.8269230769230769 0.421875
472000 1.8269230769230769 0.46875
474000 1.8269230769230769 0.390625
476000 1.8076923076923077 0.375
478000 1.8076923076923077 0.4375
480000 1.8269230769230769 0.4375
482000 1.8269230769230769 0.40625
484000 1.8269230769230769 0.375
486000 1.8076923076923077 0.4375
488000 1.8076923076923077 0.421875
490000 1.8076923076923077 0.46875
492000 1.8269230769230769 0.421875
494000 1.8269230769230769 0.296875
496000 1.8653846153846154 0.421875
498000 1.8653846153846154 0.359375
500000 1.8653846153846154 0.46875
