2000 0.8076923076923077 0.328125
4000 1.3076923076923077 0.421875
6000 1.6730769230769231 0.34375
8000 1.6730769230769231 0.3125
10000 1.6730769230769231 0.484375
12000 1.6923076923076923 0.1875
14000 1.6923076923076923 0.328125
16000 1.75 0.34375
18000 1.7307692307692308 0.359375
20000 1.7307692307692308 0.40625
22000 1.6923076923076923 0.296875
24000 1.75 0.296875
26000 1.6923076923076923 0.3125
28000 1.75 0.328125
30000 1.75 0.3125
32000 1.75 0.28125
34000 1.75 0.296875
36000 1.7884615384615385 0.328125
38000 1.7692307692307692 0.328125
40000 1.7692307692307692 0.390625
42000 1.8461538461538463 0.5
44000 1.9423076923076923 0.34375
46000 1.7115384615384615 0.421875
48000 1.8076923076923077 0.3125
50000 1.6538461538461537 0.296875
52000 1.7307692307692308 0.53125
54000 1.7115384615384615 0.359375
56000 1.6153846153846154 0.328125
58000 1.6730769230769231 0.40625
60000 1.7115384615384615 0.296875
62000 1.7884615384615385 0.359375
64000 1.8846153846153846 0.328125
66000 1.7884615384615385 0.359375
68000 1.7307692307692308 0.296875
70000 1.9615384615384615 0.359375
72000 1.9230769230769231 0.390625
74000 1.9615384615384615 0.515625
76000 1.8653846153846154 0.421875
78000 1.8269230769230769 0.375
80000 1.8076923076923077 0.4375
82000 1.9230769230769231 0.3125
84000 1.9423076923076923 0.421875
86000 1.8269230769230769 0.453125
88000 1.7115384615384615 0.390625
90000 1.6538461538461537 0.46875
92000 1.6923076923076923 0.40625
94000 1.8076923076923077 0.40625
96000 1.7692307692307692 0.46875
98000 1.7115384615384615 0.3125
100000 1.7884615384615385 0.40625
102000 1.7692307692307692 0.34375
104000 1.8076923076923077 0.3125
106000 1.7307692307692308 0.515625
108000 1.7115384615384615 0.3125
110000 1.75 0.359375
112000 1.6538461538461537 0.34375
114000 1.7307692307692308 0.359375
116000 1.75 0.34375
118000 1.7692307692307692 0.328125
120000 1.8653846153846154 0.40625
122000 1.75 0.34375
124000 1.75 0.34375
126000 1.7115384615384615 0.296875
128000 1.7884615384615385 0.453125
130000 1.7307692307692308 0.375
132000 1.7884615384615385 0.328125
134000 1.8076923076923077 0.359375
136000 1.8076923076923077 0.296875
138000 1.8461538461538463 0.46875
140000 1.9038461538461537 0.453125
142000 1.7307692307692308 0.296875
144000 1.8076923076923077 0.484375
146000 1.8461538461538463 0.34375
148000 1.8269230769230769 0.4375
150000 1.8846153846153846 0.359375
152000 1.75 0.3125
154000 1.6923076923076923 0.359375
156000 1.9230769230769231 0.484375
158000 1.8076923076923077 0.421875
160000 1.8846153846153846 0.3125
162000 1.9807692307692308 0.296875
164000 1.9615384615384615 0.34375
166000 1.9807692307692308 0.453125
168000 1.9038461538461537 0.453125
170000 1.9423076923076923 0.5
172000 1.9423076923076923 0.265625
174000 1.9230769230769231 0.34375
176000 1.9038461538461537 0.4375
178000 1.8653846153846154 0.296875
180000 1.9230769230769231 0.390625
182000 1.9038461538461537 0.28125
184000 1.9230769230769231 0.28125
186000 1.9423076923076923 0.453125
188000 1.9230769230769231 0.359375
190000 1.8846153846153846 0.359375
192000 1.8653846153846154 0.4375
194000 1.8461538461538463 0.359375
196000 1.9230769230769231 0.375
198000 1.9615384615384615 0.3125
200000 1.9615384615384615 0.296875
202000 1.9615384615384615 0.4375
204000 1.9807692307692308 0.328125
206000 1.9615384615384615 0.3125
208000 1.75 0.3125
210000 1.9615384615384615 0.390625
212000 1.9615384615384615 0.453125
214000 1.9615384615384615 0.375
216000 1.9615384615384615 0.296875
218000 1.8461538461538463 0.375
220000 1.9615384615384615 0.390625
222000 1.9615384615384615 0.3125
224000 1.9615384615384615 0.3125
226000 1.9807692307692308 0.3125
228000 1.9807692307692308 0.40625
230000 1.9423076923076923 0.28125
232000 1.9807692307692308 0.3125
234000 1.9615384615384615 0.546875
236000 1.9615384615384615 0.296875
238000 1.9807692307692308 0.28125
240000 1.9807692307692308 0.3125
242000 1.9807692307692308 0.3125
244000 1.9615384615384615 0.390625
246000 1.9615384615384615 0.3125
248000 1.9615384615384615 0.453125
250000 1.9807692307692308 0.28125
252000 1.9807692307692308 0.28125
254000 1.9230769230769231 0.328125
256000 1.9230769230769231 0.34375
258000 1.9230769230769231 0.28125
260000 1.9807692307692308 0.296875
262000 1.9230769230769231 0.3125
264000 1.9230769230769231 0.28125
266000 1.8846153846153846 0.46875
268000 1.9807692307692308 0.40625
270000 1.9423076923076923 0.296875
272000 2.0 0.3125
274000 1.9615384615384615 0.28125
276000 1.9615384615384615 0.515625
278000 1.8653846153846154 0.34375
280000 1.8653846153846154 0.328125
282000 1.9615384615384615 0.28125
284000 1.9807692307692308 0.296875
286000 1.9807692307692308 0.28125
288000 1.9615384615384615 0.3125
290000 1.9230769230769231 0.4375
292000 1.9038461538461537 0.28125
294000 1.9423076923076923 0.28125
296000 1.9615384615384615 0.28125
298000 1.9615384615384615 0.421875
300000 1.9807692307692308 0.3125
302000 1.9615384615384615 0.296875
304000 1.9807692307692308 0.421875
306000 2.0 0.28125
308000 2.0384615384615383 0.390625
310000 2.019230769230769 0.3125
312000 2.0384615384615383 0.3125
314000 1.8461538461538463 0.4375
316000 2.0 0.421875
318000 1.9807692307692308 0.328125
320000 1.9423076923076923 0.328125
322000 1.9038461538461537 0.453125
324000 1.9615384615384615 0.40625
326000 2.0384615384615383 0.3125
328000 1.9807692307692308 0.359375
330000 1.9807692307692308 0.484375
332000 2.0576923076923075 0.40625
334000 2.0 0.296875
336000 2.019230769230769 0.28125
338000 2.0384615384615383 0.296875
340000 2.0576923076923075 0.4375
342000 1.9615384615384615 0.4375
344000 1.8653846153846154 0.359375
346000 1.9038461538461537 0.328125
348000 2.0576923076923075 0.40625
350000 2.0384615384615383 0.3125
352000 2.019230769230769 0.34375
354000 2.0384615384615383 0.34375
356000 2.0576923076923075 0.328125
358000 1.9807692307692308 0.328125
360000 1.9615384615384615 0.453125
362000 2.019230769230769 0.53125
364000 2.019230769230769 0.3125
366000 2.019230769230769 0.390625
368000 2.019230769230769 0.328125
370000 2.019230769230769 0.359375
372000 2.019230769230769 0.4375
374000 2.019230769230769 0.4375
376000 2.0384615384615383 0.265625
378000 2.019230769230769 0.375
380000 2.0384615384615383 0.28125
382000 2.0384615384615383 0.359375
384000 2.0 0.3125
386000 1.9807692307692308 0.3125
388000 2.019230769230769 0.390625
390000 1.9615384615384615 0.453125
392000 1.9615384615384615 0.296875
394000 1.9807692307692308 0.453125
396000 2.0 0.296875
398000 2.019230769230769 0.34375
400000 2.0 0.328125
402000 2.0 0.34375
404000 2.0 0.453125
406000 2.0 0.3125
408000 2.019230769230769 0.3125
410000 1.9423076923076923 0.328125
412000 1.9423076923076923 0.40625
414000 1.9038461538461537 0.3125
416000 2.0 0.453125
418000 2.0 0.421875
420000 1.9423076923076923 0.328125
422000 1.9807692307692308 0.390625
424000 1.9423076923076923 0.328125
426000 1.9423076923076923 0.5625
428000 1.9615384615384615 0.375
430000 1.9423076923076923 0.3125
432000 2.019230769230769 0.453125
434000 2.0 0.34375
436000 2.0384615384615383 0.390625
438000 2.0 0.40625
440000 2.0 0.34375
442000 2.0 0.296875
444000 2.0 0.4375
446000 2.0 0.3125
448000 2.019230769230769 0.46875
450000 1.9615384615384615 0.484375
452000 1.9807692307692308 0.28125
454000 1.9807692307692308 0.4375
456000 2.0 0.40625
458000 1.9615384615384615 0.453125
460000 1.9615384615384615 0.3125
462000 1.9807692307692308 0.5
464000 1.9807692307692308 0.390625
466000 2.0 0.359375
468000 2.0 0.421875
470000 2.0 0.3125
472000 2.019230769230769 0.328125
474000 1.9807692307692308 0.28125
476000 1.9807692307692308 0.453125
478000 1.9615384615384615 0.359375
480000 1.9038461538461537 0.28125
482000 1.8846153846153846 0.375
484000 1.9038461538461537 0.28125
486000 1.8846153846153846 0.34375
488000 1.9230769230769231 0.328125
490000 1.9615384615384615 0.5
492000 1.9615384615384615 0.296875
494000 2.0 0.296875
496000 2.0 0.328125
498000 2.0 0.34375
500000 2.0 0.421875
