2000 0.7884615384615384 0.0625
4000 1.1923076923076923 0.109375
6000 1.0769230769230769 0.15625
8000 1.1153846153846154 0.15625
10000 1.0961538461538463 0.1875
12000 1.25 0.0625
14000 1.3461538461538463 0.09375
16000 1.3461538461538463 0.125
18000 1.3461538461538463 0.1875
20000 1.3653846153846154 0.1875
22000 1.6538461538461537 0.09375
24000 1.6923076923076923 0.0625
26000 1.8653846153846154 0.09375
28000 1.7692307692307692 0.109375
30000 1.8846153846153846 0.234375
32000 1.8846153846153846 0.125
34000 1.9038461538461537 0.109375
36000 1.7307692307692308 0.078125
38000 1.75 0.1875
40000 1.8846153846153846 0.203125
42000 1.75 0.1875
44000 1.7884615384615385 0.125
46000 1.8653846153846154 0.09375
48000 1.7307692307692308 0.125
50000 1.7115384615384615 0.234375
52000 1.8461538461538463 0.265625
54000 1.75 0.125
56000 1.7884615384615385 0.125
58000 1.8461538461538463 0.125
60000 1.8461538461538463 0.171875
62000 1.8461538461538463 0.28125
64000 1.75 0.171875
66000 1.7884615384615385 0.140625
68000 1.7884615384615385 0.125
70000 1.7884615384615385 0.109375
72000 1.7884615384615385 0.1875
74000 1.7884615384615385 0.265625
76000 1.7307692307692308 0.109375
78000 1.6730769230769231 0.15625
80000 1.75 0.109375
82000 1.7692307692307692 0.1875
84000 1.7692307692307692 0.28125
86000 1.75 0.140625
88000 1.6153846153846154 0.125
90000 1.7115384615384615 0.125
92000 1.8461538461538463 0.15625
94000 1.8461538461538463 0.25
96000 1.8653846153846154 0.09375
98000 1.9230769230769231 0.109375
100000 1.9230769230769231 0.125
102000 1.7884615384615385 0.125
104000 1.7884615384615385 0.21875
106000 1.8076923076923077 0.28125
108000 1.8269230769230769 0.109375
110000 1.7307692307692308 0.109375
112000 1.75 0.125
114000 1.8076923076923077 0.203125
116000 1.6923076923076923 0.21875
118000 1.7307692307692308 0.140625
120000 1.8846153846153846 0.09375
122000 1.7692307692307692 0.109375
124000 1.6538461538461537 0.140625
126000 1.75 0.234375
128000 1.7884615384615385 0.109375
130000 1.8846153846153846 0.125
132000 1.7692307692307692 0.15625
134000 1.75 0.109375
136000 1.7307692307692308 0.203125
138000 1.7307692307692308 0.28125
140000 1.7115384615384615 0.140625
142000 1.7692307692307692 0.109375
144000 1.8653846153846154 0.109375
146000 1.8269230769230769 0.15625
148000 1.75 0.28125
150000 1.5769230769230769 0.171875
152000 1.6538461538461537 0.171875
154000 1.8076923076923077 0.140625
156000 1.8846153846153846 0.09375
158000 1.9423076923076923 0.25
160000 1.8653846153846154 0.125
162000 1.9615384615384615 0.109375
164000 1.9230769230769231 0.15625
166000 1.8846153846153846 0.140625
168000 1.9230769230769231 0.203125
170000 1.9230769230769231 0.28125
172000 1.8653846153846154 0.125
174000 1.5961538461538463 0.109375
176000 1.6730769230769231 0.15625
178000 1.6923076923076923 0.15625
180000 1.8461538461538463 0.21875
182000 1.8461538461538463 0.125
184000 1.75 0.109375
186000 1.8076923076923077 0.1875
188000 1.8076923076923077 0.15625
190000 1.8076923076923077 0.21875
192000 1.7692307692307692 0.125
194000 1.7692307692307692 0.109375
196000 1.75 0.109375
198000 1.6730769230769231 0.125
200000 1.9423076923076923 0.21875
202000 1.6923076923076923 0.25
204000 1.8076923076923077 0.140625
206000 1.8653846153846154 0.125
208000 1.8076923076923077 0.125
210000 1.7307692307692308 0.171875
212000 1.8846153846153846 0.296875
214000 1.6730769230769231 0.109375
216000 1.7115384615384615 0.109375
218000 1.7307692307692308 0.15625
220000 1.8653846153846154 0.171875
222000 1.8076923076923077 0.234375
224000 1.9807692307692308 0.109375
226000 1.8653846153846154 0.125
228000 1.8846153846153846 0.109375
230000 1.8653846153846154 0.125
232000 1.9038461538461537 0.203125
234000 1.7692307692307692 0.25
236000 1.9423076923076923 0.109375
238000 1.9038461538461537 0.125
240000 1.9038461538461537 0.140625
242000 1.9423076923076923 0.1875
244000 1.8846153846153846 0.265625
246000 1.8846153846153846 0.1875
248000 1.8269230769230769 0.09375
250000 1.7692307692307692 0.125
252000 1.8076923076923077 0.125
254000 1.8269230769230769 0.234375
256000 1.7884615384615385 0.125
258000 1.8461538461538463 0.171875
260000 1.9423076923076923 0.125
262000 1.8653846153846154 0.109375
264000 1.9423076923076923 0.234375
266000 1.8846153846153846 0.234375
268000 1.8461538461538463 0.171875
270000 1.8269230769230769 0.109375
272000 1.8461538461538463 0.140625
274000 1.9038461538461537 0.1875
276000 1.8076923076923077 0.234375
278000 1.7884615384615385 0.140625
280000 1.7884615384615385 0.109375
282000 1.8653846153846154 0.125
284000 1.9038461538461537 0.15625
286000 1.8461538461538463 0.25
288000 1.9807692307692308 0.140625
290000 1.9230769230769231 0.140625
292000 1.9615384615384615 0.109375
294000 1.9038461538461537 0.15625
296000 1.8846153846153846 0.234375
298000 1.9038461538461537 0.265625
300000 1.9230769230769231 0.171875
302000 1.9230769230769231 0.15625
304000 1.9230769230769231 0.125
306000 1.9423076923076923 0.171875
308000 1.9230769230769231 0.296875
310000 1.9038461538461537 0.125
312000 1.9807692307692308 0.109375
314000 1.9230769230769231 0.140625
316000 1.9615384615384615 0.171875
318000 1.9423076923076923 0.21875
320000 1.8076923076923077 0.140625
322000 1.8653846153846154 0.109375
324000 1.8461538461538463 0.109375
326000 1.8461538461538463 0.109375
328000 1.8846153846153846 0.203125
330000 1.8653846153846154 0.28125
332000 1.6538461538461537 0.109375
334000 1.8076923076923077 0.125
336000 1.8076923076923077 0.125
338000 1.8269230769230769 0.203125
340000 1.7692307692307692 0.28125
342000 1.8269230769230769 0.171875
344000 1.7692307692307692 0.125
346000 1.75 0.125
348000 1.8076923076923077 0.109375
350000 1.8653846153846154 0.234375
352000 1.9038461538461537 0.109375
354000 1.8461538461538463 0.125
356000 1.7884615384615385 0.171875
358000 1.8846153846153846 0.109375
360000 1.8461538461538463 0.21875
362000 1.8461538461538463 0.25
364000 1.8461538461538463 0.125
366000 1.8653846153846154 0.140625
368000 1.9038461538461537 0.15625
370000 1.8846153846153846 0.15625
372000 1.8653846153846154 0.296875
374000 1.8846153846153846 0.109375
376000 1.9038461538461537 0.109375
378000 1.9038461538461537 0.109375
380000 1.9230769230769231 0.140625
382000 1.8653846153846154 0.15625
384000 1.9038461538461537 0.125
386000 1.9615384615384615 0.125
388000 1.9423076923076923 0.125
390000 1.9230769230769231 0.109375
392000 1.9038461538461537 0.234375
394000 1.9038461538461537 0.3125
396000 1.9615384615384615 0.171875
398000 1.9423076923076923 0.125
400000 1.9807692307692308 0.109375
402000 1.9615384615384615 0.171875
404000 1.9615384615384615 0.28125
406000 1.9423076923076923 0.125
408000 1.9807692307692308 0.15625
410000 1.9038461538461537 0.171875
412000 1.9038461538461537 0.140625
414000 1.9230769230769231 0.25
416000 1.9423076923076923 0.1875
418000 1.9230769230769231 0.109375
420000 1.9615384615384615 0.125
422000 1.9615384615384615 0.171875
424000 2.0 0.1875
426000 1.8846153846153846 0.28125
428000 1.8653846153846154 0.109375
430000 1.9807692307692308 0.125
432000 1.9615384615384615 0.109375
434000 1.9230769230769231 0.203125
436000 1.8269230769230769 0.265625
438000 1.9230769230769231 0.109375
440000 1.9230769230769231 0.125
442000 1.9807692307692308 0.125
444000 1.9038461538461537 0.109375
446000 1.9423076923076923 0.25
448000 1.9615384615384615 0.140625
450000 1.9423076923076923 0.140625
452000 1.8846153846153846 0.125
454000 1.9423076923076923 0.125
456000 1.9230769230769231 0.21875
458000 1.9230769230769231 0.265625
460000 1.9038461538461537 0.15625
462000 1.9038461538461537 0.109375
464000 1.8653846153846154 0.125
466000 1.8653846153846154 0.171875
468000 1.7884615384615385 0.25
470000 1.7307692307692308 0.125
472000 1.8846153846153846 0.125
474000 1.9423076923076923 0.140625
476000 1.9807692307692308 0.15625
478000 2.0 0.21875
480000 2.0 0.140625
482000 1.9807692307692308 0.109375
484000 1.9807692307692308 0.140625
486000 1.9807692307692308 0.15625
488000 1.9807692307692308 0.203125
490000 1.9615384615384615 0.28125
492000 1.9615384615384615 0.109375
494000 1.8653846153846154 0.140625
496000 1.9423076923076923 0.125
498000 1.9807692307692308 0.1875
500000 1.9230769230769231 0.3125
