2000 0.15384615384615385 0.03125
4000 0.28846153846153844 0.046875
6000 0.40384615384615385 0.03125
8000 0.9038461538461539 0.03125
10000 0.9038461538461539 0.046875
12000 0.8653846153846154 0.0625
14000 0.9807692307692307 0.03125
16000 0.9615384615384616 0.046875
18000 0.9807692307692307 0.046875
20000 1.0 0.046875
22000 1.0192307692307692 0.046875
24000 1.0576923076923077 0.03125
26000 1.0769230769230769 0.0625
28000 1.0961538461538463 0.046875
30000 1.1153846153846154 0.046875
32000 1.0961538461538463 0.046875
34000 1.1153846153846154 0.046875
36000 1.1153846153846154 0.046875
38000 1.1153846153846154 0.046875
40000 1.1153846153846154 0.046875
42000 1.0961538461538463 0.046875
44000 1.0961538461538463 0.046875
46000 1.1153846153846154 0.0625
48000 1.0961538461538463 0.046875
50000 1.0961538461538463 0.0625
52000 1.1153846153846154 0.0625
54000 1.1153846153846154 0.0625
56000 1.1153846153846154 0.046875
58000 1.1153846153846154 0.0625
60000 1.1153846153846154 0.0625
62000 1.1153846153846154 0.0625
64000 1.1153846153846154 0.078125
66000 1.1153846153846154 0.0625
68000 1.1153846153846154 0.0625
70000 1.1153846153846154 0.0625
72000 1.0961538461538463 0.0625
74000 1.0961538461538463 0.078125
76000 1.0961538461538463 0.046875
78000 1.0961538461538463 0.078125
80000 1.0769230769230769 0.125
82000 1.0769230769230769 0.09375
84000 1.0769230769230769 0.15625
86000 1.0769230769230769 0.0625
88000 1.0769230769230769 0.03125
90000 1.0769230769230769 0.046875
92000 1.0769230769230769 0.0625
94000 1.0961538461538463 0.0625
96000 1.0961538461538463 0.046875
98000 1.0961538461538463 0.046875
100000 1.0961538461538463 0.046875
102000 1.0961538461538463 0.046875
104000 1.0961538461538463 0.046875
106000 1.0961538461538463 0.0625
108000 1.0961538461538463 0.046875
110000 1.0769230769230769 0.046875
112000 1.0769230769230769 0.046875
114000 1.0769230769230769 0.0625
116000 1.0769230769230769 0.03125
118000 1.0769230769230769 0.046875
120000 1.0769230769230769 0.046875
122000 1.0769230769230769 0.046875
124000 1.0769230769230769 0.0625
126000 1.0769230769230769 0.046875
128000 1.0961538461538463 0.0625
130000 1.0961538461538463 0.046875
132000 1.0961538461538463 0.046875
134000 1.0961538461538463 0.046875
136000 1.0961538461538463 0.046875
138000 1.0961538461538463 0.046875
140000 1.0961538461538463 0.046875
142000 1.0961538461538463 0.046875
144000 1.0961538461538463 0.078125
146000 1.0961538461538463 0.078125
148000 1.0961538461538463 0.0625
150000 1.0961538461538463 0.078125
152000 1.0961538461538463 0.078125
154000 1.0961538461538463 0.0625
156000 1.0961538461538463 0.0625
158000 1.0961538461538463 0.0625
160000 1.0961538461538463 0.046875
162000 1.0961538461538463 0.078125
164000 1.1153846153846154 0.109375
166000 1.1153846153846154 0.140625
168000 1.1153846153846154 0.109375
170000 1.1153846153846154 0.125
172000 1.1153846153846154 0.046875
174000 1.1153846153846154 0.046875
176000 1.1153846153846154 0.0625
178000 1.1153846153846154 0.046875
180000 1.0961538461538463 0.046875
182000 1.1153846153846154 0.046875
184000 1.1153846153846154 0.046875
186000 1.0961538461538463 0.046875
188000 1.1153846153846154 0.0625
190000 1.1153846153846154 0.046875
192000 1.1153846153846154 0.046875
194000 1.1153846153846154 0.046875
196000 1.1153846153846154 0.0625
198000 1.1153846153846154 0.046875
200000 1.1153846153846154 0.046875
202000 1.1153846153846154 0.046875
204000 1.1153846153846154 0.078125
206000 1.1153846153846154 0.0625
208000 1.1153846153846154 0.046875
210000 1.0961538461538463 0.046875
212000 1.0961538461538463 0.046875
214000 1.0961538461538463 0.046875
216000 1.0961538461538463 0.046875
218000 1.0961538461538463 0.046875
220000 1.0961538461538463 0.078125
222000 1.0961538461538463 0.046875
224000 1.0961538461538463 0.0625
226000 1.0961538461538463 0.0625
228000 1.0961538461538463 0.0625
230000 1.0961538461538463 0.078125
232000 1.0961538461538463 0.046875
234000 1.0961538461538463 0.046875
236000 1.0961538461538463 0.046875
238000 1.0961538461538463 0.0625
240000 1.0961538461538463 0.046875
242000 1.1730769230769231 0.078125
244000 1.1730769230769231 0.078125
246000 1.1730769230769231 0.0625
248000 1.1730769230769231 0.078125
250000 1.1538461538461537 0.09375
252000 1.1923076923076923 0.125
254000 1.2115384615384615 0.125
256000 1.2115384615384615 0.046875
258000 1.25 0.0625
260000 1.3076923076923077 0.0625
262000 1.3846153846153846 0.046875
264000 1.3846153846153846 0.0625
266000 1.4807692307692308 0.046875
268000 1.4423076923076923 0.046875
270000 1.4423076923076923 0.046875
272000 1.4423076923076923 0.0625
274000 1.5192307692307692 0.046875
276000 1.5192307692307692 0.0625
278000 1.5192307692307692 0.046875
280000 1.5384615384615385 0.046875
282000 1.5192307692307692 0.0625
284000 1.5384615384615385 0.046875
286000 1.5384615384615385 0.046875
288000 1.5384615384615385 0.046875
290000 1.5384615384615385 0.03125
292000 1.5192307692307692 0.046875
294000 1.5384615384615385 0.0625
296000 1.5384615384615385 0.046875
298000 1.5384615384615385 0.078125
300000 1.5384615384615385 0.078125
302000 1.5384615384615385 0.0625
304000 1.5384615384615385 0.0625
306000 1.5384615384615385 0.0625
308000 1.5384615384615385 0.0625
310000 1.6153846153846154 0.0625
312000 1.5769230769230769 0.0625
314000 1.5576923076923077 0.0625
316000 1.5384615384615385 0.078125
318000 1.5192307692307692 0.0625
320000 1.5576923076923077 0.078125
322000 1.5576923076923077 0.0625
324000 1.5384615384615385 0.0625
326000 1.5 0.078125
328000 1.5576923076923077 0.0625
330000 1.4807692307692308 0.0625
332000 1.5384615384615385 0.046875
334000 1.5769230769230769 0.078125
336000 1.5576923076923077 0.09375
338000 1.5 0.078125
340000 1.5384615384615385 0.109375
342000 1.5384615384615385 0.0625
344000 1.5961538461538463 0.046875
346000 1.5769230769230769 0.046875
348000 1.6153846153846154 0.046875
350000 1.6346153846153846 0.046875
352000 1.6346153846153846 0.046875
354000 1.6346153846153846 0.078125
356000 1.6346153846153846 0.046875
358000 1.6346153846153846 0.0625
360000 1.5961538461538463 0.0625
362000 1.6538461538461537 0.03125
364000 1.6923076923076923 0.046875
366000 1.6730769230769231 0.03125
368000 1.6923076923076923 0.046875
370000 1.6730769230769231 0.046875
372000 1.6730769230769231 0.046875
374000 1.6923076923076923 0.0625
376000 1.6923076923076923 0.078125
378000 1.6730769230769231 0.046875
380000 1.6730769230769231 0.0625
382000 1.6923076923076923 0.046875
384000 1.6923076923076923 0.0625
386000 1.6923076923076923 0.0625
388000 1.6923076923076923 0.0625
390000 1.6923076923076923 0.0625
392000 1.6923076923076923 0.078125
394000 1.6923076923076923 0.078125
396000 1.6923076923076923 0.078125
398000 1.6923076923076923 0.0625
400000 1.6923076923076923 0.0625
402000 1.6923076923076923 0.0625
404000 1.6923076923076923 0.046875
406000 1.6923076923076923 0.0625
408000 1.6923076923076923 0.0625
410000 1.6923076923076923 0.046875
412000 1.6923076923076923 0.0625
414000 1.6923076923076923 0.078125
416000 1.6923076923076923 0.046875
418000 1.6923076923076923 0.046875
420000 1.6923076923076923 0.09375
422000 1.6730769230769231 0.15625
424000 1.6730769230769231 0.125
426000 1.6730769230769231 0.109375
428000 1.6730769230769231 0.046875
430000 1.7115384615384615 0.046875
432000 1.6730769230769231 0.046875
434000 1.6730769230769231 0.046875
436000 1.6730769230769231 0.046875
438000 1.6730769230769231 0.046875
440000 1.6730769230769231 0.046875
442000 1.6730769230769231 0.046875
444000 1.6730769230769231 0.03125
446000 1.6730769230769231 0.046875
448000 1.6730769230769231 0.0625
450000 1.6730769230769231 0.0625
452000 1.6730769230769231 0.046875
454000 1.6730769230769231 0.046875
456000 1.6538461538461537 0.0625
458000 1.6730769230769231 0.046875
460000 1.6730769230769231 0.046875
462000 1.6538461538461537 0.046875
464000 1.6730769230769231 0.046875
466000 1.6730769230769231 0.046875
468000 1.6538461538461537 0.046875
470000 1.6538461538461537 0.0625
472000 1.6730769230769231 0.0625
474000 1.6730769230769231 0.046875
476000 1.6730769230769231 0.046875
478000 1.6730769230769231 0.03125
480000 1.6730769230769231 0.046875
482000 1.6730769230769231 0.046875
484000 1.6730769230769231 0.0625
486000 1.6730769230769231 0.0625
488000 1.6730769230769231 0.0625
490000 1.6730769230769231 0.0625
492000 1.6730769230769231 0.078125
494000 1.6538461538461537 0.078125
496000 1.6730769230769231 0.078125
498000 1.6538461538461537 0.0625
500000 1.6538461538461537 0.0625
