2000 0.3076923076923077 0.234375
4000 0.8653846153846154 0.203125
6000 1.1730769230769231 0.234375
8000 1.1538461538461537 0.171875
10000 1.4423076923076923 0.265625
12000 1.4038461538461537 0.234375
14000 1.4615384615384615 0.25
16000 1.5192307692307692 0.234375
18000 1.5961538461538463 0.234375
20000 1.6538461538461537 0.1875
22000 1.6346153846153846 0.234375
24000 1.6153846153846154 0.265625
26000 1.5769230769230769 0.234375
28000 1.6346153846153846 0.234375
30000 1.6153846153846154 0.265625
32000 1.6923076923076923 0.25
34000 1.6730769230769231 0.265625
36000 1.6923076923076923 0.25
38000 1.6923076923076923 0.25
40000 1.7692307692307692 0.28125
42000 1.7692307692307692 0.265625
44000 1.7692307692307692 0.234375
46000 1.7692307692307692 0.265625
48000 1.7884615384615385 0.265625
50000 1.7884615384615385 0.28125
52000 1.7692307692307692 0.234375
54000 1.7692307692307692 0.25
56000 1.7692307692307692 0.28125
58000 1.7692307692307692 0.28125
60000 1.7692307692307692 0.296875
62000 1.7884615384615385 0.296875
64000 1.7884615384615385 0.265625
66000 1.7692307692307692 0.265625
68000 1.75 0.265625
70000 1.7692307692307692 0.25
72000 1.7884615384615385 0.25
74000 1.7692307692307692 0.296875
76000 1.75 0.28125
78000 1.75 0.265625
80000 1.75 0.25
82000 1.8076923076923077 0.28125
84000 1.7884615384615385 0.28125
86000 1.7884615384615385 0.28125
88000 1.7692307692307692 0.28125
90000 1.7884615384615385 0.328125
92000 1.7884615384615385 0.265625
94000 1.7884615384615385 0.21875
96000 1.7884615384615385 0.25
98000 1.7884615384615385 0.265625
100000 1.8846153846153846 0.265625
102000 1.8846153846153846 0.25
104000 1.9423076923076923 0.265625
106000 1.9423076923076923 0.25
108000 1.9423076923076923 0.265625
110000 1.9423076923076923 0.28125
112000 1.9423076923076923 0.265625
114000 1.9423076923076923 0.234375
116000 1.8846153846153846 0.296875
118000 1.9038461538461537 0.28125
120000 1.9423076923076923 0.265625
122000 1.9615384615384615 0.265625
124000 1.9038461538461537 0.25
126000 1.8846153846153846 0.25
128000 1.8653846153846154 0.28125
130000 1.8653846153846154 0.28125
132000 1.8653846153846154 0.265625
134000 1.8461538461538463 0.234375
136000 1.8653846153846154 0.265625
138000 1.8653846153846154 0.25
140000 1.9038461538461537 0.265625
142000 1.8461538461538463 0.234375
144000 1.8461538461538463 0.28125
146000 1.8461538461538463 0.296875
148000 1.8461538461538463 0.28125
150000 1.8461538461538463 0.25
152000 1.8461538461538463 0.265625
154000 1.8461538461538463 0.265625
156000 1.8076923076923077 0.296875
158000 1.8076923076923077 0.265625
160000 1.9038461538461537 0.265625
162000 1.9038461538461537 0.265625
164000 1.9038461538461537 0.25
166000 1.8269230769230769 0.265625
168000 1.8653846153846154 0.25
170000 1.8461538461538463 0.234375
172000 1.8461538461538463 0.265625
174000 1.8461538461538463 0.25
176000 1.8461538461538463 0.296875
178000 1.8076923076923077 0.296875
180000 1.8076923076923077 0.265625
182000 1.7884615384615385 0.28125
184000 1.9423076923076923 0.25
186000 1.9038461538461537 0.25
188000 2.0576923076923075 0.28125
190000 2.076923076923077 0.28125
192000 2.0384615384615383 0.28125
194000 1.9230769230769231 0.25
196000 2.0576923076923075 0.28125
198000 2.0384615384615383 0.21875
200000 2.0384615384615383 0.265625
202000 2.0384615384615383 0.265625
204000 1.8846153846153846 0.25
206000 1.9038461538461537 0.265625
208000 1.8653846153846154 0.28125
210000 1.8653846153846154 0.265625
212000 1.8653846153846154 0.25
214000 2.0 0.296875
216000 2.019230769230769 0.296875
218000 2.019230769230769 0.28125
220000 1.9038461538461537 0.265625
222000 1.8846153846153846 0.265625
224000 1.9038461538461537 0.25
226000 1.9230769230769231 0.265625
228000 1.9615384615384615 0.25
230000 1.9230769230769231 0.25
232000 1.9615384615384615 0.265625
234000 1.9807692307692308 0.265625
236000 1.9807692307692308 0.265625
238000 1.9423076923076923 0.28125
240000 1.9615384615384615 0.296875
242000 1.9038461538461537 0.28125
244000 1.9230769230769231 0.25
246000 1.9807692307692308 0.265625
248000 1.9615384615384615 0.25
250000 1.9615384615384615 0.28125
252000 1.9230769230769231 0.296875
254000 1.8846153846153846 0.28125
256000 1.8846153846153846 0.328125
258000 1.8846153846153846 0.265625
260000 1.9230769230769231 0.25
262000 1.8653846153846154 0.25
264000 1.8846153846153846 0.265625
266000 1.8846153846153846 0.296875
268000 1.8846153846153846 0.28125
270000 1.9807692307692308 0.25
272000 1.9807692307692308 0.25
274000 1.9807692307692308 0.296875
276000 1.9807692307692308 0.265625
278000 1.8653846153846154 0.296875
280000 1.9807692307692308 0.28125
282000 1.9423076923076923 0.28125
284000 1.9038461538461537 0.265625
286000 1.8653846153846154 0.25
288000 1.9038461538461537 0.296875
290000 1.9038461538461537 0.25
292000 1.9038461538461537 0.28125
294000 1.9423076923076923 0.265625
296000 1.9423076923076923 0.28125
298000 1.9423076923076923 0.265625
300000 1.9423076923076923 0.265625
302000 1.9423076923076923 0.28125
304000 1.9230769230769231 0.28125
306000 1.9038461538461537 0.25
308000 1.9038461538461537 0.25
310000 1.9038461538461537 0.296875
312000 1.8846153846153846 0.296875
314000 1.8846153846153846 0.21875
316000 1.8269230769230769 0.296875
318000 1.9615384615384615 0.25
320000 1.9230769230769231 0.28125
322000 2.0 0.234375
324000 1.9807692307692308 0.265625
326000 1.9615384615384615 0.265625
328000 1.9615384615384615 0.25
330000 2.0 0.265625
332000 2.0 0.25
334000 1.9615384615384615 0.28125
336000 1.9230769230769231 0.25
338000 1.9038461538461537 0.234375
340000 1.9038461538461537 0.3125
342000 1.9038461538461537 0.28125
344000 1.9423076923076923 0.265625
346000 1.9230769230769231 0.296875
348000 1.9230769230769231 0.234375
350000 1.9038461538461537 0.265625
352000 1.9038461538461537 0.25
354000 2.0 0.25
356000 2.0384615384615383 0.265625
358000 2.0 0.25
360000 2.0 0.265625
362000 2.0 0.28125
364000 1.9807692307692308 0.265625
366000 2.019230769230769 0.265625
368000 2.019230769230769 0.265625
370000 2.0576923076923075 0.25
372000 2.019230769230769 0.265625
374000 2.076923076923077 0.25
376000 2.076923076923077 0.25
378000 2.019230769230769 0.265625
380000 2.019230769230769 0.15625
382000 2.019230769230769 0.171875
384000 2.0384615384615383 0.171875
386000 2.0 0.1875
388000 2.019230769230769 0.171875
390000 2.0 0.203125
392000 1.9615384615384615 0.1875
394000 1.9807692307692308 0.171875
396000 1.9038461538461537 0.171875
398000 1.9038461538461537 0.171875
400000 1.8846153846153846 0.125
402000 1.9038461538461537 0.203125
404000 1.9038461538461537 0.203125
406000 2.0 0.171875
408000 1.8653846153846154 0.171875
410000 1.8653846153846154 0.15625
412000 1.8846153846153846 0.21875
414000 1.8269230769230769 0.15625
416000 1.8461538461538463 0.203125
418000 1.8076923076923077 0.203125
420000 1.8653846153846154 0.203125
422000 1.8461538461538463 0.171875
424000 1.8653846153846154 0.171875
426000 1.8461538461538463 0.203125
428000 1.8461538461538463 0.171875
430000 1.8653846153846154 0.171875
432000 1.8846153846153846 0.171875
434000 1.8846153846153846 0.171875
436000 1.9423076923076923 0.1875
438000 1.9230769230769231 0.1875
440000 1.9423076923076923 0.25
442000 1.9230769230769231 0.265625
444000 1.9230769230769231 0.265625
446000 1.9423076923076923 0.21875
448000 1.9423076923076923 0.265625
450000 1.9423076923076923 0.265625
452000 1.8846153846153846 0.28125
454000 1.8653846153846154 0.25
456000 1.8653846153846154 0.28125
458000 1.8653846153846154 0.265625
460000 1.9230769230769231 0.3125
462000 1.9423076923076923 0.21875
464000 1.9230769230769231 0.296875
466000 1.8076923076923077 0.25
468000 1.7692307692307692 0.296875
470000 1.8653846153846154 0.296875
472000 1.9230769230769231 0.3125
474000 1.8846153846153846 0.3125
476000 1.8653846153846154 0.265625
478000 1.9615384615384615 0.265625
480000 1.8846153846153846 0.3125
482000 1.8653846153846154 0.265625
484000 1.8653846153846154 0.25
486000 1.8653846153846154 0.3125
488000 1.9807692307692308 0.203125
490000 1.9615384615384615 0.296875
492000 2.076923076923077 0.265625
494000 2.0576923076923075 0.3125
496000 1.9615384615384615 0.296875
498000 2.019230769230769 0.25
500000 2.019230769230769 0.25
