2000 0.28846153846153844 0.09375
4000 0.8269230769230769 0.078125
6000 1.0769230769230769 0.09375
8000 1.0769230769230769 0.078125
10000 1.0769230769230769 0.078125
12000 1.0769230769230769 0.078125
14000 1.0769230769230769 0.09375
16000 1.0769230769230769 0.109375
18000 1.0769230769230769 0.09375
20000 1.0769230769230769 0.0625
22000 1.0769230769230769 0.0625
24000 1.0769230769230769 0.078125
26000 1.0769230769230769 0.0625
28000 1.0769230769230769 0.125
30000 1.0769230769230769 0.125
32000 1.0769230769230769 0.0625
34000 1.0769230769230769 0.0625
36000 1.0769230769230769 0.0625
38000 1.0769230769230769 0.140625
40000 1.0769230769230769 0.09375
42000 1.0769230769230769 0.1875
44000 1.0769230769230769 0.0625
46000 1.0769230769230769 0.046875
48000 1.0769230769230769 0.09375
50000 1.0769230769230769 0.046875
52000 1.0769230769230769 0.125
54000 1.0576923076923077 0.0625
56000 1.0769230769230769 0.03125
58000 1.0576923076923077 0.09375
60000 1.0769230769230769 0.109375
62000 1.0576923076923077 0.125
64000 1.0576923076923077 0.046875
66000 1.0576923076923077 0.0625
68000 1.0576923076923077 0.09375
70000 1.0576923076923077 0.125
72000 1.0769230769230769 0.09375
74000 1.0769230769230769 0.125
76000 1.0769230769230769 0.0625
78000 1.0769230769230769 0.046875
80000 1.0769230769230769 0.09375
82000 1.0769230769230769 0.109375
84000 1.0769230769230769 0.125
86000 1.0769230769230769 0.0625
88000 1.0769230769230769 0.078125
90000 1.0769230769230769 0.078125
92000 1.0769230769230769 0.140625
94000 1.0576923076923077 0.125
96000 1.0769230769230769 0.078125
98000 1.0769230769230769 0.078125
100000 1.0769230769230769 0.078125
102000 1.0769230769230769 0.140625
104000 1.0769230769230769 0.125
106000 1.0769230769230769 0.125
108000 1.0769230769230769 0.0625
110000 1.0769230769230769 0.078125
112000 1.0769230769230769 0.125
114000 1.0769230769230769 0.078125
116000 1.0769230769230769 0.125
118000 1.0769230769230769 0.0625
120000 1.0769230769230769 0.078125
122000 1.0769230769230769 0.109375
124000 1.0769230769230769 0.09375
126000 1.0769230769230769 0.140625
128000 1.0769230769230769 0.0625
130000 1.0769230769230769 0.0625
132000 1.0769230769230769 0.109375
134000 1.0576923076923077 0.046875
136000 1.0769230769230769 0.125
138000 1.0769230769230769 0.078125
140000 1.0769230769230769 0.09375
142000 1.0769230769230769 0.0625
144000 1.0769230769230769 0.109375
146000 1.0769230769230769 0.125
148000 1.0769230769230769 0.125
150000 1.0769230769230769 0.046875
152000 1.0769230769230769 0.09375
154000 1.0769230769230769 0.09375
156000 1.0769230769230769 0.125
158000 1.0769230769230769 0.125
160000 1.0769230769230769 0.0625
162000 1.0769230769230769 0.0625
164000 1.0769230769230769 0.09375
166000 1.0769230769230769 0.125
168000 1.0769230769230769 0.140625
170000 1.0769230769230769 0.125
172000 1.0769230769230769 0.0625
174000 1.0769230769230769 0.09375
176000 1.0769230769230769 0.140625
178000 1.0769230769230769 0.140625
180000 1.0769230769230769 0.046875
182000 1.0769230769230769 0.078125
184000 1.0769230769230769 0.0625
186000 1.0769230769230769 0.109375
188000 1.0769230769230769 0.15625
190000 1.0769230769230769 0.125
192000 1.0769230769230769 0.078125
194000 1.0769230769230769 0.0625
196000 1.0769230769230769 0.0625
198000 1.0769230769230769 0.078125
200000 1.0769230769230769 0.09375
202000 1.0769230769230769 0.109375
204000 1.0769230769230769 0.0625
206000 1.0769230769230769 0.078125
208000 1.0769230769230769 0.078125
210000 1.0769230769230769 0.140625
212000 1.0769230769230769 0.125
214000 1.0769230769230769 0.0625
216000 1.0769230769230769 0.078125
218000 1.0769230769230769 0.078125
220000 1.0769230769230769 0.125
222000 1.0769230769230769 0.140625
224000 1.0769230769230769 0.0625
226000 1.0769230769230769 0.078125
228000 1.0769230769230769 0.078125
230000 1.0769230769230769 0.15625
232000 1.0769230769230769 0.140625
234000 1.0769230769230769 0.078125
236000 1.0769230769230769 0.078125
238000 0.9615384615384616 0.046875
240000 1.0769230769230769 0.125
242000 1.0769230769230769 0.125
244000 1.0769230769230769 0.125
246000 1.0769230769230769 0.0625
248000 1.0769230769230769 0.078125
250000 1.0769230769230769 0.078125
252000 1.0769230769230769 0.125
254000 1.0769230769230769 0.125
256000 1.0769230769230769 0.078125
258000 1.0769230769230769 0.078125
260000 1.0769230769230769 0.078125
262000 1.0769230769230769 0.125
264000 1.0769230769230769 0.125
266000 1.0769230769230769 0.140625
268000 1.0769230769230769 0.078125
270000 1.0769230769230769 0.09375
272000 1.0769230769230769 0.125
274000 1.0769230769230769 0.109375
276000 1.0769230769230769 0.109375
278000 1.0769230769230769 0.046875
280000 1.0769230769230769 0.0625
282000 1.0769230769230769 0.09375
284000 1.0769230769230769 0.078125
286000 1.0769230769230769 0.125
288000 1.0769230769230769 0.0625
290000 1.0769230769230769 0.0625
292000 1.0769230769230769 0.09375
294000 1.0769230769230769 0.125
296000 1.0769230769230769 0.109375
298000 1.0769230769230769 0.140625
300000 1.0769230769230769 0.078125
302000 1.0769230769230769 0.0625
304000 1.0769230769230769 0.109375
306000 1.0769230769230769 0.09375
308000 1.0769230769230769 0.078125
310000 1.0769230769230769 0.078125
312000 1.0769230769230769 0.09375
314000 1.0769230769230769 0.09375
316000 1.0769230769230769 0.125
318000 1.0769230769230769 0.125
320000 1.0769230769230769 0.09375
322000 1.0769230769230769 0.09375
324000 1.0769230769230769 0.078125
326000 1.0769230769230769 0.09375
328000 1.0769230769230769 0.09375
330000 1.0576923076923077 0.140625
332000 1.0769230769230769 0.0625
334000 1.0769230769230769 0.078125
336000 1.0769230769230769 0.125
338000 1.0769230769230769 0.125
340000 1.0769230769230769 0.125
342000 1.0769230769230769 0.046875
344000 1.0769230769230769 0.0625
346000 1.0769230769230769 0.09375
348000 1.0769230769230769 0.109375
350000 1.0769230769230769 0.125
352000 1.0769230769230769 0.078125
354000 1.0769230769230769 0.0625
356000 1.0769230769230769 0.125
358000 1.0769230769230769 0.140625
360000 1.0769230769230769 0.15625
362000 1.0769230769230769 0.109375
364000 1.0769230769230769 0.0625
366000 1.0769230769230769 0.0625
368000 1.0769230769230769 0.109375
370000 1.0769230769230769 0.140625
372000 1.0769230769230769 0.09375
374000 1.0769230769230769 0.046875
376000 1.0769230769230769 0.0625
378000 1.0769230769230769 0.109375
380000 1.0769230769230769 0.125
382000 1.0769230769230769 0.125
384000 1.0769230769230769 0.046875
386000 1.0769230769230769 0.046875
388000 1.0769230769230769 0.0625
390000 1.0769230769230769 0.125
392000 1.0769230769230769 0.140625
394000 1.0769230769230769 0.125
396000 1.0769230769230769 0.0625
398000 1.0769230769230769 0.078125
400000 1.0769230769230769 0.109375
402000 1.0769230769230769 0.125
404000 1.0769230769230769 0.109375
406000 1.0769230769230769 0.0625
408000 1.0769230769230769 0.0625
410000 1.0769230769230769 0.09375
412000 1.0769230769230769 0.125
414000 1.0769230769230769 0.15625
416000 1.0769230769230769 0.046875
418000 1.0769230769230769 0.0625
420000 1.0769230769230769 0.0625
422000 1.0769230769230769 0.15625
424000 1.0769230769230769 0.125
426000 1.0769230769230769 0.125
428000 1.0769230769230769 0.046875
430000 1.0769230769230769 0.078125
432000 1.0769230769230769 0.109375
434000 1.0769230769230769 0.125
436000 1.0769230769230769 0.125
438000 1.0769230769230769 0.09375
440000 1.0769230769230769 0.046875
442000 1.0769230769230769 0.109375
444000 1.0769230769230769 0.109375
446000 1.0769230769230769 0.15625
448000 1.0769230769230769 0.0625
450000 1.0769230769230769 0.046875
452000 1.0769230769230769 0.0625
454000 1.0769230769230769 0.140625
456000 1.0769230769230769 0.140625
458000 1.0769230769230769 0.140625
460000 1.0769230769230769 0.046875
462000 1.0769230769230769 0.046875
464000 1.0769230769230769 0.125
466000 1.0769230769230769 0.140625
468000 1.0769230769230769 0.15625
470000 1.0769230769230769 0.046875
472000 1.0769230769230769 0.046875
474000 1.0769230769230769 0.09375
476000 1.0769230769230769 0.125
478000 1.0769230769230769 0.109375
480000 1.0769230769230769 0.0625
482000 1.0769230769230769 0.078125
484000 1.0769230769230769 0.0625
486000 1.0769230769230769 0.09375
488000 1.0769230769230769 0.125
490000 1.0769230769230769 0.140625
492000 1.0769230769230769 0.0625
494000 1.0769230769230769 0.0625
496000 1.0769230769230769 0.09375
498000 1.0769230769230769 0.125
500000 1.0769230769230769 0.125
