2000 1.0769230769230769 0.09375
4000 1.6346153846153846 0.09375
6000 1.6923076923076923 0.109375
8000 1.6923076923076923 0.171875
10000 1.7115384615384615 0.28125
12000 1.7115384615384615 0.125
14000 1.7692307692307692 0.140625
16000 1.7692307692307692 0.125
18000 1.7692307692307692 0.21875
20000 1.7307692307692308 0.203125
22000 1.75 0.125
24000 1.7884615384615385 0.140625
26000 1.8076923076923077 0.1875
28000 1.8076923076923077 0.171875
30000 1.75 0.28125
32000 1.8076923076923077 0.125
34000 1.8653846153846154 0.125
36000 1.8269230769230769 0.125
38000 1.7884615384615385 0.140625
40000 1.8461538461538463 0.203125
42000 1.8269230769230769 0.1875
44000 1.8653846153846154 0.140625
46000 1.8653846153846154 0.140625
48000 1.8269230769230769 0.109375
50000 1.8269230769230769 0.203125
52000 1.7692307692307692 0.265625
54000 1.7692307692307692 0.140625
56000 1.8653846153846154 0.21875
58000 1.8076923076923077 0.171875
60000 1.8269230769230769 0.15625
62000 1.8653846153846154 0.296875
64000 1.8653846153846154 0.1875
66000 1.75 0.125
68000 1.8461538461538463 0.1875
70000 1.8461538461538463 0.125
72000 1.8846153846153846 0.21875
74000 1.9038461538461537 0.3125
76000 1.8076923076923077 0.125
78000 1.7692307692307692 0.1875
80000 1.9038461538461537 0.125
82000 1.8846153846153846 0.203125
84000 1.8269230769230769 0.3125
86000 1.8461538461538463 0.125
88000 1.8461538461538463 0.125
90000 1.9038461538461537 0.125
92000 1.7307692307692308 0.171875
94000 1.75 0.25
96000 1.7692307692307692 0.171875
98000 1.7692307692307692 0.1875
100000 1.7692307692307692 0.140625
102000 1.8076923076923077 0.140625
104000 1.6730769230769231 0.203125
106000 1.8269230769230769 0.296875
108000 1.5961538461538463 0.109375
110000 1.8269230769230769 0.140625
112000 1.8076923076923077 0.15625
114000 1.8653846153846154 0.171875
116000 1.8846153846153846 0.140625
118000 1.8076923076923077 0.140625
120000 1.75 0.140625
122000 1.7884615384615385 0.1875
124000 1.8269230769230769 0.15625
126000 1.5961538461538463 0.234375
128000 1.75 0.125
130000 1.8653846153846154 0.140625
132000 1.8653846153846154 0.125
134000 1.8461538461538463 0.140625
136000 1.8076923076923077 0.265625
138000 1.8461538461538463 0.203125
140000 1.9230769230769231 0.140625
142000 1.7692307692307692 0.1875
144000 1.8653846153846154 0.140625
146000 1.8846153846153846 0.203125
148000 1.75 0.234375
150000 1.8269230769230769 0.15625
152000 1.8461538461538463 0.125
154000 1.7307692307692308 0.109375
156000 1.9615384615384615 0.15625
158000 1.7884615384615385 0.234375
160000 1.8461538461538463 0.140625
162000 1.7692307692307692 0.140625
164000 1.8653846153846154 0.125
166000 1.7692307692307692 0.140625
168000 1.8076923076923077 0.21875
170000 1.8076923076923077 0.28125
172000 1.6153846153846154 0.140625
174000 1.6538461538461537 0.109375
176000 1.8269230769230769 0.109375
178000 1.6730769230769231 0.140625
180000 1.75 0.28125
182000 1.6923076923076923 0.15625
184000 1.8269230769230769 0.125
186000 1.9038461538461537 0.125
188000 1.9423076923076923 0.15625
190000 1.8461538461538463 0.1875
192000 1.8846153846153846 0.1875
194000 1.7692307692307692 0.15625
196000 1.6538461538461537 0.1875
198000 1.75 0.21875
200000 1.7692307692307692 0.21875
202000 1.6923076923076923 0.25
204000 1.7115384615384615 0.140625
206000 1.6538461538461537 0.125
208000 1.5769230769230769 0.15625
210000 1.7692307692307692 0.21875
212000 1.8846153846153846 0.265625
214000 1.75 0.109375
216000 1.7115384615384615 0.171875
218000 1.8653846153846154 0.15625
220000 1.8653846153846154 0.140625
222000 1.8269230769230769 0.21875
224000 1.9230769230769231 0.140625
226000 1.9423076923076923 0.234375
228000 1.9423076923076923 0.09375
230000 1.8461538461538463 0.109375
232000 1.9615384615384615 0.1875
234000 1.9038461538461537 0.3125
236000 1.9230769230769231 0.15625
238000 1.9423076923076923 0.140625
240000 1.8846153846153846 0.140625
242000 1.9423076923076923 0.1875
244000 1.9230769230769231 0.25
246000 1.7884615384615385 0.140625
248000 1.7692307692307692 0.140625
250000 1.8269230769230769 0.09375
252000 1.8269230769230769 0.125
254000 1.7884615384615385 0.1875
256000 1.7692307692307692 0.203125
258000 1.7884615384615385 0.15625
260000 1.7692307692307692 0.125
262000 1.8076923076923077 0.1875
264000 1.9038461538461537 0.203125
266000 1.9038461538461537 0.25
268000 1.8269230769230769 0.171875
270000 1.8461538461538463 0.125
272000 1.8846153846153846 0.125
274000 1.8461538461538463 0.15625
276000 1.8076923076923077 0.25
278000 1.8653846153846154 0.140625
280000 1.8653846153846154 0.140625
282000 1.9038461538461537 0.140625
284000 1.9038461538461537 0.125
286000 1.9423076923076923 0.25
288000 1.8846153846153846 0.140625
290000 1.9423076923076923 0.109375
292000 1.9423076923076923 0.09375
294000 1.8653846153846154 0.125
296000 1.7692307692307692 0.1875
298000 1.8076923076923077 0.28125
300000 1.8076923076923077 0.109375
302000 1.7884615384615385 0.125
304000 1.8846153846153846 0.140625
306000 1.8846153846153846 0.1875
308000 1.7115384615384615 0.296875
310000 1.9423076923076923 0.09375
312000 1.8846153846153846 0.125
314000 1.8653846153846154 0.140625
316000 1.8461538461538463 0.171875
318000 1.7307692307692308 0.25
320000 1.8653846153846154 0.109375
322000 1.8846153846153846 0.109375
324000 1.75 0.140625
326000 1.8653846153846154 0.140625
328000 1.7307692307692308 0.15625
330000 1.7884615384615385 0.3125
332000 1.8269230769230769 0.09375
334000 1.8269230769230769 0.109375
336000 1.7692307692307692 0.109375
338000 1.9038461538461537 0.1875
340000 1.9230769230769231 0.28125
342000 1.9038461538461537 0.140625
344000 1.8461538461538463 0.140625
346000 1.8461538461538463 0.109375
348000 1.7884615384615385 0.15625
350000 1.8076923076923077 0.25
352000 1.6923076923076923 0.109375
354000 1.7307692307692308 0.109375
356000 1.7884615384615385 0.125
358000 1.9038461538461537 0.109375
360000 1.8846153846153846 0.15625
362000 1.8461538461538463 0.28125
364000 1.8269230769230769 0.109375
366000 1.8076923076923077 0.125
368000 1.8653846153846154 0.125
370000 1.8461538461538463 0.1875
372000 1.8846153846153846 0.265625
374000 1.8846153846153846 0.09375
376000 1.8269230769230769 0.109375
378000 1.8269230769230769 0.125
380000 1.8846153846153846 0.15625
382000 1.8461538461538463 0.25
384000 1.8461538461538463 0.109375
386000 1.9038461538461537 0.109375
388000 1.8846153846153846 0.125
390000 1.7884615384615385 0.125
392000 1.8461538461538463 0.15625
394000 1.8653846153846154 0.234375
396000 1.8653846153846154 0.125
398000 1.8846153846153846 0.109375
400000 1.9230769230769231 0.125
402000 2.019230769230769 0.1875
404000 1.9807692307692308 0.28125
406000 1.9038461538461537 0.125
408000 1.8846153846153846 0.109375
410000 1.8846153846153846 0.140625
412000 1.8653846153846154 0.234375
414000 1.8461538461538463 0.234375
416000 1.8461538461538463 0.125
418000 1.8653846153846154 0.09375
420000 1.8461538461538463 0.171875
422000 1.9038461538461537 0.125
424000 1.8653846153846154 0.21875
426000 1.8653846153846154 0.3125
428000 1.9230769230769231 0.140625
430000 1.9038461538461537 0.125
432000 1.8846153846153846 0.109375
434000 1.9038461538461537 0.15625
436000 1.8846153846153846 0.25
438000 1.8846153846153846 0.125
440000 1.8846153846153846 0.140625
442000 1.9230769230769231 0.140625
444000 1.8846153846153846 0.125
446000 1.8653846153846154 0.234375
448000 1.9230769230769231 0.140625
450000 1.9230769230769231 0.15625
452000 1.8653846153846154 0.140625
454000 1.8846153846153846 0.109375
456000 1.9038461538461537 0.203125
458000 1.9038461538461537 0.28125
460000 1.9038461538461537 0.171875
462000 1.9230769230769231 0.140625
464000 1.8846153846153846 0.125
466000 1.8653846153846154 0.1875
468000 1.8846153846153846 0.234375
470000 1.9423076923076923 0.125
472000 1.9423076923076923 0.125
474000 1.9230769230769231 0.15625
476000 1.9423076923076923 0.15625
478000 1.9423076923076923 0.21875
480000 1.9423076923076923 0.125
482000 1.9230769230769231 0.15625
484000 1.9423076923076923 0.140625
486000 1.9423076923076923 0.125
488000 1.9423076923076923 0.1875
490000 1.9423076923076923 0.265625
492000 1.9230769230769231 0.140625
494000 1.9230769230769231 0.140625
496000 1.9423076923076923 0.140625
498000 1.9615384615384615 0.15625
500000 1.9230769230769231 0.25
