2000 0.5384615384615384 0.09375
4000 0.5769230769230769 0.078125
6000 0.7884615384615384 0.125
8000 1.0769230769230769 0.21875
10000 1.0769230769230769 0.265625
12000 1.0384615384615385 0.125
14000 1.1153846153846154 0.21875
16000 1.1153846153846154 0.15625
18000 1.1153846153846154 0.171875
20000 1.3846153846153846 0.28125
22000 1.5961538461538463 0.15625
24000 1.7115384615384615 0.1875
26000 1.75 0.15625
28000 1.7307692307692308 0.125
30000 1.7115384615384615 0.28125
32000 1.75 0.203125
34000 1.7692307692307692 0.15625
36000 1.7884615384615385 0.15625
38000 1.7884615384615385 0.171875
40000 1.7884615384615385 0.234375
42000 1.9230769230769231 0.34375
44000 1.8461538461538463 0.140625
46000 1.9423076923076923 0.171875
48000 1.8653846153846154 0.296875
50000 1.8846153846153846 0.265625
52000 1.6923076923076923 0.28125
54000 1.7884615384615385 0.171875
56000 1.7884615384615385 0.171875
58000 1.6923076923076923 0.171875
60000 1.7884615384615385 0.203125
62000 1.8653846153846154 0.25
64000 1.8461538461538463 0.21875
66000 1.8269230769230769 0.171875
68000 1.8076923076923077 0.15625
70000 1.8653846153846154 0.171875
72000 1.8653846153846154 0.234375
74000 1.8269230769230769 0.296875
76000 1.8269230769230769 0.1875
78000 1.8653846153846154 0.1875
80000 1.8653846153846154 0.171875
82000 1.9038461538461537 0.171875
84000 1.9038461538461537 0.265625
86000 1.8461538461538463 0.203125
88000 1.8076923076923077 0.203125
90000 1.8846153846153846 0.140625
92000 1.8076923076923077 0.171875
94000 1.8653846153846154 0.25
96000 1.8269230769230769 0.234375
98000 1.8461538461538463 0.15625
100000 1.8076923076923077 0.15625
102000 1.7884615384615385 0.15625
104000 1.9423076923076923 0.21875
106000 1.9230769230769231 0.265625
108000 1.9423076923076923 0.140625
110000 1.8653846153846154 0.203125
112000 1.8076923076923077 0.21875
114000 1.7307692307692308 0.21875
116000 1.7884615384615385 0.25
118000 1.7692307692307692 0.171875
120000 1.6923076923076923 0.203125
122000 1.6730769230769231 0.171875
124000 1.7884615384615385 0.15625
126000 1.8269230769230769 0.234375
128000 1.75 0.1875
130000 1.7115384615384615 0.140625
132000 1.7884615384615385 0.140625
134000 1.6538461538461537 0.171875
136000 1.6730769230769231 0.21875
138000 1.7307692307692308 0.328125
140000 1.5769230769230769 0.1875
142000 1.7692307692307692 0.15625
144000 1.7115384615384615 0.109375
146000 1.8076923076923077 0.1875
148000 1.8076923076923077 0.28125
150000 1.8269230769230769 0.171875
152000 1.75 0.203125
154000 1.8076923076923077 0.140625
156000 1.7115384615384615 0.203125
158000 1.75 0.296875
160000 1.6730769230769231 0.1875
162000 1.7692307692307692 0.25
164000 1.7307692307692308 0.140625
166000 1.7884615384615385 0.125
168000 1.8269230769230769 0.171875
170000 1.7692307692307692 0.34375
172000 1.8461538461538463 0.15625
174000 1.8076923076923077 0.171875
176000 1.7307692307692308 0.21875
178000 1.7692307692307692 0.25
180000 1.7307692307692308 0.28125
182000 1.6538461538461537 0.171875
184000 1.8461538461538463 0.171875
186000 1.7692307692307692 0.140625
188000 1.7307692307692308 0.140625
190000 1.7115384615384615 0.265625
192000 1.7307692307692308 0.21875
194000 1.7692307692307692 0.125
196000 1.7307692307692308 0.140625
198000 1.7307692307692308 0.203125
200000 1.8076923076923077 0.1875
202000 1.7692307692307692 0.28125
204000 1.7307692307692308 0.203125
206000 1.7884615384615385 0.140625
208000 1.8461538461538463 0.140625
210000 1.8269230769230769 0.21875
212000 1.7692307692307692 0.28125
214000 1.8076923076923077 0.171875
216000 1.7307692307692308 0.171875
218000 1.7692307692307692 0.171875
220000 1.8076923076923077 0.140625
222000 1.8076923076923077 0.25
224000 1.75 0.21875
226000 1.75 0.15625
228000 1.6346153846153846 0.171875
230000 1.7692307692307692 0.21875
232000 1.7307692307692308 0.234375
234000 1.5384615384615385 0.328125
236000 1.5769230769230769 0.125
238000 1.7115384615384615 0.125
240000 1.6538461538461537 0.140625
242000 1.8076923076923077 0.125
244000 1.7307692307692308 0.296875
246000 1.8653846153846154 0.203125
248000 1.8269230769230769 0.203125
250000 1.75 0.203125
252000 1.7307692307692308 0.15625
254000 1.8846153846153846 0.28125
256000 1.8846153846153846 0.1875
258000 1.8461538461538463 0.1875
260000 1.7692307692307692 0.171875
262000 1.75 0.203125
264000 1.8653846153846154 0.203125
266000 1.8076923076923077 0.328125
268000 1.7307692307692308 0.125
270000 1.7884615384615385 0.140625
272000 1.8461538461538463 0.171875
274000 1.8653846153846154 0.1875
276000 1.8846153846153846 0.296875
278000 1.8076923076923077 0.15625
280000 1.7692307692307692 0.140625
282000 1.8269230769230769 0.15625
284000 1.9230769230769231 0.15625
286000 1.8461538461538463 0.25
288000 1.8076923076923077 0.140625
290000 1.8269230769230769 0.125
292000 1.7692307692307692 0.15625
294000 1.7884615384615385 0.234375
296000 1.7884615384615385 0.21875
298000 1.7115384615384615 0.328125
300000 1.7884615384615385 0.125
302000 1.7692307692307692 0.21875
304000 1.8076923076923077 0.1875
306000 1.7884615384615385 0.1875
308000 1.8461538461538463 0.234375
310000 1.8653846153846154 0.171875
312000 1.8653846153846154 0.140625
314000 1.8461538461538463 0.15625
316000 1.75 0.140625
318000 1.7692307692307692 0.25
320000 1.8653846153846154 0.15625
322000 1.8653846153846154 0.140625
324000 1.8846153846153846 0.109375
326000 1.9038461538461537 0.1875
328000 1.8076923076923077 0.1875
330000 1.7884615384615385 0.3125
332000 1.7692307692307692 0.15625
334000 1.8461538461538463 0.15625
336000 1.8653846153846154 0.1875
338000 1.9230769230769231 0.21875
340000 1.9230769230769231 0.265625
342000 1.8653846153846154 0.140625
344000 1.9038461538461537 0.15625
346000 1.9230769230769231 0.140625
348000 1.9615384615384615 0.171875
350000 1.8269230769230769 0.265625
352000 1.8461538461538463 0.140625
354000 1.8846153846153846 0.15625
356000 1.8461538461538463 0.140625
358000 1.8653846153846154 0.203125
360000 1.8846153846153846 0.265625
362000 1.7884615384615385 0.3125
364000 1.7884615384615385 0.15625
366000 1.8076923076923077 0.15625
368000 1.6153846153846154 0.21875
370000 1.6538461538461537 0.203125
372000 1.6730769230769231 0.3125
374000 1.8269230769230769 0.140625
376000 1.9038461538461537 0.140625
378000 1.8653846153846154 0.15625
380000 1.8461538461538463 0.171875
382000 1.9038461538461537 0.265625
384000 1.8846153846153846 0.1875
386000 1.9038461538461537 0.265625
388000 1.9038461538461537 0.171875
390000 1.8653846153846154 0.15625
392000 1.8653846153846154 0.234375
394000 1.8653846153846154 0.296875
396000 1.8076923076923077 0.140625
398000 1.8461538461538463 0.140625
400000 1.8269230769230769 0.15625
402000 1.8846153846153846 0.15625
404000 1.8653846153846154 0.265625
406000 1.8076923076923077 0.171875
408000 1.8461538461538463 0.21875
410000 1.8846153846153846 0.1875
412000 1.8076923076923077 0.171875
414000 1.8461538461538463 0.28125
416000 1.8653846153846154 0.140625
418000 1.8269230769230769 0.1875
420000 1.7884615384615385 0.1875
422000 1.8076923076923077 0.15625
424000 1.9230769230769231 0.21875
426000 1.75 0.3125
428000 1.8653846153846154 0.203125
430000 1.8846153846153846 0.15625
432000 1.8846153846153846 0.15625
434000 1.7884615384615385 0.171875
436000 1.8269230769230769 0.25
438000 1.75 0.265625
440000 1.7692307692307692 0.15625
442000 1.7884615384615385 0.15625
444000 1.8653846153846154 0.15625
446000 1.8269230769230769 0.234375
448000 1.8653846153846154 0.203125
450000 1.8846153846153846 0.1875
452000 1.8653846153846154 0.15625
454000 1.9038461538461537 0.203125
456000 1.9038461538461537 0.1875
458000 1.9807692307692308 0.28125
460000 1.9038461538461537 0.109375
462000 1.8846153846153846 0.203125
464000 1.8846153846153846 0.171875
466000 1.8461538461538463 0.203125
468000 1.8461538461538463 0.296875
470000 1.8269230769230769 0.140625
472000 1.8269230769230769 0.140625
474000 1.8269230769230769 0.171875
476000 1.8269230769230769 0.171875
478000 1.8653846153846154 0.25
480000 1.8269230769230769 0.140625
482000 1.8269230769230769 0.09375
484000 1.7884615384615385 0.1875
486000 1.8653846153846154 0.15625
488000 1.8846153846153846 0.21875
490000 1.8846153846153846 0.234375
492000 1.8846153846153846 0.1875
494000 1.8846153846153846 0.171875
496000 1.8653846153846154 0.140625
498000 1.8846153846153846 0.21875
500000 1.8461538461538463 0.25
