2000 0.5769230769230769 0.390625
4000 0.6538461538461539 0.375
6000 0.7115384615384616 0.34375
8000 0.75 0.359375
10000 1.0384615384615385 0.59375
12000 1.1346153846153846 0.4375
14000 1.1153846153846154 0.390625
16000 1.5769230769230769 0.359375
18000 1.6346153846153846 0.421875
20000 1.6346153846153846 0.375
22000 1.6346153846153846 0.390625
24000 1.6346153846153846 0.40625
26000 1.6346153846153846 0.40625
28000 1.6923076923076923 0.375
30000 1.6346153846153846 0.328125
32000 1.6923076923076923 0.5
34000 1.75 0.328125
36000 1.7884615384615385 0.328125
38000 1.7884615384615385 0.34375
40000 1.75 0.390625
42000 1.7307692307692308 0.53125
44000 1.7884615384615385 0.375
46000 1.7884615384615385 0.4375
48000 1.9423076923076923 0.34375
50000 1.7692307692307692 0.359375
52000 1.9423076923076923 0.46875
54000 1.9615384615384615 0.34375
56000 1.7884615384615385 0.328125
58000 1.7307692307692308 0.34375
60000 1.9230769230769231 0.625
62000 1.8269230769230769 0.515625
64000 1.8461538461538463 0.578125
66000 1.8076923076923077 0.53125
68000 1.7115384615384615 0.5625
70000 1.5192307692307692 0.5625
72000 1.6538461538461537 0.59375
74000 1.9423076923076923 0.546875
76000 1.75 0.5
78000 1.7115384615384615 0.4375
80000 1.9423076923076923 0.359375
82000 1.75 0.34375
84000 1.75 0.453125
86000 1.6730769230769231 0.375
88000 1.6538461538461537 0.375
90000 1.9230769230769231 0.46875
92000 1.7115384615384615 0.34375
94000 1.7692307692307692 0.375
96000 1.7307692307692308 0.34375
98000 1.75 0.359375
100000 1.7692307692307692 0.40625
102000 1.7307692307692308 0.359375
104000 1.5192307692307692 0.375
106000 1.6153846153846154 0.5
108000 1.5769230769230769 0.390625
110000 1.4230769230769231 0.53125
112000 1.4423076923076923 0.40625
114000 1.6153846153846154 0.328125
116000 1.7307692307692308 0.421875
118000 1.5576923076923077 0.375
120000 1.5576923076923077 0.375
122000 1.5961538461538463 0.46875
124000 1.4423076923076923 0.390625
126000 1.4230769230769231 0.421875
128000 1.5961538461538463 0.34375
130000 1.7115384615384615 0.46875
132000 1.6153846153846154 0.390625
134000 1.4807692307692308 0.421875
136000 1.5384615384615385 0.421875
138000 1.75 0.453125
140000 1.6538461538461537 0.34375
142000 1.6730769230769231 0.421875
144000 1.6346153846153846 0.375
146000 1.5384615384615385 0.375
148000 1.7884615384615385 0.453125
150000 1.8269230769230769 0.375
152000 1.75 0.34375
154000 1.75 0.359375
156000 1.8269230769230769 0.515625
158000 1.7692307692307692 0.375
160000 1.75 0.375
162000 1.7307692307692308 0.375
164000 1.8846153846153846 0.359375
166000 1.7692307692307692 0.484375
168000 1.8846153846153846 0.40625
170000 1.7307692307692308 0.53125
172000 1.6538461538461537 0.421875
174000 1.7884615384615385 0.359375
176000 1.7692307692307692 0.375
178000 1.5192307692307692 0.390625
180000 1.7692307692307692 0.390625
182000 1.5 0.4375
184000 1.7115384615384615 0.390625
186000 1.5961538461538463 0.375
188000 1.5769230769230769 0.53125
190000 1.7884615384615385 0.390625
192000 1.75 0.359375
194000 1.8653846153846154 0.359375
196000 1.6923076923076923 0.359375
198000 1.8846153846153846 0.328125
200000 1.7692307692307692 0.359375
202000 1.7115384615384615 0.640625
204000 1.6153846153846154 0.375
206000 1.6346153846153846 0.34375
208000 1.7307692307692308 0.5
210000 1.7115384615384615 0.34375
212000 1.6346153846153846 0.375
214000 1.8846153846153846 0.46875
216000 1.8653846153846154 0.390625
218000 1.8461538461538463 0.4375
220000 1.9038461538461537 0.359375
222000 1.8653846153846154 0.3125
224000 1.7692307692307692 0.375
226000 1.8653846153846154 0.390625
228000 2.0961538461538463 0.46875
230000 1.7115384615384615 0.421875
232000 1.7115384615384615 0.40625
234000 1.8461538461538463 0.609375
236000 1.7884615384615385 0.359375
238000 1.8846153846153846 0.421875
240000 1.8846153846153846 0.53125
242000 1.9038461538461537 0.34375
244000 1.9423076923076923 0.421875
246000 1.8461538461538463 0.375
248000 1.8269230769230769 0.453125
250000 2.1346153846153846 0.390625
252000 1.8846153846153846 0.40625
254000 1.9807692307692308 0.390625
256000 1.8846153846153846 0.375
258000 2.019230769230769 0.375
260000 1.9230769230769231 0.53125
262000 1.8653846153846154 0.359375
264000 1.9230769230769231 0.359375
266000 1.8846153846153846 0.515625
268000 2.019230769230769 0.328125
270000 2.0576923076923075 0.375
272000 2.0 0.390625
274000 2.019230769230769 0.390625
276000 2.019230769230769 0.46875
278000 2.0 0.375
280000 2.0384615384615383 0.484375
282000 2.0384615384615383 0.359375
284000 1.9615384615384615 0.390625
286000 2.019230769230769 0.390625
288000 2.0384615384615383 0.421875
290000 1.9615384615384615 0.421875
292000 2.0961538461538463 0.4375
294000 2.173076923076923 0.375
296000 1.75 0.359375
298000 1.7692307692307692 0.5625
300000 1.9038461538461537 0.390625
302000 2.076923076923077 0.390625
304000 1.9615384615384615 0.375
306000 1.9615384615384615 0.390625
308000 1.9230769230769231 0.421875
310000 1.9615384615384615 0.40625
312000 1.9038461538461537 0.359375
314000 1.8846153846153846 0.390625
316000 2.076923076923077 0.375
318000 2.019230769230769 0.515625
320000 1.9423076923076923 0.421875
322000 1.9807692307692308 0.359375
324000 2.0 0.34375
326000 1.9615384615384615 0.328125
328000 1.9615384615384615 0.375
330000 1.9423076923076923 0.484375
332000 1.9615384615384615 0.609375
334000 1.9423076923076923 0.453125
336000 1.8653846153846154 0.359375
338000 1.75 0.421875
340000 1.9230769230769231 0.390625
342000 1.9230769230769231 0.390625
344000 1.9615384615384615 0.390625
346000 1.9615384615384615 0.359375
348000 2.019230769230769 0.40625
350000 1.9423076923076923 0.375
352000 1.8269230769230769 0.375
354000 1.6923076923076923 0.359375
356000 1.9423076923076923 0.421875
358000 1.9038461538461537 0.421875
360000 1.8846153846153846 0.34375
362000 1.9423076923076923 0.484375
364000 1.8846153846153846 0.4375
366000 2.0384615384615383 0.421875
368000 1.9615384615384615 0.359375
370000 1.9615384615384615 0.3125
372000 1.9615384615384615 0.390625
374000 2.0 0.4375
376000 2.0 0.40625
378000 2.0 0.5
380000 1.9230769230769231 0.453125
382000 1.9423076923076923 0.515625
384000 2.019230769230769 0.390625
386000 1.9807692307692308 0.453125
388000 1.9807692307692308 0.515625
390000 2.0 0.421875
392000 2.0 0.515625
394000 2.019230769230769 0.625
396000 2.0 0.5
398000 2.019230769230769 0.6875
400000 2.0 0.59375
402000 1.9807692307692308 0.609375
404000 2.019230769230769 0.640625
406000 2.019230769230769 0.375
408000 2.019230769230769 0.328125
410000 1.9423076923076923 0.46875
412000 1.9807692307692308 0.375
414000 1.9615384615384615 0.453125
416000 1.9423076923076923 0.515625
418000 1.9038461538461537 0.46875
420000 1.9615384615384615 0.40625
422000 1.9230769230769231 0.40625
424000 1.8269230769230769 0.375
426000 1.8461538461538463 0.5
428000 1.8461538461538463 0.40625
430000 1.8461538461538463 0.578125
432000 1.8461538461538463 0.46875
434000 1.8461538461538463 0.421875
436000 1.9230769230769231 0.484375
438000 1.8653846153846154 0.375
440000 1.8461538461538463 0.34375
442000 1.9230769230769231 0.390625
444000 1.9038461538461537 0.703125
446000 1.9038461538461537 0.40625
448000 1.9423076923076923 0.359375
450000 1.8846153846153846 0.5
452000 1.9230769230769231 0.4375
454000 1.8846153846153846 0.4375
456000 1.8846153846153846 0.40625
458000 1.8653846153846154 0.46875
460000 1.8653846153846154 0.375
462000 1.9038461538461537 0.390625
464000 1.9038461538461537 0.46875
466000 1.8653846153846154 0.5625
468000 1.8846153846153846 0.515625
470000 1.9423076923076923 0.34375
472000 1.9423076923076923 0.46875
474000 1.9038461538461537 0.546875
476000 1.9423076923076923 0.5
478000 1.9423076923076923 0.4375
480000 1.9230769230769231 0.46875
482000 1.9615384615384615 0.4375
484000 1.9038461538461537 0.515625
486000 1.9038461538461537 0.4375
488000 1.9038461538461537 0.421875
490000 1.9230769230769231 0.5
492000 1.9423076923076923 0.359375
494000 1.9038461538461537 0.515625
496000 1.9038461538461537 0.421875
498000 1.9038461538461537 0.390625
500000 1.9423076923076923 0.59375
