2000 0.3076923076923077 0.109375
4000 0.28846153846153844 0.109375
6000 0.3269230769230769 0.09375
8000 0.7307692307692307 0.15625
10000 0.5 0.203125
12000 0.7115384615384616 0.109375
14000 0.9615384615384616 0.109375
16000 1.0192307692307692 0.109375
18000 0.8653846153846154 0.1875
20000 0.8846153846153846 0.28125
22000 0.8076923076923077 0.125
24000 1.0576923076923077 0.140625
26000 1.4423076923076923 0.140625
28000 1.6538461538461537 0.125
30000 1.6538461538461537 0.265625
32000 1.6538461538461537 0.109375
34000 1.6730769230769231 0.125
36000 1.6538461538461537 0.109375
38000 1.6730769230769231 0.125
40000 1.7115384615384615 0.21875
42000 1.6730769230769231 0.25
44000 1.6730769230769231 0.125
46000 1.7115384615384615 0.125
48000 1.6730769230769231 0.109375
50000 1.6730769230769231 0.171875
52000 1.6730769230769231 0.28125
54000 1.6730769230769231 0.125
56000 1.7115384615384615 0.125
58000 1.6730769230769231 0.109375
60000 1.7115384615384615 0.171875
62000 1.6923076923076923 0.21875
64000 1.5576923076923077 0.15625
66000 1.6730769230769231 0.109375
68000 1.6730769230769231 0.125
70000 1.6730769230769231 0.171875
72000 1.6923076923076923 0.171875
74000 1.7115384615384615 0.265625
76000 1.6730769230769231 0.15625
78000 1.6923076923076923 0.171875
80000 1.7115384615384615 0.109375
82000 1.7115384615384615 0.1875
84000 1.7115384615384615 0.25
86000 1.7115384615384615 0.125
88000 1.7115384615384615 0.140625
90000 1.7115384615384615 0.125
92000 1.7115384615384615 0.1875
94000 1.7115384615384615 0.25
96000 1.7307692307692308 0.140625
98000 1.7307692307692308 0.125
100000 1.7307692307692308 0.109375
102000 1.7115384615384615 0.125
104000 1.6923076923076923 0.203125
106000 1.6923076923076923 0.28125
108000 1.6923076923076923 0.125
110000 1.7115384615384615 0.171875
112000 1.7115384615384615 0.125
114000 1.6923076923076923 0.171875
116000 1.6923076923076923 0.203125
118000 1.6538461538461537 0.109375
120000 1.6730769230769231 0.109375
122000 1.6923076923076923 0.109375
124000 1.7692307692307692 0.140625
126000 1.75 0.234375
128000 1.7692307692307692 0.109375
130000 1.7115384615384615 0.140625
132000 1.7692307692307692 0.09375
134000 1.7692307692307692 0.125
136000 1.7692307692307692 0.21875
138000 1.7115384615384615 0.25
140000 1.75 0.109375
142000 1.7692307692307692 0.109375
144000 1.7115384615384615 0.109375
146000 1.7115384615384615 0.1875
148000 1.75 0.25
150000 1.6923076923076923 0.140625
152000 1.7307692307692308 0.125
154000 1.8653846153846154 0.109375
156000 1.6538461538461537 0.140625
158000 1.7115384615384615 0.25
160000 1.75 0.171875
162000 1.75 0.15625
164000 1.7115384615384615 0.1875
166000 1.75 0.1875
168000 1.7692307692307692 0.21875
170000 1.7692307692307692 0.171875
172000 1.8846153846153846 0.15625
174000 1.75 0.125
176000 1.8269230769230769 0.109375
178000 1.9230769230769231 0.1875
180000 1.8846153846153846 0.25
182000 1.9038461538461537 0.125
184000 1.8846153846153846 0.125
186000 1.9038461538461537 0.140625
188000 1.9038461538461537 0.1875
190000 1.8846153846153846 0.234375
192000 1.8653846153846154 0.125
194000 1.9038461538461537 0.109375
196000 1.8269230769230769 0.109375
198000 1.9423076923076923 0.109375
200000 1.8653846153846154 0.21875
202000 1.8076923076923077 0.28125
204000 1.4423076923076923 0.140625
206000 1.8076923076923077 0.140625
208000 1.8461538461538463 0.140625
210000 1.9038461538461537 0.140625
212000 1.9423076923076923 0.28125
214000 1.9230769230769231 0.109375
216000 1.9423076923076923 0.125
218000 1.9423076923076923 0.140625
220000 1.8461538461538463 0.140625
222000 1.9615384615384615 0.234375
224000 1.9038461538461537 0.125
226000 1.9038461538461537 0.125
228000 1.8269230769230769 0.171875
230000 1.9038461538461537 0.1875
232000 1.7692307692307692 0.140625
234000 1.9230769230769231 0.3125
236000 1.8461538461538463 0.109375
238000 1.9423076923076923 0.109375
240000 1.9038461538461537 0.109375
242000 1.7115384615384615 0.171875
244000 1.8461538461538463 0.25
246000 1.9423076923076923 0.125
248000 1.8653846153846154 0.125
250000 1.9423076923076923 0.140625
252000 1.9038461538461537 0.125
254000 1.8269230769230769 0.1875
256000 1.9423076923076923 0.109375
258000 1.6923076923076923 0.109375
260000 1.8461538461538463 0.140625
262000 1.6153846153846154 0.109375
264000 1.7692307692307692 0.203125
266000 1.8653846153846154 0.265625
268000 1.6923076923076923 0.109375
270000 1.6923076923076923 0.140625
272000 1.8076923076923077 0.1875
274000 1.8269230769230769 0.203125
276000 1.8461538461538463 0.25
278000 1.6923076923076923 0.15625
280000 1.6923076923076923 0.140625
282000 1.7692307692307692 0.125
284000 1.5961538461538463 0.125
286000 1.6538461538461537 0.234375
288000 1.7692307692307692 0.140625
290000 1.7884615384615385 0.140625
292000 1.6730769230769231 0.125
294000 1.8076923076923077 0.109375
296000 1.8846153846153846 0.203125
298000 1.6923076923076923 0.28125
300000 1.9038461538461537 0.125
302000 1.7115384615384615 0.140625
304000 1.7692307692307692 0.140625
306000 1.6730769230769231 0.171875
308000 1.8076923076923077 0.28125
310000 1.8846153846153846 0.125
312000 1.9038461538461537 0.140625
314000 1.9038461538461537 0.125
316000 1.8846153846153846 0.140625
318000 1.8269230769230769 0.1875
320000 1.8846153846153846 0.140625
322000 1.75 0.15625
324000 1.8269230769230769 0.140625
326000 1.9038461538461537 0.203125
328000 1.8846153846153846 0.1875
330000 1.9038461538461537 0.203125
332000 1.8846153846153846 0.125
334000 1.8461538461538463 0.125
336000 1.8076923076923077 0.125
338000 1.8846153846153846 0.15625
340000 1.8653846153846154 0.28125
342000 1.8461538461538463 0.140625
344000 1.9038461538461537 0.140625
346000 1.8846153846153846 0.15625
348000 1.8846153846153846 0.171875
350000 1.9230769230769231 0.21875
352000 1.8461538461538463 0.1875
354000 1.8846153846153846 0.125
356000 1.8653846153846154 0.125
358000 1.8653846153846154 0.125
360000 1.8846153846153846 0.203125
362000 1.9038461538461537 0.265625
364000 1.8653846153846154 0.109375
366000 1.8653846153846154 0.109375
368000 1.8846153846153846 0.140625
370000 1.8846153846153846 0.171875
372000 1.8653846153846154 0.25
374000 1.8461538461538463 0.125
376000 1.7884615384615385 0.125
378000 1.7307692307692308 0.15625
380000 1.8076923076923077 0.140625
382000 1.8653846153846154 0.1875
384000 1.8653846153846154 0.171875
386000 1.7692307692307692 0.140625
388000 1.8461538461538463 0.125
390000 1.7884615384615385 0.109375
392000 1.8269230769230769 0.203125
394000 1.8461538461538463 0.3125
396000 1.8076923076923077 0.140625
398000 1.8076923076923077 0.125
400000 1.9038461538461537 0.125
402000 1.8269230769230769 0.1875
404000 1.8653846153846154 0.28125
406000 1.9423076923076923 0.140625
408000 1.8461538461538463 0.203125
410000 1.8653846153846154 0.125
412000 1.9038461538461537 0.15625
414000 1.9423076923076923 0.203125
416000 1.9038461538461537 0.140625
418000 1.9038461538461537 0.15625
420000 1.9038461538461537 0.1875
422000 1.9038461538461537 0.15625
424000 1.9038461538461537 0.1875
426000 1.9038461538461537 0.3125
428000 1.9230769230769231 0.15625
430000 1.9038461538461537 0.15625
432000 1.9038461538461537 0.15625
434000 1.8461538461538463 0.15625
436000 1.8461538461538463 0.265625
438000 1.8461538461538463 0.15625
440000 1.8461538461538463 0.171875
442000 1.8461538461538463 0.265625
444000 1.8461538461538463 0.203125
446000 1.8653846153846154 0.234375
448000 1.8461538461538463 0.171875
450000 1.8461538461538463 0.171875
452000 1.9038461538461537 0.140625
454000 1.8653846153846154 0.15625
456000 1.9038461538461537 0.15625
458000 1.9038461538461537 0.1875
460000 1.9038461538461537 0.125
462000 1.9038461538461537 0.15625
464000 1.9038461538461537 0.203125
466000 1.9038461538461537 0.203125
468000 1.9038461538461537 0.265625
470000 1.9038461538461537 0.140625
472000 1.9038461538461537 0.078125
474000 1.8653846153846154 0.09375
476000 1.8653846153846154 0.203125
478000 1.8461538461538463 0.21875
480000 1.8653846153846154 0.09375
482000 1.9038461538461537 0.09375
484000 1.8653846153846154 0.0625
486000 1.8461538461538463 0.140625
488000 1.8076923076923077 0.171875
490000 1.8653846153846154 0.234375
492000 1.8461538461538463 0.140625
494000 1.8653846153846154 0.078125
496000 1.8653846153846154 0.109375
498000 1.8653846153846154 0.1875
500000 1.8653846153846154 0.1875
