2000 0.40384615384615385 0.21875
4000 0.21153846153846154 0.265625
6000 0.2692307692307692 0.328125
8000 0.40384615384615385 0.46875
10000 0.5576923076923077 0.515625
12000 0.7115384615384616 0.28125
14000 0.7115384615384616 0.359375
16000 0.5384615384615384 0.34375
18000 1.1153846153846154 0.375
20000 1.5769230769230769 0.515625
22000 1.6346153846153846 0.296875
24000 1.6346153846153846 0.375
26000 1.6923076923076923 0.40625
28000 1.6346153846153846 0.390625
30000 1.6538461538461537 0.359375
32000 1.6923076923076923 0.328125
34000 1.6923076923076923 0.296875
36000 1.6923076923076923 0.3125
38000 1.6923076923076923 0.34375
40000 1.6923076923076923 0.421875
42000 1.6923076923076923 0.5
44000 1.7115384615384615 0.296875
46000 1.6923076923076923 0.4375
48000 1.6923076923076923 0.34375
50000 1.7115384615384615 0.34375
52000 1.7115384615384615 0.328125
54000 1.7115384615384615 0.359375
56000 1.6538461538461537 0.328125
58000 1.7115384615384615 0.328125
60000 1.7115384615384615 0.34375
62000 1.7307692307692308 0.34375
64000 1.7115384615384615 0.296875
66000 1.6730769230769231 0.296875
68000 1.6730769230769231 0.28125
70000 1.7115384615384615 0.3125
72000 1.6730769230769231 0.3125
74000 1.7115384615384615 0.4375
76000 1.7307692307692308 0.359375
78000 1.7307692307692308 0.359375
80000 1.7115384615384615 0.359375
82000 1.6730769230769231 0.328125
84000 1.7115384615384615 0.359375
86000 1.7115384615384615 0.296875
88000 1.7115384615384615 0.328125
90000 1.7307692307692308 0.359375
92000 1.7115384615384615 0.296875
94000 1.7307692307692308 0.296875
96000 1.75 0.28125
98000 1.7115384615384615 0.296875
100000 1.75 0.328125
102000 1.7307692307692308 0.296875
104000 1.7115384615384615 0.3125
106000 1.7307692307692308 0.484375
108000 1.7307692307692308 0.296875
110000 1.7307692307692308 0.296875
112000 1.7307692307692308 0.3125
114000 1.7307692307692308 0.359375
116000 1.7115384615384615 0.390625
118000 1.7115384615384615 0.296875
120000 1.7115384615384615 0.3125
122000 1.7115384615384615 0.3125
124000 1.7115384615384615 0.296875
126000 1.7115384615384615 0.375
128000 1.7115384615384615 0.359375
130000 1.7307692307692308 0.328125
132000 1.7115384615384615 0.3125
134000 1.7307692307692308 0.296875
136000 1.7115384615384615 0.296875
138000 1.7307692307692308 0.4375
140000 1.7307692307692308 0.28125
142000 1.7115384615384615 0.328125
144000 1.7307692307692308 0.296875
146000 1.7115384615384615 0.40625
148000 1.6923076923076923 0.40625
150000 1.7115384615384615 0.359375
152000 1.7115384615384615 0.375
154000 1.7115384615384615 0.359375
156000 1.7115384615384615 0.328125
158000 1.7115384615384615 0.34375
160000 1.7115384615384615 0.359375
162000 1.7115384615384615 0.3125
164000 1.7115384615384615 0.328125
166000 1.7307692307692308 0.328125
168000 1.7115384615384615 0.296875
170000 1.6346153846153846 0.4375
172000 1.7307692307692308 0.421875
174000 1.7115384615384615 0.421875
176000 1.7307692307692308 0.3125
178000 1.7115384615384615 0.3125
180000 1.7115384615384615 0.40625
182000 1.7115384615384615 0.3125
184000 1.7115384615384615 0.296875
186000 1.7307692307692308 0.296875
188000 1.7115384615384615 0.265625
190000 1.7115384615384615 0.34375
192000 1.6923076923076923 0.3125
194000 1.7115384615384615 0.3125
196000 1.7115384615384615 0.296875
198000 1.7115384615384615 0.28125
200000 1.7307692307692308 0.328125
202000 1.7307692307692308 0.46875
204000 1.7115384615384615 0.3125
206000 1.7115384615384615 0.359375
208000 1.7115384615384615 0.34375
210000 1.7115384615384615 0.328125
212000 1.7115384615384615 0.40625
214000 1.7115384615384615 0.3125
216000 1.7115384615384615 0.515625
218000 1.7115384615384615 0.328125
220000 1.7307692307692308 0.3125
222000 1.7115384615384615 0.328125
224000 1.7115384615384615 0.328125
226000 1.7115384615384615 0.359375
228000 1.7115384615384615 0.328125
230000 1.7307692307692308 0.359375
232000 1.7307692307692308 0.359375
234000 1.6923076923076923 0.484375
236000 1.7307692307692308 0.328125
238000 1.6538461538461537 0.28125
240000 1.7115384615384615 0.328125
242000 1.7115384615384615 0.328125
244000 1.7115384615384615 0.4375
246000 1.7115384615384615 0.296875
248000 1.7115384615384615 0.34375
250000 1.6923076923076923 0.328125
252000 1.7307692307692308 0.3125
254000 1.7307692307692308 0.296875
256000 1.8076923076923077 0.34375
258000 1.7307692307692308 0.375
260000 1.8076923076923077 0.359375
262000 1.7307692307692308 0.3125
264000 1.75 0.328125
266000 1.7115384615384615 0.484375
268000 1.7115384615384615 0.3125
270000 1.7115384615384615 0.3125
272000 1.7115384615384615 0.4375
274000 1.7115384615384615 0.34375
276000 1.6538461538461537 0.375
278000 1.7115384615384615 0.296875
280000 1.75 0.328125
282000 1.7307692307692308 0.328125
284000 1.7307692307692308 0.34375
286000 1.75 0.375
288000 1.7307692307692308 0.328125
290000 1.7307692307692308 0.296875
292000 1.7307692307692308 0.3125
294000 1.7307692307692308 0.328125
296000 1.75 0.328125
298000 1.7115384615384615 0.453125
300000 1.75 0.3125
302000 1.8076923076923077 0.34375
304000 1.7115384615384615 0.328125
306000 1.7307692307692308 0.328125
308000 1.7307692307692308 0.59375
310000 1.7307692307692308 0.34375
312000 1.7115384615384615 0.328125
314000 1.75 0.296875
316000 1.8269230769230769 0.34375
318000 1.7884615384615385 0.34375
320000 1.7115384615384615 0.40625
322000 1.75 0.328125
324000 1.7307692307692308 0.390625
326000 1.7307692307692308 0.421875
328000 1.7307692307692308 0.328125
330000 1.7307692307692308 0.5
332000 1.7307692307692308 0.3125
334000 1.8076923076923077 0.375
336000 1.7307692307692308 0.40625
338000 1.7692307692307692 0.3125
340000 1.7307692307692308 0.40625
342000 1.7884615384615385 0.3125
344000 1.7115384615384615 0.4375
346000 1.8076923076923077 0.375
348000 1.8461538461538463 0.484375
350000 1.8461538461538463 0.46875
352000 1.7884615384615385 0.4375
354000 1.7884615384615385 0.34375
356000 1.7115384615384615 0.328125
358000 1.7307692307692308 0.3125
360000 1.75 0.34375
362000 1.8269230769230769 0.390625
364000 1.7692307692307692 0.40625
366000 1.7884615384615385 0.3125
368000 1.8461538461538463 0.34375
370000 1.8269230769230769 0.4375
372000 1.8461538461538463 0.40625
374000 1.8269230769230769 0.359375
376000 1.7692307692307692 0.3125
378000 1.8076923076923077 0.46875
380000 1.8461538461538463 0.390625
382000 1.7884615384615385 0.46875
384000 1.7884615384615385 0.34375
386000 1.8269230769230769 0.3125
388000 1.75 0.421875
390000 1.8076923076923077 0.296875
392000 1.8461538461538463 0.3125
394000 1.8461538461538463 0.546875
396000 1.8653846153846154 0.3125
398000 1.8076923076923077 0.46875
400000 1.8653846153846154 0.296875
402000 1.75 0.3125
404000 1.75 0.46875
406000 1.7884615384615385 0.328125
408000 1.9038461538461537 0.453125
410000 1.8653846153846154 0.328125
412000 1.8461538461538463 0.328125
414000 1.8461538461538463 0.375
416000 1.7115384615384615 0.328125
418000 1.8846153846153846 0.359375
420000 1.9038461538461537 0.3125
422000 1.9230769230769231 0.421875
424000 1.8269230769230769 0.421875
426000 1.8269230769230769 0.46875
428000 1.8846153846153846 0.453125
430000 1.8653846153846154 0.4375
432000 1.8076923076923077 0.359375
434000 1.7307692307692308 0.515625
436000 1.75 0.390625
438000 1.7307692307692308 0.34375
440000 1.8269230769230769 0.375
442000 1.8076923076923077 0.328125
444000 1.7884615384615385 0.28125
446000 1.8269230769230769 0.40625
448000 1.8269230769230769 0.421875
450000 1.9230769230769231 0.515625
452000 1.8461538461538463 0.453125
454000 1.9038461538461537 0.390625
456000 1.7692307692307692 0.484375
458000 1.9038461538461537 0.578125
460000 1.9038461538461537 0.484375
462000 1.8653846153846154 0.375
464000 1.8846153846153846 0.359375
466000 1.8846153846153846 0.3125
468000 1.8846153846153846 0.375
470000 1.9038461538461537 0.390625
472000 1.9038461538461537 0.328125
474000 1.8461538461538463 0.359375
476000 1.8846153846153846 0.3125
478000 1.8846153846153846 0.484375
480000 1.8461538461538463 0.3125
482000 1.8846153846153846 0.390625
484000 1.8269230769230769 0.390625
486000 1.9230769230769231 0.390625
488000 1.8653846153846154 0.46875
490000 1.9230769230769231 0.515625
492000 1.9038461538461537 0.40625
494000 1.9038461538461537 0.515625
496000 1.9038461538461537 0.375
498000 1.9038461538461537 0.40625
500000 1.8653846153846154 0.4375
