2000 1.1346153846153846 0.078125
4000 1.1153846153846154 0.078125
6000 1.2692307692307692 0.15625
8000 1.3461538461538463 0.203125
10000 1.6346153846153846 0.1875
12000 1.7692307692307692 0.078125
14000 1.7692307692307692 0.0625
16000 1.7692307692307692 0.15625
18000 1.7692307692307692 0.1875
20000 1.7692307692307692 0.15625
22000 1.7692307692307692 0.09375
24000 1.7692307692307692 0.0625
26000 1.7884615384615385 0.078125
28000 1.8653846153846154 0.15625
30000 1.8269230769230769 0.171875
32000 1.7692307692307692 0.078125
34000 1.7692307692307692 0.09375
36000 1.7884615384615385 0.078125
38000 1.7307692307692308 0.109375
40000 1.7115384615384615 0.1875
42000 1.9038461538461537 0.1875
44000 1.8653846153846154 0.078125
46000 1.8076923076923077 0.078125
48000 1.7884615384615385 0.125
50000 1.8461538461538463 0.1875
52000 1.8269230769230769 0.1875
54000 1.8653846153846154 0.09375
56000 1.7884615384615385 0.09375
58000 1.8653846153846154 0.078125
60000 1.75 0.140625
62000 1.75 0.171875
64000 1.8461538461538463 0.09375
66000 1.8653846153846154 0.078125
68000 1.8269230769230769 0.078125
70000 1.8653846153846154 0.140625
72000 1.8269230769230769 0.15625
74000 1.9038461538461537 0.171875
76000 1.6923076923076923 0.078125
78000 1.6923076923076923 0.09375
80000 1.6923076923076923 0.09375
82000 1.6346153846153846 0.15625
84000 1.6923076923076923 0.1875
86000 1.6923076923076923 0.09375
88000 1.8461538461538463 0.078125
90000 1.8846153846153846 0.078125
92000 1.8461538461538463 0.15625
94000 1.8653846153846154 0.1875
96000 1.8653846153846154 0.09375
98000 1.8461538461538463 0.078125
100000 1.8653846153846154 0.09375
102000 1.9038461538461537 0.140625
104000 1.8076923076923077 0.1875
106000 1.8461538461538463 0.28125
108000 1.8269230769230769 0.0625
110000 1.8269230769230769 0.125
112000 1.8269230769230769 0.09375
114000 1.7307692307692308 0.203125
116000 1.75 0.21875
118000 1.6538461538461537 0.078125
120000 1.7692307692307692 0.078125
122000 1.8461538461538463 0.140625
124000 1.8653846153846154 0.15625
126000 1.8076923076923077 0.140625
128000 1.7692307692307692 0.078125
130000 1.8846153846153846 0.09375
132000 1.8269230769230769 0.09375
134000 1.8846153846153846 0.140625
136000 1.7884615384615385 0.203125
138000 1.75 0.171875
140000 1.8269230769230769 0.109375
142000 1.7307692307692308 0.09375
144000 1.7115384615384615 0.09375
146000 1.7884615384615385 0.203125
148000 1.7884615384615385 0.1875
150000 1.7884615384615385 0.09375
152000 1.8846153846153846 0.09375
154000 1.8269230769230769 0.078125
156000 1.8461538461538463 0.1875
158000 1.75 0.1875
160000 1.6730769230769231 0.109375
162000 1.7884615384615385 0.125
164000 1.7115384615384615 0.078125
166000 1.7884615384615385 0.15625
168000 1.7115384615384615 0.15625
170000 1.7115384615384615 0.1875
172000 1.7307692307692308 0.09375
174000 1.7884615384615385 0.109375
176000 1.7307692307692308 0.09375
178000 1.8076923076923077 0.203125
180000 1.7884615384615385 0.203125
182000 1.6923076923076923 0.078125
184000 1.6346153846153846 0.078125
186000 1.7884615384615385 0.125
188000 1.7884615384615385 0.15625
190000 1.75 0.1875
192000 1.6730769230769231 0.0625
194000 1.7692307692307692 0.109375
196000 1.8076923076923077 0.078125
198000 1.7307692307692308 0.140625
200000 1.6730769230769231 0.1875
202000 1.6538461538461537 0.21875
204000 1.75 0.078125
206000 1.6730769230769231 0.078125
208000 1.6923076923076923 0.109375
210000 1.8846153846153846 0.140625
212000 1.8653846153846154 0.234375
214000 1.7692307692307692 0.078125
216000 1.8269230769230769 0.078125
218000 1.9038461538461537 0.078125
220000 1.7692307692307692 0.1875
222000 1.9038461538461537 0.1875
224000 1.9423076923076923 0.078125
226000 1.9230769230769231 0.078125
228000 1.8461538461538463 0.21875
230000 1.8461538461538463 0.140625
232000 1.8076923076923077 0.203125
234000 1.6923076923076923 0.34375
236000 1.75 0.125
238000 1.5769230769230769 0.125
240000 1.6153846153846154 0.171875
242000 1.5961538461538463 0.171875
244000 1.5769230769230769 0.265625
246000 1.7884615384615385 0.140625
248000 1.75 0.140625
250000 1.8269230769230769 0.109375
252000 1.8076923076923077 0.109375
254000 1.7884615384615385 0.15625
256000 1.8653846153846154 0.1875
258000 1.7692307692307692 0.125
260000 1.6153846153846154 0.078125
262000 1.5384615384615385 0.15625
264000 1.6923076923076923 0.1875
266000 1.5961538461538463 0.265625
268000 1.6923076923076923 0.078125
270000 1.6730769230769231 0.09375
272000 1.7115384615384615 0.125
274000 1.8461538461538463 0.203125
276000 1.7884615384615385 0.171875
278000 1.9615384615384615 0.078125
280000 1.8653846153846154 0.078125
282000 1.9615384615384615 0.140625
284000 1.9423076923076923 0.171875
286000 1.9230769230769231 0.21875
288000 1.8461538461538463 0.078125
290000 1.8269230769230769 0.078125
292000 1.8653846153846154 0.09375
294000 1.9230769230769231 0.15625
296000 1.7884615384615385 0.203125
298000 1.6730769230769231 0.1875
300000 1.8461538461538463 0.078125
302000 1.8461538461538463 0.09375
304000 1.6923076923076923 0.078125
306000 1.75 0.1875
308000 1.8846153846153846 0.1875
310000 1.8653846153846154 0.09375
312000 1.8846153846153846 0.078125
314000 1.75 0.125
316000 1.8653846153846154 0.171875
318000 1.8076923076923077 0.203125
320000 1.9230769230769231 0.078125
322000 1.8076923076923077 0.078125
324000 1.7884615384615385 0.078125
326000 1.8653846153846154 0.140625
328000 1.8846153846153846 0.1875
330000 1.9423076923076923 0.21875
332000 1.9230769230769231 0.0625
334000 1.8269230769230769 0.09375
336000 1.8653846153846154 0.09375
338000 1.9038461538461537 0.171875
340000 1.9423076923076923 0.203125
342000 1.8076923076923077 0.078125
344000 1.8076923076923077 0.078125
346000 1.8846153846153846 0.078125
348000 1.75 0.15625
350000 1.6346153846153846 0.21875
352000 1.75 0.125
354000 1.75 0.125
356000 1.8846153846153846 0.09375
358000 1.8653846153846154 0.15625
360000 1.8846153846153846 0.15625
362000 1.9615384615384615 0.21875
364000 1.9615384615384615 0.078125
366000 1.9423076923076923 0.09375
368000 1.9423076923076923 0.125
370000 1.8461538461538463 0.15625
372000 1.9230769230769231 0.1875
374000 1.8846153846153846 0.109375
376000 1.6538461538461537 0.0625
378000 1.8461538461538463 0.125
380000 1.8846153846153846 0.203125
382000 1.9615384615384615 0.1875
384000 1.9807692307692308 0.109375
386000 1.9230769230769231 0.140625
388000 1.9423076923076923 0.0625
390000 1.8653846153846154 0.140625
392000 1.8461538461538463 0.21875
394000 1.8846153846153846 0.21875
396000 1.9807692307692308 0.171875
398000 1.9423076923076923 0.078125
400000 1.9230769230769231 0.109375
402000 1.9807692307692308 0.140625
404000 1.9615384615384615 0.21875
406000 2.0 0.078125
408000 1.9615384615384615 0.046875
410000 2.0 0.109375
412000 1.8846153846153846 0.125
414000 1.9807692307692308 0.21875
416000 1.8653846153846154 0.09375
418000 2.0384615384615383 0.09375
420000 1.9615384615384615 0.078125
422000 1.9038461538461537 0.140625
424000 1.9038461538461537 0.21875
426000 1.9615384615384615 0.203125
428000 1.9230769230769231 0.09375
430000 1.8076923076923077 0.078125
432000 1.9423076923076923 0.109375
434000 1.9423076923076923 0.21875
436000 1.9423076923076923 0.3125
438000 1.9423076923076923 0.078125
440000 1.9423076923076923 0.109375
442000 1.8846153846153846 0.109375
444000 1.9230769230769231 0.171875
446000 1.9423076923076923 0.21875
448000 1.9423076923076923 0.078125
450000 1.9230769230769231 0.09375
452000 1.9230769230769231 0.109375
454000 1.9230769230769231 0.109375
456000 1.9230769230769231 0.1875
458000 1.9230769230769231 0.234375
460000 1.9230769230769231 0.078125
462000 1.9423076923076923 0.078125
464000 2.0 0.125
466000 2.0 0.203125
468000 2.0 0.1875
470000 2.0 0.140625
472000 2.019230769230769 0.125
474000 1.9807692307692308 0.078125
476000 1.9423076923076923 0.171875
478000 1.9807692307692308 0.234375
480000 2.0 0.09375
482000 2.019230769230769 0.078125
484000 2.019230769230769 0.078125
486000 2.0 0.140625
488000 1.9423076923076923 0.21875
490000 1.9615384615384615 0.265625
492000 1.9615384615384615 0.09375
494000 1.9615384615384615 0.109375
496000 1.9423076923076923 0.078125
498000 1.9615384615384615 0.1875
500000 1.9423076923076923 0.21875
