2000 1.0961538461538463 0.484375
4000 1.6153846153846154 0.3125
6000 1.6538461538461537 0.359375
8000 1.7115384615384615 0.25
10000 1.7115384615384615 0.484375
12000 1.7115384615384615 0.4375
14000 1.7692307692307692 0.4375
16000 1.7692307692307692 0.3125
18000 1.9423076923076923 0.4375
20000 1.8846153846153846 0.390625
22000 1.7307692307692308 0.34375
24000 1.8846153846153846 0.34375
26000 1.7884615384615385 0.34375
28000 1.9230769230769231 0.3125
30000 1.9230769230769231 0.328125
32000 1.9038461538461537 0.3125
34000 1.9038461538461537 0.375
36000 1.8076923076923077 0.328125
38000 1.8846153846153846 0.328125
40000 1.8461538461538463 0.375
42000 1.8653846153846154 0.421875
44000 1.7884615384615385 0.390625
46000 1.7692307692307692 0.28125
48000 1.8653846153846154 0.375
50000 1.9038461538461537 0.296875
52000 1.8653846153846154 0.359375
54000 1.8269230769230769 0.265625
56000 1.9038461538461537 0.34375
58000 1.8076923076923077 0.296875
60000 1.8269230769230769 0.28125
62000 1.7884615384615385 0.359375
64000 1.7884615384615385 0.296875
66000 1.75 0.3125
68000 1.8269230769230769 0.296875
70000 1.8269230769230769 0.359375
72000 1.75 0.3125
74000 1.8461538461538463 0.46875
76000 1.7692307692307692 0.3125
78000 1.75 0.28125
80000 1.9230769230769231 0.296875
82000 1.8269230769230769 0.328125
84000 1.8269230769230769 0.390625
86000 1.9038461538461537 0.296875
88000 1.8653846153846154 0.296875
90000 1.9038461538461537 0.3125
92000 1.75 0.296875
94000 1.8076923076923077 0.3125
96000 1.8461538461538463 0.3125
98000 1.75 0.3125
100000 1.7884615384615385 0.34375
102000 1.8269230769230769 0.3125
104000 1.8076923076923077 0.28125
106000 1.8076923076923077 0.4375
108000 1.7307692307692308 0.359375
110000 1.75 0.328125
112000 1.7692307692307692 0.3125
114000 1.8653846153846154 0.3125
116000 1.7884615384615385 0.421875
118000 1.8076923076923077 0.3125
120000 1.7692307692307692 0.28125
122000 1.6730769230769231 0.3125
124000 1.7884615384615385 0.296875
126000 1.6346153846153846 0.34375
128000 1.7307692307692308 0.296875
130000 1.9230769230769231 0.296875
132000 1.7884615384615385 0.3125
134000 1.8269230769230769 0.4375
136000 1.7884615384615385 0.296875
138000 2.0 0.453125
140000 1.7884615384615385 0.34375
142000 1.8269230769230769 0.28125
144000 1.8269230769230769 0.28125
146000 1.8653846153846154 0.34375
148000 1.9038461538461537 0.375
150000 1.8269230769230769 0.3125
152000 1.9423076923076923 0.390625
154000 1.8461538461538463 0.34375
156000 1.9230769230769231 0.328125
158000 1.7115384615384615 0.328125
160000 1.6538461538461537 0.328125
162000 1.75 0.296875
164000 1.8076923076923077 0.3125
166000 1.6730769230769231 0.328125
168000 1.75 0.3125
170000 1.6923076923076923 0.46875
172000 1.75 0.296875
174000 1.8846153846153846 0.359375
176000 1.9038461538461537 0.3125
178000 1.9038461538461537 0.296875
180000 1.8269230769230769 0.375
182000 1.9807692307692308 0.359375
184000 1.9615384615384615 0.328125
186000 1.8461538461538463 0.3125
188000 1.8461538461538463 0.3125
190000 1.7884615384615385 0.359375
192000 1.7884615384615385 0.3125
194000 1.75 0.453125
196000 1.7692307692307692 0.328125
198000 1.8461538461538463 0.359375
200000 1.7115384615384615 0.328125
202000 1.75 0.46875
204000 1.6730769230769231 0.296875
206000 1.7115384615384615 0.359375
208000 1.6730769230769231 0.296875
210000 1.6730769230769231 0.3125
212000 1.7307692307692308 0.453125
214000 1.8846153846153846 0.328125
216000 1.7307692307692308 0.359375
218000 1.75 0.28125
220000 1.8076923076923077 0.375
222000 1.7307692307692308 0.296875
224000 1.7307692307692308 0.296875
226000 1.8076923076923077 0.328125
228000 1.8269230769230769 0.328125
230000 1.8461538461538463 0.296875
232000 1.8269230769230769 0.328125
234000 1.8076923076923077 0.484375
236000 1.8846153846153846 0.34375
238000 1.8653846153846154 0.3125
240000 1.8653846153846154 0.3125
242000 1.75 0.296875
244000 1.8269230769230769 0.40625
246000 1.9423076923076923 0.3125
248000 1.8653846153846154 0.34375
250000 1.8269230769230769 0.34375
252000 1.9230769230769231 0.359375
254000 1.8269230769230769 0.34375
256000 1.9038461538461537 0.296875
258000 1.8846153846153846 0.34375
260000 1.8076923076923077 0.328125
262000 1.8846153846153846 0.296875
264000 1.8269230769230769 0.34375
266000 1.9423076923076923 0.484375
268000 1.9423076923076923 0.375
270000 1.9615384615384615 0.375
272000 1.9230769230769231 0.3125
274000 1.9615384615384615 0.296875
276000 1.9230769230769231 0.421875
278000 1.8653846153846154 0.34375
280000 1.9615384615384615 0.34375
282000 1.9038461538461537 0.265625
284000 1.9423076923076923 0.296875
286000 1.9615384615384615 0.34375
288000 1.9807692307692308 0.328125
290000 1.9615384615384615 0.296875
292000 1.7692307692307692 0.34375
294000 1.8269230769230769 0.34375
296000 1.7307692307692308 0.3125
298000 1.9230769230769231 0.484375
300000 1.7115384615384615 0.25
302000 1.7115384615384615 0.34375
304000 1.9423076923076923 0.578125
306000 1.9615384615384615 0.375
308000 1.9423076923076923 0.421875
310000 1.9230769230769231 0.296875
312000 1.9807692307692308 0.296875
314000 1.9615384615384615 0.34375
316000 1.9230769230769231 0.421875
318000 1.7115384615384615 0.328125
320000 1.7692307692307692 0.359375
322000 1.6346153846153846 0.46875
324000 1.7115384615384615 0.390625
326000 2.019230769230769 0.390625
328000 1.9038461538461537 0.421875
330000 1.7692307692307692 0.4375
332000 1.8653846153846154 0.390625
334000 1.8846153846153846 0.359375
336000 1.8076923076923077 0.34375
338000 1.7307692307692308 0.3125
340000 1.6923076923076923 0.4375
342000 1.8846153846153846 0.28125
344000 1.9038461538461537 0.359375
346000 1.7692307692307692 0.515625
348000 1.75 0.375
350000 1.8653846153846154 0.34375
352000 2.0 0.375
354000 1.9615384615384615 0.3125
356000 1.8653846153846154 0.28125
358000 1.8653846153846154 0.359375
360000 1.8653846153846154 0.28125
362000 1.7692307692307692 0.4375
364000 1.8653846153846154 0.46875
366000 1.9615384615384615 0.421875
368000 1.8269230769230769 0.296875
370000 1.8846153846153846 0.390625
372000 1.8461538461538463 0.359375
374000 1.8653846153846154 0.390625
376000 1.9423076923076923 0.375
378000 1.9230769230769231 0.390625
380000 1.8269230769230769 0.34375
382000 1.9038461538461537 0.40625
384000 1.9423076923076923 0.40625
386000 1.9230769230769231 0.3125
388000 1.8653846153846154 0.3125
390000 1.9230769230769231 0.421875
392000 1.9615384615384615 0.421875
394000 1.8461538461538463 0.546875
396000 1.8653846153846154 0.296875
398000 1.8076923076923077 0.421875
400000 1.9038461538461537 0.34375
402000 1.9230769230769231 0.34375
404000 1.9230769230769231 0.453125
406000 1.9038461538461537 0.3125
408000 1.9038461538461537 0.3125
410000 1.9423076923076923 0.359375
412000 1.8653846153846154 0.375
414000 1.8653846153846154 0.375
416000 1.9807692307692308 0.328125
418000 1.9807692307692308 0.40625
420000 1.9615384615384615 0.40625
422000 1.8653846153846154 0.328125
424000 2.0384615384615383 0.34375
426000 2.0384615384615383 0.46875
428000 2.0576923076923075 0.3125
430000 2.076923076923077 0.546875
432000 2.0 0.46875
434000 1.9038461538461537 0.40625
436000 1.8846153846153846 0.390625
438000 1.8653846153846154 0.390625
440000 1.9230769230769231 0.3125
442000 1.9807692307692308 0.34375
444000 2.0 0.375
446000 1.9423076923076923 0.359375
448000 1.9230769230769231 0.4375
450000 1.9038461538461537 0.40625
452000 1.9615384615384615 0.46875
454000 1.9038461538461537 0.484375
456000 1.8846153846153846 0.484375
458000 1.8653846153846154 0.46875
460000 2.0 0.359375
462000 1.9807692307692308 0.328125
464000 2.0384615384615383 0.375
466000 2.0576923076923075 0.421875
468000 2.0576923076923075 0.484375
470000 2.019230769230769 0.328125
472000 2.019230769230769 0.359375
474000 2.0 0.40625
476000 1.9807692307692308 0.390625
478000 2.019230769230769 0.375
480000 2.0576923076923075 0.328125
482000 2.0576923076923075 0.4375
484000 2.0576923076923075 0.515625
486000 2.0576923076923075 0.390625
488000 2.0 0.40625
490000 1.9807692307692308 0.515625
492000 1.9807692307692308 0.5
494000 1.9807692307692308 0.3125
496000 2.019230769230769 0.4375
498000 2.0 0.4375
500000 1.9807692307692308 0.421875
