2000 0.7115384615384616 0.109375
4000 1.0384615384615385 0.109375
6000 2.5 0.140625
8000 3.0 0.265625
10000 2.5 0.15625
12000 3.0961538461538463 0.125
14000 3.4423076923076925 0.15625
16000 3.423076923076923 0.203125
18000 3.730769230769231 0.203125
20000 4.0576923076923075 0.296875
22000 3.8653846153846154 0.15625
24000 3.7884615384615383 0.1875
26000 3.9038461538461537 0.171875
28000 8.365384615384615 0.25
30000 9.48076923076923 0.296875
32000 9.48076923076923 0.109375
34000 9.51923076923077 0.15625
36000 9.634615384615385 0.203125
38000 9.557692307692308 0.21875
40000 9.326923076923077 0.265625
42000 9.557692307692308 0.328125
44000 9.442307692307692 0.109375
46000 9.5 0.15625
48000 9.5 0.1875
50000 9.576923076923077 0.25
52000 9.5 0.3125
54000 9.76923076923077 0.140625
56000 9.403846153846153 0.15625
58000 9.692307692307692 0.1875
60000 9.692307692307692 0.234375
62000 9.76923076923077 0.28125
64000 9.807692307692308 0.125
66000 9.903846153846153 0.140625
68000 9.865384615384615 0.140625
70000 9.653846153846153 0.265625
72000 9.538461538461538 0.296875
74000 9.75 0.3125
76000 10.0 0.125
78000 9.903846153846153 0.140625
80000 9.903846153846153 0.203125
82000 9.788461538461538 0.203125
84000 9.711538461538462 0.296875
86000 9.596153846153847 0.125
88000 9.461538461538462 0.140625
90000 9.634615384615385 0.203125
92000 9.826923076923077 0.21875
94000 9.615384615384615 0.328125
96000 9.76923076923077 0.125
98000 9.557692307692308 0.125
100000 9.76923076923077 0.171875
102000 9.653846153846153 0.21875
104000 9.76923076923077 0.234375
106000 9.826923076923077 0.3125
108000 9.923076923076923 0.125
110000 9.98076923076923 0.140625
112000 9.403846153846153 0.234375
114000 9.903846153846153 0.296875
116000 9.903846153846153 0.3125
118000 9.75 0.125
120000 9.942307692307692 0.15625
122000 9.903846153846153 0.1875
124000 9.692307692307692 0.234375
126000 9.942307692307692 0.328125
128000 9.884615384615385 0.125
130000 9.961538461538462 0.125
132000 9.961538461538462 0.1875
134000 9.884615384615385 0.234375
136000 9.903846153846153 0.28125
138000 9.98076923076923 0.28125
140000 9.865384615384615 0.140625
142000 9.923076923076923 0.15625
144000 9.826923076923077 0.1875
146000 9.846153846153847 0.234375
148000 9.961538461538462 0.28125
150000 9.788461538461538 0.140625
152000 10.01923076923077 0.171875
154000 9.98076923076923 0.203125
156000 9.788461538461538 0.25
158000 9.923076923076923 0.328125
160000 10.0 0.109375
162000 9.884615384615385 0.109375
164000 9.903846153846153 0.15625
166000 9.884615384615385 0.234375
168000 9.942307692307692 0.265625
170000 9.76923076923077 0.25
172000 9.826923076923077 0.125
174000 10.0 0.15625
176000 9.884615384615385 0.1875
178000 9.846153846153847 0.28125
180000 9.76923076923077 0.3125
182000 9.884615384615385 0.140625
184000 9.692307692307692 0.140625
186000 10.0 0.1875
188000 9.884615384615385 0.265625
190000 9.865384615384615 0.28125
192000 9.807692307692308 0.1875
194000 10.038461538461538 0.171875
196000 10.01923076923077 0.15625
198000 9.846153846153847 0.234375
200000 9.903846153846153 0.265625
202000 9.846153846153847 0.3125
204000 9.673076923076923 0.15625
206000 9.75 0.171875
208000 9.903846153846153 0.21875
210000 9.98076923076923 0.203125
212000 10.01923076923077 0.296875
214000 9.846153846153847 0.171875
216000 9.76923076923077 0.171875
218000 9.884615384615385 0.15625
220000 9.76923076923077 0.25
222000 9.903846153846153 0.3125
224000 9.961538461538462 0.125
226000 9.788461538461538 0.15625
228000 9.884615384615385 0.171875
230000 10.038461538461538 0.171875
232000 9.903846153846153 0.296875
234000 9.942307692307692 0.3125
236000 10.01923076923077 0.125
238000 9.98076923076923 0.1875
240000 9.903846153846153 0.171875
242000 9.865384615384615 0.28125
244000 9.826923076923077 0.3125
246000 9.807692307692308 0.125
248000 9.923076923076923 0.140625
250000 9.961538461538462 0.203125
252000 9.865384615384615 0.25
254000 10.0 0.3125
256000 10.0 0.125
258000 10.0 0.15625
260000 9.846153846153847 0.171875
262000 10.01923076923077 0.25
264000 9.884615384615385 0.296875
266000 9.634615384615385 0.296875
268000 10.0 0.109375
270000 9.884615384615385 0.140625
272000 9.865384615384615 0.25
274000 9.884615384615385 0.234375
276000 9.961538461538462 0.3125
278000 9.942307692307692 0.109375
280000 9.942307692307692 0.15625
282000 10.01923076923077 0.203125
284000 9.961538461538462 0.265625
286000 9.923076923076923 0.3125
288000 10.0 0.140625
290000 9.942307692307692 0.109375
292000 9.98076923076923 0.15625
294000 9.98076923076923 0.25
296000 10.0 0.265625
298000 10.01923076923077 0.28125
300000 10.0 0.109375
302000 9.673076923076923 0.1875
304000 9.865384615384615 0.21875
306000 9.98076923076923 0.265625
308000 9.98076923076923 0.265625
310000 9.884615384615385 0.15625
312000 10.096153846153847 0.15625
314000 10.23076923076923 0.1875
316000 10.23076923076923 0.25
318000 10.25 0.28125
320000 10.26923076923077 0.15625
322000 10.288461538461538 0.140625
324000 10.346153846153847 0.1875
326000 10.326923076923077 0.25
328000 10.307692307692308 0.296875
330000 10.0 0.3125
332000 10.038461538461538 0.15625
334000 10.288461538461538 0.1875
336000 10.26923076923077 0.21875
338000 10.192307692307692 0.25
340000 10.26923076923077 0.28125
342000 10.346153846153847 0.125
344000 10.346153846153847 0.15625
346000 10.403846153846153 0.1875
348000 10.288461538461538 0.234375
350000 10.26923076923077 0.3125
352000 10.403846153846153 0.125
354000 10.307692307692308 0.15625
356000 10.423076923076923 0.203125
358000 10.365384615384615 0.234375
360000 10.307692307692308 0.265625
362000 10.26923076923077 0.234375
364000 10.346153846153847 0.125
366000 10.192307692307692 0.15625
368000 10.26923076923077 0.21875
370000 10.307692307692308 0.265625
372000 10.211538461538462 0.234375
374000 10.346153846153847 0.21875
376000 10.23076923076923 0.171875
378000 10.192307692307692 0.203125
380000 10.23076923076923 0.265625
382000 10.23076923076923 0.296875
384000 10.076923076923077 0.140625
386000 10.346153846153847 0.125
388000 10.096153846153847 0.1875
390000 10.173076923076923 0.21875
392000 10.288461538461538 0.28125
394000 10.23076923076923 0.3125
396000 10.23076923076923 0.1875
398000 10.26923076923077 0.171875
400000 10.26923076923077 0.21875
402000 10.365384615384615 0.265625
404000 10.26923076923077 0.28125
406000 10.288461538461538 0.15625
408000 10.307692307692308 0.15625
410000 10.365384615384615 0.21875
412000 10.23076923076923 0.265625
414000 10.25 0.3125
416000 10.288461538461538 0.171875
418000 10.288461538461538 0.171875
420000 10.307692307692308 0.15625
422000 10.307692307692308 0.234375
424000 10.288461538461538 0.296875
426000 10.365384615384615 0.28125
428000 10.346153846153847 0.125
430000 10.288461538461538 0.1875
432000 10.346153846153847 0.25
434000 10.365384615384615 0.28125
436000 10.25 0.296875
438000 10.384615384615385 0.15625
440000 10.25 0.15625
442000 10.307692307692308 0.1875
444000 10.288461538461538 0.1875
446000 10.288461538461538 0.28125
448000 10.288461538461538 0.140625
450000 10.307692307692308 0.125
452000 10.288461538461538 0.1875
454000 10.326923076923077 0.234375
456000 10.307692307692308 0.234375
458000 10.307692307692308 0.28125
460000 10.307692307692308 0.171875
462000 10.307692307692308 0.171875
464000 10.365384615384615 0.1875
466000 10.288461538461538 0.28125
468000 10.288461538461538 0.296875
470000 10.288461538461538 0.140625
472000 10.288461538461538 0.140625
474000 10.307692307692308 0.1875
476000 10.288461538461538 0.234375
478000 10.365384615384615 0.28125
480000 10.365384615384615 0.140625
482000 10.307692307692308 0.171875
484000 10.307692307692308 0.171875
486000 10.288461538461538 0.21875
488000 10.288461538461538 0.296875
490000 10.307692307692308 0.3125
492000 10.307692307692308 0.15625
494000 10.307692307692308 0.171875
496000 10.365384615384615 0.203125
498000 10.288461538461538 0.296875
500000 10.307692307692308 0.3125
