2000 1.0769230769230769 0.25
4000 2.6538461538461537 0.390625
6000 3.3461538461538463 0.28125
8000 4.326923076923077 0.25
10000 5.769230769230769 0.25
12000 5.096153846153846 0.28125
14000 5.269230769230769 0.28125
16000 5.826923076923077 0.359375
18000 7.25 0.328125
20000 7.5576923076923075 0.3125
22000 7.673076923076923 0.34375
24000 7.5 0.265625
26000 8.038461538461538 0.359375
28000 8.173076923076923 0.28125
30000 8.442307692307692 0.265625
32000 8.384615384615385 0.265625
34000 8.211538461538462 0.265625
36000 8.153846153846153 0.265625
38000 8.307692307692308 0.28125
40000 8.326923076923077 0.328125
42000 8.326923076923077 0.28125
44000 8.48076923076923 0.3125
46000 8.673076923076923 0.265625
48000 9.538461538461538 0.421875
50000 9.634615384615385 0.25
52000 9.826923076923077 0.25
54000 9.653846153846153 0.296875
56000 10.096153846153847 0.3125
58000 10.057692307692308 0.34375
60000 10.057692307692308 0.28125
62000 10.076923076923077 0.296875
64000 10.134615384615385 0.265625
66000 10.076923076923077 0.265625
68000 10.115384615384615 0.296875
70000 10.115384615384615 0.34375
72000 10.173076923076923 0.265625
74000 10.173076923076923 0.3125
76000 10.134615384615385 0.296875
78000 10.307692307692308 0.328125
80000 10.557692307692308 0.28125
82000 10.711538461538462 0.46875
84000 10.788461538461538 0.4375
86000 10.788461538461538 0.296875
88000 11.0 0.421875
90000 11.288461538461538 0.296875
92000 11.461538461538462 0.328125
94000 11.48076923076923 0.25
96000 11.5 0.25
98000 11.596153846153847 0.3125
100000 11.596153846153847 0.296875
102000 11.576923076923077 0.296875
104000 11.557692307692308 0.40625
106000 11.615384615384615 0.296875
108000 11.634615384615385 0.265625
110000 11.557692307692308 0.265625
112000 11.557692307692308 0.265625
114000 11.538461538461538 0.3125
116000 11.615384615384615 0.328125
118000 11.634615384615385 0.265625
120000 11.596153846153847 0.28125
122000 11.634615384615385 0.25
124000 11.711538461538462 0.265625
126000 11.653846153846153 0.359375
128000 11.692307692307692 0.25
130000 11.557692307692308 0.265625
132000 11.576923076923077 0.328125
134000 11.596153846153847 0.296875
136000 11.576923076923077 0.3125
138000 11.442307692307692 0.25
140000 11.653846153846153 0.234375
142000 11.653846153846153 0.28125
144000 11.596153846153847 0.265625
146000 11.76923076923077 0.28125
148000 11.653846153846153 0.34375
150000 11.653846153846153 0.296875
152000 11.76923076923077 0.3125
154000 11.76923076923077 0.296875
156000 11.76923076923077 0.265625
158000 11.75 0.25
160000 11.846153846153847 0.28125
162000 11.75 0.28125
164000 11.903846153846153 0.328125
166000 11.903846153846153 0.390625
168000 11.884615384615385 0.40625
170000 11.884615384615385 0.453125
172000 11.884615384615385 0.328125
174000 11.884615384615385 0.28125
176000 11.884615384615385 0.296875
178000 11.884615384615385 0.328125
180000 11.923076923076923 0.328125
182000 11.903846153846153 0.265625
184000 11.942307692307692 0.28125
186000 11.961538461538462 0.4375
188000 11.942307692307692 0.359375
190000 11.961538461538462 0.296875
192000 11.961538461538462 0.265625
194000 11.942307692307692 0.28125
196000 11.923076923076923 0.28125
198000 11.942307692307692 0.265625
200000 11.942307692307692 0.359375
202000 11.942307692307692 0.28125
204000 11.942307692307692 0.296875
206000 11.942307692307692 0.34375
208000 11.942307692307692 0.265625
210000 11.942307692307692 0.34375
212000 11.884615384615385 0.34375
214000 11.903846153846153 0.265625
216000 11.961538461538462 0.3125
218000 12.0 0.234375
220000 12.0 0.359375
222000 12.0 0.28125
224000 12.01923076923077 0.296875
226000 12.01923076923077 0.28125
228000 11.961538461538462 0.328125
230000 12.01923076923077 0.359375
232000 12.038461538461538 0.3125
234000 12.038461538461538 0.28125
236000 12.038461538461538 0.265625
238000 12.038461538461538 0.265625
240000 12.0 0.34375
242000 11.961538461538462 0.34375
244000 12.0 0.28125
246000 12.0 0.25
248000 12.01923076923077 0.296875
250000 11.923076923076923 0.296875
252000 11.942307692307692 0.375
254000 11.923076923076923 0.40625
256000 11.923076923076923 0.28125
258000 11.942307692307692 0.28125
260000 12.038461538461538 0.265625
262000 12.01923076923077 0.28125
264000 11.923076923076923 0.328125
266000 11.865384615384615 0.296875
268000 11.75 0.296875
270000 11.692307692307692 0.296875
272000 11.788461538461538 0.25
274000 11.903846153846153 0.359375
276000 11.923076923076923 0.28125
278000 11.98076923076923 0.265625
280000 11.846153846153847 0.265625
282000 11.961538461538462 0.28125
284000 11.884615384615385 0.34375
286000 11.884615384615385 0.25
288000 11.923076923076923 0.265625
290000 11.942307692307692 0.28125
292000 11.884615384615385 0.25
294000 11.961538461538462 0.3125
296000 11.961538461538462 0.3125
298000 11.942307692307692 0.3125
300000 11.942307692307692 0.265625
302000 11.942307692307692 0.25
304000 12.057692307692308 0.265625
306000 12.01923076923077 0.359375
308000 12.0 0.25
310000 11.961538461538462 0.25
312000 11.942307692307692 0.234375
314000 11.903846153846153 0.25
316000 11.903846153846153 0.265625
318000 11.903846153846153 0.328125
320000 11.807692307692308 0.296875
322000 11.942307692307692 0.265625
324000 11.961538461538462 0.3125
326000 12.01923076923077 0.296875
328000 12.0 0.375
330000 12.038461538461538 0.28125
332000 12.057692307692308 0.3125
334000 12.057692307692308 0.28125
336000 12.038461538461538 0.28125
338000 11.961538461538462 0.3125
340000 11.961538461538462 0.359375
342000 11.961538461538462 0.28125
344000 11.961538461538462 0.265625
346000 11.98076923076923 0.296875
348000 11.961538461538462 0.28125
350000 11.942307692307692 0.328125
352000 11.903846153846153 0.53125
354000 11.903846153846153 0.34375
356000 11.884615384615385 0.25
358000 11.884615384615385 0.484375
360000 11.884615384615385 0.359375
362000 11.865384615384615 0.296875
364000 11.884615384615385 0.3125
366000 11.865384615384615 0.390625
368000 11.865384615384615 0.328125
370000 11.826923076923077 0.34375
372000 11.846153846153847 0.28125
374000 11.884615384615385 0.28125
376000 11.865384615384615 0.296875
378000 11.923076923076923 0.40625
380000 11.942307692307692 0.328125
382000 11.846153846153847 0.390625
384000 11.961538461538462 0.3125
386000 11.961538461538462 0.296875
388000 12.0 0.375
390000 11.923076923076923 0.296875
392000 12.0 0.34375
394000 11.884615384615385 0.328125
396000 11.826923076923077 0.34375
398000 11.884615384615385 0.3125
400000 11.884615384615385 0.25
402000 11.846153846153847 0.265625
404000 11.865384615384615 0.28125
406000 11.903846153846153 0.234375
408000 11.903846153846153 0.171875
410000 12.01923076923077 0.1875
412000 11.942307692307692 0.203125
414000 11.923076923076923 0.171875
416000 11.942307692307692 0.3125
418000 11.865384615384615 0.328125
420000 11.865384615384615 0.28125
422000 11.865384615384615 0.359375
424000 11.884615384615385 0.453125
426000 11.903846153846153 0.484375
428000 11.903846153846153 0.34375
430000 11.884615384615385 0.328125
432000 11.961538461538462 0.296875
434000 12.057692307692308 0.34375
436000 11.98076923076923 0.28125
438000 12.057692307692308 0.3125
440000 11.942307692307692 0.3125
442000 12.038461538461538 0.328125
444000 12.01923076923077 0.3125
446000 12.01923076923077 0.296875
448000 12.038461538461538 0.28125
450000 12.038461538461538 0.296875
452000 11.923076923076923 0.328125
454000 12.038461538461538 0.296875
456000 12.0 0.328125
458000 11.98076923076923 0.34375
460000 12.0 0.3125
462000 11.923076923076923 0.359375
464000 11.98076923076923 0.34375
466000 12.0 0.296875
468000 11.98076923076923 0.328125
470000 11.942307692307692 0.296875
472000 12.0 0.34375
474000 11.98076923076923 0.296875
476000 11.961538461538462 0.328125
478000 11.923076923076923 0.328125
480000 11.942307692307692 0.328125
482000 11.884615384615385 0.40625
484000 11.903846153846153 0.375
486000 11.961538461538462 0.375
488000 11.807692307692308 0.3125
490000 11.923076923076923 0.296875
492000 11.865384615384615 0.28125
494000 11.961538461538462 0.296875
496000 12.01923076923077 0.28125
498000 12.0 0.359375
500000 11.923076923076923 0.34375
