2000 7.096153846153846 0.265625
4000 8.365384615384615 0.25
6000 10.211538461538462 0.375
8000 10.211538461538462 0.5
10000 10.211538461538462 0.4375
12000 10.211538461538462 0.28125
14000 10.211538461538462 0.296875
16000 9.923076923076923 0.375
18000 10.865384615384615 0.375
20000 10.865384615384615 0.5
22000 11.596153846153847 0.28125
24000 11.653846153846153 0.328125
26000 11.596153846153847 0.3125
28000 11.692307692307692 0.34375
30000 11.596153846153847 0.4375
32000 11.596153846153847 0.515625
34000 11.653846153846153 0.25
36000 11.807692307692308 0.4375
38000 11.846153846153847 0.359375
40000 11.807692307692308 0.390625
42000 12.134615384615385 0.5625
44000 11.807692307692308 0.34375
46000 12.115384615384615 0.375
48000 11.807692307692308 0.34375
50000 12.115384615384615 0.359375
52000 12.076923076923077 0.453125
54000 11.923076923076923 0.3125
56000 11.692307692307692 0.328125
58000 11.807692307692308 0.359375
60000 11.692307692307692 0.328125
62000 11.807692307692308 0.375
64000 11.692307692307692 0.28125
66000 11.807692307692308 0.375
68000 12.115384615384615 0.359375
70000 12.115384615384615 0.359375
72000 12.115384615384615 0.390625
74000 12.115384615384615 0.46875
76000 12.153846153846153 0.375
78000 12.153846153846153 0.40625
80000 12.192307692307692 0.40625
82000 12.076923076923077 0.34375
84000 12.01923076923077 0.46875
86000 12.192307692307692 0.328125
88000 12.076923076923077 0.3125
90000 12.076923076923077 0.265625
92000 12.076923076923077 0.3125
94000 12.096153846153847 0.40625
96000 12.076923076923077 0.34375
98000 12.192307692307692 0.34375
100000 12.057692307692308 0.265625
102000 12.01923076923077 0.296875
104000 12.076923076923077 0.390625
106000 12.192307692307692 0.40625
108000 12.076923076923077 0.359375
110000 12.076923076923077 0.234375
112000 12.173076923076923 0.25
114000 12.076923076923077 0.34375
116000 12.192307692307692 0.390625
118000 12.153846153846153 0.171875
120000 12.211538461538462 0.25
122000 12.076923076923077 0.21875
124000 12.173076923076923 0.28125
126000 12.115384615384615 0.40625
128000 12.096153846153847 0.21875
130000 12.076923076923077 0.1875
132000 12.211538461538462 0.25
134000 12.211538461538462 0.328125
136000 12.076923076923077 0.34375
138000 12.076923076923077 0.40625
140000 12.211538461538462 0.234375
142000 12.096153846153847 0.21875
144000 12.211538461538462 0.25
146000 12.211538461538462 0.328125
148000 12.211538461538462 0.46875
150000 12.134615384615385 0.21875
152000 12.076923076923077 0.171875
154000 12.192307692307692 0.21875
156000 12.288461538461538 0.296875
158000 12.288461538461538 0.4375
160000 12.307692307692308 0.3125
162000 12.307692307692308 0.484375
164000 12.211538461538462 0.328125
166000 12.192307692307692 0.34375
168000 12.25 0.40625
170000 12.211538461538462 0.46875
172000 12.26923076923077 0.28125
174000 12.307692307692308 0.375
176000 12.192307692307692 0.265625
178000 12.25 0.359375
180000 12.173076923076923 0.4375
182000 12.057692307692308 0.328125
184000 12.096153846153847 0.328125
186000 12.26923076923077 0.4375
188000 12.134615384615385 0.390625
190000 12.153846153846153 0.40625
192000 12.134615384615385 0.40625
194000 12.23076923076923 0.328125
196000 12.153846153846153 0.34375
198000 12.173076923076923 0.359375
200000 12.26923076923077 0.40625
202000 12.25 0.484375
204000 12.23076923076923 0.3125
206000 12.423076923076923 0.28125
208000 12.23076923076923 0.28125
210000 12.288461538461538 0.390625
212000 12.326923076923077 0.4375
214000 12.288461538461538 0.328125
216000 12.23076923076923 0.28125
218000 12.26923076923077 0.328125
220000 12.23076923076923 0.328125
222000 12.326923076923077 0.421875
224000 12.288461538461538 0.296875
226000 12.096153846153847 0.328125
228000 12.25 0.375
230000 12.288461538461538 0.296875
232000 12.096153846153847 0.390625
234000 12.038461538461538 0.40625
236000 12.173076923076923 0.296875
238000 12.307692307692308 0.296875
240000 12.211538461538462 0.265625
242000 12.346153846153847 0.421875
244000 12.346153846153847 0.453125
246000 12.288461538461538 0.3125
248000 12.25 0.28125
250000 12.288461538461538 0.3125
252000 12.346153846153847 0.3125
254000 12.48076923076923 0.421875
256000 12.096153846153847 0.3125
258000 11.653846153846153 0.359375
260000 12.461538461538462 0.296875
262000 12.346153846153847 0.28125
264000 12.192307692307692 0.359375
266000 12.192307692307692 0.5
268000 12.211538461538462 0.3125
270000 12.115384615384615 0.34375
272000 12.384615384615385 0.296875
274000 12.384615384615385 0.40625
276000 12.307692307692308 0.40625
278000 12.25 0.40625
280000 12.403846153846153 0.375
282000 12.461538461538462 0.375
284000 12.365384615384615 0.390625
286000 12.384615384615385 0.328125
288000 12.5 0.375
290000 12.5 0.34375
292000 12.26923076923077 0.3125
294000 12.403846153846153 0.34375
296000 12.307692307692308 0.421875
298000 12.346153846153847 0.453125
300000 12.211538461538462 0.28125
302000 12.25 0.359375
304000 12.288461538461538 0.3125
306000 12.173076923076923 0.421875
308000 12.26923076923077 0.421875
310000 12.153846153846153 0.359375
312000 12.173076923076923 0.28125
314000 12.326923076923077 0.375
316000 12.346153846153847 0.3125
318000 12.076923076923077 0.421875
320000 12.25 0.375
322000 12.423076923076923 0.375
324000 12.326923076923077 0.390625
326000 12.288461538461538 0.390625
328000 12.307692307692308 0.453125
330000 12.096153846153847 0.484375
332000 12.153846153846153 0.34375
334000 12.326923076923077 0.40625
336000 12.057692307692308 0.421875
338000 11.923076923076923 0.375
340000 12.326923076923077 0.453125
342000 12.365384615384615 0.328125
344000 12.038461538461538 0.28125
346000 12.076923076923077 0.359375
348000 12.211538461538462 0.328125
350000 12.038461538461538 0.375
352000 12.173076923076923 0.328125
354000 12.173076923076923 0.296875
356000 12.26923076923077 0.296875
358000 12.326923076923077 0.3125
360000 12.423076923076923 0.421875
362000 12.403846153846153 0.484375
364000 12.076923076923077 0.34375
366000 11.807692307692308 0.390625
368000 11.846153846153847 0.296875
370000 12.153846153846153 0.34375
372000 12.115384615384615 0.484375
374000 12.096153846153847 0.28125
376000 12.057692307692308 0.328125
378000 12.211538461538462 0.3125
380000 12.326923076923077 0.28125
382000 12.307692307692308 0.40625
384000 12.346153846153847 0.296875
386000 12.365384615384615 0.28125
388000 12.134615384615385 0.28125
390000 12.211538461538462 0.359375
392000 12.076923076923077 0.390625
394000 12.23076923076923 0.421875
396000 12.153846153846153 0.390625
398000 12.25 0.359375
400000 11.961538461538462 0.328125
402000 12.096153846153847 0.40625
404000 12.211538461538462 0.46875
406000 11.826923076923077 0.296875
408000 12.326923076923077 0.328125
410000 12.461538461538462 0.328125
412000 12.057692307692308 0.3125
414000 12.346153846153847 0.40625
416000 12.346153846153847 0.3125
418000 12.365384615384615 0.265625
420000 12.192307692307692 0.296875
422000 12.211538461538462 0.296875
424000 12.346153846153847 0.375
426000 12.23076923076923 0.46875
428000 12.26923076923077 0.3125
430000 12.25 0.296875
432000 12.211538461538462 0.296875
434000 12.25 0.375
436000 12.25 0.4375
438000 12.403846153846153 0.3125
440000 12.134615384615385 0.28125
442000 12.134615384615385 0.3125
444000 12.23076923076923 0.328125
446000 12.01923076923077 0.40625
448000 12.26923076923077 0.296875
450000 12.192307692307692 0.3125
452000 12.288461538461538 0.3125
454000 12.211538461538462 0.34375
456000 12.365384615384615 0.40625
458000 12.403846153846153 0.46875
460000 12.307692307692308 0.296875
462000 12.23076923076923 0.40625
464000 12.365384615384615 0.328125
466000 12.288461538461538 0.359375
468000 12.384615384615385 0.421875
470000 12.307692307692308 0.3125
472000 12.307692307692308 0.265625
474000 12.288461538461538 0.296875
476000 12.25 0.34375
478000 12.25 0.40625
480000 12.25 0.296875
482000 12.288461538461538 0.265625
484000 12.51923076923077 0.28125
486000 12.461538461538462 0.328125
488000 12.326923076923077 0.3125
490000 12.307692307692308 0.421875
492000 12.326923076923077 0.296875
494000 12.384615384615385 0.296875
496000 12.442307692307692 0.28125
498000 12.442307692307692 0.3125
500000 12.461538461538462 0.40625
