2000 3.0576923076923075 0.640625
4000 4.480769230769231 0.453125
6000 5.25 0.453125
8000 5.461538461538462 0.609375
10000 6.826923076923077 0.5625
12000 8.307692307692308 0.421875
14000 8.134615384615385 0.484375
16000 9.5 0.390625
18000 10.038461538461538 0.5625
20000 9.961538461538462 0.546875
22000 11.634615384615385 0.46875
24000 11.75 0.359375
26000 11.51923076923077 0.4375
28000 11.807692307692308 0.390625
30000 11.846153846153847 0.5
32000 11.826923076923077 0.390625
34000 11.48076923076923 0.4375
36000 11.884615384615385 0.421875
38000 11.346153846153847 0.4375
40000 11.51923076923077 0.625
42000 11.903846153846153 0.546875
44000 11.846153846153847 0.421875
46000 11.865384615384615 0.390625
48000 11.942307692307692 0.40625
50000 11.826923076923077 0.453125
52000 11.596153846153847 0.609375
54000 11.961538461538462 0.40625
56000 11.98076923076923 0.421875
58000 11.423076923076923 0.40625
60000 11.98076923076923 0.46875
62000 11.903846153846153 0.609375
64000 11.711538461538462 0.46875
66000 11.884615384615385 0.46875
68000 11.884615384615385 0.421875
70000 11.903846153846153 0.375
72000 11.788461538461538 0.421875
74000 11.711538461538462 0.625
76000 11.846153846153847 0.421875
78000 11.98076923076923 0.4375
80000 11.98076923076923 0.484375
82000 11.903846153846153 0.453125
84000 11.942307692307692 0.515625
86000 12.0 0.453125
88000 11.961538461538462 0.375
90000 12.211538461538462 0.390625
92000 12.23076923076923 0.484375
94000 12.057692307692308 0.578125
96000 12.115384615384615 0.40625
98000 12.192307692307692 0.46875
100000 12.0 0.390625
102000 12.115384615384615 0.359375
104000 10.384615384615385 0.65625
106000 11.942307692307692 0.515625
108000 12.038461538461538 0.4375
110000 11.73076923076923 0.421875
112000 12.01923076923077 0.390625
114000 11.923076923076923 0.4375
116000 11.884615384615385 0.46875
118000 12.115384615384615 0.40625
120000 12.038461538461538 0.390625
122000 12.0 0.40625
124000 12.0 0.421875
126000 11.98076923076923 0.578125
128000 12.01923076923077 0.421875
130000 12.134615384615385 0.421875
132000 11.98076923076923 0.421875
134000 12.134615384615385 0.40625
136000 12.384615384615385 0.484375
138000 12.326923076923077 0.578125
140000 12.288461538461538 0.453125
142000 12.423076923076923 0.390625
144000 12.076923076923077 0.421875
146000 12.192307692307692 0.5625
148000 11.98076923076923 0.515625
150000 12.096153846153847 0.5
152000 12.153846153846153 0.375
154000 12.307692307692308 0.4375
156000 12.038461538461538 0.4375
158000 12.134615384615385 0.546875
160000 12.115384615384615 0.4375
162000 12.0 0.390625
164000 12.096153846153847 0.4375
166000 12.0 0.390625
168000 12.23076923076923 0.4375
170000 11.76923076923077 0.484375
172000 12.076923076923077 0.40625
174000 12.134615384615385 0.359375
176000 12.115384615384615 0.40625
178000 12.23076923076923 0.40625
180000 12.01923076923077 0.484375
182000 12.403846153846153 0.546875
184000 12.134615384615385 0.40625
186000 12.0 0.4375
188000 12.26923076923077 0.46875
190000 12.326923076923077 0.5
192000 12.192307692307692 0.390625
194000 12.23076923076923 0.359375
196000 11.923076923076923 0.40625
198000 12.442307692307692 0.375
200000 12.211538461538462 0.53125
202000 12.038461538461538 0.578125
204000 12.01923076923077 0.4375
206000 12.192307692307692 0.359375
208000 12.096153846153847 0.375
210000 12.0 0.421875
212000 12.25 0.5
214000 12.038461538461538 0.359375
216000 12.01923076923077 0.375
218000 12.076923076923077 0.40625
220000 11.923076923076923 0.421875
222000 12.115384615384615 0.5
224000 12.365384615384615 0.453125
226000 12.26923076923077 0.40625
228000 12.307692307692308 0.390625
230000 12.307692307692308 0.34375
232000 12.134615384615385 0.390625
234000 12.288461538461538 0.53125
236000 12.653846153846153 0.46875
238000 12.423076923076923 0.375
240000 12.48076923076923 0.375
242000 12.0 0.375
244000 12.403846153846153 0.453125
246000 12.076923076923077 0.40625
248000 12.288461538461538 0.515625
250000 12.51923076923077 0.484375
252000 12.5 0.328125
254000 12.403846153846153 0.453125
256000 12.51923076923077 0.390625
258000 12.5 0.375
260000 12.5 0.453125
262000 12.442307692307692 0.359375
264000 12.557692307692308 0.390625
266000 12.538461538461538 0.515625
268000 12.423076923076923 0.375
270000 12.346153846153847 0.421875
272000 12.134615384615385 0.5
274000 12.173076923076923 0.421875
276000 12.307692307692308 0.53125
278000 12.057692307692308 0.34375
280000 12.057692307692308 0.359375
282000 12.134615384615385 0.390625
284000 12.038461538461538 0.53125
286000 12.384615384615385 0.484375
288000 12.596153846153847 0.375
290000 12.365384615384615 0.390625
292000 12.365384615384615 0.375
294000 12.615384615384615 0.375
296000 12.365384615384615 0.484375
298000 12.403846153846153 0.53125
300000 12.442307692307692 0.40625
302000 11.961538461538462 0.375
304000 12.423076923076923 0.546875
306000 12.48076923076923 0.375
308000 12.288461538461538 0.5
310000 12.615384615384615 0.5625
312000 12.51923076923077 0.421875
314000 11.653846153846153 0.40625
316000 11.884615384615385 0.421875
318000 12.25 0.46875
320000 12.307692307692308 0.328125
322000 12.403846153846153 0.4375
324000 12.51923076923077 0.5625
326000 12.423076923076923 0.390625
328000 12.23076923076923 0.484375
330000 12.384615384615385 0.5625
332000 12.326923076923077 0.359375
334000 12.25 0.421875
336000 12.48076923076923 0.390625
338000 11.711538461538462 0.40625
340000 12.192307692307692 0.5
342000 12.653846153846153 0.421875
344000 12.461538461538462 0.390625
346000 11.75 0.34375
348000 12.096153846153847 0.34375
350000 12.26923076923077 0.484375
352000 12.346153846153847 0.46875
354000 12.5 0.34375
356000 12.461538461538462 0.328125
358000 12.51923076923077 0.34375
360000 12.48076923076923 0.359375
362000 12.346153846153847 0.53125
364000 12.288461538461538 0.375
366000 12.26923076923077 0.375
368000 12.48076923076923 0.359375
370000 12.711538461538462 0.421875
372000 12.48076923076923 0.546875
374000 12.692307692307692 0.359375
376000 12.711538461538462 0.4375
378000 12.403846153846153 0.40625
380000 12.557692307692308 0.390625
382000 12.634615384615385 0.578125
384000 12.692307692307692 0.359375
386000 12.442307692307692 0.375
388000 12.423076923076923 0.40625
390000 12.73076923076923 0.40625
392000 12.596153846153847 0.484375
394000 12.73076923076923 0.53125
396000 12.576923076923077 0.421875
398000 12.5 0.421875
400000 12.423076923076923 0.40625
402000 12.48076923076923 0.421875
404000 12.576923076923077 0.40625
406000 12.634615384615385 0.421875
408000 12.461538461538462 0.40625
410000 12.538461538461538 0.40625
412000 12.5 0.359375
414000 12.576923076923077 0.421875
416000 12.576923076923077 0.4375
418000 12.73076923076923 0.46875
420000 12.653846153846153 0.34375
422000 12.615384615384615 0.390625
424000 12.673076923076923 0.46875
426000 12.653846153846153 0.5625
428000 12.75 0.515625
430000 12.596153846153847 0.515625
432000 12.576923076923077 0.359375
434000 12.73076923076923 0.46875
436000 12.673076923076923 0.5625
438000 12.634615384615385 0.4375
440000 12.711538461538462 0.484375
442000 12.73076923076923 0.390625
444000 12.634615384615385 0.390625
446000 12.51923076923077 0.5
448000 12.5 0.46875
450000 12.673076923076923 0.453125
452000 12.653846153846153 0.484375
454000 12.634615384615385 0.4375
456000 12.634615384615385 0.46875
458000 12.692307692307692 0.578125
460000 12.711538461538462 0.46875
462000 12.673076923076923 0.375
464000 12.653846153846153 0.484375
466000 12.596153846153847 0.421875
468000 12.596153846153847 0.59375
470000 12.615384615384615 0.34375
472000 12.557692307692308 0.453125
474000 12.442307692307692 0.5
476000 12.596153846153847 0.4375
478000 12.653846153846153 0.515625
480000 12.673076923076923 0.390625
482000 12.73076923076923 0.40625
484000 12.673076923076923 0.4375
486000 12.653846153846153 0.453125
488000 12.538461538461538 0.40625
490000 12.403846153846153 0.53125
492000 12.384615384615385 0.453125
494000 12.26923076923077 0.5
496000 12.326923076923077 0.234375
498000 12.346153846153847 0.484375
500000 12.538461538461538 0.453125
