2000 3.0384615384615383 1.078125
4000 1.7115384615384615 0.890625
6000 6.6923076923076925 0.859375
8000 8.192307692307692 0.875
10000 8.865384615384615 0.984375
12000 9.673076923076923 0.953125
14000 10.211538461538462 0.84375
16000 10.384615384615385 1.25
18000 11.692307692307692 1.0625
20000 11.48076923076923 1.359375
22000 11.673076923076923 0.859375
24000 11.692307692307692 1.0
26000 11.384615384615385 0.828125
28000 11.903846153846153 0.875
30000 11.576923076923077 0.953125
32000 11.73076923076923 0.828125
34000 11.615384615384615 0.84375
36000 11.903846153846153 0.875
38000 11.826923076923077 1.078125
40000 11.903846153846153 0.84375
42000 11.51923076923077 1.03125
44000 11.903846153846153 1.328125
46000 11.846153846153847 1.34375
48000 11.865384615384615 0.890625
50000 11.634615384615385 0.859375
52000 11.788461538461538 0.96875
54000 11.576923076923077 0.921875
56000 11.788461538461538 0.90625
58000 11.403846153846153 0.8125
60000 11.461538461538462 0.890625
62000 11.653846153846153 0.890625
64000 11.692307692307692 1.25
66000 11.98076923076923 1.125
68000 12.01923076923077 1.296875
70000 11.923076923076923 1.46875
72000 12.096153846153847 1.421875
74000 11.942307692307692 1.140625
76000 12.076923076923077 1.0
78000 11.73076923076923 0.890625
80000 11.75 1.4375
82000 12.01923076923077 0.84375
84000 11.98076923076923 1.125
86000 11.961538461538462 1.046875
88000 12.096153846153847 0.875
90000 12.115384615384615 0.859375
92000 11.98076923076923 0.90625
94000 12.096153846153847 1.109375
96000 12.038461538461538 0.875
98000 12.115384615384615 1.109375
100000 12.115384615384615 0.828125
102000 12.076923076923077 1.125
104000 11.98076923076923 0.859375
106000 12.307692307692308 0.84375
108000 12.134615384615385 1.15625
110000 12.25 1.046875
112000 12.115384615384615 1.484375
114000 12.057692307692308 0.90625
116000 12.25 1.140625
118000 11.961538461538462 1.0625
120000 12.038461538461538 0.859375
122000 12.057692307692308 0.90625
124000 12.076923076923077 1.015625
126000 12.173076923076923 0.828125
128000 12.173076923076923 0.921875
130000 12.173076923076923 0.875
132000 12.057692307692308 0.8125
134000 12.25 0.9375
136000 12.288461538461538 0.828125
138000 12.115384615384615 1.046875
140000 12.115384615384615 0.890625
142000 12.076923076923077 0.828125
144000 12.173076923076923 0.84375
146000 12.211538461538462 0.859375
148000 12.173076923076923 0.96875
150000 12.23076923076923 0.890625
152000 12.096153846153847 0.890625
154000 12.115384615384615 0.890625
156000 12.26923076923077 1.0
158000 12.307692307692308 0.890625
160000 12.5 0.828125
162000 12.211538461538462 0.890625
164000 12.134615384615385 1.0625
166000 12.153846153846153 0.890625
168000 12.288461538461538 0.890625
170000 12.26923076923077 1.0
172000 12.288461538461538 0.78125
174000 12.346153846153847 0.875
176000 12.288461538461538 1.109375
178000 12.134615384615385 0.890625
180000 12.153846153846153 0.9375
182000 12.192307692307692 0.875
184000 12.307692307692308 0.859375
186000 12.576923076923077 0.8125
188000 12.403846153846153 1.046875
190000 12.48076923076923 1.390625
192000 12.134615384615385 1.375
194000 12.326923076923077 1.09375
196000 12.26923076923077 0.8125
198000 12.01923076923077 0.828125
200000 12.307692307692308 1.046875
202000 12.346153846153847 0.953125
204000 12.076923076923077 0.828125
206000 12.365384615384615 0.84375
208000 12.096153846153847 0.859375
210000 12.288461538461538 0.828125
212000 12.307692307692308 0.890625
214000 12.365384615384615 1.125
216000 12.26923076923077 0.859375
218000 12.115384615384615 0.828125
220000 12.115384615384615 0.875
222000 12.288461538461538 0.796875
224000 12.365384615384615 0.921875
226000 12.365384615384615 0.84375
228000 12.288461538461538 0.96875
230000 12.211538461538462 0.84375
232000 12.096153846153847 0.84375
234000 12.384615384615385 1.359375
236000 12.173076923076923 1.0
238000 12.134615384615385 0.859375
240000 12.192307692307692 0.859375
242000 12.288461538461538 1.25
244000 12.365384615384615 0.9375
246000 12.307692307692308 1.0
248000 12.25 0.875
250000 12.365384615384615 0.875
252000 12.403846153846153 0.84375
254000 12.326923076923077 1.125
256000 12.365384615384615 1.078125
258000 12.461538461538462 0.875
260000 12.423076923076923 1.140625
262000 12.461538461538462 0.796875
264000 12.365384615384615 0.875
266000 12.307692307692308 1.21875
268000 12.23076923076923 0.921875
270000 12.346153846153847 0.875
272000 12.346153846153847 0.921875
274000 12.326923076923077 1.125
276000 12.326923076923077 1.1875
278000 12.346153846153847 1.0625
280000 12.346153846153847 1.125
282000 12.403846153846153 0.875
284000 12.384615384615385 0.90625
286000 12.346153846153847 0.859375
288000 12.288461538461538 0.890625
290000 12.365384615384615 0.90625
292000 12.076923076923077 0.984375
294000 12.26923076923077 0.859375
296000 12.26923076923077 0.859375
298000 12.442307692307692 0.984375
300000 12.346153846153847 1.234375
302000 12.461538461538462 0.984375
304000 12.403846153846153 0.890625
306000 12.384615384615385 1.140625
308000 12.25 0.890625
310000 12.25 1.140625
312000 12.384615384615385 0.875
314000 12.461538461538462 0.90625
316000 12.557692307692308 0.890625
318000 12.538461538461538 0.890625
320000 12.211538461538462 1.203125
322000 12.134615384615385 0.890625
324000 12.288461538461538 0.890625
326000 12.384615384615385 1.0625
328000 11.942307692307692 0.875
330000 12.461538461538462 1.0625
332000 12.576923076923077 1.015625
334000 12.576923076923077 0.890625
336000 12.307692307692308 0.828125
338000 12.25 0.875
340000 12.346153846153847 0.984375
342000 12.5 0.9375
344000 12.346153846153847 1.171875
346000 12.307692307692308 0.96875
348000 12.442307692307692 0.84375
350000 12.48076923076923 0.859375
352000 12.5 1.125
354000 12.25 1.0
356000 12.423076923076923 0.859375
358000 11.98076923076923 1.09375
360000 12.096153846153847 1.015625
362000 12.192307692307692 1.25
364000 12.115384615384615 0.859375
366000 12.173076923076923 1.1875
368000 12.173076923076923 0.90625
370000 12.096153846153847 1.0
372000 12.26923076923077 0.875
374000 12.23076923076923 0.9375
376000 12.346153846153847 1.109375
378000 12.25 0.84375
380000 12.288461538461538 0.875
382000 12.442307692307692 1.1875
384000 12.423076923076923 0.90625
386000 12.23076923076923 0.828125
388000 12.288461538461538 0.890625
390000 12.211538461538462 0.890625
392000 12.288461538461538 0.84375
394000 12.307692307692308 1.046875
396000 12.307692307692308 1.15625
398000 12.51923076923077 0.921875
400000 12.51923076923077 0.84375
402000 12.48076923076923 0.984375
404000 12.384615384615385 0.96875
406000 12.442307692307692 0.828125
408000 12.26923076923077 0.96875
410000 12.461538461538462 0.90625
412000 12.403846153846153 0.890625
414000 12.403846153846153 1.265625
416000 12.26923076923077 1.265625
418000 12.211538461538462 0.890625
420000 12.365384615384615 0.890625
422000 12.461538461538462 1.09375
424000 12.403846153846153 0.921875
426000 12.5 1.0625
428000 12.442307692307692 1.28125
430000 12.5 0.90625
432000 12.538461538461538 0.921875
434000 12.538461538461538 1.234375
436000 12.576923076923077 0.953125
438000 12.48076923076923 0.9375
440000 12.403846153846153 0.96875
442000 12.403846153846153 1.234375
444000 12.346153846153847 0.828125
446000 12.307692307692308 0.890625
448000 12.403846153846153 0.90625
450000 12.365384615384615 0.859375
452000 12.307692307692308 1.0625
454000 12.326923076923077 1.046875
456000 12.153846153846153 1.125
458000 12.365384615384615 1.25
460000 12.153846153846153 0.859375
462000 12.26923076923077 0.890625
464000 12.26923076923077 1.015625
466000 12.384615384615385 1.015625
468000 12.26923076923077 0.8125
470000 12.307692307692308 0.890625
472000 12.403846153846153 1.265625
474000 12.326923076923077 0.84375
476000 12.384615384615385 0.9375
478000 12.365384615384615 0.90625
480000 12.384615384615385 0.953125
482000 12.365384615384615 1.21875
484000 12.5 0.9375
486000 12.5 0.53125
488000 12.5 0.578125
490000 12.5 0.875
492000 12.5 0.546875
494000 12.5 0.71875
496000 12.5 0.53125
498000 12.461538461538462 0.625
500000 12.461538461538462 0.65625
