2000 2.4423076923076925 0.171875
4000 3.673076923076923 0.234375
6000 2.1538461538461537 0.28125
8000 4.365384615384615 0.328125
10000 8.442307692307692 0.390625
12000 8.807692307692308 0.1875
14000 9.0 0.203125
16000 10.057692307692308 0.265625
18000 10.788461538461538 0.296875
20000 10.057692307692308 0.359375
22000 10.865384615384615 0.203125
24000 11.346153846153847 0.203125
26000 11.403846153846153 0.234375
28000 11.51923076923077 0.25
30000 11.711538461538462 0.328125
32000 11.346153846153847 0.1875
34000 11.307692307692308 0.1875
36000 11.692307692307692 0.21875
38000 11.807692307692308 0.234375
40000 11.807692307692308 0.328125
42000 11.807692307692308 0.390625
44000 11.903846153846153 0.203125
46000 11.807692307692308 0.21875
48000 11.807692307692308 0.28125
50000 11.903846153846153 0.328125
52000 11.807692307692308 0.359375
54000 11.76923076923077 0.203125
56000 11.884615384615385 0.1875
58000 11.807692307692308 0.234375
60000 11.903846153846153 0.296875
62000 11.903846153846153 0.34375
64000 11.903846153846153 0.171875
66000 11.76923076923077 0.1875
68000 12.057692307692308 0.21875
70000 12.096153846153847 0.21875
72000 12.096153846153847 0.296875
74000 12.096153846153847 0.390625
76000 11.807692307692308 0.21875
78000 12.096153846153847 0.1875
80000 12.115384615384615 0.25
82000 12.115384615384615 0.328125
84000 12.115384615384615 0.328125
86000 11.788461538461538 0.1875
88000 11.461538461538462 0.1875
90000 11.557692307692308 0.21875
92000 12.134615384615385 0.296875
94000 11.653846153846153 0.34375
96000 11.51923076923077 0.1875
98000 12.038461538461538 0.21875
100000 12.23076923076923 0.171875
102000 11.961538461538462 0.28125
104000 11.923076923076923 0.34375
106000 11.76923076923077 0.40625
108000 12.076923076923077 0.1875
110000 12.01923076923077 0.1875
112000 12.01923076923077 0.234375
114000 12.057692307692308 0.296875
116000 11.538461538461538 0.359375
118000 11.788461538461538 0.1875
120000 11.884615384615385 0.25
122000 11.923076923076923 0.234375
124000 11.807692307692308 0.296875
126000 12.057692307692308 0.375
128000 11.615384615384615 0.1875
130000 11.865384615384615 0.1875
132000 11.461538461538462 0.203125
134000 12.096153846153847 0.265625
136000 12.057692307692308 0.34375
138000 11.961538461538462 0.375
140000 11.884615384615385 0.1875
142000 11.76923076923077 0.1875
144000 11.846153846153847 0.21875
146000 11.788461538461538 0.3125
148000 12.01923076923077 0.390625
150000 12.134615384615385 0.1875
152000 11.884615384615385 0.1875
154000 12.153846153846153 0.265625
156000 12.134615384615385 0.265625
158000 12.134615384615385 0.328125
160000 12.01923076923077 0.21875
162000 12.211538461538462 0.328125
164000 12.25 0.296875
166000 12.211538461538462 0.234375
168000 12.134615384615385 0.40625
170000 12.153846153846153 0.4375
172000 12.211538461538462 0.359375
174000 11.884615384615385 0.265625
176000 12.153846153846153 0.28125
178000 12.076923076923077 0.375
180000 12.0 0.46875
182000 12.096153846153847 0.296875
184000 12.307692307692308 0.28125
186000 11.903846153846153 0.234375
188000 11.673076923076923 0.359375
190000 12.326923076923077 0.390625
192000 12.211538461538462 0.296875
194000 12.26923076923077 0.34375
196000 12.134615384615385 0.3125
198000 12.307692307692308 0.328125
200000 12.346153846153847 0.375
202000 12.346153846153847 0.421875
204000 12.403846153846153 0.21875
206000 12.173076923076923 0.25
208000 12.403846153846153 0.5625
210000 12.365384615384615 0.453125
212000 12.25 0.421875
214000 12.173076923076923 0.453125
216000 12.346153846153847 0.171875
218000 12.423076923076923 0.234375
220000 12.461538461538462 0.296875
222000 12.5 0.34375
224000 12.576923076923077 0.203125
226000 12.615384615384615 0.359375
228000 12.423076923076923 0.25
230000 12.288461538461538 0.265625
232000 12.384615384615385 0.359375
234000 12.48076923076923 0.375
236000 12.461538461538462 0.234375
238000 12.442307692307692 0.171875
240000 12.326923076923077 0.265625
242000 12.365384615384615 0.328125
244000 12.25 0.40625
246000 12.211538461538462 0.1875
248000 12.076923076923077 0.203125
250000 12.365384615384615 0.25
252000 12.384615384615385 0.3125
254000 12.326923076923077 0.34375
256000 12.288461538461538 0.1875
258000 12.346153846153847 0.1875
260000 12.5 0.234375
262000 12.5 0.265625
264000 12.442307692307692 0.328125
266000 12.326923076923077 0.390625
268000 12.23076923076923 0.203125
270000 12.307692307692308 0.171875
272000 12.211538461538462 0.328125
274000 12.557692307692308 0.34375
276000 12.403846153846153 0.40625
278000 12.538461538461538 0.1875
280000 12.365384615384615 0.1875
282000 12.5 0.21875
284000 12.288461538461538 0.28125
286000 12.423076923076923 0.328125
288000 12.23076923076923 0.1875
290000 12.346153846153847 0.1875
292000 12.25 0.1875
294000 12.596153846153847 0.28125
296000 12.211538461538462 0.296875
298000 12.384615384615385 0.421875
300000 12.365384615384615 0.1875
302000 12.634615384615385 0.203125
304000 12.596153846153847 0.28125
306000 12.403846153846153 0.3125
308000 12.403846153846153 0.421875
310000 12.5 0.171875
312000 12.634615384615385 0.203125
314000 12.5 0.171875
316000 12.576923076923077 0.296875
318000 12.48076923076923 0.359375
320000 12.384615384615385 0.203125
322000 12.365384615384615 0.203125
324000 12.576923076923077 0.203125
326000 12.365384615384615 0.25
328000 12.538461538461538 0.3125
330000 12.48076923076923 0.40625
332000 12.403846153846153 0.1875
334000 12.26923076923077 0.1875
336000 12.346153846153847 0.234375
338000 12.538461538461538 0.296875
340000 12.403846153846153 0.390625
342000 12.615384615384615 0.21875
344000 12.711538461538462 0.1875
346000 12.576923076923077 0.234375
348000 12.365384615384615 0.3125
350000 12.5 0.34375
352000 12.634615384615385 0.171875
354000 12.596153846153847 0.171875
356000 12.653846153846153 0.1875
358000 12.538461538461538 0.28125
360000 12.48076923076923 0.390625
362000 12.423076923076923 0.515625
364000 12.346153846153847 0.265625
366000 12.346153846153847 0.15625
368000 12.5 0.25
370000 12.711538461538462 0.296875
372000 12.403846153846153 0.375
374000 12.615384615384615 0.1875
376000 12.711538461538462 0.3125
378000 12.538461538461538 0.25
380000 12.538461538461538 0.25
382000 12.48076923076923 0.359375
384000 12.557692307692308 0.203125
386000 12.538461538461538 0.1875
388000 12.442307692307692 0.21875
390000 12.692307692307692 0.3125
392000 12.326923076923077 0.359375
394000 12.461538461538462 0.375
396000 12.442307692307692 0.1875
398000 12.403846153846153 0.203125
400000 12.653846153846153 0.28125
402000 12.615384615384615 0.3125
404000 12.596153846153847 0.375
406000 12.538461538461538 0.171875
408000 12.48076923076923 0.265625
410000 12.538461538461538 0.21875
412000 12.557692307692308 0.296875
414000 12.557692307692308 0.34375
416000 12.384615384615385 0.171875
418000 12.442307692307692 0.25
420000 12.326923076923077 0.25
422000 12.423076923076923 0.265625
424000 12.576923076923077 0.359375
426000 12.557692307692308 0.40625
428000 12.48076923076923 0.25
430000 12.51923076923077 0.203125
432000 12.576923076923077 0.265625
434000 12.51923076923077 0.3125
436000 12.538461538461538 0.375
438000 12.673076923076923 0.1875
440000 12.653846153846153 0.296875
442000 12.596153846153847 0.21875
444000 12.615384615384615 0.359375
446000 12.615384615384615 0.34375
448000 12.692307692307692 0.171875
450000 12.653846153846153 0.1875
452000 12.615384615384615 0.203125
454000 12.634615384615385 0.3125
456000 12.576923076923077 0.4375
458000 12.653846153846153 0.390625
460000 12.653846153846153 0.1875
462000 12.76923076923077 0.21875
464000 12.75 0.28125
466000 12.807692307692308 0.328125
468000 12.807692307692308 0.375
470000 12.788461538461538 0.25
472000 12.788461538461538 0.25
474000 12.788461538461538 0.21875
476000 12.788461538461538 0.28125
478000 12.788461538461538 0.375
480000 12.807692307692308 0.1875
482000 12.807692307692308 0.1875
484000 12.788461538461538 0.21875
486000 12.76923076923077 0.234375
488000 12.76923076923077 0.390625
490000 12.76923076923077 0.390625
492000 12.76923076923077 0.1875
494000 12.788461538461538 0.25
496000 12.788461538461538 0.234375
498000 12.788461538461538 0.40625
500000 12.788461538461538 0.359375
