2000 2.1153846153846154 0.796875
4000 3.8076923076923075 0.8125
6000 1.6346153846153846 0.796875
8000 3.0576923076923075 0.8125
10000 3.326923076923077 1.09375
12000 7.75 0.921875
14000 8.788461538461538 0.84375
16000 10.076923076923077 0.9375
18000 12.153846153846153 0.921875
20000 12.134615384615385 1.0
22000 12.192307692307692 0.953125
24000 12.23076923076923 0.84375
26000 11.903846153846153 0.9375
28000 11.942307692307692 0.890625
30000 12.23076923076923 0.9375
32000 12.23076923076923 0.828125
34000 12.346153846153847 0.984375
36000 12.384615384615385 0.84375
38000 12.403846153846153 0.984375
40000 12.192307692307692 0.875
42000 12.48076923076923 0.96875
44000 12.365384615384615 0.828125
46000 12.307692307692308 0.890625
48000 12.442307692307692 0.796875
50000 12.365384615384615 0.875
52000 12.211538461538462 1.046875
54000 12.25 1.078125
56000 12.307692307692308 1.171875
58000 12.365384615384615 1.046875
60000 12.461538461538462 0.84375
62000 12.26923076923077 0.828125
64000 12.26923076923077 1.046875
66000 11.807692307692308 0.828125
68000 11.903846153846153 1.078125
70000 12.01923076923077 0.921875
72000 12.365384615384615 0.84375
74000 12.365384615384615 1.015625
76000 12.48076923076923 0.828125
78000 12.442307692307692 0.828125
80000 12.461538461538462 0.90625
82000 11.673076923076923 0.984375
84000 11.903846153846153 0.953125
86000 12.0 0.828125
88000 11.903846153846153 0.984375
90000 12.096153846153847 0.875
92000 11.826923076923077 0.984375
94000 12.23076923076923 1.015625
96000 12.326923076923077 1.0
98000 12.403846153846153 1.1875
100000 12.442307692307692 1.015625
102000 12.538461538461538 0.953125
104000 12.51923076923077 0.796875
106000 12.615384615384615 1.140625
108000 12.48076923076923 0.796875
110000 12.423076923076923 1.03125
112000 12.48076923076923 1.109375
114000 12.5 0.8125
116000 12.403846153846153 1.078125
118000 12.48076923076923 0.796875
120000 12.326923076923077 0.828125
122000 12.288461538461538 0.828125
124000 12.384615384615385 0.953125
126000 12.346153846153847 0.984375
128000 12.23076923076923 0.84375
130000 12.365384615384615 0.90625
132000 12.423076923076923 0.859375
134000 12.48076923076923 0.734375
136000 12.25 0.96875
138000 12.538461538461538 1.0
140000 11.788461538461538 0.828125
142000 12.01923076923077 0.875
144000 11.692307692307692 0.921875
146000 12.307692307692308 0.921875
148000 12.288461538461538 1.0625
150000 11.923076923076923 0.90625
152000 12.326923076923077 1.078125
154000 12.365384615384615 0.9375
156000 12.173076923076923 0.90625
158000 12.25 0.90625
160000 12.384615384615385 0.96875
162000 12.134615384615385 1.0625
164000 12.153846153846153 0.890625
166000 12.346153846153847 0.90625
168000 12.51923076923077 0.875
170000 12.48076923076923 1.078125
172000 12.557692307692308 0.96875
174000 12.576923076923077 0.828125
176000 12.384615384615385 0.890625
178000 12.5 0.875
180000 12.326923076923077 0.90625
182000 12.288461538461538 0.8125
184000 12.346153846153847 0.859375
186000 12.423076923076923 0.890625
188000 12.442307692307692 0.90625
190000 12.25 0.859375
192000 12.211538461538462 0.84375
194000 12.25 0.875
196000 12.442307692307692 0.96875
198000 12.346153846153847 1.03125
200000 12.5 0.859375
202000 12.692307692307692 1.015625
204000 12.615384615384615 0.8125
206000 12.557692307692308 0.9375
208000 12.423076923076923 0.953125
210000 12.596153846153847 0.921875
212000 12.326923076923077 0.890625
214000 12.557692307692308 0.953125
216000 12.538461538461538 0.890625
218000 12.615384615384615 0.984375
220000 12.153846153846153 0.90625
222000 12.461538461538462 0.828125
224000 12.211538461538462 0.921875
226000 12.596153846153847 0.8125
228000 11.98076923076923 0.9375
230000 12.0 0.859375
232000 12.76923076923077 0.9375
234000 12.538461538461538 0.96875
236000 12.75 0.90625
238000 12.788461538461538 0.828125
240000 12.692307692307692 1.0
242000 12.51923076923077 0.96875
244000 12.576923076923077 0.96875
246000 12.653846153846153 0.9375
248000 12.76923076923077 0.96875
250000 12.73076923076923 0.96875
252000 12.942307692307692 0.84375
254000 12.865384615384615 0.828125
256000 12.826923076923077 0.796875
258000 12.865384615384615 0.96875
260000 12.846153846153847 0.90625
262000 12.673076923076923 0.859375
264000 12.846153846153847 0.90625
266000 12.75 1.125
268000 12.807692307692308 0.859375
270000 12.846153846153847 0.984375
272000 12.634615384615385 0.953125
274000 12.51923076923077 0.84375
276000 12.557692307692308 1.0625
278000 12.865384615384615 1.03125
280000 12.884615384615385 1.125
282000 12.903846153846153 1.125
284000 12.923076923076923 0.90625
286000 12.807692307692308 1.0625
288000 12.75 1.015625
290000 12.75 1.078125
292000 12.865384615384615 0.8125
294000 12.75 0.890625
296000 12.76923076923077 1.0
298000 12.538461538461538 1.0
300000 12.76923076923077 0.859375
302000 12.692307692307692 0.953125
304000 12.692307692307692 0.859375
306000 12.653846153846153 0.953125
308000 12.673076923076923 0.953125
310000 12.75 0.875
312000 12.596153846153847 0.84375
314000 12.48076923076923 1.046875
316000 12.923076923076923 0.84375
318000 12.846153846153847 0.84375
320000 12.826923076923077 0.875
322000 12.923076923076923 0.84375
324000 12.884615384615385 0.890625
326000 12.384615384615385 0.859375
328000 12.634615384615385 0.84375
330000 12.865384615384615 1.1875
332000 12.865384615384615 0.921875
334000 11.961538461538462 0.859375
336000 12.788461538461538 0.96875
338000 12.903846153846153 0.8125
340000 12.846153846153847 1.03125
342000 12.51923076923077 1.0
344000 12.73076923076923 0.875
346000 12.903846153846153 0.859375
348000 12.942307692307692 0.921875
350000 12.75 0.9375
352000 12.673076923076923 1.25
354000 12.846153846153847 0.90625
356000 12.942307692307692 0.84375
358000 12.48076923076923 0.796875
360000 12.634615384615385 0.96875
362000 12.923076923076923 0.921875
364000 13.057692307692308 0.75
366000 12.346153846153847 0.78125
368000 12.423076923076923 0.75
370000 12.73076923076923 0.734375
372000 13.01923076923077 0.875
374000 13.0 0.984375
376000 12.884615384615385 0.765625
378000 12.826923076923077 0.765625
380000 12.5 0.765625
382000 12.653846153846153 0.8125
384000 12.25 0.78125
386000 12.48076923076923 0.9375
388000 12.423076923076923 0.734375
390000 13.0 0.734375
392000 12.98076923076923 1.0
394000 12.884615384615385 0.9375
396000 12.73076923076923 0.75
398000 12.692307692307692 0.75
400000 12.846153846153847 0.765625
402000 12.807692307692308 0.765625
404000 12.788461538461538 0.890625
406000 12.788461538461538 0.8125
408000 12.903846153846153 0.765625
410000 12.865384615384615 0.765625
412000 12.75 1.0625
414000 12.711538461538462 0.8125
416000 12.98076923076923 0.78125
418000 12.942307692307692 0.9375
420000 12.826923076923077 0.765625
422000 12.865384615384615 0.765625
424000 12.961538461538462 0.8125
426000 13.01923076923077 0.953125
428000 13.0 1.0
430000 13.115384615384615 0.734375
432000 12.923076923076923 0.75
434000 12.826923076923077 0.796875
436000 12.75 0.875
438000 13.057692307692308 0.796875
440000 12.942307692307692 1.125
442000 12.942307692307692 0.71875
444000 12.711538461538462 0.8125
446000 12.26923076923077 0.796875
448000 12.0 0.84375
450000 12.865384615384615 0.953125
452000 12.326923076923077 0.71875
454000 12.307692307692308 0.8125
456000 12.557692307692308 1.0
458000 12.51923076923077 0.984375
460000 12.461538461538462 0.796875
462000 12.692307692307692 0.984375
464000 12.711538461538462 0.734375
466000 12.596153846153847 0.84375
468000 12.711538461538462 1.0625
470000 12.942307692307692 0.59375
472000 12.923076923076923 0.46875
474000 12.884615384615385 0.5
476000 12.865384615384615 0.65625
478000 12.884615384615385 0.578125
480000 12.826923076923077 0.578125
482000 12.634615384615385 0.578125
484000 12.653846153846153 0.5625
486000 12.75 0.90625
488000 12.711538461538462 0.53125
490000 12.653846153846153 0.671875
492000 12.75 0.515625
494000 12.75 0.515625
496000 12.884615384615385 0.46875
498000 12.846153846153847 0.515625
500000 12.923076923076923 0.625
