2000 7.269230769230769 0.859375
4000 7.961538461538462 0.84375
6000 9.25 0.84375
8000 10.326923076923077 0.796875
10000 10.384615384615385 0.90625
12000 11.134615384615385 0.8125
14000 11.326923076923077 0.859375
16000 11.711538461538462 0.796875
18000 11.73076923076923 0.90625
20000 11.673076923076923 0.921875
22000 11.76923076923077 0.828125
24000 11.846153846153847 0.953125
26000 11.903846153846153 0.859375
28000 11.51923076923077 0.796875
30000 11.51923076923077 1.0625
32000 11.51923076923077 0.78125
34000 11.76923076923077 0.84375
36000 11.788461538461538 0.984375
38000 11.692307692307692 0.765625
40000 11.653846153846153 0.78125
42000 11.692307692307692 1.109375
44000 11.692307692307692 0.953125
46000 11.807692307692308 0.859375
48000 11.807692307692308 0.90625
50000 11.807692307692308 0.796875
52000 11.807692307692308 0.9375
54000 11.653846153846153 0.890625
56000 11.76923076923077 0.875
58000 11.807692307692308 0.90625
60000 11.634615384615385 0.84375
62000 11.807692307692308 0.84375
64000 11.673076923076923 0.984375
66000 11.48076923076923 0.90625
68000 11.576923076923077 0.8125
70000 11.807692307692308 0.78125
72000 11.807692307692308 0.890625
74000 11.538461538461538 0.984375
76000 11.788461538461538 0.8125
78000 11.634615384615385 0.796875
80000 11.615384615384615 0.96875
82000 11.673076923076923 0.96875
84000 11.653846153846153 1.21875
86000 11.596153846153847 0.984375
88000 11.673076923076923 1.203125
90000 11.596153846153847 0.90625
92000 11.807692307692308 0.875
94000 12.115384615384615 0.859375
96000 11.76923076923077 0.78125
98000 11.615384615384615 0.703125
100000 11.826923076923077 0.984375
102000 12.057692307692308 0.96875
104000 12.01923076923077 0.921875
106000 12.0 1.0
108000 12.134615384615385 0.859375
110000 12.192307692307692 1.140625
112000 11.961538461538462 0.8125
114000 12.0 0.84375
116000 11.76923076923077 1.078125
118000 12.076923076923077 0.9375
120000 11.75 0.890625
122000 12.038461538461538 1.109375
124000 12.057692307692308 1.0
126000 12.134615384615385 1.0625
128000 12.038461538461538 1.140625
130000 12.096153846153847 1.03125
132000 12.326923076923077 0.890625
134000 12.115384615384615 1.015625
136000 12.365384615384615 0.9375
138000 12.134615384615385 1.078125
140000 12.173076923076923 0.890625
142000 12.211538461538462 0.890625
144000 12.153846153846153 0.96875
146000 12.076923076923077 0.953125
148000 12.26923076923077 1.03125
150000 11.961538461538462 1.0
152000 12.134615384615385 0.703125
154000 11.98076923076923 0.96875
156000 11.576923076923077 1.09375
158000 11.923076923076923 1.0625
160000 11.98076923076923 0.796875
162000 12.038461538461538 0.90625
164000 12.23076923076923 0.921875
166000 12.01923076923077 0.8125
168000 12.211538461538462 0.9375
170000 12.0 0.984375
172000 12.01923076923077 0.90625
174000 11.692307692307692 0.78125
176000 12.0 0.84375
178000 11.76923076923077 0.796875
180000 12.115384615384615 0.9375
182000 12.096153846153847 1.046875
184000 12.038461538461538 0.90625
186000 11.788461538461538 0.875
188000 11.346153846153847 0.859375
190000 12.038461538461538 0.890625
192000 12.26923076923077 1.03125
194000 12.134615384615385 0.96875
196000 12.115384615384615 0.8125
198000 12.211538461538462 0.84375
200000 12.076923076923077 0.953125
202000 11.865384615384615 1.125
204000 12.076923076923077 0.875
206000 12.211538461538462 0.828125
208000 12.288461538461538 0.953125
210000 12.25 0.875
212000 12.288461538461538 0.90625
214000 12.096153846153847 0.921875
216000 12.153846153846153 0.96875
218000 12.192307692307692 0.9375
220000 12.01923076923077 0.8125
222000 12.115384615384615 0.984375
224000 12.23076923076923 0.90625
226000 12.26923076923077 0.90625
228000 12.211538461538462 0.90625
230000 12.288461538461538 0.984375
232000 12.26923076923077 0.875
234000 12.26923076923077 1.03125
236000 12.192307692307692 0.96875
238000 12.115384615384615 0.859375
240000 12.346153846153847 0.84375
242000 12.0 0.828125
244000 12.115384615384615 1.03125
246000 12.26923076923077 0.953125
248000 12.23076923076923 0.921875
250000 12.211538461538462 1.0625
252000 12.288461538461538 1.015625
254000 12.288461538461538 0.84375
256000 12.384615384615385 0.796875
258000 12.326923076923077 0.9375
260000 12.153846153846153 0.96875
262000 12.153846153846153 1.03125
264000 12.192307692307692 1.015625
266000 12.288461538461538 0.953125
268000 12.192307692307692 1.0
270000 12.23076923076923 0.9375
272000 11.961538461538462 1.03125
274000 12.23076923076923 0.890625
276000 12.134615384615385 1.0
278000 12.096153846153847 0.890625
280000 12.01923076923077 0.84375
282000 12.153846153846153 0.921875
284000 12.192307692307692 0.921875
286000 12.442307692307692 0.96875
288000 12.461538461538462 0.859375
290000 12.403846153846153 0.828125
292000 12.25 0.953125
294000 12.01923076923077 1.078125
296000 12.134615384615385 0.890625
298000 12.23076923076923 1.03125
300000 12.26923076923077 0.90625
302000 12.25 0.875
304000 12.365384615384615 0.8125
306000 12.192307692307692 0.9375
308000 12.23076923076923 1.078125
310000 12.384615384615385 0.84375
312000 11.98076923076923 0.890625
314000 11.846153846153847 1.078125
316000 12.403846153846153 0.875
318000 12.442307692307692 0.90625
320000 12.25 0.9375
322000 12.153846153846153 0.984375
324000 12.326923076923077 0.984375
326000 12.346153846153847 0.828125
328000 12.25 0.90625
330000 12.288461538461538 1.109375
332000 12.288461538461538 0.953125
334000 12.057692307692308 0.828125
336000 12.115384615384615 0.796875
338000 12.25 0.875
340000 12.442307692307692 0.953125
342000 12.288461538461538 0.96875
344000 12.326923076923077 0.90625
346000 12.326923076923077 0.828125
348000 12.173076923076923 0.90625
350000 12.26923076923077 1.046875
352000 12.076923076923077 0.828125
354000 12.0 0.859375
356000 12.115384615384615 0.953125
358000 11.961538461538462 0.890625
360000 12.096153846153847 0.90625
362000 12.384615384615385 1.0
364000 12.384615384615385 1.0
366000 12.403846153846153 0.84375
368000 12.365384615384615 0.984375
370000 12.326923076923077 0.8125
372000 12.365384615384615 0.96875
374000 11.73076923076923 0.875
376000 12.076923076923077 0.8125
378000 12.134615384615385 0.859375
380000 12.26923076923077 0.96875
382000 12.211538461538462 1.046875
384000 12.326923076923077 0.859375
386000 12.211538461538462 0.90625
388000 12.288461538461538 0.875
390000 12.25 0.765625
392000 12.23076923076923 0.75
394000 12.26923076923077 0.96875
396000 12.23076923076923 0.765625
398000 12.442307692307692 0.734375
400000 12.557692307692308 0.75
402000 12.365384615384615 0.703125
404000 12.115384615384615 0.921875
406000 12.403846153846153 0.78125
408000 12.365384615384615 0.796875
410000 12.326923076923077 1.015625
412000 12.192307692307692 0.75
414000 12.288461538461538 0.828125
416000 12.25 0.75
418000 12.442307692307692 0.765625
420000 12.096153846153847 0.734375
422000 12.461538461538462 0.75
424000 12.23076923076923 1.0
426000 12.057692307692308 0.90625
428000 11.961538461538462 0.765625
430000 12.115384615384615 0.9375
432000 12.288461538461538 0.734375
434000 12.288461538461538 0.78125
436000 12.134615384615385 1.046875
438000 12.096153846153847 0.828125
440000 12.115384615384615 0.765625
442000 12.25 0.765625
444000 12.134615384615385 0.796875
446000 12.307692307692308 0.78125
448000 12.288461538461538 0.8125
450000 12.134615384615385 0.796875
452000 12.25 0.765625
454000 12.173076923076923 0.8125
456000 12.403846153846153 0.765625
458000 12.288461538461538 0.96875
460000 12.173076923076923 0.78125
462000 12.211538461538462 0.953125
464000 12.096153846153847 0.75
466000 12.076923076923077 0.78125
468000 12.0 1.03125
470000 12.057692307692308 0.78125
472000 12.134615384615385 0.71875
474000 12.326923076923077 1.0
476000 12.442307692307692 0.765625
478000 12.365384615384615 0.8125
480000 12.153846153846153 0.78125
482000 12.096153846153847 0.796875
484000 12.288461538461538 0.765625
486000 12.26923076923077 0.734375
488000 12.288461538461538 0.78125
490000 12.307692307692308 0.921875
492000 12.134615384615385 0.890625
494000 12.153846153846153 0.875
496000 12.23076923076923 0.765625
498000 12.153846153846153 0.8125
500000 12.134615384615385 1.015625
