2000 6.961538461538462 0.375
4000 8.01923076923077 0.4375
6000 9.846153846153847 0.390625
8000 10.211538461538462 0.4375
10000 9.634615384615385 0.484375
12000 9.634615384615385 0.3125
14000 10.192307692307692 0.359375
16000 10.057692307692308 0.296875
18000 10.057692307692308 0.3125
20000 9.846153846153847 0.546875
22000 10.134615384615385 0.328125
24000 10.173076923076923 0.359375
26000 10.096153846153847 0.328125
28000 10.134615384615385 0.359375
30000 11.346153846153847 0.4375
32000 11.51923076923077 0.375
34000 11.51923076923077 0.328125
36000 11.51923076923077 0.359375
38000 11.51923076923077 0.3125
40000 11.51923076923077 0.34375
42000 11.51923076923077 0.515625
44000 11.615384615384615 0.390625
46000 11.673076923076923 0.34375
48000 11.653846153846153 0.40625
50000 11.653846153846153 0.328125
52000 11.576923076923077 0.484375
54000 11.557692307692308 0.359375
56000 11.51923076923077 0.359375
58000 11.538461538461538 0.375
60000 11.576923076923077 0.375
62000 11.653846153846153 0.421875
64000 11.615384615384615 0.3125
66000 11.73076923076923 0.390625
68000 11.576923076923077 0.359375
70000 11.384615384615385 0.296875
72000 11.634615384615385 0.390625
74000 11.5 0.46875
76000 11.557692307692308 0.328125
78000 11.557692307692308 0.390625
80000 11.403846153846153 0.328125
82000 11.596153846153847 0.375
84000 11.615384615384615 0.515625
86000 11.634615384615385 0.34375
88000 11.615384615384615 0.34375
90000 11.673076923076923 0.328125
92000 11.846153846153847 0.328125
94000 11.673076923076923 0.484375
96000 11.75 0.28125
98000 11.711538461538462 0.296875
100000 11.653846153846153 0.3125
102000 11.788461538461538 0.28125
104000 11.73076923076923 0.40625
106000 11.711538461538462 0.453125
108000 11.711538461538462 0.34375
110000 11.826923076923077 0.40625
112000 12.076923076923077 0.3125
114000 12.115384615384615 0.40625
116000 11.884615384615385 0.53125
118000 11.942307692307692 0.34375
120000 12.0 0.390625
122000 11.98076923076923 0.34375
124000 12.076923076923077 0.34375
126000 12.057692307692308 0.53125
128000 11.884615384615385 0.3125
130000 12.26923076923077 0.390625
132000 12.538461538461538 0.375
134000 12.173076923076923 0.296875
136000 12.346153846153847 0.375
138000 12.384615384615385 0.46875
140000 12.461538461538462 0.359375
142000 12.134615384615385 0.359375
144000 12.288461538461538 0.375
146000 11.961538461538462 0.375
148000 12.192307692307692 0.53125
150000 12.48076923076923 0.421875
152000 12.576923076923077 0.3125
154000 12.51923076923077 0.390625
156000 12.461538461538462 0.359375
158000 12.288461538461538 0.40625
160000 12.576923076923077 0.375
162000 11.903846153846153 0.4375
164000 12.346153846153847 0.390625
166000 12.26923076923077 0.359375
168000 12.192307692307692 0.4375
170000 11.942307692307692 0.5625
172000 12.48076923076923 0.34375
174000 12.653846153846153 0.453125
176000 12.442307692307692 0.328125
178000 12.423076923076923 0.328125
180000 12.73076923076923 0.4375
182000 12.288461538461538 0.34375
184000 12.403846153846153 0.34375
186000 11.98076923076923 0.375
188000 12.51923076923077 0.40625
190000 12.23076923076923 0.5
192000 12.25 0.359375
194000 12.365384615384615 0.34375
196000 12.307692307692308 0.359375
198000 12.423076923076923 0.375
200000 12.538461538461538 0.390625
202000 12.634615384615385 0.515625
204000 12.423076923076923 0.34375
206000 12.442307692307692 0.359375
208000 12.403846153846153 0.296875
210000 12.75 0.484375
212000 12.673076923076923 0.390625
214000 12.692307692307692 0.390625
216000 12.692307692307692 0.34375
218000 12.653846153846153 0.296875
220000 12.711538461538462 0.34375
222000 12.73076923076923 0.53125
224000 12.653846153846153 0.296875
226000 12.326923076923077 0.328125
228000 12.75 0.34375
230000 12.692307692307692 0.375
232000 12.692307692307692 0.390625
234000 12.76923076923077 0.484375
236000 12.75 0.296875
238000 12.711538461538462 0.34375
240000 12.423076923076923 0.375
242000 12.615384615384615 0.359375
244000 12.807692307692308 0.484375
246000 12.673076923076923 0.328125
248000 12.673076923076923 0.34375
250000 12.692307692307692 0.34375
252000 12.5 0.34375
254000 12.48076923076923 0.4375
256000 12.596153846153847 0.390625
258000 12.442307692307692 0.328125
260000 12.596153846153847 0.328125
262000 12.538461538461538 0.40625
264000 12.596153846153847 0.421875
266000 12.288461538461538 0.4375
268000 12.596153846153847 0.421875
270000 12.692307692307692 0.421875
272000 12.23076923076923 0.359375
274000 12.5 0.34375
276000 12.653846153846153 0.4375
278000 12.653846153846153 0.328125
280000 12.423076923076923 0.390625
282000 12.576923076923077 0.328125
284000 12.615384615384615 0.296875
286000 12.576923076923077 0.421875
288000 12.73076923076923 0.359375
290000 12.442307692307692 0.328125
292000 12.48076923076923 0.40625
294000 12.288461538461538 0.4375
296000 12.5 0.390625
298000 12.673076923076923 0.484375
300000 12.23076923076923 0.28125
302000 12.692307692307692 0.3125
304000 12.576923076923077 0.34375
306000 12.423076923076923 0.46875
308000 12.384615384615385 0.5
310000 12.192307692307692 0.3125
312000 12.48076923076923 0.296875
314000 12.423076923076923 0.296875
316000 12.153846153846153 0.34375
318000 12.557692307692308 0.390625
320000 11.846153846153847 0.375
322000 12.23076923076923 0.328125
324000 11.557692307692308 0.34375
326000 12.076923076923077 0.296875
328000 12.384615384615385 0.390625
330000 11.903846153846153 0.5
332000 12.461538461538462 0.28125
334000 12.365384615384615 0.234375
336000 11.51923076923077 0.265625
338000 11.98076923076923 0.28125
340000 12.076923076923077 0.40625
342000 11.807692307692308 0.1875
344000 12.192307692307692 0.1875
346000 12.076923076923077 0.21875
348000 12.384615384615385 0.28125
350000 12.653846153846153 0.359375
352000 12.596153846153847 0.203125
354000 12.826923076923077 0.203125
356000 12.26923076923077 0.25
358000 12.153846153846153 0.234375
360000 12.307692307692308 0.375
362000 11.961538461538462 0.390625
364000 12.173076923076923 0.21875
366000 12.115384615384615 0.1875
368000 12.73076923076923 0.296875
370000 12.403846153846153 0.34375
372000 12.115384615384615 0.390625
374000 12.115384615384615 0.1875
376000 11.75 0.1875
378000 11.961538461538462 0.21875
380000 12.538461538461538 0.296875
382000 12.423076923076923 0.359375
384000 12.615384615384615 0.203125
386000 12.423076923076923 0.1875
388000 12.461538461538462 0.234375
390000 12.442307692307692 0.3125
392000 12.288461538461538 0.328125
394000 12.384615384615385 0.421875
396000 12.134615384615385 0.25
398000 11.903846153846153 0.1875
400000 12.076923076923077 0.25
402000 12.192307692307692 0.28125
404000 12.673076923076923 0.40625
406000 12.538461538461538 0.28125
408000 12.51923076923077 0.265625
410000 12.5 0.25
412000 12.384615384615385 0.28125
414000 12.346153846153847 0.375
416000 12.26923076923077 0.171875
418000 12.423076923076923 0.1875
420000 12.673076923076923 0.28125
422000 12.48076923076923 0.265625
424000 12.25 0.375
426000 12.75 0.421875
428000 12.711538461538462 0.25
430000 12.576923076923077 0.21875
432000 12.73076923076923 0.328125
434000 12.634615384615385 0.296875
436000 12.692307692307692 0.375
438000 12.557692307692308 0.296875
440000 12.326923076923077 0.25
442000 12.365384615384615 0.328125
444000 12.423076923076923 0.3125
446000 12.73076923076923 0.453125
448000 12.615384615384615 0.296875
450000 12.653846153846153 0.265625
452000 12.576923076923077 0.375
454000 12.423076923076923 0.359375
456000 12.384615384615385 0.453125
458000 12.346153846153847 0.5
460000 12.48076923076923 0.28125
462000 12.576923076923077 0.34375
464000 12.557692307692308 0.28125
466000 12.51923076923077 0.359375
468000 12.326923076923077 0.421875
470000 12.461538461538462 0.3125
472000 12.576923076923077 0.328125
474000 12.48076923076923 0.28125
476000 12.48076923076923 0.375
478000 12.423076923076923 0.4375
480000 12.576923076923077 0.34375
482000 12.596153846153847 0.28125
484000 12.576923076923077 0.28125
486000 12.48076923076923 0.34375
488000 12.48076923076923 0.421875
490000 12.576923076923077 0.484375
492000 12.557692307692308 0.3125
494000 12.442307692307692 0.3125
496000 12.5 0.4375
498000 12.5 0.390625
500000 12.48076923076923 0.453125
