2000 2.1346153846153846 1.6538461538461537 128.48076923076923 0.04326923076923077 135.46153846153845 45.30769230769231 0.0 45.30769230769231 0.4873202999588102
4000 3.75 3.6923076923076925 127.15384615384616 0.09935897435897437 135.46153846153845 45.30769230769231 0.0 45.30769230769231 0.5295108000282198
6000 2.826923076923077 2.5576923076923075 127.8076923076923 0.09455128205128206 135.46153846153845 45.30769230769231 0.0 45.30769230769231 0.4656807000283152
8000 4.423076923076923 4.230769230769231 125.65384615384616 0.24038461538461536 135.46153846153845 45.30769230769231 0.0 45.30769230769231 0.5592499999329448
10000 12.01923076923077 12.01923076923077 123.71153846153847 0.2980769230769231 135.46153846153845 45.30769230769231 0.0 45.30769230769231 0.6543268000241369
12000 9.73076923076923 9.692307692307692 124.57692307692308 0.24519230769230765 135.46153846153845 45.30769230769231 0.0 45.30769230769231 0.49132389994338155
14000 12.01923076923077 12.01923076923077 123.71153846153847 0.2980769230769231 135.46153846153845 45.30769230769231 0.0 45.30769230769231 0.5581135000102222
16000 12.01923076923077 12.01923076923077 123.71153846153847 0.2980769230769231 135.46153846153845 45.30769230769231 0.0 45.30769230769231 0.4816942000761628
18000 12.01923076923077 12.01923076923077 123.71153846153847 0.2980769230769231 135.46153846153845 45.30769230769231 0.0 45.30769230769231 0.4320573001168668
20000 12.01923076923077 12.01923076923077 123.71153846153847 0.2980769230769231 135.46153846153845 45.30769230769231 0.0 45.30769230769231 0.4789015999995172
22000 12.01923076923077 12.01923076923077 123.71153846153847 0.2980769230769231 135.46153846153845 45.30769230769231 0.0 45.30769230769231 0.47161469981074333
24000 12.288461538461538 12.288461538461538 123.67307692307692 0.3044871794871795 135.46153846153845 45.30769230769231 0.0 45.30769230769231 0.47626359993591905
26000 12.173076923076923 12.173076923076923 123.67307692307692 0.3044871794871795 135.46153846153845 45.30769230769231 0.0 45.30769230769231 0.5056296999100596
28000 12.173076923076923 12.173076923076923 123.67307692307692 0.3044871794871795 135.46153846153845 45.30769230769231 0.0 45.30769230769231 0.46643420006148517
30000 12.538461538461538 12.538461538461538 123.63461538461539 0.3044871794871795 135.46153846153845 45.30769230769231 0.0 45.30769230769231 0.485631899908185
32000 12.538461538461538 12.538461538461538 123.63461538461539 0.3044871794871795 135.46153846153845 45.30769230769231 0.0 45.30769230769231 0.47546200011856854
34000 48.61538461538461 48.61538461538461 119.71153846153847 0.42948717948717946 135.46153846153845 45.30769230769231 0.0 45.30769230769231 0.5101812998764217
36000 48.61538461538461 48.61538461538461 119.71153846153847 0.42948717948717946 135.46153846153845 45.30769230769231 0.0 45.30769230769231 0.4464552002027631
38000 48.61538461538461 48.61538461538461 119.71153846153847 0.42948717948717946 135.46153846153845 45.30769230769231 0.0 45.30769230769231 0.4777532001025975
40000 48.61538461538461 48.61538461538461 119.71153846153847 0.42948717948717946 135.46153846153845 45.30769230769231 0.0 45.30769230769231 0.47309770015999675
42000 48.61538461538461 48.61538461538461 119.71153846153847 0.42948717948717946 135.46153846153845 45.30769230769231 0.0 45.30769230769231 0.5106683000922203
44000 48.61538461538461 48.61538461538461 119.71153846153847 0.42948717948717946 135.46153846153845 45.30769230769231 0.0 45.30769230769231 0.4636859002057463
46000 48.61538461538461 48.61538461538461 119.71153846153847 0.42948717948717946 135.46153846153845 45.30769230769231 0.0 45.30769230769231 0.46287130005657673
48000 48.61538461538461 48.61538461538461 119.71153846153847 0.42948717948717946 135.46153846153845 45.30769230769231 0.0 45.30769230769231 0.46940060006454587
50000 48.61538461538461 48.61538461538461 119.71153846153847 0.42948717948717946 135.46153846153845 45.30769230769231 0.0 45.30769230769231 0.4623665001709014
52000 48.61538461538461 48.61538461538461 119.71153846153847 0.42948717948717946 135.46153846153845 45.30769230769231 0.0 45.30769230769231 0.513233199948445
54000 48.61538461538461 48.61538461538461 119.71153846153847 0.42948717948717946 135.46153846153845 45.30769230769231 0.0 45.30769230769231 0.4871115998830646
56000 48.61538461538461 48.61538461538461 119.71153846153847 0.42948717948717946 135.46153846153845 45.30769230769231 0.0 45.30769230769231 0.5395404000300914
58000 48.61538461538461 48.61538461538461 119.71153846153847 0.42948717948717946 135.46153846153845 45.30769230769231 0.0 45.30769230769231 0.4879380001220852
60000 48.61538461538461 48.61538461538461 119.71153846153847 0.42948717948717946 135.46153846153845 45.30769230769231 0.0 45.30769230769231 0.5033144999761134
62000 48.61538461538461 48.61538461538461 119.71153846153847 0.42948717948717946 135.46153846153845 45.30769230769231 0.0 45.30769230769231 0.5050413000863045
64000 48.61538461538461 48.61538461538461 119.71153846153847 0.42948717948717946 135.46153846153845 45.30769230769231 0.0 45.30769230769231 0.4666420000139624
66000 48.61538461538461 48.61538461538461 119.71153846153847 0.42948717948717946 135.46153846153845 45.30769230769231 0.0 45.30769230769231 0.5789281998295337
68000 48.61538461538461 48.61538461538461 119.71153846153847 0.42948717948717946 135.46153846153845 45.30769230769231 0.0 45.30769230769231 0.537309099920094
70000 48.61538461538461 48.61538461538461 119.71153846153847 0.42948717948717946 135.46153846153845 45.30769230769231 0.0 45.30769230769231 0.5359195000492036
72000 48.61538461538461 48.61538461538461 119.71153846153847 0.42948717948717946 135.46153846153845 45.30769230769231 0.0 45.30769230769231 0.5733405000064522
74000 48.61538461538461 48.61538461538461 119.71153846153847 0.42948717948717946 135.46153846153845 45.30769230769231 0.0 45.30769230769231 0.5277736000716686
76000 48.61538461538461 48.61538461538461 119.71153846153847 0.42948717948717946 135.46153846153845 45.30769230769231 0.0 45.30769230769231 0.5226206001825631
78000 48.61538461538461 48.61538461538461 119.71153846153847 0.42948717948717946 135.46153846153845 45.30769230769231 0.0 45.30769230769231 0.5085613999981433
80000 48.61538461538461 48.61538461538461 119.71153846153847 0.42948717948717946 135.46153846153845 45.30769230769231 0.0 45.30769230769231 0.5277839000336826
82000 48.61538461538461 48.61538461538461 119.71153846153847 0.42948717948717946 135.46153846153845 45.30769230769231 0.0 45.30769230769231 0.5212091000285
84000 48.61538461538461 48.61538461538461 119.71153846153847 0.42948717948717946 135.46153846153845 45.30769230769231 0.0 45.30769230769231 0.4990371000021696
86000 48.61538461538461 48.61538461538461 119.71153846153847 0.42948717948717946 135.46153846153845 45.30769230769231 0.0 45.30769230769231 0.4876131999772042
88000 48.61538461538461 48.61538461538461 119.71153846153847 0.42948717948717946 135.46153846153845 45.30769230769231 0.0 45.30769230769231 0.5465681999921799
90000 48.61538461538461 48.61538461538461 119.71153846153847 0.42948717948717946 135.46153846153845 45.30769230769231 0.0 45.30769230769231 0.5165844999719411
92000 48.61538461538461 48.61538461538461 119.71153846153847 0.42948717948717946 135.46153846153845 45.30769230769231 0.0 45.30769230769231 0.4883482998702675
94000 48.61538461538461 48.61538461538461 119.71153846153847 0.42948717948717946 135.46153846153845 45.30769230769231 0.0 45.30769230769231 0.45483259996399283
96000 48.61538461538461 48.61538461538461 119.71153846153847 0.42948717948717946 135.46153846153845 45.30769230769231 0.0 45.30769230769231 0.4785043001174927
98000 48.61538461538461 48.61538461538461 119.71153846153847 0.42948717948717946 135.46153846153845 45.30769230769231 0.0 45.30769230769231 0.468703499995172
100000 48.61538461538461 48.61538461538461 119.71153846153847 0.42948717948717946 135.46153846153845 45.30769230769231 0.0 45.30769230769231 0.4691039000172168
102000 48.61538461538461 48.61538461538461 119.71153846153847 0.42948717948717946 135.46153846153845 45.30769230769231 0.0 45.30769230769231 0.48687559994868934
104000 48.61538461538461 48.61538461538461 119.71153846153847 0.42948717948717946 135.46153846153845 45.30769230769231 0.0 45.30769230769231 0.551123799989
106000 48.61538461538461 48.61538461538461 119.71153846153847 0.42948717948717946 135.46153846153845 45.30769230769231 0.0 45.30769230769231 0.49629250005818903
108000 48.61538461538461 48.61538461538461 119.71153846153847 0.42948717948717946 135.46153846153845 45.30769230769231 0.0 45.30769230769231 0.5281433998607099
110000 48.61538461538461 48.61538461538461 119.71153846153847 0.42948717948717946 135.46153846153845 45.30769230769231 0.0 45.30769230769231 0.48284459998831153
112000 48.61538461538461 48.61538461538461 119.71153846153847 0.42948717948717946 135.46153846153845 45.30769230769231 0.0 45.30769230769231 0.4690278999041766
114000 48.61538461538461 48.61538461538461 119.71153846153847 0.42948717948717946 135.46153846153845 45.30769230769231 0.0 45.30769230769231 0.5049670999869704
116000 48.61538461538461 48.61538461538461 119.71153846153847 0.42948717948717946 135.46153846153845 45.30769230769231 0.0 45.30769230769231 0.5010621999390423
118000 48.61538461538461 48.61538461538461 119.71153846153847 0.42948717948717946 135.46153846153845 45.30769230769231 0.0 45.30769230769231 0.48947590007446706
120000 48.61538461538461 48.61538461538461 119.71153846153847 0.42948717948717946 135.46153846153845 45.30769230769231 0.0 45.30769230769231 0.5074489000253379
122000 48.61538461538461 48.61538461538461 119.71153846153847 0.42948717948717946 135.46153846153845 45.30769230769231 0.0 45.30769230769231 0.49037940008565784
124000 48.61538461538461 48.61538461538461 119.71153846153847 0.42948717948717946 135.46153846153845 45.30769230769231 0.0 45.30769230769231 0.4579897001385689
126000 48.61538461538461 48.61538461538461 119.71153846153847 0.42948717948717946 135.46153846153845 45.30769230769231 0.0 45.30769230769231 0.499038300011307
128000 48.61538461538461 48.61538461538461 119.71153846153847 0.42948717948717946 135.46153846153845 45.30769230769231 0.0 45.30769230769231 0.4755192000884563
130000 48.61538461538461 48.61538461538461 119.71153846153847 0.42948717948717946 135.46153846153845 45.30769230769231 0.0 45.30769230769231 0.4703381999861449
132000 48.61538461538461 48.61538461538461 119.71153846153847 0.42948717948717946 135.46153846153845 45.30769230769231 0.0 45.30769230769231 0.4968820000067353
134000 48.61538461538461 48.61538461538461 119.71153846153847 0.42948717948717946 135.46153846153845 45.30769230769231 0.0 45.30769230769231 0.4571517000440508
136000 48.61538461538461 48.61538461538461 119.71153846153847 0.42948717948717946 135.46153846153845 45.30769230769231 0.0 45.30769230769231 0.5277434000745416
138000 48.61538461538461 48.61538461538461 119.71153846153847 0.42948717948717946 135.46153846153845 45.30769230769231 0.0 45.30769230769231 0.5276484999340028
140000 48.61538461538461 48.61538461538461 119.71153846153847 0.42948717948717946 135.46153846153845 45.30769230769231 0.0 45.30769230769231 0.5009533001575619
142000 48.61538461538461 48.61538461538461 119.71153846153847 0.42948717948717946 135.46153846153845 45.30769230769231 0.0 45.30769230769231 0.4943650998175144
144000 48.61538461538461 48.61538461538461 119.71153846153847 0.42948717948717946 135.46153846153845 45.30769230769231 0.0 45.30769230769231 0.5615723999217153
146000 48.61538461538461 48.61538461538461 119.71153846153847 0.42948717948717946 135.46153846153845 45.30769230769231 0.0 45.30769230769231 0.5191796999424696
148000 48.61538461538461 48.61538461538461 119.71153846153847 0.42948717948717946 135.46153846153845 45.30769230769231 0.0 45.30769230769231 0.4798473999835551
150000 48.61538461538461 48.61538461538461 119.71153846153847 0.42948717948717946 135.46153846153845 45.30769230769231 0.0 45.30769230769231 0.5283158000092953
152000 48.61538461538461 48.61538461538461 119.71153846153847 0.42948717948717946 135.46153846153845 45.30769230769231 0.0 45.30769230769231 0.4931499999947846
154000 48.61538461538461 48.61538461538461 119.71153846153847 0.42948717948717946 135.46153846153845 45.30769230769231 0.0 45.30769230769231 0.530353199923411
156000 48.61538461538461 48.61538461538461 119.71153846153847 0.42948717948717946 135.46153846153845 45.30769230769231 0.0 45.30769230769231 0.5086681998800486
158000 48.61538461538461 48.61538461538461 119.71153846153847 0.42948717948717946 135.46153846153845 45.30769230769231 0.0 45.30769230769231 0.4994435999542475
160000 48.61538461538461 48.61538461538461 119.71153846153847 0.42948717948717946 135.46153846153845 45.30769230769231 0.0 45.30769230769231 0.5189828998409212
162000 48.61538461538461 48.61538461538461 119.71153846153847 0.42948717948717946 135.46153846153845 45.30769230769231 0.0 45.30769230769231 0.5227558000478894
164000 48.61538461538461 48.61538461538461 119.71153846153847 0.42948717948717946 135.46153846153845 45.30769230769231 0.0 45.30769230769231 0.5004741998855025
166000 48.61538461538461 48.61538461538461 119.71153846153847 0.42948717948717946 135.46153846153845 45.30769230769231 0.0 45.30769230769231 0.5102269998751581
168000 48.61538461538461 48.61538461538461 119.71153846153847 0.42948717948717946 135.46153846153845 45.30769230769231 0.0 45.30769230769231 0.56163559993729
170000 48.61538461538461 48.61538461538461 119.71153846153847 0.42948717948717946 135.46153846153845 45.30769230769231 0.0 45.30769230769231 0.5337463000323623
172000 48.61538461538461 48.61538461538461 119.71153846153847 0.42948717948717946 135.46153846153845 45.30769230769231 0.0 45.30769230769231 0.49663449986837804
174000 48.61538461538461 48.61538461538461 119.71153846153847 0.42948717948717946 135.46153846153845 45.30769230769231 0.0 45.30769230769231 0.4650681000202894
176000 48.61538461538461 48.61538461538461 119.71153846153847 0.42948717948717946 135.46153846153845 45.30769230769231 0.0 45.30769230769231 0.5029595999512821
178000 48.61538461538461 48.61538461538461 119.71153846153847 0.42948717948717946 135.46153846153845 45.30769230769231 0.0 45.30769230769231 0.4645132999867201
180000 48.61538461538461 48.61538461538461 119.71153846153847 0.42948717948717946 135.46153846153845 45.30769230769231 0.0 45.30769230769231 0.46554729994386435
182000 48.61538461538461 48.61538461538461 119.71153846153847 0.42948717948717946 135.46153846153845 45.30769230769231 0.0 45.30769230769231 0.46795790013857186
184000 48.61538461538461 48.61538461538461 119.71153846153847 0.42948717948717946 135.46153846153845 45.30769230769231 0.0 45.30769230769231 0.4690469999331981
186000 48.61538461538461 48.61538461538461 119.71153846153847 0.42948717948717946 135.46153846153845 45.30769230769231 0.0 45.30769230769231 0.46954309986904263
188000 48.61538461538461 48.61538461538461 119.71153846153847 0.42948717948717946 135.46153846153845 45.30769230769231 0.0 45.30769230769231 0.4422986002173275
190000 48.61538461538461 48.61538461538461 119.71153846153847 0.42948717948717946 135.46153846153845 45.30769230769231 0.0 45.30769230769231 0.45961240003816783
192000 48.61538461538461 48.61538461538461 119.71153846153847 0.42948717948717946 135.46153846153845 45.30769230769231 0.0 45.30769230769231 0.4834737000055611
194000 48.61538461538461 48.61538461538461 119.71153846153847 0.42948717948717946 135.46153846153845 45.30769230769231 0.0 45.30769230769231 0.43797109997831285
196000 48.61538461538461 48.61538461538461 119.71153846153847 0.42948717948717946 135.46153846153845 45.30769230769231 0.0 45.30769230769231 0.4870464000850916
198000 48.61538461538461 48.61538461538461 119.71153846153847 0.42948717948717946 135.46153846153845 45.30769230769231 0.0 45.30769230769231 0.5075122001580894
200000 48.61538461538461 48.61538461538461 119.71153846153847 0.42948717948717946 135.46153846153845 45.30769230769231 0.0 45.30769230769231 0.4889932998921722
202000 48.61538461538461 48.61538461538461 119.71153846153847 0.42948717948717946 135.46153846153845 45.30769230769231 0.0 45.30769230769231 0.4660568998660892
204000 48.61538461538461 48.61538461538461 119.71153846153847 0.42948717948717946 135.46153846153845 45.30769230769231 0.0 45.30769230769231 0.5645977000240237
206000 48.61538461538461 48.61538461538461 119.71153846153847 0.42948717948717946 135.46153846153845 45.30769230769231 0.0 45.30769230769231 0.48471010010689497
208000 48.61538461538461 48.61538461538461 119.71153846153847 0.42948717948717946 135.46153846153845 45.30769230769231 0.0 45.30769230769231 0.5121434999164194
210000 48.61538461538461 48.61538461538461 119.71153846153847 0.42948717948717946 135.46153846153845 45.30769230769231 0.0 45.30769230769231 0.44685409986414015
212000 48.61538461538461 48.61538461538461 119.71153846153847 0.42948717948717946 135.46153846153845 45.30769230769231 0.0 45.30769230769231 0.46506309998221695
214000 48.61538461538461 48.61538461538461 119.71153846153847 0.42948717948717946 135.46153846153845 45.30769230769231 0.0 45.30769230769231 0.4456200001295656
216000 48.61538461538461 48.61538461538461 119.71153846153847 0.42948717948717946 135.46153846153845 45.30769230769231 0.0 45.30769230769231 0.45704100001603365
218000 48.61538461538461 48.61538461538461 119.71153846153847 0.42948717948717946 135.46153846153845 45.30769230769231 0.0 45.30769230769231 0.45192150003276765
220000 48.61538461538461 48.61538461538461 119.71153846153847 0.42948717948717946 135.46153846153845 45.30769230769231 0.0 45.30769230769231 0.5031101999338716
222000 48.61538461538461 48.61538461538461 119.71153846153847 0.42948717948717946 135.46153846153845 45.30769230769231 0.0 45.30769230769231 0.4634416999761015
224000 48.61538461538461 48.61538461538461 119.71153846153847 0.42948717948717946 135.46153846153845 45.30769230769231 0.0 45.30769230769231 0.44803770002909005
226000 48.61538461538461 48.61538461538461 119.71153846153847 0.42948717948717946 135.46153846153845 45.30769230769231 0.0 45.30769230769231 0.530378800118342
228000 48.61538461538461 48.61538461538461 119.71153846153847 0.42948717948717946 135.46153846153845 45.30769230769231 0.0 45.30769230769231 0.4538352999370545
230000 48.61538461538461 48.61538461538461 119.71153846153847 0.42948717948717946 135.46153846153845 45.30769230769231 0.0 45.30769230769231 0.4722450999543071
232000 48.61538461538461 48.61538461538461 119.71153846153847 0.42948717948717946 135.46153846153845 45.30769230769231 0.0 45.30769230769231 0.4809453000780195
234000 48.61538461538461 48.61538461538461 119.71153846153847 0.42948717948717946 135.46153846153845 45.30769230769231 0.0 45.30769230769231 0.46464739996008575
236000 48.61538461538461 48.61538461538461 119.71153846153847 0.42948717948717946 135.46153846153845 45.30769230769231 0.0 45.30769230769231 0.5068600999657065
238000 48.61538461538461 48.61538461538461 119.71153846153847 0.42948717948717946 135.46153846153845 45.30769230769231 0.0 45.30769230769231 0.477057300042361
240000 48.61538461538461 48.61538461538461 119.71153846153847 0.42948717948717946 135.46153846153845 45.30769230769231 0.0 45.30769230769231 0.4578869000542909
242000 48.61538461538461 48.61538461538461 119.71153846153847 0.42948717948717946 135.46153846153845 45.30769230769231 0.0 45.30769230769231 0.466269499855116
244000 48.61538461538461 48.61538461538461 119.71153846153847 0.42948717948717946 135.46153846153845 45.30769230769231 0.0 45.30769230769231 0.47300340002402663
246000 48.61538461538461 48.61538461538461 119.71153846153847 0.42948717948717946 135.46153846153845 45.30769230769231 0.0 45.30769230769231 0.45972689986228943
248000 48.61538461538461 48.61538461538461 119.71153846153847 0.42948717948717946 135.46153846153845 45.30769230769231 0.0 45.30769230769231 0.4709584000520408
250000 48.61538461538461 48.61538461538461 119.71153846153847 0.42948717948717946 135.46153846153845 45.30769230769231 0.0 45.30769230769231 0.47095709992572665
252000 48.61538461538461 48.61538461538461 119.71153846153847 0.42948717948717946 135.46153846153845 45.30769230769231 0.0 45.30769230769231 0.45781060005538166
254000 48.61538461538461 48.61538461538461 119.71153846153847 0.42948717948717946 135.46153846153845 45.30769230769231 0.0 45.30769230769231 0.4657205999828875
256000 48.61538461538461 48.61538461538461 119.71153846153847 0.42948717948717946 135.46153846153845 45.30769230769231 0.0 45.30769230769231 0.45902379998005927
258000 48.61538461538461 48.61538461538461 119.71153846153847 0.42948717948717946 135.46153846153845 45.30769230769231 0.0 45.30769230769231 0.4380087999161333
260000 48.61538461538461 48.61538461538461 119.71153846153847 0.42948717948717946 135.46153846153845 45.30769230769231 0.0 45.30769230769231 0.42706270003691316
262000 48.61538461538461 48.61538461538461 119.71153846153847 0.42948717948717946 135.46153846153845 45.30769230769231 0.0 45.30769230769231 0.43314080010168254
264000 48.61538461538461 48.61538461538461 119.71153846153847 0.42948717948717946 135.46153846153845 45.30769230769231 0.0 45.30769230769231 0.43519330001436174
266000 48.61538461538461 48.61538461538461 119.71153846153847 0.42948717948717946 135.46153846153845 45.30769230769231 0.0 45.30769230769231 0.43454799987375736
268000 48.61538461538461 48.61538461538461 119.71153846153847 0.42948717948717946 135.46153846153845 45.30769230769231 0.0 45.30769230769231 0.43199760001152754
270000 48.61538461538461 48.61538461538461 119.71153846153847 0.42948717948717946 135.46153846153845 45.30769230769231 0.0 45.30769230769231 0.4359559998847544
272000 48.61538461538461 48.61538461538461 119.71153846153847 0.42948717948717946 135.46153846153845 45.30769230769231 0.0 45.30769230769231 0.42902169981971383
274000 48.61538461538461 48.61538461538461 119.71153846153847 0.42948717948717946 135.46153846153845 45.30769230769231 0.0 45.30769230769231 0.43354130000807345
276000 48.61538461538461 48.61538461538461 119.71153846153847 0.42948717948717946 135.46153846153845 45.30769230769231 0.0 45.30769230769231 0.43715390004217625
278000 48.61538461538461 48.61538461538461 119.71153846153847 0.42948717948717946 135.46153846153845 45.30769230769231 0.0 45.30769230769231 0.6768851999659091
280000 48.61538461538461 48.61538461538461 119.71153846153847 0.42948717948717946 135.46153846153845 45.30769230769231 0.0 45.30769230769231 0.7184647999238223
282000 48.61538461538461 48.61538461538461 119.71153846153847 0.42948717948717946 135.46153846153845 45.30769230769231 0.0 45.30769230769231 0.9699042001739144
284000 48.61538461538461 48.61538461538461 119.71153846153847 0.42948717948717946 135.46153846153845 45.30769230769231 0.0 45.30769230769231 0.6764834001660347
286000 48.61538461538461 48.61538461538461 119.71153846153847 0.42948717948717946 135.46153846153845 45.30769230769231 0.0 45.30769230769231 0.6446847000624985
288000 48.61538461538461 48.61538461538461 119.71153846153847 0.42948717948717946 135.46153846153845 45.30769230769231 0.0 45.30769230769231 0.6957942000590265
290000 48.61538461538461 48.61538461538461 119.71153846153847 0.42948717948717946 135.46153846153845 45.30769230769231 0.0 45.30769230769231 0.5597232000436634
292000 48.61538461538461 48.61538461538461 119.71153846153847 0.42948717948717946 135.46153846153845 45.30769230769231 0.0 45.30769230769231 0.5314027999993414
294000 48.61538461538461 48.61538461538461 119.71153846153847 0.42948717948717946 135.46153846153845 45.30769230769231 0.0 45.30769230769231 0.5003120999317616
296000 48.61538461538461 48.61538461538461 119.71153846153847 0.42948717948717946 135.46153846153845 45.30769230769231 0.0 45.30769230769231 0.6218879998195916
298000 48.61538461538461 48.61538461538461 119.71153846153847 0.42948717948717946 135.46153846153845 45.30769230769231 0.0 45.30769230769231 0.6642008000053465
300000 48.61538461538461 48.61538461538461 119.71153846153847 0.42948717948717946 135.46153846153845 45.30769230769231 0.0 45.30769230769231 0.5357397000771016
302000 48.61538461538461 48.61538461538461 119.71153846153847 0.42948717948717946 135.46153846153845 45.30769230769231 0.0 45.30769230769231 0.5410565000493079
304000 48.61538461538461 48.61538461538461 119.71153846153847 0.42948717948717946 135.46153846153845 45.30769230769231 0.0 45.30769230769231 0.5330268999096006
306000 48.61538461538461 48.61538461538461 119.71153846153847 0.42948717948717946 135.46153846153845 45.30769230769231 0.0 45.30769230769231 0.5988385998643935
308000 48.61538461538461 48.61538461538461 119.71153846153847 0.42948717948717946 135.46153846153845 45.30769230769231 0.0 45.30769230769231 0.5592520001810044
310000 48.61538461538461 48.61538461538461 119.71153846153847 0.42948717948717946 135.46153846153845 45.30769230769231 0.0 45.30769230769231 0.5601031000260264
312000 48.61538461538461 48.61538461538461 119.71153846153847 0.42948717948717946 135.46153846153845 45.30769230769231 0.0 45.30769230769231 0.5387702998705208
314000 48.61538461538461 48.61538461538461 119.71153846153847 0.42948717948717946 135.46153846153845 45.30769230769231 0.0 45.30769230769231 0.5868367999792099
316000 48.61538461538461 48.61538461538461 119.71153846153847 0.42948717948717946 135.46153846153845 45.30769230769231 0.0 45.30769230769231 0.4404228001367301
318000 48.61538461538461 48.61538461538461 119.71153846153847 0.42948717948717946 135.46153846153845 45.30769230769231 0.0 45.30769230769231 0.46757330000400543
320000 48.61538461538461 48.61538461538461 119.71153846153847 0.42948717948717946 135.46153846153845 45.30769230769231 0.0 45.30769230769231 0.44627349986694753
322000 48.61538461538461 48.61538461538461 119.71153846153847 0.42948717948717946 135.46153846153845 45.30769230769231 0.0 45.30769230769231 0.44136660010553896
324000 48.61538461538461 48.61538461538461 119.71153846153847 0.42948717948717946 135.46153846153845 45.30769230769231 0.0 45.30769230769231 0.43587779998779297
326000 48.61538461538461 48.61538461538461 119.71153846153847 0.42948717948717946 135.46153846153845 45.30769230769231 0.0 45.30769230769231 0.44375120010226965
328000 48.61538461538461 48.61538461538461 119.71153846153847 0.42948717948717946 135.46153846153845 45.30769230769231 0.0 45.30769230769231 0.4330069001298398
330000 48.61538461538461 48.61538461538461 119.71153846153847 0.42948717948717946 135.46153846153845 45.30769230769231 0.0 45.30769230769231 0.4651772000361234
332000 48.61538461538461 48.61538461538461 119.71153846153847 0.42948717948717946 135.46153846153845 45.30769230769231 0.0 45.30769230769231 0.44965559989213943
334000 48.61538461538461 48.61538461538461 119.71153846153847 0.42948717948717946 135.46153846153845 45.30769230769231 0.0 45.30769230769231 0.4314822000451386
336000 48.61538461538461 48.61538461538461 119.71153846153847 0.42948717948717946 135.46153846153845 45.30769230769231 0.0 45.30769230769231 0.45488770003430545
338000 48.61538461538461 48.61538461538461 119.71153846153847 0.42948717948717946 135.46153846153845 45.30769230769231 0.0 45.30769230769231 0.42998860008083284
340000 48.61538461538461 48.61538461538461 119.71153846153847 0.42948717948717946 135.46153846153845 45.30769230769231 0.0 45.30769230769231 0.4279978999402374
342000 48.61538461538461 48.61538461538461 119.71153846153847 0.42948717948717946 135.46153846153845 45.30769230769231 0.0 45.30769230769231 0.4298139000311494
344000 48.61538461538461 48.61538461538461 119.71153846153847 0.42948717948717946 135.46153846153845 45.30769230769231 0.0 45.30769230769231 0.4318526000715792
346000 48.61538461538461 48.61538461538461 119.71153846153847 0.42948717948717946 135.46153846153845 45.30769230769231 0.0 45.30769230769231 0.43928509997203946
348000 48.61538461538461 48.61538461538461 119.71153846153847 0.42948717948717946 135.46153846153845 45.30769230769231 0.0 45.30769230769231 0.43352909991517663
350000 48.61538461538461 48.61538461538461 119.71153846153847 0.42948717948717946 135.46153846153845 45.30769230769231 0.0 45.30769230769231 0.4247408998198807
352000 48.61538461538461 48.61538461538461 119.71153846153847 0.42948717948717946 135.46153846153845 45.30769230769231 0.0 45.30769230769231 0.43373479996807873
354000 48.61538461538461 48.61538461538461 119.71153846153847 0.42948717948717946 135.46153846153845 45.30769230769231 0.0 45.30769230769231 0.44723159982822835
356000 48.61538461538461 48.61538461538461 119.71153846153847 0.42948717948717946 135.46153846153845 45.30769230769231 0.0 45.30769230769231 0.4297011001035571
358000 48.61538461538461 48.61538461538461 119.71153846153847 0.42948717948717946 135.46153846153845 45.30769230769231 0.0 45.30769230769231 0.426339500118047
360000 48.61538461538461 48.61538461538461 119.71153846153847 0.42948717948717946 135.46153846153845 45.30769230769231 0.0 45.30769230769231 0.4235689998604357
362000 48.61538461538461 48.61538461538461 119.71153846153847 0.42948717948717946 135.46153846153845 45.30769230769231 0.0 45.30769230769231 0.43362540006637573
364000 48.61538461538461 48.61538461538461 119.71153846153847 0.42948717948717946 135.46153846153845 45.30769230769231 0.0 45.30769230769231 0.4334931999910623
366000 48.61538461538461 48.61538461538461 119.71153846153847 0.42948717948717946 135.46153846153845 45.30769230769231 0.0 45.30769230769231 0.4347840999253094
368000 48.61538461538461 48.61538461538461 119.71153846153847 0.42948717948717946 135.46153846153845 45.30769230769231 0.0 45.30769230769231 0.4279009001329541
370000 48.61538461538461 48.61538461538461 119.71153846153847 0.42948717948717946 135.46153846153845 45.30769230769231 0.0 45.30769230769231 0.4785492999944836
372000 48.61538461538461 48.61538461538461 119.71153846153847 0.42948717948717946 135.46153846153845 45.30769230769231 0.0 45.30769230769231 0.4414092998486012
374000 48.61538461538461 48.61538461538461 119.71153846153847 0.42948717948717946 135.46153846153845 45.30769230769231 0.0 45.30769230769231 0.4425170000176877
376000 48.61538461538461 48.61538461538461 119.71153846153847 0.42948717948717946 135.46153846153845 45.30769230769231 0.0 45.30769230769231 0.42514250008389354
378000 48.61538461538461 48.61538461538461 119.71153846153847 0.42948717948717946 135.46153846153845 45.30769230769231 0.0 45.30769230769231 0.43269810010679066
380000 48.61538461538461 48.61538461538461 119.71153846153847 0.42948717948717946 135.46153846153845 45.30769230769231 0.0 45.30769230769231 0.47680220007896423
382000 48.61538461538461 48.61538461538461 119.71153846153847 0.42948717948717946 135.46153846153845 45.30769230769231 0.0 45.30769230769231 0.46092300000600517
384000 48.61538461538461 48.61538461538461 119.71153846153847 0.42948717948717946 135.46153846153845 45.30769230769231 0.0 45.30769230769231 0.4734686000738293
386000 48.61538461538461 48.61538461538461 119.71153846153847 0.42948717948717946 135.46153846153845 45.30769230769231 0.0 45.30769230769231 0.4270823001861572
388000 48.61538461538461 48.61538461538461 119.71153846153847 0.42948717948717946 135.46153846153845 45.30769230769231 0.0 45.30769230769231 0.4258483999874443
390000 48.61538461538461 48.61538461538461 119.71153846153847 0.42948717948717946 135.46153846153845 45.30769230769231 0.0 45.30769230769231 0.42769639985635877
392000 48.61538461538461 48.61538461538461 119.71153846153847 0.42948717948717946 135.46153846153845 45.30769230769231 0.0 45.30769230769231 0.42487079999409616
394000 48.61538461538461 48.61538461538461 119.71153846153847 0.42948717948717946 135.46153846153845 45.30769230769231 0.0 45.30769230769231 0.482501600170508
396000 48.61538461538461 48.61538461538461 119.71153846153847 0.42948717948717946 135.46153846153845 45.30769230769231 0.0 45.30769230769231 0.4332919998560101
398000 48.61538461538461 48.61538461538461 119.71153846153847 0.42948717948717946 135.46153846153845 45.30769230769231 0.0 45.30769230769231 0.4374426999129355
400000 48.61538461538461 48.61538461538461 119.71153846153847 0.42948717948717946 135.46153846153845 45.30769230769231 0.0 45.30769230769231 0.4350356000941247
402000 48.61538461538461 48.61538461538461 119.71153846153847 0.42948717948717946 135.46153846153845 45.30769230769231 0.0 45.30769230769231 0.4292975999414921
404000 48.61538461538461 48.61538461538461 119.71153846153847 0.42948717948717946 135.46153846153845 45.30769230769231 0.0 45.30769230769231 0.4256178999785334
406000 48.61538461538461 48.61538461538461 119.71153846153847 0.42948717948717946 135.46153846153845 45.30769230769231 0.0 45.30769230769231 0.43590319994837046
408000 48.61538461538461 48.61538461538461 119.71153846153847 0.42948717948717946 135.46153846153845 45.30769230769231 0.0 45.30769230769231 0.4341831000056118
410000 48.61538461538461 48.61538461538461 119.71153846153847 0.42948717948717946 135.46153846153845 45.30769230769231 0.0 45.30769230769231 0.464048899943009
412000 48.61538461538461 48.61538461538461 119.71153846153847 0.42948717948717946 135.46153846153845 45.30769230769231 0.0 45.30769230769231 0.42925990000367165
414000 48.61538461538461 48.61538461538461 119.71153846153847 0.42948717948717946 135.46153846153845 45.30769230769231 0.0 45.30769230769231 0.43485700013116
416000 48.61538461538461 48.61538461538461 119.71153846153847 0.42948717948717946 135.46153846153845 45.30769230769231 0.0 45.30769230769231 0.429568599909544
418000 48.61538461538461 48.61538461538461 119.71153846153847 0.42948717948717946 135.46153846153845 45.30769230769231 0.0 45.30769230769231 0.4268569000996649
420000 48.61538461538461 48.61538461538461 119.71153846153847 0.42948717948717946 135.46153846153845 45.30769230769231 0.0 45.30769230769231 0.43309630011208355
422000 48.61538461538461 48.61538461538461 119.71153846153847 0.42948717948717946 135.46153846153845 45.30769230769231 0.0 45.30769230769231 0.42672710004262626
424000 48.61538461538461 48.61538461538461 119.71153846153847 0.42948717948717946 135.46153846153845 45.30769230769231 0.0 45.30769230769231 0.4271809998899698
426000 48.61538461538461 48.61538461538461 119.71153846153847 0.42948717948717946 135.46153846153845 45.30769230769231 0.0 45.30769230769231 0.42358259996399283
428000 48.61538461538461 48.61538461538461 119.71153846153847 0.42948717948717946 135.46153846153845 45.30769230769231 0.0 45.30769230769231 0.45317999995313585
430000 48.61538461538461 48.61538461538461 119.71153846153847 0.42948717948717946 135.46153846153845 45.30769230769231 0.0 45.30769230769231 0.4559056998696178
432000 48.61538461538461 48.61538461538461 119.71153846153847 0.42948717948717946 135.46153846153845 45.30769230769231 0.0 45.30769230769231 0.4272506998386234
434000 48.61538461538461 48.61538461538461 119.71153846153847 0.42948717948717946 135.46153846153845 45.30769230769231 0.0 45.30769230769231 0.4316104999743402
436000 48.61538461538461 48.61538461538461 119.71153846153847 0.42948717948717946 135.46153846153845 45.30769230769231 0.0 45.30769230769231 0.43414629995822906
438000 48.61538461538461 48.61538461538461 119.71153846153847 0.42948717948717946 135.46153846153845 45.30769230769231 0.0 45.30769230769231 0.44769009994342923
440000 48.61538461538461 48.61538461538461 119.71153846153847 0.42948717948717946 135.46153846153845 45.30769230769231 0.0 45.30769230769231 0.4302302999421954
442000 48.61538461538461 48.61538461538461 119.71153846153847 0.42948717948717946 135.46153846153845 45.30769230769231 0.0 45.30769230769231 0.43682959978468716
444000 48.61538461538461 48.61538461538461 119.71153846153847 0.42948717948717946 135.46153846153845 45.30769230769231 0.0 45.30769230769231 0.4342380999587476
446000 48.61538461538461 48.61538461538461 119.71153846153847 0.42948717948717946 135.46153846153845 45.30769230769231 0.0 45.30769230769231 0.4285184999462217
448000 48.61538461538461 48.61538461538461 119.71153846153847 0.42948717948717946 135.46153846153845 45.30769230769231 0.0 45.30769230769231 0.4335334000643343
450000 48.61538461538461 48.61538461538461 119.71153846153847 0.42948717948717946 135.46153846153845 45.30769230769231 0.0 45.30769230769231 0.45185350021347404
452000 48.61538461538461 48.61538461538461 119.71153846153847 0.42948717948717946 135.46153846153845 45.30769230769231 0.0 45.30769230769231 0.4572978999931365
454000 48.61538461538461 48.61538461538461 119.71153846153847 0.42948717948717946 135.46153846153845 45.30769230769231 0.0 45.30769230769231 0.42712819995358586
456000 48.61538461538461 48.61538461538461 119.71153846153847 0.42948717948717946 135.46153846153845 45.30769230769231 0.0 45.30769230769231 0.4848323999904096
458000 48.61538461538461 48.61538461538461 119.71153846153847 0.42948717948717946 135.46153846153845 45.30769230769231 0.0 45.30769230769231 0.44955049990676343
460000 48.61538461538461 48.61538461538461 119.71153846153847 0.42948717948717946 135.46153846153845 45.30769230769231 0.0 45.30769230769231 0.48563130013644695
462000 48.61538461538461 48.61538461538461 119.71153846153847 0.42948717948717946 135.46153846153845 45.30769230769231 0.0 45.30769230769231 0.49009730014950037
464000 48.61538461538461 48.61538461538461 119.71153846153847 0.42948717948717946 135.46153846153845 45.30769230769231 0.0 45.30769230769231 0.5293907001614571
466000 48.61538461538461 48.61538461538461 119.71153846153847 0.42948717948717946 135.46153846153845 45.30769230769231 0.0 45.30769230769231 0.4942712998017669
468000 48.61538461538461 48.61538461538461 119.71153846153847 0.42948717948717946 135.46153846153845 45.30769230769231 0.0 45.30769230769231 0.48337580007500947
470000 48.61538461538461 48.61538461538461 119.71153846153847 0.42948717948717946 135.46153846153845 45.30769230769231 0.0 45.30769230769231 0.44899080018512905
472000 48.61538461538461 48.61538461538461 119.71153846153847 0.42948717948717946 135.46153846153845 45.30769230769231 0.0 45.30769230769231 0.43759540002793074
474000 48.61538461538461 48.61538461538461 119.71153846153847 0.42948717948717946 135.46153846153845 45.30769230769231 0.0 45.30769230769231 0.4596292998176068
476000 48.61538461538461 48.61538461538461 119.71153846153847 0.42948717948717946 135.46153846153845 45.30769230769231 0.0 45.30769230769231 0.4644803002011031
478000 48.61538461538461 48.61538461538461 119.71153846153847 0.42948717948717946 135.46153846153845 45.30769230769231 0.0 45.30769230769231 0.5116808000020683
480000 48.61538461538461 48.61538461538461 119.71153846153847 0.42948717948717946 135.46153846153845 45.30769230769231 0.0 45.30769230769231 0.5254752000328153
482000 48.61538461538461 48.61538461538461 119.71153846153847 0.42948717948717946 135.46153846153845 45.30769230769231 0.0 45.30769230769231 0.45871759997680783
484000 48.61538461538461 48.61538461538461 119.71153846153847 0.42948717948717946 135.46153846153845 45.30769230769231 0.0 45.30769230769231 0.46177349984645844
486000 48.61538461538461 48.61538461538461 119.71153846153847 0.42948717948717946 135.46153846153845 45.30769230769231 0.0 45.30769230769231 0.45760730002075434
488000 48.61538461538461 48.61538461538461 119.71153846153847 0.42948717948717946 135.46153846153845 45.30769230769231 0.0 45.30769230769231 0.45036279992200434
490000 48.61538461538461 48.61538461538461 119.71153846153847 0.42948717948717946 135.46153846153845 45.30769230769231 0.0 45.30769230769231 0.5097923001740128
492000 48.61538461538461 48.61538461538461 119.71153846153847 0.42948717948717946 135.46153846153845 45.30769230769231 0.0 45.30769230769231 0.4520274999085814
494000 48.61538461538461 48.61538461538461 119.71153846153847 0.42948717948717946 135.46153846153845 45.30769230769231 0.0 45.30769230769231 0.46798459999263287
496000 48.61538461538461 48.61538461538461 119.71153846153847 0.42948717948717946 135.46153846153845 45.30769230769231 0.0 45.30769230769231 0.5227230999153107
498000 48.61538461538461 48.61538461538461 119.71153846153847 0.42948717948717946 135.46153846153845 45.30769230769231 0.0 45.30769230769231 0.5046848000492901
500000 48.61538461538461 48.61538461538461 119.71153846153847 0.42948717948717946 135.46153846153845 45.30769230769231 0.0 45.30769230769231 0.48860220005735755