2000 1.6153846153846154 -0.538093410700376 128.78846153846155 0.016025641025641024 135.46153846153845 45.30769230769231 0.0 45.30769230769231 0.511434999294579
4000 1.0 -0.4997299594108021 128.03846153846155 0.08173076923076923 135.46153846153845 45.30769230769231 0.0 45.30769230769231 0.6362458998337388
6000 0.4423076923076923 -0.7691952338430753 129.65384615384616 0.03365384615384615 135.46153846153845 45.30769230769231 0.0 45.30769230769231 0.5447468999773264
8000 0.6346153846153846 -0.09603122681286301 128.71153846153845 0.08653846153846154 135.46153846153845 45.30769230769231 0.0 45.30769230769231 0.6143781999126077
10000 0.40384615384615385 -0.9423054705368007 129.6346153846154 0.056089743589743585 135.46153846153845 45.30769230769231 0.0 45.30769230769231 0.589648999273777
12000 1.0961538461538463 -0.07664353569319528 127.63461538461539 0.10737179487179488 135.46153846153845 45.30769230769231 0.0 45.30769230769231 0.7662415001541376
14000 1.5 -0.44217769487879033 128.53846153846155 0.08814102564102563 135.46153846153845 45.30769230769231 0.0 45.30769230769231 0.7640049997717142
16000 0.8076923076923077 -0.32682058092245403 129.42307692307693 0.05448717948717948 135.46153846153845 45.30769230769231 0.0 45.30769230769231 0.7603326002135873
18000 0.6923076923076923 -0.538371596158047 129.01923076923077 0.06410256410256411 135.46153846153845 45.30769230769231 0.0 45.30769230769231 0.6850131992250681
20000 0.8461538461538461 -0.6729403150556608 128.8846153846154 0.09294871794871797 135.46153846153845 45.30769230769231 0.0 45.30769230769231 0.7117028003558517
22000 0.8846153846153846 0.0001786477419449416 128.6346153846154 0.07211538461538461 135.46153846153845 45.30769230769231 0.0 45.30769230769231 0.7503466000780463
24000 1.5769230769230769 -0.5188981237844923 128.30769230769232 0.14743589743589744 135.46153846153845 45.30769230769231 0.0 45.30769230769231 0.6942312000319362
26000 1.5 -0.44218524852217816 127.67307692307692 0.18910256410256407 135.46153846153845 45.30769230769231 0.0 45.30769230769231 0.8164906995370984
28000 2.75 -0.056793590036514394 126.34615384615384 0.2419871794871795 135.46153846153845 45.30769230769231 0.0 45.30769230769231 0.8527445998042822
30000 1.2307692307692308 -0.6151118220074517 128.76923076923077 0.041666666666666664 135.46153846153845 45.30769230769231 0.0 45.30769230769231 0.9149857005104423
32000 1.4807692307692308 -0.5766040831308954 128.80769230769232 0.035256410256410256 135.46153846153845 45.30769230769231 0.0 45.30769230769231 0.8372275000438094
34000 1.5 -0.05717186527067116 128.05769230769232 0.09775641025641027 135.46153846153845 45.30769230769231 0.0 45.30769230769231 0.8471326995640993
36000 1.5192307692307692 0.0005291754367888659 128.03846153846155 0.09775641025641027 135.46153846153845 45.30769230769231 0.0 45.30769230769231 0.9187324997037649
38000 1.4615384615384615 -0.09560198701037238 128.69230769230768 0.07371794871794872 135.46153846153845 45.30769230769231 0.0 45.30769230769231 0.8809455996379256
40000 0.9230769230769231 -0.057396326424656134 128.57692307692307 0.07051282051282051 135.46153846153845 45.30769230769231 0.0 45.30769230769231 0.8449132004752755
42000 2.25 0.001009655959963791 127.40384615384616 0.12500000000000003 135.46153846153845 45.30769230769231 0.0 45.30769230769231 0.8378554992377758
44000 2.3076923076923075 0.001070758194911225 126.1923076923077 0.23237179487179488 135.46153846153845 45.30769230769231 0.0 45.30769230769231 0.8717661006376147
46000 1.0961538461538463 0.0004066690668003567 128.69230769230768 0.04967948717948718 135.46153846153845 45.30769230769231 0.0 45.30769230769231 0.8957436997443438
48000 1.7884615384615385 0.000445988923332725 128.3653846153846 0.07211538461538462 135.46153846153845 45.30769230769231 0.0 45.30769230769231 0.8844130001962185
50000 5.4423076923076925 0.002150883767321087 126.84615384615384 0.13942307692307693 135.46153846153845 45.30769230769231 0.0 45.30769230769231 0.8779201004654169
52000 0.6923076923076923 -0.8653321441007005 129.17307692307693 0.041666666666666664 135.46153846153845 45.30769230769231 0.0 45.30769230769231 0.8257804997265339
54000 1.3653846153846154 -0.019130338410275335 128.01923076923077 0.07692307692307693 135.46153846153845 45.30769230769231 0.0 45.30769230769231 0.8837346006184816
56000 1.4423076923076923 0.00020483535696149828 128.0 0.0625 135.46153846153845 45.30769230769231 0.0 45.30769230769231 1.0171705996617675
58000 1.75 0.0003559579193699339 127.76923076923077 0.0673076923076923 135.46153846153845 45.30769230769231 0.0 45.30769230769231 0.9791937991976738
60000 3.8076923076923075 0.001186962720921853 127.11538461538461 0.10416666666666667 135.46153846153845 45.30769230769231 0.0 45.30769230769231 1.0107969008386135
62000 5.673076923076923 0.001977524688247542 126.75 0.15384615384615385 135.46153846153845 45.30769230769231 0.0 45.30769230769231 1.0987668000161648
64000 4.423076923076923 0.0017095879227874457 126.32692307692308 0.13942307692307693 135.46153846153845 45.30769230769231 0.0 45.30769230769231 0.9504476999863982
66000 5.153846153846154 0.002041134756821361 126.15384615384616 0.16506410256410253 135.46153846153845 45.30769230769231 0.0 45.30769230769231 1.0364771001040936
68000 4.615384615384615 0.0016897430632943457 127.03846153846153 0.13942307692307693 135.46153846153845 45.30769230769231 0.0 45.30769230769231 0.9084451999515295
70000 5.153846153846154 0.002041134756821361 126.15384615384616 0.16506410256410253 135.46153846153845 45.30769230769231 0.0 45.30769230769231 0.8899790998548269
72000 1.6346153846153846 0.00028940762247038057 128.17307692307693 0.09775641025641026 135.46153846153845 45.30769230769231 0.0 45.30769230769231 0.9026525998488069
74000 7.038461538461538 -0.26592207352090924 124.92307692307692 0.21153846153846156 135.46153846153845 45.30769230769231 0.0 45.30769230769231 0.8524498995393515
76000 5.5576923076923075 0.0021447284249854733 126.78846153846153 0.14583333333333334 135.46153846153845 45.30769230769231 0.0 45.30769230769231 0.9216276006773114
78000 3.0961538461538463 -0.2876352073467201 127.36538461538461 0.15865384615384615 135.46153846153845 45.30769230769231 0.0 45.30769230769231 1.617612799629569
80000 4.615384615384615 0.001338529783479008 126.71153846153847 0.17628205128205127 135.46153846153845 45.30769230769231 0.0 45.30769230769231 0.977950400672853
82000 2.980769230769231 0.000939498540045523 127.13461538461539 0.17628205128205127 135.46153846153845 45.30769230769231 0.0 45.30769230769231 0.9567959001287818
84000 4.326923076923077 0.0016498614129457272 124.59615384615384 0.2355769230769231 135.46153846153845 45.30769230769231 0.019230769230769232 45.28846153846154 0.9251642003655434
86000 3.9423076923076925 0.0012128874242321478 126.09615384615384 0.1971153846153846 135.46153846153845 45.30769230769231 0.019230769230769232 45.28846153846154 1.006109000183642
88000 3.2115384615384617 -0.3645113718099794 125.73076923076923 0.18910256410256407 135.46153846153845 45.30769230769231 0.019230769230769232 45.28846153846154 0.9995385995134711
90000 5.596153846153846 -0.017416493820740224 123.46153846153847 0.24198717948717946 135.46153846153845 45.30769230769231 0.019230769230769232 45.28846153846154 0.8610454006120563
92000 5.865384615384615 0.0024763363020313543 123.92307692307692 0.23878205128205127 135.46153846153845 45.30769230769231 0.019230769230769232 45.28846153846154 0.9128730995580554
94000 3.9038461538461537 0.0012870822132642593 124.86538461538461 0.22275641025641024 135.46153846153845 45.30769230769231 0.019230769230769232 45.28846153846154 0.9322034996002913
96000 5.5 0.0017796850159960249 126.6923076923077 0.14102564102564102 135.46153846153845 45.30769230769231 0.0 45.30769230769231 1.0412344001233578
98000 2.230769230769231 -0.057299826903832174 127.25 0.1330128205128205 135.46153846153845 45.30769230769231 0.0 45.30769230769231 0.9175893003121018
100000 0.6730769230769231 -0.8652775705667538 128.98076923076923 0.08493589743589743 135.46153846153845 45.30769230769231 0.0 45.30769230769231 0.9274574005976319
102000 0.8076923076923077 -0.4997444557158059 128.51923076923077 0.11057692307692307 135.46153846153845 45.30769230769231 0.0 45.30769230769231 0.8548603001981974
104000 1.8461538461538463 0.0006199768260611485 127.07692307692308 0.1939102564102564 135.46153846153845 45.30769230769231 0.0 45.30769230769231 0.8302614996209741
106000 2.6923076923076925 0.0009998171982699036 127.13461538461539 0.1474358974358974 135.46153846153845 45.30769230769231 0.0 45.30769230769231 0.8706849003210664
108000 3.3461538461538463 0.001477368069586024 126.76923076923077 0.17307692307692304 135.46153846153845 45.30769230769231 0.0 45.30769230769231 0.9080442003905773
110000 1.9230769230769231 0.0004464608493557443 127.32692307692308 0.13621794871794873 135.46153846153845 45.30769230769231 0.0 45.30769230769231 0.9439885998144746
112000 1.9423076923076923 0.0006030162699256375 127.36538461538461 0.1346153846153846 135.46153846153845 45.30769230769231 0.0 45.30769230769231 0.888293500058353
114000 4.25 0.0022839850802978054 125.53846153846153 0.2596153846153846 135.46153846153845 45.30769230769231 0.0 45.30769230769231 1.0244201002642512
116000 4.538461538461538 0.001493173294050967 125.25 0.2596153846153846 135.46153846153845 45.30769230769231 0.0 45.30769230769231 0.900008300319314
118000 4.865384615384615 0.0016507826895894354 125.1923076923077 0.2692307692307692 135.46153846153845 45.30769230769231 0.0 45.30769230769231 0.9020528998225927
120000 3.8846153846153846 0.0010231963470852833 125.34615384615384 0.2676282051282051 135.46153846153845 45.30769230769231 0.0 45.30769230769231 0.937792600132525
122000 3.9423076923076925 0.001194781792824165 125.34615384615384 0.2548076923076923 135.46153846153845 45.30769230769231 0.0 45.30769230769231 0.8584035001695156
124000 4.826923076923077 0.0016408871203205664 125.11538461538461 0.266025641025641 135.46153846153845 45.30769230769231 0.0 45.30769230769231 0.8446279997006059
126000 15.346153846153847 0.009874932249474251 124.0 0.3157051282051283 135.46153846153845 45.30769230769231 0.0 45.30769230769231 0.8641120996326208
128000 8.326923076923077 0.003391233724683298 124.5576923076923 0.2932692307692308 135.46153846153845 45.30769230769231 0.0 45.30769230769231 0.9150072000920773
130000 6.75 0.0024279973955983326 125.25 0.2516025641025641 135.46153846153845 45.30769230769231 0.0 45.30769230769231 0.9087634002789855
132000 20.98076923076923 0.012883159093752598 123.23076923076923 0.33653846153846156 135.46153846153845 45.30769230769231 0.0 45.30769230769231 0.8623449001461267
134000 20.384615384615383 0.009744272348304757 123.65384615384616 0.32211538461538464 135.46153846153845 45.30769230769231 0.0 45.30769230769231 0.9560430003330112
136000 32.51923076923077 0.01300683032293682 122.0 0.3589743589743589 135.46153846153845 45.30769230769231 0.0 45.30769230769231 0.8934575999155641
138000 22.576923076923077 0.00944915968483895 122.46153846153847 0.32532051282051283 135.46153846153845 45.30769230769231 0.0 45.30769230769231 0.9002539003267884
140000 24.596153846153847 0.011618471253408582 121.92307692307692 0.3766025641025641 135.46153846153845 45.30769230769231 0.0 45.30769230769231 0.8884375998750329
142000 20.634615384615383 0.006080149624643103 122.78846153846153 0.3044871794871795 135.46153846153845 45.30769230769231 0.0 45.30769230769231 0.8797506000846624
144000 28.423076923076923 0.010131902758615878 121.73076923076923 0.375 135.46153846153845 45.30769230769231 0.0 45.30769230769231 0.884370299987495
146000 21.942307692307693 0.007265184950387534 122.07692307692308 0.33814102564102566 135.46153846153845 45.30769230769231 0.0 45.30769230769231 0.8700911002233624
148000 22.442307692307693 0.007517900365788543 121.76923076923077 0.3557692307692308 135.46153846153845 45.30769230769231 0.0 45.30769230769231 0.8821903001517057
150000 29.134615384615383 0.010894611760103652 121.51923076923077 0.3894230769230769 135.46153846153845 45.30769230769231 0.0 45.30769230769231 0.8907455001026392
152000 34.21153846153846 0.013130075413383608 121.23076923076923 0.405448717948718 135.46153846153845 45.30769230769231 0.0 45.30769230769231 1.305893000215292
154000 35.11538461538461 0.013524921084530418 121.23076923076923 0.4182692307692308 135.46153846153845 45.30769230769231 0.0 45.30769230769231 1.1896844999864697
156000 44.44230769230769 0.018140317478455438 120.78846153846153 0.43429487179487186 135.46153846153845 45.30769230769231 0.0 45.30769230769231 0.9720924999564886
158000 59.01923076923077 0.02616387318699617 120.0576923076923 0.46153846153846156 135.46153846153845 45.30769230769231 0.0 45.30769230769231 0.9716851999983191
160000 60.46153846153846 0.026717851234874558 119.9423076923077 0.46634615384615385 135.46153846153845 45.30769230769231 0.0 45.30769230769231 0.9011992001906037
162000 60.46153846153846 0.026717851234874558 119.9423076923077 0.46634615384615385 135.46153846153845 45.30769230769231 0.0 45.30769230769231 1.0053606005385518
164000 60.46153846153846 0.026717851234874558 119.9423076923077 0.46634615384615385 135.46153846153845 45.30769230769231 0.0 45.30769230769231 1.0708143003284931
166000 60.46153846153846 0.026717851234874558 119.9423076923077 0.46634615384615385 135.46153846153845 45.30769230769231 0.0 45.30769230769231 0.974380299448967
168000 60.46153846153846 0.026717851234874558 119.9423076923077 0.46634615384615385 135.46153846153845 45.30769230769231 0.0 45.30769230769231 0.9323685001581907
170000 60.46153846153846 0.026717851234874558 119.9423076923077 0.46634615384615385 135.46153846153845 45.30769230769231 0.0 45.30769230769231 0.9548209002241492
172000 60.46153846153846 0.026717851234874558 119.9423076923077 0.46634615384615385 135.46153846153845 45.30769230769231 0.0 45.30769230769231 0.9208047995343804
174000 60.46153846153846 0.026717851234874558 119.9423076923077 0.46634615384615385 135.46153846153845 45.30769230769231 0.0 45.30769230769231 0.8470943998545408
176000 60.46153846153846 0.026717851234874558 119.9423076923077 0.46634615384615385 135.46153846153845 45.30769230769231 0.0 45.30769230769231 0.9094198001548648
178000 60.46153846153846 0.026717851234874558 119.9423076923077 0.46634615384615385 135.46153846153845 45.30769230769231 0.0 45.30769230769231 0.8759615998715162
180000 60.46153846153846 0.026717851234874558 119.9423076923077 0.46634615384615385 135.46153846153845 45.30769230769231 0.0 45.30769230769231 0.8892847001552582
182000 60.46153846153846 0.026717851234874558 119.9423076923077 0.46634615384615385 135.46153846153845 45.30769230769231 0.0 45.30769230769231 0.8888651002198458
184000 60.46153846153846 0.026717851234874558 119.9423076923077 0.46634615384615385 135.46153846153845 45.30769230769231 0.0 45.30769230769231 0.8555043004453182
186000 60.46153846153846 0.026717851234874558 119.9423076923077 0.46634615384615385 135.46153846153845 45.30769230769231 0.0 45.30769230769231 0.9822964994236827
188000 60.46153846153846 0.026717851234874558 119.9423076923077 0.46634615384615385 135.46153846153845 45.30769230769231 0.0 45.30769230769231 0.9263693997636437
190000 60.46153846153846 0.026717851234874558 119.9423076923077 0.46634615384615385 135.46153846153845 45.30769230769231 0.0 45.30769230769231 1.0158214000985026
192000 60.46153846153846 0.026717851234874558 119.9423076923077 0.46634615384615385 135.46153846153845 45.30769230769231 0.0 45.30769230769231 0.8671866999939084
194000 60.46153846153846 0.026717851234874558 119.9423076923077 0.46634615384615385 135.46153846153845 45.30769230769231 0.0 45.30769230769231 0.8730761995539069
196000 60.46153846153846 0.026717851234874558 119.9423076923077 0.46634615384615385 135.46153846153845 45.30769230769231 0.0 45.30769230769231 0.9620768995955586
198000 60.46153846153846 0.026717851234874558 119.9423076923077 0.46634615384615385 135.46153846153845 45.30769230769231 0.0 45.30769230769231 0.9250784004107118
200000 60.46153846153846 0.026717851234874558 119.9423076923077 0.46634615384615385 135.46153846153845 45.30769230769231 0.0 45.30769230769231 0.9337430000305176
202000 60.46153846153846 0.026717851234874558 119.9423076923077 0.46634615384615385 135.46153846153845 45.30769230769231 0.0 45.30769230769231 0.9398418003693223
204000 60.46153846153846 0.026717851234874558 119.9423076923077 0.46634615384615385 135.46153846153845 45.30769230769231 0.0 45.30769230769231 0.8620079001411796
206000 60.46153846153846 0.026717851234874558 119.9423076923077 0.46634615384615385 135.46153846153845 45.30769230769231 0.0 45.30769230769231 0.9325608005747199
208000 60.46153846153846 0.026717851234874558 119.9423076923077 0.46634615384615385 135.46153846153845 45.30769230769231 0.0 45.30769230769231 0.9231020994484425
210000 60.46153846153846 0.026717851234874558 119.9423076923077 0.46634615384615385 135.46153846153845 45.30769230769231 0.0 45.30769230769231 0.8336006999015808
212000 60.46153846153846 0.026717851234874558 119.9423076923077 0.46634615384615385 135.46153846153845 45.30769230769231 0.0 45.30769230769231 0.9136151997372508
214000 60.46153846153846 0.026717851234874558 119.9423076923077 0.46634615384615385 135.46153846153845 45.30769230769231 0.0 45.30769230769231 0.9607385005801916
216000 60.46153846153846 0.026717851234874558 119.9423076923077 0.46634615384615385 135.46153846153845 45.30769230769231 0.0 45.30769230769231 0.9974978994578123
218000 60.46153846153846 0.026717851234874558 119.9423076923077 0.46634615384615385 135.46153846153845 45.30769230769231 0.0 45.30769230769231 0.9371295003220439
220000 60.46153846153846 0.026717851234874558 119.9423076923077 0.46634615384615385 135.46153846153845 45.30769230769231 0.0 45.30769230769231 0.9473958993330598
222000 60.46153846153846 0.026717851234874558 119.9423076923077 0.46634615384615385 135.46153846153845 45.30769230769231 0.0 45.30769230769231 1.009337100200355
224000 60.46153846153846 0.026717851234874558 119.9423076923077 0.46634615384615385 135.46153846153845 45.30769230769231 0.0 45.30769230769231 1.1125411000102758
226000 60.46153846153846 0.026717851234874558 119.9423076923077 0.46634615384615385 135.46153846153845 45.30769230769231 0.0 45.30769230769231 1.0958529999479651
228000 60.46153846153846 0.026717851234874558 119.9423076923077 0.46634615384615385 135.46153846153845 45.30769230769231 0.0 45.30769230769231 1.0513343000784516
230000 60.46153846153846 0.026717851234874558 119.9423076923077 0.46634615384615385 135.46153846153845 45.30769230769231 0.0 45.30769230769231 0.9539361000061035
232000 60.46153846153846 0.026717851234874558 119.9423076923077 0.46634615384615385 135.46153846153845 45.30769230769231 0.0 45.30769230769231 1.0754454005509615
234000 60.46153846153846 0.026717851234874558 119.9423076923077 0.46634615384615385 135.46153846153845 45.30769230769231 0.0 45.30769230769231 0.9668466998264194
236000 60.46153846153846 0.026717851234874558 119.9423076923077 0.46634615384615385 135.46153846153845 45.30769230769231 0.0 45.30769230769231 1.0244725998491049
238000 60.46153846153846 0.026717851234874558 119.9423076923077 0.46634615384615385 135.46153846153845 45.30769230769231 0.0 45.30769230769231 0.8908087993040681
240000 60.46153846153846 0.026717851234874558 119.9423076923077 0.46634615384615385 135.46153846153845 45.30769230769231 0.0 45.30769230769231 0.8897154005244374
242000 60.46153846153846 0.026717851234874558 119.9423076923077 0.46634615384615385 135.46153846153845 45.30769230769231 0.0 45.30769230769231 0.9566560992971063
244000 60.46153846153846 0.026717851234874558 119.9423076923077 0.46634615384615385 135.46153846153845 45.30769230769231 0.0 45.30769230769231 1.0119583001360297
246000 60.46153846153846 0.026717851234874558 119.9423076923077 0.46634615384615385 135.46153846153845 45.30769230769231 0.0 45.30769230769231 0.9066078998148441
248000 60.46153846153846 0.026717851234874558 119.9423076923077 0.46634615384615385 135.46153846153845 45.30769230769231 0.0 45.30769230769231 0.969226099550724
250000 60.46153846153846 0.026717851234874558 119.9423076923077 0.46634615384615385 135.46153846153845 45.30769230769231 0.0 45.30769230769231 0.9949265997856855
252000 60.46153846153846 0.026717851234874558 119.9423076923077 0.46634615384615385 135.46153846153845 45.30769230769231 0.0 45.30769230769231 0.9517264999449253
254000 60.46153846153846 0.026717851234874558 119.9423076923077 0.46634615384615385 135.46153846153845 45.30769230769231 0.0 45.30769230769231 0.9945638999342918
256000 60.46153846153846 0.026717851234874558 119.9423076923077 0.46634615384615385 135.46153846153845 45.30769230769231 0.0 45.30769230769231 0.9716313993558288
258000 60.46153846153846 0.026717851234874558 119.9423076923077 0.46634615384615385 135.46153846153845 45.30769230769231 0.0 45.30769230769231 1.0937262000516057
260000 60.46153846153846 0.026717851234874558 119.9423076923077 0.46634615384615385 135.46153846153845 45.30769230769231 0.0 45.30769230769231 0.9850222002714872
262000 60.46153846153846 0.026717851234874558 119.9423076923077 0.46634615384615385 135.46153846153845 45.30769230769231 0.0 45.30769230769231 1.0327121997252107
264000 60.46153846153846 0.026717851234874558 119.9423076923077 0.46634615384615385 135.46153846153845 45.30769230769231 0.0 45.30769230769231 1.0211883001029491
266000 60.46153846153846 0.026717851234874558 119.9423076923077 0.46634615384615385 135.46153846153845 45.30769230769231 0.0 45.30769230769231 1.0974832000210881
268000 60.46153846153846 0.026717851234874558 119.9423076923077 0.46634615384615385 135.46153846153845 45.30769230769231 0.0 45.30769230769231 1.0465895999222994
270000 60.46153846153846 0.026717851234874558 119.9423076923077 0.46634615384615385 135.46153846153845 45.30769230769231 0.0 45.30769230769231 1.0180898997932673
272000 60.46153846153846 0.026717851234874558 119.9423076923077 0.46634615384615385 135.46153846153845 45.30769230769231 0.0 45.30769230769231 0.9569220999255776
274000 60.46153846153846 0.026717851234874558 119.9423076923077 0.46634615384615385 135.46153846153845 45.30769230769231 0.0 45.30769230769231 1.0392299992963672
276000 60.46153846153846 0.026717851234874558 119.9423076923077 0.46634615384615385 135.46153846153845 45.30769230769231 0.0 45.30769230769231 1.025843900628388
278000 60.46153846153846 0.026717851234874558 119.9423076923077 0.46634615384615385 135.46153846153845 45.30769230769231 0.0 45.30769230769231 0.9344360996037722
280000 60.46153846153846 0.026717851234874558 119.9423076923077 0.46634615384615385 135.46153846153845 45.30769230769231 0.0 45.30769230769231 1.0362024996429682
282000 60.46153846153846 0.026717851234874558 119.9423076923077 0.46634615384615385 135.46153846153845 45.30769230769231 0.0 45.30769230769231 1.0230550998821855
284000 60.46153846153846 0.026717851234874558 119.9423076923077 0.46634615384615385 135.46153846153845 45.30769230769231 0.0 45.30769230769231 0.930273300036788
286000 60.46153846153846 0.026717851234874558 119.9423076923077 0.46634615384615385 135.46153846153845 45.30769230769231 0.0 45.30769230769231 1.019154799170792
288000 60.46153846153846 0.026717851234874558 119.9423076923077 0.46634615384615385 135.46153846153845 45.30769230769231 0.0 45.30769230769231 0.988832900300622
290000 60.84615384615385 0.026894135718538627 119.92307692307692 0.46634615384615385 135.46153846153845 45.30769230769231 0.0 45.30769230769231 0.9740172997117043
292000 64.01923076923077 0.029912806823347435 119.73076923076923 0.46153846153846145 135.46153846153845 45.30769230769231 0.0 45.30769230769231 1.0574083998799324
294000 64.01923076923077 0.029912806823347435 119.73076923076923 0.46153846153846145 135.46153846153845 45.30769230769231 0.0 45.30769230769231 0.9609970999881625
296000 63.17307692307692 0.029462840816149274 119.75 0.45512820512820507 135.46153846153845 45.30769230769231 0.0 45.30769230769231 0.8864963995292783
298000 64.01923076923077 0.029912806823347435 119.73076923076923 0.46153846153846145 135.46153846153845 45.30769230769231 0.0 45.30769230769231 0.9859905000776052
300000 64.01923076923077 0.029912806823347435 119.73076923076923 0.46153846153846145 135.46153846153845 45.30769230769231 0.0 45.30769230769231 0.9586543003097177
302000 64.01923076923077 0.029912806823347435 119.73076923076923 0.46153846153846145 135.46153846153845 45.30769230769231 0.0 45.30769230769231 0.9750220999121666
304000 62.07692307692308 0.028948745664663402 119.8076923076923 0.4599358974358974 135.46153846153845 45.30769230769231 0.0 45.30769230769231 0.960563600063324
306000 60.46153846153846 0.026717851234874558 119.9423076923077 0.46634615384615385 135.46153846153845 45.30769230769231 0.0 45.30769230769231 0.9798458004370332
308000 60.46153846153846 0.026717851234874558 119.9423076923077 0.46634615384615385 135.46153846153845 45.30769230769231 0.0 45.30769230769231 1.0040148999541998
310000 63.19230769230769 0.02961690449397805 119.78846153846153 0.4663461538461538 135.46153846153845 45.30769230769231 0.0 45.30769230769231 0.9498081002384424
312000 64.01923076923077 0.029912806823347435 119.73076923076923 0.46153846153846145 135.46153846153845 45.30769230769231 0.0 45.30769230769231 0.9453704999759793
314000 64.01923076923077 0.029912806823347435 119.73076923076923 0.46153846153846145 135.46153846153845 45.30769230769231 0.0 45.30769230769231 0.8884213007986546
316000 64.01923076923077 0.029912806823347435 119.73076923076923 0.46153846153846145 135.46153846153845 45.30769230769231 0.0 45.30769230769231 0.9344381997361779
318000 60.46153846153846 0.026717851234874558 119.9423076923077 0.46634615384615385 135.46153846153845 45.30769230769231 0.0 45.30769230769231 0.9511407008394599
320000 61.13461538461539 0.02707510428963459 119.88461538461539 0.47115384615384615 135.46153846153845 45.30769230769231 0.0 45.30769230769231 0.987724999897182
322000 62.88461538461539 0.029354401953872792 119.78846153846153 0.4663461538461538 135.46153846153845 45.30769230769231 0.0 45.30769230769231 0.9208917999640107
324000 60.46153846153846 0.026717851234874558 119.9423076923077 0.46634615384615385 135.46153846153845 45.30769230769231 0.0 45.30769230769231 0.9136901004239917
326000 60.46153846153846 0.026717851234874558 119.9423076923077 0.46634615384615385 135.46153846153845 45.30769230769231 0.0 45.30769230769231 0.9139211997389793
328000 60.46153846153846 0.026717851234874558 119.9423076923077 0.46634615384615385 135.46153846153845 45.30769230769231 0.0 45.30769230769231 1.0143356006592512
330000 60.46153846153846 0.026717851234874558 119.9423076923077 0.46634615384615385 135.46153846153845 45.30769230769231 0.0 45.30769230769231 1.0017940001562238
332000 60.46153846153846 0.026717851234874558 119.9423076923077 0.46634615384615385 135.46153846153845 45.30769230769231 0.0 45.30769230769231 0.9137800997123122
334000 60.46153846153846 0.026717851234874558 119.9423076923077 0.46634615384615385 135.46153846153845 45.30769230769231 0.0 45.30769230769231 0.9743812000378966
336000 60.46153846153846 0.026717851234874558 119.9423076923077 0.46634615384615385 135.46153846153845 45.30769230769231 0.0 45.30769230769231 0.9146516006439924
338000 60.46153846153846 0.026717851234874558 119.9423076923077 0.46634615384615385 135.46153846153845 45.30769230769231 0.0 45.30769230769231 0.9069562004879117
340000 63.71153846153846 0.029806278667992347 119.75 0.46153846153846145 135.46153846153845 45.30769230769231 0.0 45.30769230769231 0.8769485000520945
342000 60.46153846153846 0.026717851234874558 119.9423076923077 0.46634615384615385 135.46153846153845 45.30769230769231 0.0 45.30769230769231 1.0086706997826695
344000 60.46153846153846 0.026717851234874558 119.9423076923077 0.46634615384615385 135.46153846153845 45.30769230769231 0.0 45.30769230769231 0.9569955999031663
346000 60.46153846153846 0.026717851234874558 119.9423076923077 0.46634615384615385 135.46153846153845 45.30769230769231 0.0 45.30769230769231 0.8800723003223538
348000 60.46153846153846 0.026717851234874558 119.9423076923077 0.46634615384615385 135.46153846153845 45.30769230769231 0.0 45.30769230769231 0.9060356998816133
350000 60.46153846153846 0.026717851234874558 119.9423076923077 0.46634615384615385 135.46153846153845 45.30769230769231 0.0 45.30769230769231 0.9688520999625325
352000 60.46153846153846 0.026717851234874558 119.9423076923077 0.46634615384615385 135.46153846153845 45.30769230769231 0.0 45.30769230769231 0.8984743999317288
354000 60.46153846153846 0.026717851234874558 119.9423076923077 0.46634615384615385 135.46153846153845 45.30769230769231 0.0 45.30769230769231 0.8874726993963122
356000 60.46153846153846 0.026717851234874558 119.9423076923077 0.46634615384615385 135.46153846153845 45.30769230769231 0.0 45.30769230769231 0.9294580994173884
358000 60.46153846153846 0.026717851234874558 119.9423076923077 0.46634615384615385 135.46153846153845 45.30769230769231 0.0 45.30769230769231 0.8843641998246312
360000 60.46153846153846 0.026717851234874558 119.9423076923077 0.46634615384615385 135.46153846153845 45.30769230769231 0.0 45.30769230769231 0.9156564995646477
362000 60.46153846153846 0.026717851234874558 119.9423076923077 0.46634615384615385 135.46153846153845 45.30769230769231 0.0 45.30769230769231 0.9918672004714608
364000 60.46153846153846 0.026717851234874558 119.9423076923077 0.46634615384615385 135.46153846153845 45.30769230769231 0.0 45.30769230769231 0.9332402003929019
366000 60.46153846153846 0.026717851234874558 119.9423076923077 0.46634615384615385 135.46153846153845 45.30769230769231 0.0 45.30769230769231 0.9937268998473883
368000 60.46153846153846 0.026717851234874558 119.9423076923077 0.46634615384615385 135.46153846153845 45.30769230769231 0.0 45.30769230769231 0.8997665997594595
370000 60.46153846153846 0.026717851234874558 119.9423076923077 0.46634615384615385 135.46153846153845 45.30769230769231 0.0 45.30769230769231 0.9197457004338503
372000 60.46153846153846 0.026717851234874558 119.9423076923077 0.46634615384615385 135.46153846153845 45.30769230769231 0.0 45.30769230769231 1.032926100306213
374000 60.46153846153846 0.026717851234874558 119.9423076923077 0.46634615384615385 135.46153846153845 45.30769230769231 0.0 45.30769230769231 0.9493009001016617
376000 60.46153846153846 0.026717851234874558 119.9423076923077 0.46634615384615385 135.46153846153845 45.30769230769231 0.0 45.30769230769231 0.8874872997403145
378000 60.46153846153846 0.026717851234874558 119.9423076923077 0.46634615384615385 135.46153846153845 45.30769230769231 0.0 45.30769230769231 0.9428612003102899
380000 64.01923076923077 0.029912806823347435 119.73076923076923 0.46153846153846145 135.46153846153845 45.30769230769231 0.0 45.30769230769231 0.8929000003263354
382000 64.01923076923077 0.029912806823347435 119.73076923076923 0.46153846153846145 135.46153846153845 45.30769230769231 0.0 45.30769230769231 0.9339254004880786
384000 63.01923076923077 0.02947628192917058 119.78846153846153 0.46153846153846145 135.46153846153845 45.30769230769231 0.0 45.30769230769231 0.8980937004089355
386000 62.92307692307692 0.02935817078934673 119.78846153846153 0.47275641025641024 135.46153846153845 45.30769230769231 0.0 45.30769230769231 0.9042664999142289
388000 62.94230769230769 0.029383233422385916 119.78846153846153 0.4663461538461538 135.46153846153845 45.30769230769231 0.0 45.30769230769231 0.8726591002196074
390000 63.71153846153846 0.029836280000218377 119.75 0.46153846153846145 135.46153846153845 45.30769230769231 0.0 45.30769230769231 0.9230917999520898
392000 64.01923076923077 0.029912806823347435 119.73076923076923 0.46153846153846145 135.46153846153845 45.30769230769231 0.0 45.30769230769231 0.9180378997698426
394000 63.63461538461539 0.0297606496581786 119.75 0.46153846153846145 135.46153846153845 45.30769230769231 0.0 45.30769230769231 0.9284385005012155
396000 63.0 0.029470701485564514 119.8076923076923 0.47275641025641024 135.46153846153845 45.30769230769231 0.0 45.30769230769231 0.9865964995697141
398000 60.46153846153846 0.026717851234874558 119.9423076923077 0.46634615384615385 135.46153846153845 45.30769230769231 0.0 45.30769230769231 0.9035165999084711
400000 60.46153846153846 0.026717851234874558 119.9423076923077 0.46634615384615385 135.46153846153845 45.30769230769231 0.0 45.30769230769231 0.9163663005456328
402000 60.46153846153846 0.026717851234874558 119.9423076923077 0.46634615384615385 135.46153846153845 45.30769230769231 0.0 45.30769230769231 0.8415940003469586
404000 60.46153846153846 0.026717851234874558 119.9423076923077 0.46634615384615385 135.46153846153845 45.30769230769231 0.0 45.30769230769231 0.8727235998958349
406000 60.46153846153846 0.026717851234874558 119.9423076923077 0.46634615384615385 135.46153846153845 45.30769230769231 0.0 45.30769230769231 0.9072126001119614
408000 60.46153846153846 0.026717851234874558 119.9423076923077 0.46634615384615385 135.46153846153845 45.30769230769231 0.0 45.30769230769231 0.9522168999537826
410000 60.46153846153846 0.026717851234874558 119.9423076923077 0.46634615384615385 135.46153846153845 45.30769230769231 0.0 45.30769230769231 0.8521386999636889
412000 60.46153846153846 0.026717851234874558 119.9423076923077 0.46634615384615385 135.46153846153845 45.30769230769231 0.0 45.30769230769231 0.9197258008643985
414000 60.46153846153846 0.026717851234874558 119.9423076923077 0.46634615384615385 135.46153846153845 45.30769230769231 0.0 45.30769230769231 0.8857370000332594
416000 63.0 0.029470701485564514 119.8076923076923 0.47275641025641024 135.46153846153845 45.30769230769231 0.0 45.30769230769231 0.954784999601543
418000 60.46153846153846 0.026717851234874558 119.9423076923077 0.46634615384615385 135.46153846153845 45.30769230769231 0.0 45.30769230769231 0.9945398001000285
420000 60.46153846153846 0.026717851234874558 119.9423076923077 0.46634615384615385 135.46153846153845 45.30769230769231 0.0 45.30769230769231 0.9329318003728986
422000 60.46153846153846 0.026717851234874558 119.9423076923077 0.46634615384615385 135.46153846153845 45.30769230769231 0.0 45.30769230769231 0.907282299362123
424000 63.46153846153846 0.029657479311092198 119.78846153846153 0.46153846153846145 135.46153846153845 45.30769230769231 0.0 45.30769230769231 1.000178299844265
426000 63.28846153846154 0.02956889675369984 119.78846153846153 0.4663461538461538 135.46153846153845 45.30769230769231 0.0 45.30769230769231 0.8563165999948978
428000 62.21153846153846 0.029139159307859527 119.82692307692308 0.47275641025641024 135.46153846153845 45.30769230769231 0.0 45.30769230769231 1.019565399736166
430000 64.01923076923077 0.029912806823347435 119.73076923076923 0.46153846153846145 135.46153846153845 45.30769230769231 0.0 45.30769230769231 0.914347599260509
432000 64.01923076923077 0.029912806823347435 119.73076923076923 0.46153846153846145 135.46153846153845 45.30769230769231 0.0 45.30769230769231 0.8911718996241689
434000 64.01923076923077 0.029912806823347435 119.73076923076923 0.46153846153846145 135.46153846153845 45.30769230769231 0.0 45.30769230769231 0.8609408000484109
436000 64.01923076923077 0.029912806823347435 119.73076923076923 0.46153846153846145 135.46153846153845 45.30769230769231 0.0 45.30769230769231 0.8582961997017264
438000 64.01923076923077 0.029910688659833942 119.75 0.46153846153846145 135.46153846153845 45.30769230769231 0.0 45.30769230769231 0.8885081000626087
440000 63.32692307692308 0.029580691921012172 119.78846153846153 0.46153846153846145 135.46153846153845 45.30769230769231 0.0 45.30769230769231 0.9261344000697136
442000 62.94230769230769 0.029381115258872423 119.8076923076923 0.4663461538461538 135.46153846153845 45.30769230769231 0.0 45.30769230769231 0.9431968005374074
444000 63.32692307692308 0.029580691921012172 119.78846153846153 0.46153846153846145 135.46153846153845 45.30769230769231 0.0 45.30769230769231 1.005672000348568
446000 64.01923076923077 0.029910688659833942 119.75 0.46153846153846145 135.46153846153845 45.30769230769231 0.0 45.30769230769231 0.916461399756372
448000 64.01923076923077 0.029912806823347435 119.73076923076923 0.46153846153846145 135.46153846153845 45.30769230769231 0.0 45.30769230769231 0.9180463002994657
450000 62.98076923076923 0.029462368598344755 119.8076923076923 0.4663461538461538 135.46153846153845 45.30769230769231 0.0 45.30769230769231 0.950535099953413
452000 64.01923076923077 0.029912806823347435 119.73076923076923 0.46153846153846145 135.46153846153845 45.30769230769231 0.0 45.30769230769231 0.9139077998697758
454000 63.71153846153846 0.029834161836704884 119.76923076923077 0.46153846153846145 135.46153846153845 45.30769230769231 0.0 45.30769230769231 0.9429690996184945
456000 63.46153846153846 0.029657479311092198 119.78846153846153 0.46153846153846145 135.46153846153845 45.30769230769231 0.0 45.30769230769231 0.9310597004368901
458000 63.46153846153846 0.029657479311092198 119.78846153846153 0.46153846153846145 135.46153846153845 45.30769230769231 0.0 45.30769230769231 1.1017693001776934
460000 64.01923076923077 0.029910688659833942 119.75 0.46153846153846145 135.46153846153845 45.30769230769231 0.0 45.30769230769231 0.9750944999977946
462000 62.78846153846154 0.029308033392259934 119.8076923076923 0.47275641025641024 135.46153846153845 45.30769230769231 0.0 45.30769230769231 0.8854229003190994
464000 63.26923076923077 0.029514916831015484 119.78846153846153 0.46153846153846145 135.46153846153845 45.30769230769231 0.0 45.30769230769231 0.8952088002115488
466000 64.01923076923077 0.029912806823347435 119.73076923076923 0.46153846153846145 135.46153846153845 45.30769230769231 0.0 45.30769230769231 0.8771684002131224
468000 63.53846153846154 0.029733109653131976 119.78846153846153 0.46153846153846145 135.46153846153845 45.30769230769231 0.0 45.30769230769231 0.914691099897027
470000 61.76923076923077 0.027462726969453368 119.90384615384616 0.4775641025641025 135.46153846153845 45.30769230769231 0.0 45.30769230769231 0.9673709999769926
472000 64.01923076923077 0.029910688659833942 119.75 0.46153846153846145 135.46153846153845 45.30769230769231 0.0 45.30769230769231 0.9919612007215619
474000 60.46153846153846 0.026717851234874558 119.9423076923077 0.46634615384615385 135.46153846153845 45.30769230769231 0.0 45.30769230769231 0.8990196995437145
476000 60.46153846153846 0.026717851234874558 119.9423076923077 0.46634615384615385 135.46153846153845 45.30769230769231 0.0 45.30769230769231 0.9318962004035711
478000 60.46153846153846 0.026717851234874558 119.9423076923077 0.46634615384615385 135.46153846153845 45.30769230769231 0.0 45.30769230769231 0.9281495995819569
480000 60.46153846153846 0.026717851234874558 119.9423076923077 0.46634615384615385 135.46153846153845 45.30769230769231 0.0 45.30769230769231 1.0020779995247722
482000 60.46153846153846 0.026717851234874558 119.9423076923077 0.46634615384615385 135.46153846153845 45.30769230769231 0.0 45.30769230769231 0.9060355005785823
484000 60.46153846153846 0.026717851234874558 119.9423076923077 0.46634615384615385 135.46153846153845 45.30769230769231 0.0 45.30769230769231 0.8977068001404405
486000 60.46153846153846 0.026717851234874558 119.9423076923077 0.46634615384615385 135.46153846153845 45.30769230769231 0.0 45.30769230769231 0.8811673000454903
488000 63.46153846153846 0.029657479311092198 119.78846153846153 0.46153846153846145 135.46153846153845 45.30769230769231 0.0 45.30769230769231 0.893088199198246
490000 62.96153846153846 0.029389448146092182 119.8076923076923 0.47275641025641024 135.46153846153845 45.30769230769231 0.0 45.30769230769231 0.9321979004889727
492000 63.46153846153846 0.029657479311092198 119.78846153846153 0.46153846153846145 135.46153846153845 45.30769230769231 0.0 45.30769230769231 0.8943944992497563
494000 63.71153846153846 0.029834161836704884 119.76923076923077 0.46153846153846145 135.46153846153845 45.30769230769231 0.0 45.30769230769231 0.9568647993728518
496000 64.01923076923077 0.029910688659833942 119.75 0.46153846153846145 135.46153846153845 45.30769230769231 0.0 45.30769230769231 0.9692660002037883
498000 64.01923076923077 0.029910688659833942 119.75 0.46153846153846145 135.46153846153845 45.30769230769231 0.0 45.30769230769231 1.1521471999585629
500000 64.01923076923077 0.029910688659833942 119.75 0.46153846153846145 135.46153846153845 45.30769230769231 0.0 45.30769230769231 0.9304358996450901
