2000 0.5961538461538461 0.00017819910613032242 115.67307692307692 0.07211538461538461 135.8653846153846 45.28846153846154 1.3076923076923077 43.98076923076923 0.5232838001102209
4000 1.2115384615384615 0.000487659394369174 113.40384615384616 0.09775641025641026 135.8653846153846 45.28846153846154 1.1153846153846154 44.17307692307692 0.4877971997484565
6000 0.5192307692307693 0.0002689081642836773 115.21153846153847 0.09935897435897435 135.8653846153846 45.28846153846154 1.1153846153846154 44.17307692307692 0.4965286999940872
8000 0.36538461538461536 8.71284431895002e-05 113.4423076923077 0.14423076923076922 135.8653846153846 45.28846153846154 1.1153846153846154 44.17307692307692 0.46551490016281605
10000 0.40384615384615385 7.636364451087356e-05 115.01923076923077 0.10576923076923077 135.8653846153846 45.28846153846154 1.1153846153846154 44.17307692307692 0.4634118005633354
12000 0.38461538461538464 7.840670848562491e-05 114.25 0.1201923076923077 135.8653846153846 45.28846153846154 1.1153846153846154 44.17307692307692 0.460589699447155
14000 0.5 9.129593103375333e-05 112.5576923076923 0.11538461538461539 135.8653846153846 45.28846153846154 1.1153846153846154 44.17307692307692 0.49682189989835024
16000 0.6153846153846154 0.0001599750334497061 111.4423076923077 0.1346153846153846 135.8653846153846 45.28846153846154 1.1153846153846154 44.17307692307692 0.53816660027951
18000 1.3461538461538463 0.0005822587268015976 108.42307692307692 0.16025641025641024 135.8653846153846 45.28846153846154 1.1153846153846154 44.17307692307692 0.5261281998828053
20000 0.5576923076923077 0.00016531833195185556 113.28846153846153 0.10576923076923075 135.8653846153846 45.28846153846154 1.1153846153846154 44.17307692307692 0.6232308996841311
22000 0.9423076923076923 0.0004194812257983027 111.82692307692308 0.141025641025641 135.8653846153846 45.28846153846154 1.1153846153846154 44.17307692307692 0.5602015005424619
24000 0.5384615384615384 0.00018732500166679988 111.46153846153847 0.12179487179487179 135.8653846153846 45.28846153846154 1.1153846153846154 44.17307692307692 0.5857066996395588
26000 0.6538461538461539 0.00021088737860122504 113.23076923076923 0.1233974358974359 135.8653846153846 45.28846153846154 1.1153846153846154 44.17307692307692 0.6023153997957706
28000 0.7692307692307693 0.00028349587285223736 111.5576923076923 0.1233974358974359 135.8653846153846 45.28846153846154 1.1923076923076923 44.09615384615385 0.5930164000019431
30000 1.2307692307692308 0.00046464352252170824 108.96153846153847 0.1378205128205128 135.8653846153846 45.28846153846154 1.4615384615384615 43.82692307692308 0.7078825999051332
32000 0.5961538461538461 0.00036988695805066207 110.67307692307692 0.12179487179487178 135.8653846153846 45.28846153846154 1.9807692307692308 43.30769230769231 0.7664173999801278
34000 0.5769230769230769 0.0003540784109616305 111.15384615384616 0.141025641025641 135.8653846153846 45.28846153846154 1.9615384615384615 43.32692307692308 0.7704000007361174
36000 0.5 0.0001612366492024905 113.8076923076923 0.1394230769230769 135.8653846153846 45.28846153846154 1.2884615384615385 44.0 0.8168465998023748
38000 0.46153846153846156 0.00010210496930608087 113.36538461538461 0.09775641025641026 135.8653846153846 45.28846153846154 1.4423076923076923 43.84615384615385 0.724018800072372
40000 0.6730769230769231 0.00024969067170858687 109.59615384615384 0.1378205128205128 135.8653846153846 45.28846153846154 1.1153846153846154 44.17307692307692 0.7465041000396013
42000 0.6538461538461539 0.00021125397374514233 111.03846153846153 0.08493589743589743 135.8653846153846 45.28846153846154 1.2884615384615385 44.0 0.8809546995908022
44000 0.5 0.00017945545479680142 112.4423076923077 0.08814102564102563 135.8653846153846 45.28846153846154 1.9038461538461537 43.38461538461539 0.887945500202477
46000 1.3076923076923077 0.0004258213854038653 112.0576923076923 0.09935897435897437 135.8653846153846 45.28846153846154 1.1153846153846154 44.17307692307692 0.9278541002422571
48000 0.9038461538461539 0.0002403753203516171 114.01923076923077 0.05929487179487179 135.8653846153846 45.28846153846154 1.25 44.03846153846154 0.9280936997383833
50000 0.8846153846153846 0.0003128714434143068 113.8076923076923 0.060897435897435896 135.8653846153846 45.28846153846154 1.9615384615384615 43.32692307692308 0.9100967003032565
52000 1.0384615384615385 0.00023749416983094207 114.01923076923077 0.07371794871794872 135.8653846153846 45.28846153846154 1.6538461538461537 43.63461538461539 0.9553682999685407
54000 0.8846153846153846 0.0003009256173136428 115.25 0.08012820512820512 135.8653846153846 45.28846153846154 1.1346153846153846 44.15384615384615 0.9182343995198607
56000 0.40384615384615385 0.00014542728294480368 114.11538461538461 0.08653846153846154 135.8653846153846 45.28846153846154 1.1153846153846154 44.17307692307692 0.8618214000016451
58000 0.6346153846153846 0.00013987896584242686 114.36538461538461 0.08814102564102565 135.8653846153846 45.28846153846154 1.1153846153846154 44.17307692307692 0.9086180003359914
60000 0.5769230769230769 0.00012387170426527322 113.88461538461539 0.09615384615384616 135.8653846153846 45.28846153846154 1.1153846153846154 44.17307692307692 0.88396290037781
62000 0.6923076923076923 0.00026878321315451957 114.11538461538461 0.07532051282051282 135.8653846153846 45.28846153846154 1.1153846153846154 44.17307692307692 0.8608428006991744
64000 0.4807692307692308 0.00022729646719514936 114.21153846153847 0.10096153846153846 135.8653846153846 45.28846153846154 1.1153846153846154 44.17307692307692 0.8799570994451642
66000 1.7884615384615385 0.0005924592259589519 111.76923076923077 0.1137820512820513 135.8653846153846 45.28846153846154 1.1153846153846154 44.17307692307692 0.86485640052706
68000 0.9615384615384616 0.00023520798421885399 113.01923076923077 0.1185897435897436 135.8653846153846 45.28846153846154 1.1153846153846154 44.17307692307692 0.8722733994945884
70000 0.5192307692307693 0.00020841994424664653 114.67307692307692 0.08173076923076923 135.8653846153846 45.28846153846154 1.1153846153846154 44.17307692307692 0.9120089001953602
72000 2.7884615384615383 0.0015722675816740256 106.15384615384616 0.16666666666666666 135.8653846153846 45.28846153846154 1.1153846153846154 44.17307692307692 0.9985512997955084
74000 3.8461538461538463 0.0023369700748758476 106.38461538461539 0.18108974358974358 135.8653846153846 45.28846153846154 1.1153846153846154 44.17307692307692 0.9030029000714421
76000 3.7884615384615383 0.0018048808269513833 105.51923076923077 0.17467948717948717 135.8653846153846 45.28846153846154 1.1153846153846154 44.17307692307692 1.1283467002213001
78000 1.9615384615384615 0.001016737960446658 110.17307692307692 0.1330128205128205 135.8653846153846 45.28846153846154 1.1153846153846154 44.17307692307692 1.1679036999121308
80000 6.596153846153846 0.0025959562375723363 104.34615384615384 0.19230769230769232 135.8653846153846 45.28846153846154 1.1153846153846154 44.17307692307692 1.567357400432229
82000 3.4615384615384617 0.001322036481687606 104.82692307692308 0.14262820512820512 135.8653846153846 45.28846153846154 1.1153846153846154 44.17307692307692 0.9011188996955752
84000 3.826923076923077 0.0008047668331578241 106.26923076923077 0.14583333333333331 135.8653846153846 45.28846153846154 1.1153846153846154 44.17307692307692 0.8783607007935643
86000 3.0384615384615383 0.0005157881723809909 105.84615384615384 0.12980769230769232 135.8653846153846 45.28846153846154 1.1153846153846154 44.17307692307692 0.9788573002442718
88000 5.3076923076923075 0.0018113718196555552 105.5576923076923 0.15705128205128205 135.8653846153846 45.28846153846154 1.1153846153846154 44.17307692307692 1.0213497001677752
90000 3.0 0.0003656821378310314 108.38461538461539 0.10737179487179488 135.8653846153846 45.28846153846154 1.1153846153846154 44.17307692307692 1.0553388996049762
92000 2.6538461538461537 0.0003476023285984796 108.42307692307692 0.10576923076923077 135.8653846153846 45.28846153846154 1.1153846153846154 44.17307692307692 0.8979206001386046
94000 2.6346153846153846 0.000397895121977314 108.98076923076923 0.13461538461538464 135.8653846153846 45.28846153846154 1.1153846153846154 44.17307692307692 0.929071499966085
96000 2.980769230769231 0.0005480224952347892 108.61538461538461 0.09455128205128203 135.8653846153846 45.28846153846154 1.1153846153846154 44.17307692307692 1.0209338003769517
98000 3.576923076923077 0.0010748328905941537 106.5576923076923 0.15384615384615385 135.8653846153846 45.28846153846154 1.1153846153846154 44.17307692307692 1.0028685005381703
100000 3.4038461538461537 0.0010335049838390337 106.0 0.1778846153846154 135.8653846153846 45.28846153846154 1.1153846153846154 44.17307692307692 0.9053032994270325
102000 3.2115384615384617 0.0006135655167539646 106.6923076923077 0.14262820512820512 135.8653846153846 45.28846153846154 1.1153846153846154 44.17307692307692 1.0150877991691232
104000 3.0961538461538463 0.0008546656810336851 106.5576923076923 0.1378205128205128 135.8653846153846 45.28846153846154 1.1153846153846154 44.17307692307692 0.966071099974215
106000 4.846153846153846 0.001542374062792619 107.42307692307692 0.125 135.8653846153846 45.28846153846154 1.1153846153846154 44.17307692307692 0.9299918999895453
108000 2.173076923076923 0.00016038201984970002 110.13461538461539 0.07532051282051282 135.8653846153846 45.28846153846154 1.1153846153846154 44.17307692307692 0.9285927005112171
110000 2.980769230769231 0.0006357155664312148 107.6923076923077 0.15064102564102566 135.8653846153846 45.28846153846154 1.1153846153846154 44.17307692307692 0.865250600501895
112000 3.6538461538461537 0.0007454876402098645 103.82692307692308 0.1650641025641026 135.8653846153846 45.28846153846154 1.1153846153846154 44.17307692307692 0.8851707000285387
114000 4.173076923076923 0.0011806084979444306 100.6923076923077 0.22275641025641024 135.8653846153846 45.28846153846154 1.1153846153846154 44.17307692307692 0.8536617998033762
116000 13.615384615384615 0.005289529876985112 96.4423076923077 0.3205128205128205 135.8653846153846 45.28846153846154 1.1153846153846154 44.17307692307692 0.8900598995387554
118000 16.98076923076923 0.007088312895359095 94.86538461538461 0.3205128205128205 135.8653846153846 45.28846153846154 1.1153846153846154 44.17307692307692 0.9206422995775938
120000 13.442307692307692 0.005674617346399323 96.34615384615384 0.2692307692307692 135.8653846153846 45.28846153846154 1.1153846153846154 44.17307692307692 1.0327187003567815
122000 18.346153846153847 0.007796385067525781 94.73076923076923 0.3253205128205128 135.8653846153846 45.28846153846154 1.1153846153846154 44.17307692307692 0.8531771004199982
124000 18.634615384615383 0.008000688156568157 94.34615384615384 0.33814102564102566 135.8653846153846 45.28846153846154 1.1153846153846154 44.17307692307692 0.851264700293541
126000 28.076923076923077 0.011672782590507209 91.15384615384616 0.3637820512820512 135.8653846153846 45.28846153846154 1.1153846153846154 44.17307692307692 0.8964959997683764
128000 29.057692307692307 0.012055827171966795 90.15384615384616 0.37339743589743585 135.8653846153846 45.28846153846154 1.1153846153846154 44.17307692307692 0.8364181006327271
130000 28.98076923076923 0.011924250608221118 89.59615384615384 0.37820512820512814 135.8653846153846 45.28846153846154 1.1153846153846154 44.17307692307692 0.8688703998923302
132000 29.71153846153846 0.01233917765816612 89.59615384615384 0.37820512820512814 135.8653846153846 45.28846153846154 1.1153846153846154 44.17307692307692 0.9523163996636868
134000 29.884615384615383 0.012401727545553475 89.38461538461539 0.37820512820512814 135.8653846153846 45.28846153846154 1.1153846153846154 44.17307692307692 1.1890885001048446
136000 30.365384615384617 0.012548850075758103 89.21153846153847 0.37339743589743585 135.8653846153846 45.28846153846154 1.1153846153846154 44.17307692307692 0.9444051999598742
138000 30.692307692307693 0.01290372638829742 89.01923076923077 0.36858974358974356 135.8653846153846 45.28846153846154 1.1153846153846154 44.17307692307692 0.9642326002940536
140000 31.26923076923077 0.013064508624097979 88.6923076923077 0.3669871794871795 135.8653846153846 45.28846153846154 1.1153846153846154 44.17307692307692 0.8629870004951954
142000 31.826923076923077 0.013491250553826108 88.5576923076923 0.37820512820512814 135.8653846153846 45.28846153846154 1.1153846153846154 44.17307692307692 0.8616999005898833
144000 31.28846153846154 0.013197977855092384 88.51923076923077 0.37820512820512814 135.8653846153846 45.28846153846154 1.1153846153846154 44.17307692307692 0.8453711997717619
146000 31.23076923076923 0.0131547336040348 88.36538461538461 0.37820512820512814 135.8653846153846 45.28846153846154 1.1153846153846154 44.17307692307692 0.9152579000219703
148000 32.32692307692308 0.013899094780570541 86.65384615384616 0.40865384615384615 135.8653846153846 45.28846153846154 1.1153846153846154 44.17307692307692 0.9912954997271299
150000 32.32692307692308 0.013899094780570541 86.65384615384616 0.40865384615384615 135.8653846153846 45.28846153846154 1.1153846153846154 44.17307692307692 0.8896812992170453
152000 33.34615384615385 0.014853659895900958 85.5 0.4375 135.8653846153846 45.28846153846154 1.1153846153846154 44.17307692307692 0.8543124999850988
154000 34.5 0.016253785638606702 86.48076923076923 0.40384615384615385 135.8653846153846 45.28846153846154 1.1153846153846154 44.17307692307692 0.8909430997446179
156000 39.34615384615385 0.018276380328857315 84.5576923076923 0.43429487179487175 135.8653846153846 45.28846153846154 1.1153846153846154 44.17307692307692 1.2271852996200323
158000 39.90384615384615 0.01841046818766333 84.67307692307692 0.44070512820512825 135.8653846153846 45.28846153846154 1.1153846153846154 44.17307692307692 1.0643140003085136
160000 39.90384615384615 0.01841046818766333 84.67307692307692 0.44070512820512825 135.8653846153846 45.28846153846154 1.1153846153846154 44.17307692307692 1.0947854006662965
162000 39.96153846153846 0.018461293100843136 84.90384615384616 0.42788461538461536 135.8653846153846 45.28846153846154 1.1153846153846154 44.17307692307692 1.119029600173235
164000 39.96153846153846 0.018461293100843136 84.90384615384616 0.42788461538461536 135.8653846153846 45.28846153846154 1.1153846153846154 44.17307692307692 0.9705992005765438
166000 39.96153846153846 0.018461293100843136 84.90384615384616 0.42788461538461536 135.8653846153846 45.28846153846154 1.1153846153846154 44.17307692307692 0.942225500009954
168000 39.96153846153846 0.018461293100843136 84.90384615384616 0.42788461538461536 135.8653846153846 45.28846153846154 1.1153846153846154 44.17307692307692 0.9949062000960112
170000 39.96153846153846 0.018461293100843136 84.90384615384616 0.42788461538461536 135.8653846153846 45.28846153846154 1.1153846153846154 44.17307692307692 0.9378992998972535
172000 39.71153846153846 0.018273962894582055 84.86538461538461 0.42788461538461536 135.8653846153846 45.28846153846154 1.1153846153846154 44.17307692307692 0.9269199995324016
174000 39.71153846153846 0.018273962894582055 84.86538461538461 0.42788461538461536 135.8653846153846 45.28846153846154 1.1153846153846154 44.17307692307692 0.9019579999148846
176000 39.96153846153846 0.018461293100843136 84.90384615384616 0.42788461538461536 135.8653846153846 45.28846153846154 1.1153846153846154 44.17307692307692 0.8995901001617312
178000 40.5 0.018754565799576864 84.9423076923077 0.42788461538461536 135.8653846153846 45.28846153846154 1.1153846153846154 44.17307692307692 0.9061235999688506
180000 39.96153846153846 0.018461293100843136 84.90384615384616 0.42788461538461536 135.8653846153846 45.28846153846154 1.1153846153846154 44.17307692307692 0.9192100996151567
182000 40.5 0.01884236198655538 85.0 0.4182692307692308 135.8653846153846 45.28846153846154 1.1153846153846154 44.17307692307692 0.8994784997776151
184000 40.69230769230769 0.01914307727151977 85.13461538461539 0.4182692307692308 135.8653846153846 45.28846153846154 1.1153846153846154 44.17307692307692 0.8854806004092097
186000 40.5 0.018754565799576864 84.9423076923077 0.42788461538461536 135.8653846153846 45.28846153846154 1.1153846153846154 44.17307692307692 0.9186267992481589
188000 39.71153846153846 0.018273962894582055 84.86538461538461 0.42788461538461536 135.8653846153846 45.28846153846154 1.1153846153846154 44.17307692307692 0.9101654998958111
190000 39.96153846153846 0.018461293100843136 84.90384615384616 0.42788461538461536 135.8653846153846 45.28846153846154 1.1153846153846154 44.17307692307692 0.9371386002749205
192000 39.96153846153846 0.018549089287821653 84.96153846153847 0.4182692307692308 135.8653846153846 45.28846153846154 1.1153846153846154 44.17307692307692 0.9130334006622434
194000 39.96153846153846 0.018461293100843136 84.90384615384616 0.42788461538461536 135.8653846153846 45.28846153846154 1.1153846153846154 44.17307692307692 0.9323810003697872
196000 39.71153846153846 0.018361759081560573 84.92307692307692 0.4182692307692308 135.8653846153846 45.28846153846154 1.1153846153846154 44.17307692307692 0.9830753998830914
198000 39.71153846153846 0.018273962894582055 84.86538461538461 0.42788461538461536 135.8653846153846 45.28846153846154 1.1153846153846154 44.17307692307692 0.9263252001255751
200000 39.71153846153846 0.018361759081560573 84.92307692307692 0.4182692307692308 135.8653846153846 45.28846153846154 1.1153846153846154 44.17307692307692 0.981326499953866
202000 39.57692307692308 0.018153289193572206 84.84615384615384 0.41346153846153844 135.8653846153846 45.28846153846154 1.1153846153846154 44.17307692307692 0.9466069005429745
204000 39.82692307692308 0.01834061939983329 84.88461538461539 0.41346153846153844 135.8653846153846 45.28846153846154 1.1153846153846154 44.17307692307692 0.9153921995311975
206000 39.82692307692308 0.01834061939983329 84.88461538461539 0.41346153846153844 135.8653846153846 45.28846153846154 1.1153846153846154 44.17307692307692 0.8521857997402549
208000 39.82692307692308 0.01834061939983329 84.88461538461539 0.41346153846153844 135.8653846153846 45.28846153846154 1.1153846153846154 44.17307692307692 0.90483189933002
210000 39.82692307692308 0.0181926093110443 84.76923076923077 0.4230769230769231 135.8653846153846 45.28846153846154 1.1153846153846154 44.17307692307692 0.9159284001216292
212000 40.11538461538461 0.018353929824986064 84.67307692307692 0.4198717948717948 135.8653846153846 45.28846153846154 1.1153846153846154 44.17307692307692 0.9289631992578506
214000 39.82692307692308 0.01834061939983329 84.88461538461539 0.41346153846153844 135.8653846153846 45.28846153846154 1.1153846153846154 44.17307692307692 0.8624676000326872
216000 40.11538461538461 0.018414143726796537 84.73076923076923 0.4198717948717948 135.8653846153846 45.28846153846154 1.1153846153846154 44.17307692307692 0.940587299875915
218000 40.11538461538461 0.018414143726796537 84.73076923076923 0.4198717948717948 135.8653846153846 45.28846153846154 1.1153846153846154 44.17307692307692 1.0069519001990557
220000 40.11538461538461 0.018414143726796537 84.73076923076923 0.4198717948717948 135.8653846153846 45.28846153846154 1.1153846153846154 44.17307692307692 0.9149895003065467
222000 39.71153846153846 0.01823126379637736 85.21153846153847 0.41346153846153844 135.8653846153846 45.28846153846154 1.1153846153846154 44.17307692307692 0.9013644997030497
224000 40.46153846153846 0.018351049635350218 84.71153846153847 0.4423076923076923 135.8653846153846 45.28846153846154 1.1153846153846154 44.17307692307692 0.9663627995178103
226000 40.28846153846154 0.018228032713450453 84.73076923076923 0.42948717948717946 135.8653846153846 45.28846153846154 1.1153846153846154 44.17307692307692 0.9572408003732562
228000 40.44230769230769 0.018665921751295785 84.86538461538461 0.42467948717948717 135.8653846153846 45.28846153846154 1.1153846153846154 44.17307692307692 0.9065958000719547
230000 40.44230769230769 0.01860570784948531 84.8076923076923 0.42467948717948717 135.8653846153846 45.28846153846154 1.1153846153846154 44.17307692307692 0.9382319999858737
232000 40.80769230769231 0.019137662625022797 85.11538461538461 0.42948717948717946 135.8653846153846 45.28846153846154 1.1153846153846154 44.17307692307692 0.8934213994070888
234000 40.65384615384615 0.018759987488987936 85.03846153846153 0.43429487179487175 135.8653846153846 45.28846153846154 1.1153846153846154 44.17307692307692 0.9379140995442867
236000 40.65384615384615 0.018759987488987936 85.03846153846153 0.43429487179487175 135.8653846153846 45.28846153846154 1.1153846153846154 44.17307692307692 0.9517894005402923
238000 41.82692307692308 0.019360804745533502 85.0576923076923 0.46634615384615385 135.8653846153846 45.28846153846154 1.1153846153846154 44.17307692307692 0.8898598002269864
240000 42.05769230769231 0.01916906199470649 84.61538461538461 0.46153846153846156 135.8653846153846 45.28846153846154 1.1153846153846154 44.17307692307692 1.022992399521172
242000 44.94230769230769 0.022219234166889833 83.9423076923077 0.45512820512820507 135.8653846153846 45.28846153846154 1.1153846153846154 44.17307692307692 0.9456318998709321
244000 50.73076923076923 0.023297896531786176 83.61538461538461 0.44711538461538464 135.8653846153846 45.28846153846154 1.1346153846153846 44.15384615384615 0.8536951001733541
246000 60.59615384615385 0.029669989222088855 81.8076923076923 0.47115384615384615 135.8653846153846 45.28846153846154 1.1346153846153846 44.15384615384615 0.9130492992699146
248000 67.9423076923077 0.03231357132513543 80.48076923076923 0.4951923076923076 135.8653846153846 45.28846153846154 1.1346153846153846 44.15384615384615 1.03505489975214
250000 67.98076923076923 0.03232876252705279 80.59615384615384 0.4951923076923076 135.8653846153846 45.28846153846154 1.1346153846153846 44.15384615384615 0.9419700996950269
252000 68.25 0.03243286740491831 80.63461538461539 0.5144230769230769 135.8653846153846 45.28846153846154 1.1346153846153846 44.15384615384615 0.9933763993903995
254000 68.38461538461539 0.03239612157627453 80.61538461538461 0.5080128205128205 135.8653846153846 45.28846153846154 1.1346153846153846 44.15384615384615 0.8485340001061559
256000 69.1923076923077 0.03264169197054268 80.11538461538461 0.530448717948718 135.8653846153846 45.28846153846154 1.1346153846153846 44.15384615384615 0.9912147000432014
258000 65.28846153846153 0.03080487419498273 80.42307692307692 0.530448717948718 135.8653846153846 45.28846153846154 1.1346153846153846 44.15384615384615 0.9445723993703723
260000 66.78846153846153 0.03166333132253536 80.5 0.5240384615384615 135.8653846153846 45.28846153846154 1.1346153846153846 44.15384615384615 0.8673353996127844
262000 64.90384615384616 0.03064256726179992 80.46153846153847 0.530448717948718 135.8653846153846 45.28846153846154 1.1346153846153846 44.15384615384615 0.9691683994606137
264000 67.73076923076923 0.03168308070132209 80.23076923076923 0.5368589743589743 135.8653846153846 45.28846153846154 1.1346153846153846 44.15384615384615 0.9547025999054313
266000 68.32692307692308 0.031889141429317994 79.96153846153847 0.5432692307692307 135.8653846153846 45.28846153846154 1.1153846153846154 44.17307692307692 1.0424005994573236
268000 69.32692307692308 0.03227185078192482 79.76923076923077 0.5432692307692307 135.8653846153846 45.28846153846154 1.1153846153846154 44.17307692307692 0.9116767002269626
270000 69.98076923076923 0.032854221677602886 79.51923076923077 0.5288461538461537 135.8653846153846 45.28846153846154 1.1730769230769231 44.11538461538461 0.8736195992678404
272000 74.11538461538461 0.03455005586311692 78.61538461538461 0.548076923076923 135.8653846153846 45.28846153846154 1.1538461538461537 44.13461538461539 0.8867921000346541
274000 79.21153846153847 0.03693910340780033 76.6923076923077 0.5560897435897435 135.8653846153846 45.28846153846154 1.2884615384615385 44.0 0.9033642001450062
276000 84.46153846153847 0.040232209989623506 75.34615384615384 0.5496794871794871 135.8653846153846 45.28846153846154 1.4230769230769231 43.86538461538461 0.9057509005069733
278000 85.21153846153847 0.04054188485925591 74.9423076923077 0.5496794871794871 135.8653846153846 45.28846153846154 1.4038461538461537 43.88461538461539 0.889911700040102
280000 85.53846153846153 0.0407822497064012 75.07692307692308 0.5400641025641025 135.8653846153846 45.28846153846154 1.4038461538461537 43.88461538461539 0.9570463001728058
282000 85.53846153846153 0.04078456980726518 75.09615384615384 0.5400641025641025 135.8653846153846 45.28846153846154 1.4230769230769231 43.86538461538461 0.904759700410068
284000 83.1923076923077 0.038336421238416234 75.53846153846153 0.5496794871794871 135.8653846153846 45.28846153846154 1.4230769230769231 43.86538461538461 0.8903406001627445
286000 84.71153846153847 0.039230175253852875 75.01923076923077 0.5432692307692307 135.8653846153846 45.28846153846154 1.4807692307692308 43.80769230769231 0.9190204003825784
288000 84.65384615384616 0.039173456232518326 74.92307692307692 0.5432692307692307 135.8653846153846 45.28846153846154 1.4807692307692308 43.80769230769231 1.0634594997391105
290000 84.75 0.039499734247055523 74.82692307692308 0.5432692307692307 135.8653846153846 45.28846153846154 1.4807692307692308 43.80769230769231 0.9621749995276332
292000 84.75 0.039499734247055523 74.82692307692308 0.5432692307692307 135.8653846153846 45.28846153846154 1.4807692307692308 43.80769230769231 0.8938715001568198
294000 84.75 0.039499734247055523 74.82692307692308 0.5432692307692307 135.8653846153846 45.28846153846154 1.4807692307692308 43.80769230769231 0.8907262003049254
296000 84.82692307692308 0.03950801781618986 74.8076923076923 0.5496794871794871 135.8653846153846 45.28846153846154 1.4615384615384615 43.82692307692308 0.8841415997594595
298000 84.59615384615384 0.039403936669477196 74.82692307692308 0.5432692307692307 135.8653846153846 45.28846153846154 1.4615384615384615 43.82692307692308 0.9300767993554473
300000 84.67307692307692 0.03941222023861153 74.8076923076923 0.5496794871794871 135.8653846153846 45.28846153846154 1.4423076923076923 43.84615384615385 0.9336832007393241
302000 84.46153846153847 0.03926523602093811 74.8076923076923 0.5496794871794871 135.8653846153846 45.28846153846154 1.4230769230769231 43.86538461538461 0.9701711004599929
304000 84.65384615384616 0.039173456232518326 74.92307692307692 0.5432692307692307 135.8653846153846 45.28846153846154 1.4807692307692308 43.80769230769231 0.8751835003495216
306000 84.75 0.039499734247055523 74.82692307692308 0.5432692307692307 135.8653846153846 45.28846153846154 1.4807692307692308 43.80769230769231 0.9674104005098343
308000 84.75 0.039499734247055523 74.82692307692308 0.5432692307692307 135.8653846153846 45.28846153846154 1.4807692307692308 43.80769230769231 0.9555327007547021
310000 84.75 0.039499734247055523 74.82692307692308 0.5432692307692307 135.8653846153846 45.28846153846154 1.4807692307692308 43.80769230769231 0.9380152998492122
312000 84.84615384615384 0.03982063606279199 74.8076923076923 0.5432692307692307 135.8653846153846 45.28846153846154 1.5 43.78846153846154 0.892157000489533
314000 84.90384615384616 0.03987735508412655 74.90384615384616 0.5432692307692307 135.8653846153846 45.28846153846154 1.5 43.78846153846154 0.94643360003829
316000 84.75 0.03949435804825479 74.90384615384616 0.5432692307692307 135.8653846153846 45.28846153846154 1.5 43.78846153846154 0.9033305998891592
318000 84.84615384615384 0.03982063606279199 74.8076923076923 0.5432692307692307 135.8653846153846 45.28846153846154 1.5 43.78846153846154 0.9764930997043848
320000 84.84615384615384 0.03982063606279199 74.8076923076923 0.5432692307692307 135.8653846153846 45.28846153846154 1.5 43.78846153846154 1.0216001998633146
322000 84.75 0.03949435804825479 74.90384615384616 0.5432692307692307 135.8653846153846 45.28846153846154 1.5 43.78846153846154 0.9732411000877619
324000 84.75 0.03949435804825479 74.90384615384616 0.5432692307692307 135.8653846153846 45.28846153846154 1.5 43.78846153846154 0.9706326993182302
326000 84.75 0.03949435804825479 74.90384615384616 0.5432692307692307 135.8653846153846 45.28846153846154 1.5 43.78846153846154 0.9034740002825856
328000 84.75 0.03949435804825479 74.90384615384616 0.5432692307692307 135.8653846153846 45.28846153846154 1.5 43.78846153846154 0.9070586003363132
330000 84.75 0.03949435804825479 74.90384615384616 0.5432692307692307 135.8653846153846 45.28846153846154 1.5 43.78846153846154 0.9675861997529864
332000 84.75 0.03949435804825479 74.90384615384616 0.5432692307692307 135.8653846153846 45.28846153846154 1.5 43.78846153846154 0.9761731000617146
334000 84.46153846153847 0.039391598127905506 75.01923076923077 0.5528846153846153 135.8653846153846 45.28846153846154 1.5 43.78846153846154 0.8555226996541023
336000 84.46153846153847 0.039391598127905506 75.01923076923077 0.5528846153846153 135.8653846153846 45.28846153846154 1.5 43.78846153846154 0.8909243000671268
338000 84.46153846153847 0.039391598127905506 75.01923076923077 0.5528846153846153 135.8653846153846 45.28846153846154 1.5 43.78846153846154 0.8907898003235459
340000 84.46153846153847 0.039391598127905506 75.01923076923077 0.5528846153846153 135.8653846153846 45.28846153846154 1.5 43.78846153846154 0.910037599503994
342000 85.26923076923077 0.039711728179737 75.0 0.5576923076923076 135.8653846153846 45.28846153846154 1.5192307692307692 43.76923076923077 0.9369387999176979
344000 84.46153846153847 0.039391598127905506 75.01923076923077 0.5528846153846153 135.8653846153846 45.28846153846154 1.5 43.78846153846154 0.9296931000426412
346000 85.26923076923077 0.039711728179737 75.0 0.5576923076923076 135.8653846153846 45.28846153846154 1.5192307692307692 43.76923076923077 1.059978799894452
348000 85.26923076923077 0.039711728179737 75.0 0.5576923076923076 135.8653846153846 45.28846153846154 1.5192307692307692 43.76923076923077 0.997363599948585
350000 85.26923076923077 0.039711728179737 75.0 0.5576923076923076 135.8653846153846 45.28846153846154 1.5192307692307692 43.76923076923077 0.9157953998073936
352000 85.26923076923077 0.039711728179737 75.0 0.5576923076923076 135.8653846153846 45.28846153846154 1.5192307692307692 43.76923076923077 0.9150148993358016
354000 85.26923076923077 0.039711728179737 75.0 0.5576923076923076 135.8653846153846 45.28846153846154 1.5192307692307692 43.76923076923077 0.8846840001642704
356000 85.26923076923077 0.039711728179737 75.0 0.5576923076923076 135.8653846153846 45.28846153846154 1.5192307692307692 43.76923076923077 0.9122767001390457
358000 85.3076923076923 0.03999844586868462 74.98076923076923 0.5576923076923076 135.8653846153846 45.28846153846154 1.5384615384615385 43.75 0.9538823002949357
360000 85.3076923076923 0.03999844586868462 74.98076923076923 0.5576923076923076 135.8653846153846 45.28846153846154 1.5384615384615385 43.75 0.9916488006711006
362000 85.3076923076923 0.03999844586868462 74.98076923076923 0.5576923076923076 135.8653846153846 45.28846153846154 1.5384615384615385 43.75 0.8337054001167417
364000 85.36538461538461 0.040038006194274195 74.90384615384616 0.5576923076923076 135.8653846153846 45.28846153846154 1.5192307692307692 43.76923076923077 0.9046783996745944
366000 85.26923076923077 0.039711728179737 75.0 0.5576923076923076 135.8653846153846 45.28846153846154 1.5192307692307692 43.76923076923077 0.950203999876976
368000 84.11538461538461 0.039063007411830615 75.03846153846153 0.5480769230769231 135.8653846153846 45.28846153846154 1.5192307692307692 43.76923076923077 0.9115939997136593
370000 85.92307692307692 0.040272478907344526 74.90384615384616 0.5576923076923077 135.8653846153846 45.28846153846154 1.5576923076923077 43.73076923076923 0.8612573007121682
372000 85.92307692307692 0.040272478907344526 74.90384615384616 0.5576923076923077 135.8653846153846 45.28846153846154 1.5576923076923077 43.73076923076923 0.8847115999087691
374000 85.92307692307692 0.040272478907344526 74.90384615384616 0.5576923076923077 135.8653846153846 45.28846153846154 1.5576923076923077 43.73076923076923 0.8782621994614601
376000 85.88461538461539 0.039985761218396906 74.92307692307692 0.5576923076923077 135.8653846153846 45.28846153846154 1.5384615384615385 43.75 0.8390886001288891
378000 85.88461538461539 0.039985761218396906 74.92307692307692 0.5576923076923077 135.8653846153846 45.28846153846154 1.5384615384615385 43.75 0.9256293000653386
380000 86.13461538461539 0.04032233202492775 75.01923076923077 0.5480769230769231 135.8653846153846 45.28846153846154 1.4807692307692308 43.80769230769231 0.9395810002461076
382000 86.46153846153847 0.040493605143238375 75.0576923076923 0.5576923076923077 135.8653846153846 45.28846153846154 1.5 43.78846153846154 0.9146887995302677
384000 86.46153846153847 0.040493605143238375 75.0576923076923 0.5576923076923077 135.8653846153846 45.28846153846154 1.5 43.78846153846154 0.8664608001708984
386000 86.57692307692308 0.04057856782808255 75.09615384615384 0.5576923076923077 135.8653846153846 45.28846153846154 1.4807692307692308 43.80769230769231 0.8682185001671314
388000 86.57692307692308 0.04057856782808255 75.09615384615384 0.5576923076923077 135.8653846153846 45.28846153846154 1.4807692307692308 43.80769230769231 0.9123435998335481
390000 87.0576923076923 0.04080940651152653 75.0 0.5576923076923077 135.8653846153846 45.28846153846154 1.4615384615384615 43.82692307692308 0.9604150000959635
392000 86.61538461538461 0.04055317070837172 74.92307692307692 0.5480769230769231 135.8653846153846 45.28846153846154 1.4615384615384615 43.82692307692308 0.9169661998748779
394000 86.73076923076923 0.040638133393215904 74.96153846153847 0.5480769230769231 135.8653846153846 45.28846153846154 1.4423076923076923 43.84615384615385 1.0168274994939566
396000 88.09615384615384 0.041204108889390224 75.01923076923077 0.5576923076923077 135.8653846153846 45.28846153846154 1.4230769230769231 43.86538461538461 1.033199799247086
398000 89.0576923076923 0.041538475896511114 75.01923076923077 0.5576923076923077 135.8653846153846 45.28846153846154 1.3846153846153846 43.90384615384615 0.9388572005555034
400000 89.0576923076923 0.041538475896511114 75.01923076923077 0.5576923076923077 135.8653846153846 45.28846153846154 1.3846153846153846 43.90384615384615 0.9562021996825933
402000 88.96153846153847 0.04121219788197391 75.11538461538461 0.5576923076923077 135.8653846153846 45.28846153846154 1.3846153846153846 43.90384615384615 0.9755985997617245
404000 88.96153846153847 0.04121219788197391 75.11538461538461 0.5576923076923077 135.8653846153846 45.28846153846154 1.3846153846153846 43.90384615384615 0.9291551997885108
406000 88.96153846153847 0.04121219788197391 75.11538461538461 0.5576923076923077 135.8653846153846 45.28846153846154 1.3846153846153846 43.90384615384615 0.8996655996888876
408000 88.96153846153847 0.04121219788197391 75.11538461538461 0.5576923076923077 135.8653846153846 45.28846153846154 1.3846153846153846 43.90384615384615 0.9876055000349879
410000 88.96153846153847 0.04121219788197391 75.11538461538461 0.5576923076923077 135.8653846153846 45.28846153846154 1.3846153846153846 43.90384615384615 0.931284699589014
412000 88.96153846153847 0.04121219788197391 75.11538461538461 0.5576923076923077 135.8653846153846 45.28846153846154 1.3846153846153846 43.90384615384615 0.9226755006238818
414000 89.4423076923077 0.041673860354124674 75.11538461538461 0.5576923076923077 135.8653846153846 45.28846153846154 1.3846153846153846 43.90384615384615 0.9407601002603769
416000 91.26923076923077 0.043097384310894445 75.07692307692308 0.5576923076923077 135.8653846153846 45.28846153846154 1.3846153846153846 43.90384615384615 0.9218071000650525
418000 91.26923076923077 0.04293357000151383 75.03846153846153 0.5576923076923077 135.8653846153846 45.28846153846154 1.3846153846153846 43.90384615384615 0.9816242000088096
420000 91.26923076923077 0.04293357000151383 75.03846153846153 0.5576923076923077 135.8653846153846 45.28846153846154 1.3846153846153846 43.90384615384615 0.9594251001253724
422000 91.26923076923077 0.04293357000151383 75.03846153846153 0.5576923076923077 135.8653846153846 45.28846153846154 1.3846153846153846 43.90384615384615 0.9330714996904135
424000 91.26923076923077 0.043097384310894445 75.07692307692308 0.5576923076923077 135.8653846153846 45.28846153846154 1.3846153846153846 43.90384615384615 0.851715600118041
426000 91.26923076923077 0.043097384310894445 75.07692307692308 0.5576923076923077 135.8653846153846 45.28846153846154 1.3846153846153846 43.90384615384615 0.9416332999244332
428000 91.26923076923077 0.043097384310894445 75.07692307692308 0.5576923076923077 135.8653846153846 45.28846153846154 1.3846153846153846 43.90384615384615 0.8758498001843691
430000 91.75 0.04333887133631994 75.03846153846153 0.5576923076923077 135.8653846153846 45.28846153846154 1.3846153846153846 43.90384615384615 1.0148350996896625
432000 91.75 0.04333887133631994 75.03846153846153 0.5576923076923077 135.8653846153846 45.28846153846154 1.3846153846153846 43.90384615384615 0.9574357997626066
434000 91.75 0.04333887133631994 75.03846153846153 0.5576923076923077 135.8653846153846 45.28846153846154 1.3846153846153846 43.90384615384615 0.9052960006520152
436000 91.48076923076923 0.04293643393685676 75.11538461538461 0.5576923076923077 135.8653846153846 45.28846153846154 1.3846153846153846 43.90384615384615 0.9505245005711913
438000 91.48076923076923 0.04293643393685676 75.11538461538461 0.5576923076923077 135.8653846153846 45.28846153846154 1.3846153846153846 43.90384615384615 0.8459511995315552
440000 91.48076923076923 0.04293643393685676 75.11538461538461 0.5576923076923077 135.8653846153846 45.28846153846154 1.3846153846153846 43.90384615384615 0.8964510001242161
442000 91.75 0.04333887133631994 75.03846153846153 0.5576923076923077 135.8653846153846 45.28846153846154 1.3846153846153846 43.90384615384615 0.8916528997942805
444000 91.26923076923077 0.043097384310894445 75.07692307692308 0.5576923076923077 135.8653846153846 45.28846153846154 1.3846153846153846 43.90384615384615 0.9295852007344365
446000 91.75 0.04333887133631994 75.03846153846153 0.5576923076923077 135.8653846153846 45.28846153846154 1.3846153846153846 43.90384615384615 0.9310959996655583
448000 91.75 0.04333887133631994 75.03846153846153 0.5576923076923077 135.8653846153846 45.28846153846154 1.3846153846153846 43.90384615384615 0.9474923005327582
450000 91.26923076923077 0.043097384310894445 75.07692307692308 0.5576923076923077 135.8653846153846 45.28846153846154 1.3846153846153846 43.90384615384615 0.9552768999710679
452000 91.1923076923077 0.04295607447154123 75.13461538461539 0.5576923076923077 135.8653846153846 45.28846153846154 1.3653846153846154 43.92307692307692 0.902836799621582
454000 91.67307692307692 0.04319756149696673 75.09615384615384 0.5576923076923077 135.8653846153846 45.28846153846154 1.3653846153846154 43.92307692307692 0.90844970010221
456000 91.67307692307692 0.04319756149696673 75.09615384615384 0.5576923076923077 135.8653846153846 45.28846153846154 1.3653846153846154 43.92307692307692 0.9777576997876167
458000 91.67307692307692 0.04319756149696673 75.09615384615384 0.5576923076923077 135.8653846153846 45.28846153846154 1.3653846153846154 43.92307692307692 0.9736271994188428
460000 91.75 0.04333887133631994 75.03846153846153 0.5576923076923077 135.8653846153846 45.28846153846154 1.3846153846153846 43.90384615384615 0.9378643995150924
462000 91.75 0.04333887133631994 75.03846153846153 0.5576923076923077 135.8653846153846 45.28846153846154 1.3846153846153846 43.90384615384615 0.8842777004465461
464000 91.75 0.04333887133631994 75.03846153846153 0.5576923076923077 135.8653846153846 45.28846153846154 1.3846153846153846 43.90384615384615 0.8966953996568918
466000 91.48076923076923 0.04293643393685676 75.11538461538461 0.5576923076923077 135.8653846153846 45.28846153846154 1.3846153846153846 43.90384615384615 0.9684071000665426
468000 91.48076923076923 0.04293643393685676 75.11538461538461 0.5576923076923077 135.8653846153846 45.28846153846154 1.3846153846153846 43.90384615384615 0.9350514002144337
470000 91.76923076923077 0.04337212346831994 75.09615384615384 0.5576923076923077 135.8653846153846 45.28846153846154 1.3653846153846154 43.92307692307692 0.9220271995291114
472000 91.42307692307692 0.04289733879970433 75.13461538461539 0.5576923076923077 135.8653846153846 45.28846153846154 1.3846153846153846 43.90384615384615 0.9343727994710207
474000 91.42307692307692 0.04289733879970433 75.13461538461539 0.5576923076923077 135.8653846153846 45.28846153846154 1.3846153846153846 43.90384615384615 0.9036051006987691
476000 91.42307692307692 0.04289733879970433 75.13461538461539 0.5576923076923077 135.8653846153846 45.28846153846154 1.3846153846153846 43.90384615384615 0.9498271998018026
478000 91.67307692307692 0.04326652406716753 75.0 0.5576923076923077 135.8653846153846 45.28846153846154 1.4038461538461537 43.88461538461539 0.9418866001069546
480000 91.42307692307692 0.04289733879970433 75.13461538461539 0.5576923076923077 135.8653846153846 45.28846153846154 1.3846153846153846 43.90384615384615 0.8612922001630068
482000 91.42307692307692 0.04289733879970433 75.13461538461539 0.5576923076923077 135.8653846153846 45.28846153846154 1.3846153846153846 43.90384615384615 0.8753167996183038
484000 91.6923076923077 0.04329977619916751 75.0576923076923 0.5576923076923077 135.8653846153846 45.28846153846154 1.3846153846153846 43.90384615384615 0.7770908996462822
486000 91.6923076923077 0.04329977619916751 75.0576923076923 0.5576923076923077 135.8653846153846 45.28846153846154 1.3846153846153846 43.90384615384615 0.8437877995893359
488000 91.6923076923077 0.04329977619916751 75.0576923076923 0.5576923076923077 135.8653846153846 45.28846153846154 1.3846153846153846 43.90384615384615 0.8094824999570847
490000 91.59615384615384 0.04315576962052638 75.03846153846153 0.5576923076923077 135.8653846153846 45.28846153846154 1.3846153846153846 43.90384615384615 0.8435133006423712
492000 91.59615384615384 0.04315576962052638 75.03846153846153 0.5576923076923077 135.8653846153846 45.28846153846154 1.3846153846153846 43.90384615384615 0.8108124993741512
494000 91.6923076923077 0.04329977619916751 75.0576923076923 0.5576923076923077 135.8653846153846 45.28846153846154 1.3846153846153846 43.90384615384615 0.8364235004410148
496000 91.71153846153847 0.043160013623618224 75.11538461538461 0.5576923076923077 135.8653846153846 45.28846153846154 1.3653846153846154 43.92307692307692 0.8286375999450684
498000 91.59615384615384 0.04312521422781431 75.0576923076923 0.5576923076923077 135.8653846153846 45.28846153846154 1.3846153846153846 43.90384615384615 0.7356775999069214
500000 91.59615384615384 0.04312521422781431 75.0576923076923 0.5576923076923077 135.8653846153846 45.28846153846154 1.3846153846153846 43.90384615384615 1.144636900164187
