2000 1.8703703703703705 -0.11077490591200455 128.61111111111111 0.033950617283950615 135.5185185185185 45.333333333333336 0.0 45.333333333333336 0.6090959999710321
4000 1.5925925925925926 -0.6110935351593917 129.12962962962962 0.035493827160493825 135.5185185185185 45.333333333333336 0.0 45.333333333333336 0.7431640001013875
6000 3.462962962962963 -0.3700871220292147 128.22222222222223 0.046296296296296294 135.5185185185185 45.333333333333336 0.0 45.333333333333336 0.6550503997132182
8000 3.314814814814815 -0.5367240203695736 128.35185185185185 0.037037037037037035 135.5185185185185 45.333333333333336 0.0 45.333333333333336 0.6600444000214338
10000 2.074074074074074 -0.4814160352098635 128.37037037037038 0.041666666666666664 135.5185185185185 45.333333333333336 0.0 45.333333333333336 0.7356052994728088
12000 2.074074074074074 -0.7590406364482499 128.46296296296296 0.033950617283950615 135.5185185185185 45.333333333333336 0.0 45.333333333333336 0.672737299464643
14000 2.0 -0.703446978373398 128.57407407407408 0.047839506172839504 135.5185185185185 45.333333333333336 0.0 45.333333333333336 0.7080108001828194
16000 1.9444444444444444 -0.7035248187275989 128.44444444444446 0.033950617283950615 135.5185185185185 45.333333333333336 0.0 45.333333333333336 0.6803005998954177
18000 1.9444444444444444 -0.7960245894943133 128.33333333333334 0.033950617283950615 135.5185185185185 45.333333333333336 0.0 45.333333333333336 0.8295841002836823
20000 3.4444444444444446 0.00037816547919016603 127.01851851851852 0.14660493827160492 135.5185185185185 45.333333333333336 0.0 45.333333333333336 0.9097894998267293
22000 2.0 -0.759058217172545 128.37037037037038 0.033950617283950615 135.5185185185185 45.333333333333336 0.0 45.333333333333336 0.8089255997911096
24000 4.444444444444445 0.000778614248270732 125.98148148148148 0.11111111111111109 135.5185185185185 45.333333333333336 0.018518518518518517 45.31481481481482 0.9629671005532146
26000 4.037037037037037 0.0010824937094856093 126.25925925925925 0.13425925925925927 135.5185185185185 45.333333333333336 0.018518518518518517 45.31481481481482 1.0434436006471515
28000 4.185185185185185 0.0011174494272237821 126.72222222222223 0.10030864197530863 135.5185185185185 45.333333333333336 0.0 45.333333333333336 0.9854589998722076
30000 3.537037037037037 0.0009021657161722188 126.96296296296296 0.10030864197530863 135.5185185185185 45.333333333333336 0.0 45.333333333333336 1.0239195004105568
32000 4.166666666666667 0.0011555417697332571 127.16666666666667 0.06944444444444445 135.5185185185185 45.333333333333336 0.0 45.333333333333336 0.9047857001423836
34000 3.037037037037037 0.000651299641422734 127.9074074074074 0.05864197530864197 135.5185185185185 45.333333333333336 0.0 45.333333333333336 0.9229768002405763
36000 4.12962962962963 0.000997063614836857 127.85185185185185 0.05401234567901234 135.5185185185185 45.333333333333336 0.0 45.333333333333336 0.9044222999364138
38000 4.314814814814815 0.0011651465181156105 127.85185185185185 0.05401234567901234 135.5185185185185 45.333333333333336 0.0 45.333333333333336 0.9942180002108216
40000 2.185185185185185 -0.1663965518392605 128.38888888888889 0.06172839506172839 135.5185185185185 45.333333333333336 0.0 45.333333333333336 0.9716844009235501
42000 5.203703703703703 -0.016809104191824114 127.20370370370371 0.10802469135802469 135.5185185185185 45.333333333333336 0.0 45.333333333333336 0.8742545004934072
44000 7.092592592592593 0.0024012577000286084 126.03703703703704 0.15123456790123455 135.5185185185185 45.333333333333336 0.0 45.333333333333336 0.8916336996480823
46000 16.64814814814815 0.006580838831168318 125.0 0.17592592592592593 135.5185185185185 45.333333333333336 0.0 45.333333333333336 0.9408704992383718
48000 76.37037037037037 0.029505141680625093 118.88888888888889 0.4367283950617283 135.5185185185185 45.333333333333336 0.0 45.333333333333336 0.9906553002074361
50000 76.37037037037037 0.029505141680625093 118.88888888888889 0.4367283950617283 135.5185185185185 45.333333333333336 0.0 45.333333333333336 1.378404799848795
52000 62.68518518518518 -0.014789800882699256 119.94444444444444 0.35956790123456794 135.5185185185185 45.333333333333336 0.0 45.333333333333336 1.0355043997988105
54000 62.68518518518518 -0.014789800882699256 119.94444444444444 0.35956790123456794 135.5185185185185 45.333333333333336 0.0 45.333333333333336 1.0685962000861764
56000 34.833333333333336 -0.024508395829849403 124.35185185185185 0.2330246913580247 135.5185185185185 45.333333333333336 0.0 45.333333333333336 1.878061699680984
58000 76.37037037037037 0.029505141680625093 118.88888888888889 0.4367283950617283 135.5185185185185 45.333333333333336 0.0 45.333333333333336 1.1707582008093596
60000 76.37037037037037 0.029505141680625093 118.88888888888889 0.4367283950617283 135.5185185185185 45.333333333333336 0.0 45.333333333333336 1.9090622998774052
62000 76.37037037037037 0.029505141680625093 118.88888888888889 0.4367283950617283 135.5185185185185 45.333333333333336 0.0 45.333333333333336 0.9379738997668028
64000 76.37037037037037 0.029505141680625093 118.88888888888889 0.4367283950617283 135.5185185185185 45.333333333333336 0.0 45.333333333333336 0.8820460001006722
66000 76.37037037037037 0.029505141680625093 118.88888888888889 0.4367283950617283 135.5185185185185 45.333333333333336 0.0 45.333333333333336 1.0133708994835615
68000 76.37037037037037 0.029505141680625093 118.88888888888889 0.4367283950617283 135.5185185185185 45.333333333333336 0.0 45.333333333333336 1.0192463994026184
70000 76.37037037037037 0.029505141680625093 118.88888888888889 0.4367283950617283 135.5185185185185 45.333333333333336 0.0 45.333333333333336 0.9593885000795126
72000 76.37037037037037 0.029505141680625093 118.88888888888889 0.4367283950617283 135.5185185185185 45.333333333333336 0.0 45.333333333333336 1.2813184997066855
74000 76.37037037037037 0.029505141680625093 118.88888888888889 0.4367283950617283 135.5185185185185 45.333333333333336 0.0 45.333333333333336 1.1362204002216458
76000 76.37037037037037 0.029505141680625093 118.88888888888889 0.4367283950617283 135.5185185185185 45.333333333333336 0.0 45.333333333333336 1.0056076003238559
78000 76.37037037037037 0.029505141680625093 118.88888888888889 0.4367283950617283 135.5185185185185 45.333333333333336 0.0 45.333333333333336 0.9766763998195529
80000 76.37037037037037 0.029505141680625093 118.88888888888889 0.4367283950617283 135.5185185185185 45.333333333333336 0.0 45.333333333333336 0.9732059994712472
82000 76.37037037037037 0.029505141680625093 118.88888888888889 0.4367283950617283 135.5185185185185 45.333333333333336 0.0 45.333333333333336 0.994118900038302
84000 42.648148148148145 0.013447736592618218 121.98148148148148 0.3302469135802469 135.5185185185185 45.333333333333336 0.0 45.333333333333336 0.9092661999166012
86000 76.37037037037037 0.029505141680625093 118.88888888888889 0.4367283950617283 135.5185185185185 45.333333333333336 0.0 45.333333333333336 0.9965749001130462
88000 76.37037037037037 0.029505141680625093 118.88888888888889 0.4367283950617283 135.5185185185185 45.333333333333336 0.0 45.333333333333336 1.0155119998380542
90000 65.01851851851852 0.025911182863366536 120.92592592592592 0.4027777777777778 135.5185185185185 45.333333333333336 0.0 45.333333333333336 0.9032977996394038
92000 74.0925925925926 -0.06045768576801919 121.20370370370371 0.37345679012345684 135.5185185185185 45.333333333333336 0.0 45.333333333333336 0.980634999461472
94000 60.51851851851852 0.02298979965963674 121.46296296296296 0.3549382716049383 135.5185185185185 45.333333333333336 0.0 45.333333333333336 1.0612669000402093
96000 91.75925925925925 0.03838810248335663 119.0925925925926 0.47839506172839497 135.5185185185185 45.333333333333336 0.0 45.333333333333336 0.9291741997003555
98000 91.75925925925925 0.03838810248335663 119.0925925925926 0.47839506172839497 135.5185185185185 45.333333333333336 0.0 45.333333333333336 0.9271134994924068
100000 91.75925925925925 0.03838810248335663 119.0925925925926 0.47839506172839497 135.5185185185185 45.333333333333336 0.0 45.333333333333336 0.9248376004397869
102000 91.75925925925925 0.03838810248335663 119.0925925925926 0.47839506172839497 135.5185185185185 45.333333333333336 0.0 45.333333333333336 0.9301608996465802
104000 91.75925925925925 0.03838810248335663 119.0925925925926 0.47839506172839497 135.5185185185185 45.333333333333336 0.0 45.333333333333336 0.949269000440836
106000 91.75925925925925 0.03838810248335663 119.0925925925926 0.47839506172839497 135.5185185185185 45.333333333333336 0.0 45.333333333333336 0.9004406007006764
108000 91.75925925925925 0.03838810248335663 119.0925925925926 0.47839506172839497 135.5185185185185 45.333333333333336 0.0 45.333333333333336 0.9867861997336149
110000 91.75925925925925 0.03838810248335663 119.0925925925926 0.47839506172839497 135.5185185185185 45.333333333333336 0.0 45.333333333333336 0.9360635001212358
112000 91.75925925925925 0.03838810248335663 119.0925925925926 0.47839506172839497 135.5185185185185 45.333333333333336 0.0 45.333333333333336 0.9443238005042076
114000 91.75925925925925 0.03838810248335663 119.0925925925926 0.47839506172839497 135.5185185185185 45.333333333333336 0.0 45.333333333333336 0.9172368999570608
116000 91.75925925925925 0.03838810248335663 119.0925925925926 0.47839506172839497 135.5185185185185 45.333333333333336 0.0 45.333333333333336 0.9679794004186988
118000 91.75925925925925 0.03838810248335663 119.0925925925926 0.47839506172839497 135.5185185185185 45.333333333333336 0.0 45.333333333333336 0.8919906998053193
120000 91.75925925925925 0.03838810248335663 119.0925925925926 0.47839506172839497 135.5185185185185 45.333333333333336 0.0 45.333333333333336 0.9070679005235434
122000 91.75925925925925 0.03838810248335663 119.0925925925926 0.47839506172839497 135.5185185185185 45.333333333333336 0.0 45.333333333333336 0.9329884992912412
124000 91.75925925925925 0.03838810248335663 119.0925925925926 0.47839506172839497 135.5185185185185 45.333333333333336 0.0 45.333333333333336 0.8941970998421311
126000 91.75925925925925 0.03838810248335663 119.0925925925926 0.47839506172839497 135.5185185185185 45.333333333333336 0.0 45.333333333333336 0.9924869006499648
128000 91.75925925925925 0.03838810248335663 119.0925925925926 0.47839506172839497 135.5185185185185 45.333333333333336 0.0 45.333333333333336 0.9307118998840451
130000 91.75925925925925 0.03838810248335663 119.0925925925926 0.47839506172839497 135.5185185185185 45.333333333333336 0.0 45.333333333333336 0.9293079003691673
132000 91.75925925925925 0.03838810248335663 119.0925925925926 0.47839506172839497 135.5185185185185 45.333333333333336 0.0 45.333333333333336 0.9257445996627212
134000 91.75925925925925 0.03838810248335663 119.0925925925926 0.47839506172839497 135.5185185185185 45.333333333333336 0.0 45.333333333333336 0.8961118999868631
136000 91.75925925925925 0.03838810248335663 119.0925925925926 0.47839506172839497 135.5185185185185 45.333333333333336 0.0 45.333333333333336 0.9135480998083949
138000 91.75925925925925 0.03838810248335663 119.0925925925926 0.47839506172839497 135.5185185185185 45.333333333333336 0.0 45.333333333333336 0.9461208004504442
140000 91.75925925925925 0.03838810248335663 119.0925925925926 0.47839506172839497 135.5185185185185 45.333333333333336 0.0 45.333333333333336 0.950306499376893
142000 91.75925925925925 0.03838810248335663 119.0925925925926 0.47839506172839497 135.5185185185185 45.333333333333336 0.0 45.333333333333336 0.9478568993508816
144000 91.75925925925925 0.03838810248335663 119.0925925925926 0.47839506172839497 135.5185185185185 45.333333333333336 0.0 45.333333333333336 1.4239154001697898
146000 91.75925925925925 0.03838810248335663 119.0925925925926 0.47839506172839497 135.5185185185185 45.333333333333336 0.0 45.333333333333336 1.1602448001503944
148000 91.75925925925925 0.03838810248335663 119.0925925925926 0.47839506172839497 135.5185185185185 45.333333333333336 0.0 45.333333333333336 1.1074494002386928
150000 91.75925925925925 0.03838810248335663 119.0925925925926 0.47839506172839497 135.5185185185185 45.333333333333336 0.0 45.333333333333336 1.0341614000499249
152000 91.75925925925925 0.03838810248335663 119.0925925925926 0.47839506172839497 135.5185185185185 45.333333333333336 0.0 45.333333333333336 0.9979206006973982
154000 91.75925925925925 0.03838810248335663 119.0925925925926 0.47839506172839497 135.5185185185185 45.333333333333336 0.0 45.333333333333336 1.1821316005662084
156000 91.75925925925925 0.03838810248335663 119.0925925925926 0.47839506172839497 135.5185185185185 45.333333333333336 0.0 45.333333333333336 1.1482051005586982
158000 91.75925925925925 0.03838810248335663 119.0925925925926 0.47839506172839497 135.5185185185185 45.333333333333336 0.0 45.333333333333336 1.0433729998767376
160000 91.75925925925925 0.03838810248335663 119.0925925925926 0.47839506172839497 135.5185185185185 45.333333333333336 0.0 45.333333333333336 0.9325769003480673
162000 91.75925925925925 0.03838810248335663 119.0925925925926 0.47839506172839497 135.5185185185185 45.333333333333336 0.0 45.333333333333336 0.9808372994884849
164000 91.75925925925925 0.03838810248335663 119.0925925925926 0.47839506172839497 135.5185185185185 45.333333333333336 0.0 45.333333333333336 0.9134379997849464
166000 91.75925925925925 0.03838810248335663 119.0925925925926 0.47839506172839497 135.5185185185185 45.333333333333336 0.0 45.333333333333336 0.9384984998032451
168000 91.75925925925925 0.03838810248335663 119.0925925925926 0.47839506172839497 135.5185185185185 45.333333333333336 0.0 45.333333333333336 0.901948600076139
170000 91.75925925925925 0.03838810248335663 119.0925925925926 0.47839506172839497 135.5185185185185 45.333333333333336 0.0 45.333333333333336 0.9833936002105474
172000 91.75925925925925 0.03838810248335663 119.0925925925926 0.47839506172839497 135.5185185185185 45.333333333333336 0.0 45.333333333333336 0.8817562991753221
174000 91.75925925925925 0.03838810248335663 119.0925925925926 0.47839506172839497 135.5185185185185 45.333333333333336 0.0 45.333333333333336 0.9397772001102567
176000 91.75925925925925 0.03838810248335663 119.0925925925926 0.47839506172839497 135.5185185185185 45.333333333333336 0.0 45.333333333333336 0.943664999678731
178000 91.75925925925925 0.03838810248335663 119.0925925925926 0.47839506172839497 135.5185185185185 45.333333333333336 0.0 45.333333333333336 0.9384864000603557
180000 91.75925925925925 0.03838810248335663 119.0925925925926 0.47839506172839497 135.5185185185185 45.333333333333336 0.0 45.333333333333336 0.9679375998675823
182000 91.75925925925925 0.03838810248335663 119.0925925925926 0.47839506172839497 135.5185185185185 45.333333333333336 0.0 45.333333333333336 1.0734329000115395
184000 91.75925925925925 0.03838810248335663 119.0925925925926 0.47839506172839497 135.5185185185185 45.333333333333336 0.0 45.333333333333336 0.9667368000373244
186000 91.75925925925925 0.03838810248335663 119.0925925925926 0.47839506172839497 135.5185185185185 45.333333333333336 0.0 45.333333333333336 0.9591039996594191
188000 91.75925925925925 0.03838810248335663 119.0925925925926 0.47839506172839497 135.5185185185185 45.333333333333336 0.0 45.333333333333336 0.982166800647974
190000 91.75925925925925 0.03838810248335663 119.0925925925926 0.47839506172839497 135.5185185185185 45.333333333333336 0.0 45.333333333333336 0.9174473006278276
192000 91.75925925925925 0.03838810248335663 119.0925925925926 0.47839506172839497 135.5185185185185 45.333333333333336 0.0 45.333333333333336 0.9307890003547072
194000 91.75925925925925 0.03838810248335663 119.0925925925926 0.47839506172839497 135.5185185185185 45.333333333333336 0.0 45.333333333333336 0.9143177000805736
196000 91.75925925925925 0.03838810248335663 119.0925925925926 0.47839506172839497 135.5185185185185 45.333333333333336 0.0 45.333333333333336 0.9261443996801972
198000 91.75925925925925 0.03838810248335663 119.0925925925926 0.47839506172839497 135.5185185185185 45.333333333333336 0.0 45.333333333333336 1.0939058000221848
200000 91.75925925925925 0.03838810248335663 119.0925925925926 0.47839506172839497 135.5185185185185 45.333333333333336 0.0 45.333333333333336 0.9272497994825244
202000 91.75925925925925 0.03838810248335663 119.0925925925926 0.47839506172839497 135.5185185185185 45.333333333333336 0.0 45.333333333333336 0.9463078994303942
204000 91.75925925925925 0.03838810248335663 119.0925925925926 0.47839506172839497 135.5185185185185 45.333333333333336 0.0 45.333333333333336 1.014877699315548
206000 91.75925925925925 0.03838810248335663 119.0925925925926 0.47839506172839497 135.5185185185185 45.333333333333336 0.0 45.333333333333336 1.0174019001424313
208000 91.75925925925925 0.03838810248335663 119.0925925925926 0.47839506172839497 135.5185185185185 45.333333333333336 0.0 45.333333333333336 1.0547772999852896
210000 91.75925925925925 0.03838810248335663 119.0925925925926 0.47839506172839497 135.5185185185185 45.333333333333336 0.0 45.333333333333336 1.076702400110662
212000 91.75925925925925 0.03838810248335663 119.0925925925926 0.47839506172839497 135.5185185185185 45.333333333333336 0.0 45.333333333333336 1.1009328998625278
214000 91.75925925925925 0.03838810248335663 119.0925925925926 0.47839506172839497 135.5185185185185 45.333333333333336 0.0 45.333333333333336 1.0526852002367377
216000 91.75925925925925 0.03838810248335663 119.0925925925926 0.47839506172839497 135.5185185185185 45.333333333333336 0.0 45.333333333333336 1.0065334001556039
218000 91.75925925925925 0.03838810248335663 119.0925925925926 0.47839506172839497 135.5185185185185 45.333333333333336 0.0 45.333333333333336 1.0616746004670858
220000 91.75925925925925 0.03838810248335663 119.0925925925926 0.47839506172839497 135.5185185185185 45.333333333333336 0.0 45.333333333333336 1.050454500131309
222000 91.75925925925925 0.03838810248335663 119.0925925925926 0.47839506172839497 135.5185185185185 45.333333333333336 0.0 45.333333333333336 1.0539061995223165
224000 91.75925925925925 0.03838810248335663 119.0925925925926 0.47839506172839497 135.5185185185185 45.333333333333336 0.0 45.333333333333336 1.0584806995466352
226000 91.75925925925925 0.03838810248335663 119.0925925925926 0.47839506172839497 135.5185185185185 45.333333333333336 0.0 45.333333333333336 0.9961521998047829
228000 91.75925925925925 0.03838810248335663 119.0925925925926 0.47839506172839497 135.5185185185185 45.333333333333336 0.0 45.333333333333336 1.1240517003461719
230000 91.75925925925925 0.03838810248335663 119.0925925925926 0.47839506172839497 135.5185185185185 45.333333333333336 0.0 45.333333333333336 1.0184043003246188
232000 91.75925925925925 0.03838810248335663 119.0925925925926 0.47839506172839497 135.5185185185185 45.333333333333336 0.0 45.333333333333336 1.0660798996686935
234000 91.75925925925925 0.03838810248335663 119.0925925925926 0.47839506172839497 135.5185185185185 45.333333333333336 0.0 45.333333333333336 1.043898000381887
236000 91.75925925925925 0.03838810248335663 119.0925925925926 0.47839506172839497 135.5185185185185 45.333333333333336 0.0 45.333333333333336 1.0300826001912355
238000 91.75925925925925 0.03838810248335663 119.0925925925926 0.47839506172839497 135.5185185185185 45.333333333333336 0.0 45.333333333333336 0.9771477999165654
240000 91.75925925925925 0.03838810248335663 119.0925925925926 0.47839506172839497 135.5185185185185 45.333333333333336 0.0 45.333333333333336 1.1114731002599
242000 91.75925925925925 0.03838810248335663 119.0925925925926 0.47839506172839497 135.5185185185185 45.333333333333336 0.0 45.333333333333336 1.0957896998152137
244000 91.75925925925925 0.03838810248335663 119.0925925925926 0.47839506172839497 135.5185185185185 45.333333333333336 0.0 45.333333333333336 1.0855117999017239
246000 91.75925925925925 0.03838810248335663 119.0925925925926 0.47839506172839497 135.5185185185185 45.333333333333336 0.0 45.333333333333336 1.089900099672377
248000 91.75925925925925 0.03838810248335663 119.0925925925926 0.47839506172839497 135.5185185185185 45.333333333333336 0.0 45.333333333333336 1.0514955995604396
250000 91.75925925925925 0.03838810248335663 119.0925925925926 0.47839506172839497 135.5185185185185 45.333333333333336 0.0 45.333333333333336 1.0831001000478864
252000 91.75925925925925 0.03838810248335663 119.0925925925926 0.47839506172839497 135.5185185185185 45.333333333333336 0.0 45.333333333333336 1.0282825995236635
254000 91.75925925925925 0.03838810248335663 119.0925925925926 0.47839506172839497 135.5185185185185 45.333333333333336 0.0 45.333333333333336 1.0283136991783977
256000 91.75925925925925 0.03838810248335663 119.0925925925926 0.47839506172839497 135.5185185185185 45.333333333333336 0.0 45.333333333333336 1.0528974002227187
258000 91.75925925925925 0.03838810248335663 119.0925925925926 0.47839506172839497 135.5185185185185 45.333333333333336 0.0 45.333333333333336 1.064203000627458
260000 91.75925925925925 0.03838810248335663 119.0925925925926 0.47839506172839497 135.5185185185185 45.333333333333336 0.0 45.333333333333336 1.1014465000480413
262000 91.75925925925925 0.03838810248335663 119.0925925925926 0.47839506172839497 135.5185185185185 45.333333333333336 0.0 45.333333333333336 1.0660582995042205
264000 91.75925925925925 0.03838810248335663 119.0925925925926 0.47839506172839497 135.5185185185185 45.333333333333336 0.0 45.333333333333336 1.084421300329268
266000 91.75925925925925 0.03838810248335663 119.0925925925926 0.47839506172839497 135.5185185185185 45.333333333333336 0.0 45.333333333333336 0.9929328002035618
268000 91.75925925925925 0.03838810248335663 119.0925925925926 0.47839506172839497 135.5185185185185 45.333333333333336 0.0 45.333333333333336 0.9918007999658585
270000 91.75925925925925 0.03838810248335663 119.0925925925926 0.47839506172839497 135.5185185185185 45.333333333333336 0.0 45.333333333333336 1.0862659998238087
272000 91.75925925925925 0.03838810248335663 119.0925925925926 0.47839506172839497 135.5185185185185 45.333333333333336 0.0 45.333333333333336 1.01213370077312
274000 91.75925925925925 0.03838810248335663 119.0925925925926 0.47839506172839497 135.5185185185185 45.333333333333336 0.0 45.333333333333336 1.0511271003633738
276000 91.75925925925925 0.03838810248335663 119.0925925925926 0.47839506172839497 135.5185185185185 45.333333333333336 0.0 45.333333333333336 1.0243832003325224
278000 91.75925925925925 0.03838810248335663 119.0925925925926 0.47839506172839497 135.5185185185185 45.333333333333336 0.0 45.333333333333336 1.098441599868238
280000 91.75925925925925 0.03838810248335663 119.0925925925926 0.47839506172839497 135.5185185185185 45.333333333333336 0.0 45.333333333333336 0.9733434999361634
282000 91.75925925925925 0.03838810248335663 119.0925925925926 0.47839506172839497 135.5185185185185 45.333333333333336 0.0 45.333333333333336 1.0187823995947838
284000 91.75925925925925 0.03838810248335663 119.0925925925926 0.47839506172839497 135.5185185185185 45.333333333333336 0.0 45.333333333333336 1.1080874996259809
286000 91.75925925925925 0.03838810248335663 119.0925925925926 0.47839506172839497 135.5185185185185 45.333333333333336 0.0 45.333333333333336 1.1401933999732137
288000 91.75925925925925 0.03838810248335663 119.0925925925926 0.47839506172839497 135.5185185185185 45.333333333333336 0.0 45.333333333333336 1.0222270004451275
290000 91.75925925925925 0.03838810248335663 119.0925925925926 0.47839506172839497 135.5185185185185 45.333333333333336 0.0 45.333333333333336 1.0139812994748354
292000 91.75925925925925 0.03838810248335663 119.0925925925926 0.47839506172839497 135.5185185185185 45.333333333333336 0.0 45.333333333333336 1.0513083999976516
294000 91.75925925925925 0.03838810248335663 119.0925925925926 0.47839506172839497 135.5185185185185 45.333333333333336 0.0 45.333333333333336 1.0228952998295426
296000 91.75925925925925 0.03838810248335663 119.0925925925926 0.47839506172839497 135.5185185185185 45.333333333333336 0.0 45.333333333333336 0.990523399785161
298000 91.75925925925925 0.03838810248335663 119.0925925925926 0.47839506172839497 135.5185185185185 45.333333333333336 0.0 45.333333333333336 1.1398785999044776
300000 91.75925925925925 0.03838810248335663 119.0925925925926 0.47839506172839497 135.5185185185185 45.333333333333336 0.0 45.333333333333336 1.0487465001642704
302000 91.75925925925925 0.03838810248335663 119.0925925925926 0.47839506172839497 135.5185185185185 45.333333333333336 0.0 45.333333333333336 0.9985175002366304
304000 91.75925925925925 0.03838810248335663 119.0925925925926 0.47839506172839497 135.5185185185185 45.333333333333336 0.0 45.333333333333336 1.015306499786675
306000 91.75925925925925 0.03838810248335663 119.0925925925926 0.47839506172839497 135.5185185185185 45.333333333333336 0.0 45.333333333333336 1.029951499775052
308000 91.75925925925925 0.03838810248335663 119.0925925925926 0.47839506172839497 135.5185185185185 45.333333333333336 0.0 45.333333333333336 1.096551800146699
310000 91.75925925925925 0.03838810248335663 119.0925925925926 0.47839506172839497 135.5185185185185 45.333333333333336 0.0 45.333333333333336 1.0568683994933963
312000 91.75925925925925 0.03838810248335663 119.0925925925926 0.47839506172839497 135.5185185185185 45.333333333333336 0.0 45.333333333333336 0.988693899475038
314000 91.75925925925925 0.03838810248335663 119.0925925925926 0.47839506172839497 135.5185185185185 45.333333333333336 0.0 45.333333333333336 1.0484005995094776
316000 91.75925925925925 0.03838810248335663 119.0925925925926 0.47839506172839497 135.5185185185185 45.333333333333336 0.0 45.333333333333336 1.0001222994178534
318000 91.75925925925925 0.03838810248335663 119.0925925925926 0.47839506172839497 135.5185185185185 45.333333333333336 0.0 45.333333333333336 1.0151769993826747
320000 91.75925925925925 0.03838810248335663 119.0925925925926 0.47839506172839497 135.5185185185185 45.333333333333336 0.0 45.333333333333336 0.9887485997751355
322000 91.75925925925925 0.03838810248335663 119.0925925925926 0.47839506172839497 135.5185185185185 45.333333333333336 0.0 45.333333333333336 1.0234517008066177
324000 91.75925925925925 0.03838810248335663 119.0925925925926 0.47839506172839497 135.5185185185185 45.333333333333336 0.0 45.333333333333336 1.1540946001186967
326000 91.75925925925925 0.03838810248335663 119.0925925925926 0.47839506172839497 135.5185185185185 45.333333333333336 0.0 45.333333333333336 0.9735750993713737
328000 91.75925925925925 0.03838810248335663 119.0925925925926 0.47839506172839497 135.5185185185185 45.333333333333336 0.0 45.333333333333336 1.0027371998876333
330000 91.75925925925925 0.03838810248335663 119.0925925925926 0.47839506172839497 135.5185185185185 45.333333333333336 0.0 45.333333333333336 1.0195607002824545
332000 91.75925925925925 0.03838810248335663 119.0925925925926 0.47839506172839497 135.5185185185185 45.333333333333336 0.0 45.333333333333336 1.026151499710977
334000 91.75925925925925 0.03838810248335663 119.0925925925926 0.47839506172839497 135.5185185185185 45.333333333333336 0.0 45.333333333333336 1.052807000465691
336000 91.75925925925925 0.03838810248335663 119.0925925925926 0.47839506172839497 135.5185185185185 45.333333333333336 0.0 45.333333333333336 1.0233459994196892
338000 91.75925925925925 0.03838810248335663 119.0925925925926 0.47839506172839497 135.5185185185185 45.333333333333336 0.0 45.333333333333336 1.0323408003896475
340000 91.75925925925925 0.03838810248335663 119.0925925925926 0.47839506172839497 135.5185185185185 45.333333333333336 0.0 45.333333333333336 1.0470306994393468
342000 91.75925925925925 0.03838810248335663 119.0925925925926 0.47839506172839497 135.5185185185185 45.333333333333336 0.0 45.333333333333336 1.008628100156784
344000 91.75925925925925 0.03838810248335663 119.0925925925926 0.47839506172839497 135.5185185185185 45.333333333333336 0.0 45.333333333333336 1.1225351002067327
346000 91.75925925925925 0.03838810248335663 119.0925925925926 0.47839506172839497 135.5185185185185 45.333333333333336 0.0 45.333333333333336 1.0502062002196908
348000 91.75925925925925 0.03838810248335663 119.0925925925926 0.47839506172839497 135.5185185185185 45.333333333333336 0.0 45.333333333333336 1.001885699108243
350000 91.75925925925925 0.03838810248335663 119.0925925925926 0.47839506172839497 135.5185185185185 45.333333333333336 0.0 45.333333333333336 1.0002777995541692
352000 91.75925925925925 0.03838810248335663 119.0925925925926 0.47839506172839497 135.5185185185185 45.333333333333336 0.0 45.333333333333336 1.0715789999812841
354000 91.75925925925925 0.03838810248335663 119.0925925925926 0.47839506172839497 135.5185185185185 45.333333333333336 0.0 45.333333333333336 1.124243600293994
356000 91.75925925925925 0.03838810248335663 119.0925925925926 0.47839506172839497 135.5185185185185 45.333333333333336 0.0 45.333333333333336 1.1027690004557371
358000 91.75925925925925 0.03838810248335663 119.0925925925926 0.47839506172839497 135.5185185185185 45.333333333333336 0.0 45.333333333333336 1.1028642002493143
360000 91.75925925925925 0.03838810248335663 119.0925925925926 0.47839506172839497 135.5185185185185 45.333333333333336 0.0 45.333333333333336 1.052344299852848
362000 91.75925925925925 0.03838810248335663 119.0925925925926 0.47839506172839497 135.5185185185185 45.333333333333336 0.0 45.333333333333336 0.9378429995849729
364000 91.75925925925925 0.03838810248335663 119.0925925925926 0.47839506172839497 135.5185185185185 45.333333333333336 0.0 45.333333333333336 1.0724921002984047
366000 91.75925925925925 0.03838810248335663 119.0925925925926 0.47839506172839497 135.5185185185185 45.333333333333336 0.0 45.333333333333336 1.118754499591887
368000 91.75925925925925 0.03838810248335663 119.0925925925926 0.47839506172839497 135.5185185185185 45.333333333333336 0.0 45.333333333333336 1.186821199953556
370000 91.75925925925925 0.03838810248335663 119.0925925925926 0.47839506172839497 135.5185185185185 45.333333333333336 0.0 45.333333333333336 0.9938200004398823
372000 91.75925925925925 0.03838810248335663 119.0925925925926 0.47839506172839497 135.5185185185185 45.333333333333336 0.0 45.333333333333336 1.012368100695312
374000 91.75925925925925 0.03838810248335663 119.0925925925926 0.47839506172839497 135.5185185185185 45.333333333333336 0.0 45.333333333333336 0.9426704999059439
376000 91.75925925925925 0.03838810248335663 119.0925925925926 0.47839506172839497 135.5185185185185 45.333333333333336 0.0 45.333333333333336 0.9569546999409795
378000 91.75925925925925 0.03838810248335663 119.0925925925926 0.47839506172839497 135.5185185185185 45.333333333333336 0.0 45.333333333333336 0.9941589003428817
380000 91.75925925925925 0.03838810248335663 119.0925925925926 0.47839506172839497 135.5185185185185 45.333333333333336 0.0 45.333333333333336 0.9926231000572443
382000 91.75925925925925 0.03838810248335663 119.0925925925926 0.47839506172839497 135.5185185185185 45.333333333333336 0.0 45.333333333333336 1.0427458006888628
384000 91.75925925925925 0.03838810248335663 119.0925925925926 0.47839506172839497 135.5185185185185 45.333333333333336 0.0 45.333333333333336 0.9503203006461263
386000 91.75925925925925 0.03838810248335663 119.0925925925926 0.47839506172839497 135.5185185185185 45.333333333333336 0.0 45.333333333333336 1.0631432002410293
388000 91.75925925925925 0.03838810248335663 119.0925925925926 0.47839506172839497 135.5185185185185 45.333333333333336 0.0 45.333333333333336 1.1672240998595953
390000 91.75925925925925 0.03838810248335663 119.0925925925926 0.47839506172839497 135.5185185185185 45.333333333333336 0.0 45.333333333333336 1.0864671003073454
392000 91.75925925925925 0.03838810248335663 119.0925925925926 0.47839506172839497 135.5185185185185 45.333333333333336 0.0 45.333333333333336 0.9695718996226788
394000 91.75925925925925 0.03838810248335663 119.0925925925926 0.47839506172839497 135.5185185185185 45.333333333333336 0.0 45.333333333333336 1.0138654001057148
396000 91.75925925925925 0.03838810248335663 119.0925925925926 0.47839506172839497 135.5185185185185 45.333333333333336 0.0 45.333333333333336 1.0870431996881962
398000 91.75925925925925 0.03838810248335663 119.0925925925926 0.47839506172839497 135.5185185185185 45.333333333333336 0.0 45.333333333333336 0.9593881005421281
400000 91.75925925925925 0.03838810248335663 119.0925925925926 0.47839506172839497 135.5185185185185 45.333333333333336 0.0 45.333333333333336 1.0205528000369668
402000 91.75925925925925 0.03838810248335663 119.0925925925926 0.47839506172839497 135.5185185185185 45.333333333333336 0.0 45.333333333333336 0.9809800004586577
404000 91.75925925925925 0.03838810248335663 119.0925925925926 0.47839506172839497 135.5185185185185 45.333333333333336 0.0 45.333333333333336 0.9837076999247074
406000 91.75925925925925 0.03838810248335663 119.0925925925926 0.47839506172839497 135.5185185185185 45.333333333333336 0.0 45.333333333333336 1.0353188998997211
408000 91.75925925925925 0.03838810248335663 119.0925925925926 0.47839506172839497 135.5185185185185 45.333333333333336 0.0 45.333333333333336 1.0038922997191548
410000 91.75925925925925 0.03838810248335663 119.0925925925926 0.47839506172839497 135.5185185185185 45.333333333333336 0.0 45.333333333333336 1.1116142999380827
412000 91.75925925925925 0.03838810248335663 119.0925925925926 0.47839506172839497 135.5185185185185 45.333333333333336 0.0 45.333333333333336 1.0594373000785708
414000 91.75925925925925 0.03838810248335663 119.0925925925926 0.47839506172839497 135.5185185185185 45.333333333333336 0.0 45.333333333333336 0.9639298003166914
416000 91.75925925925925 0.03838810248335663 119.0925925925926 0.47839506172839497 135.5185185185185 45.333333333333336 0.0 45.333333333333336 1.0282206991687417
418000 91.75925925925925 0.03838810248335663 119.0925925925926 0.47839506172839497 135.5185185185185 45.333333333333336 0.0 45.333333333333336 0.9849126990884542
420000 91.75925925925925 0.03838810248335663 119.0925925925926 0.47839506172839497 135.5185185185185 45.333333333333336 0.0 45.333333333333336 1.0464081997051835
422000 91.75925925925925 0.03838810248335663 119.0925925925926 0.47839506172839497 135.5185185185185 45.333333333333336 0.0 45.333333333333336 1.006339599378407
424000 91.75925925925925 0.03838810248335663 119.0925925925926 0.47839506172839497 135.5185185185185 45.333333333333336 0.0 45.333333333333336 1.0263116005808115
426000 91.75925925925925 0.03838810248335663 119.0925925925926 0.47839506172839497 135.5185185185185 45.333333333333336 0.0 45.333333333333336 0.9909747000783682
428000 91.75925925925925 0.03838810248335663 119.0925925925926 0.47839506172839497 135.5185185185185 45.333333333333336 0.0 45.333333333333336 1.15957809984684
430000 91.75925925925925 0.03838810248335663 119.0925925925926 0.47839506172839497 135.5185185185185 45.333333333333336 0.0 45.333333333333336 1.0590350003913045
432000 91.75925925925925 0.03838810248335663 119.0925925925926 0.47839506172839497 135.5185185185185 45.333333333333336 0.0 45.333333333333336 1.0670704999938607
434000 91.75925925925925 0.03838810248335663 119.0925925925926 0.47839506172839497 135.5185185185185 45.333333333333336 0.0 45.333333333333336 1.101184600032866
436000 91.75925925925925 0.03838810248335663 119.0925925925926 0.47839506172839497 135.5185185185185 45.333333333333336 0.0 45.333333333333336 1.0688880998641253
438000 91.75925925925925 0.03838810248335663 119.0925925925926 0.47839506172839497 135.5185185185185 45.333333333333336 0.0 45.333333333333336 0.9616657001897693
440000 91.75925925925925 0.03838810248335663 119.0925925925926 0.47839506172839497 135.5185185185185 45.333333333333336 0.0 45.333333333333336 1.0495016006752849
442000 91.75925925925925 0.03838810248335663 119.0925925925926 0.47839506172839497 135.5185185185185 45.333333333333336 0.0 45.333333333333336 0.9242968000471592
444000 91.75925925925925 0.03838810248335663 119.0925925925926 0.47839506172839497 135.5185185185185 45.333333333333336 0.0 45.333333333333336 1.0189019003883004
446000 91.75925925925925 0.03838810248335663 119.0925925925926 0.47839506172839497 135.5185185185185 45.333333333333336 0.0 45.333333333333336 0.9978171000257134
448000 91.75925925925925 0.03838810248335663 119.0925925925926 0.47839506172839497 135.5185185185185 45.333333333333336 0.0 45.333333333333336 1.017124299891293
450000 91.75925925925925 0.03838810248335663 119.0925925925926 0.47839506172839497 135.5185185185185 45.333333333333336 0.0 45.333333333333336 1.002907699905336
452000 91.75925925925925 0.03838810248335663 119.0925925925926 0.47839506172839497 135.5185185185185 45.333333333333336 0.0 45.333333333333336 1.0298883002251387
454000 91.75925925925925 0.03838810248335663 119.0925925925926 0.47839506172839497 135.5185185185185 45.333333333333336 0.0 45.333333333333336 1.0336412992328405
456000 91.75925925925925 0.03838810248335663 119.0925925925926 0.47839506172839497 135.5185185185185 45.333333333333336 0.0 45.333333333333336 0.9236121000722051
458000 91.75925925925925 0.03838810248335663 119.0925925925926 0.47839506172839497 135.5185185185185 45.333333333333336 0.0 45.333333333333336 1.06547150015831
460000 91.75925925925925 0.03838810248335663 119.0925925925926 0.47839506172839497 135.5185185185185 45.333333333333336 0.0 45.333333333333336 0.9928902992978692
462000 91.75925925925925 0.03838810248335663 119.0925925925926 0.47839506172839497 135.5185185185185 45.333333333333336 0.0 45.333333333333336 0.9815181000158191
464000 91.75925925925925 0.03838810248335663 119.0925925925926 0.47839506172839497 135.5185185185185 45.333333333333336 0.0 45.333333333333336 1.0231080995872617
466000 91.75925925925925 0.03838810248335663 119.0925925925926 0.47839506172839497 135.5185185185185 45.333333333333336 0.0 45.333333333333336 1.0031519997864962
468000 91.75925925925925 0.03838810248335663 119.0925925925926 0.47839506172839497 135.5185185185185 45.333333333333336 0.0 45.333333333333336 1.0202160999178886
470000 91.75925925925925 0.03838810248335663 119.0925925925926 0.47839506172839497 135.5185185185185 45.333333333333336 0.0 45.333333333333336 0.9879091000184417
472000 91.75925925925925 0.03838810248335663 119.0925925925926 0.47839506172839497 135.5185185185185 45.333333333333336 0.0 45.333333333333336 1.025280000641942
474000 91.75925925925925 0.03838810248335663 119.0925925925926 0.47839506172839497 135.5185185185185 45.333333333333336 0.0 45.333333333333336 1.0350096002221107
476000 91.75925925925925 0.03838810248335663 119.0925925925926 0.47839506172839497 135.5185185185185 45.333333333333336 0.0 45.333333333333336 0.9614395005628467
478000 91.75925925925925 0.03838810248335663 119.0925925925926 0.47839506172839497 135.5185185185185 45.333333333333336 0.0 45.333333333333336 1.0314653003588319
480000 91.75925925925925 0.03838810248335663 119.0925925925926 0.47839506172839497 135.5185185185185 45.333333333333336 0.0 45.333333333333336 0.9813016001135111
482000 91.75925925925925 0.03838810248335663 119.0925925925926 0.47839506172839497 135.5185185185185 45.333333333333336 0.0 45.333333333333336 1.0021377997472882
484000 91.75925925925925 0.03838810248335663 119.0925925925926 0.47839506172839497 135.5185185185185 45.333333333333336 0.0 45.333333333333336 1.0456682993099093
486000 91.75925925925925 0.03838810248335663 119.0925925925926 0.47839506172839497 135.5185185185185 45.333333333333336 0.0 45.333333333333336 0.9650739002972841
488000 91.75925925925925 0.03838810248335663 119.0925925925926 0.47839506172839497 135.5185185185185 45.333333333333336 0.0 45.333333333333336 1.0272647002711892
490000 91.75925925925925 0.03838810248335663 119.0925925925926 0.47839506172839497 135.5185185185185 45.333333333333336 0.0 45.333333333333336 0.9239589003846049
492000 91.75925925925925 0.03838810248335663 119.0925925925926 0.47839506172839497 135.5185185185185 45.333333333333336 0.0 45.333333333333336 0.8885267004370689
494000 91.75925925925925 0.03838810248335663 119.0925925925926 0.47839506172839497 135.5185185185185 45.333333333333336 0.0 45.333333333333336 0.8473471999168396
496000 91.75925925925925 0.03838810248335663 119.0925925925926 0.47839506172839497 135.5185185185185 45.333333333333336 0.0 45.333333333333336 0.8649057000875473
498000 91.75925925925925 0.03838810248335663 119.0925925925926 0.47839506172839497 135.5185185185185 45.333333333333336 0.0 45.333333333333336 0.9697207994759083
500000 91.75925925925925 0.03838810248335663 119.0925925925926 0.47839506172839497 135.5185185185185 45.333333333333336 0.0 45.333333333333336 0.9562146998941898
