2000 1.0925925925925926 -0.12937412603830223 129.33333333333334 0.024691358024691357 135.5185185185185 45.333333333333336 0.0 45.333333333333336 0.74983049929142
4000 0.8333333333333334 -0.5740599054042319 129.77777777777777 0.035493827160493825 135.5185185185185 45.333333333333336 0.0 45.333333333333336 0.7158268000930548
6000 1.7962962962962963 -0.3701740648402105 128.83333333333334 0.05092592592592592 135.5185185185185 45.333333333333336 0.0 45.333333333333336 0.7288611000403762
8000 1.7222222222222223 -0.5181491101687085 128.9814814814815 0.037037037037037035 135.5185185185185 45.333333333333336 0.0 45.333333333333336 0.7303251000121236
10000 1.2407407407407407 -0.4443930861274203 128.88888888888889 0.05246913580246914 135.5185185185185 45.333333333333336 0.0 45.333333333333336 0.715259900316596
12000 1.0185185185185186 -0.7406387778943435 129.12962962962962 0.05246913580246913 135.5185185185185 45.333333333333336 0.0 45.333333333333336 0.7391299996525049
14000 1.0555555555555556 -0.6665055806806807 129.1851851851852 0.06172839506172839 135.5185185185185 45.333333333333336 0.0 45.333333333333336 0.9474835004657507
16000 1.0555555555555556 -0.666554765455182 129.07407407407408 0.05864197530864197 135.5185185185185 45.333333333333336 0.0 45.333333333333336 0.9192546997219324
18000 1.2777777777777777 -0.7590193001589539 128.90740740740742 0.05246913580246914 135.5185185185185 45.333333333333336 0.0 45.333333333333336 0.9194980999454856
20000 1.7592592592592593 0.00032463571665345586 127.5925925925926 0.16975308641975306 135.5185185185185 45.333333333333336 0.0 45.333333333333336 0.9943377999588847
22000 1.2592592592592593 -0.7405554685716154 128.9814814814815 0.05864197530864197 135.5185185185185 45.333333333333336 0.0 45.333333333333336 0.8746199002489448
24000 2.759259259259259 0.0005445576413758043 126.64814814814815 0.12962962962962962 135.5185185185185 45.333333333333336 0.018518518518518517 45.31481481481482 0.8736341996118426
26000 2.314814814814815 0.0007458599258235453 126.85185185185185 0.16203703703703706 135.5185185185185 45.333333333333336 0.018518518518518517 45.31481481481482 0.859787099994719
28000 2.425925925925926 0.0007761444857525011 127.33333333333333 0.12808641975308643 135.5185185185185 45.333333333333336 0.0 45.333333333333336 0.9070693999528885
30000 1.9814814814814814 0.0006060190083730593 127.53703703703704 0.12808641975308643 135.5185185185185 45.333333333333336 0.0 45.333333333333336 0.9971261993050575
32000 2.462962962962963 0.0007604797981863712 127.75925925925925 0.10648148148148148 135.5185185185185 45.333333333333336 0.0 45.333333333333336 0.8974312990903854
34000 1.8148148148148149 0.0005193251439079811 128.55555555555554 0.08179012345679013 135.5185185185185 45.333333333333336 0.0 45.333333333333336 0.8960456000640988
36000 2.5555555555555554 0.0006919068265083961 128.53703703703704 0.09104938271604938 135.5185185185185 45.333333333333336 0.0 45.333333333333336 0.9284959007054567
38000 2.5555555555555554 0.0006919068265083961 128.53703703703704 0.09104938271604938 135.5185185185185 45.333333333333336 0.0 45.333333333333336 0.9252500999718904
40000 1.2592592592592593 -0.0924275176346317 128.92592592592592 0.08024691358024691 135.5185185185185 45.333333333333336 0.0 45.333333333333336 0.9599797995761037
42000 2.6296296296296298 -0.017728823781817473 127.85185185185185 0.12191358024691358 135.5185185185185 45.333333333333336 0.0 45.333333333333336 0.8885724004358053
44000 4.462962962962963 0.0017427577160838287 126.75925925925925 0.16975308641975306 135.5185185185185 45.333333333333336 0.0 45.333333333333336 0.9122085999697447
46000 10.37037037037037 0.003409254239073047 125.68518518518519 0.21296296296296297 135.5185185185185 45.333333333333336 0.0 45.333333333333336 1.2688704002648592
48000 54.129629629629626 0.022026105722884007 119.51851851851852 0.4969135802469135 135.5185185185185 45.333333333333336 0.0 45.333333333333336 0.9829940004274249
50000 54.129629629629626 0.022026105722884007 119.51851851851852 0.4969135802469135 135.5185185185185 45.333333333333336 0.0 45.333333333333336 0.9634718000888824
52000 45.44444444444444 -0.01995471588397685 120.57407407407408 0.4197530864197531 135.5185185185185 45.333333333333336 0.0 45.333333333333336 2.919130800291896
54000 45.44444444444444 -0.01995471588397685 120.57407407407408 0.4197530864197531 135.5185185185185 45.333333333333336 0.0 45.333333333333336 1.118819199502468
56000 20.35185185185185 -0.029692988717851424 124.85185185185185 0.27006172839506176 135.5185185185185 45.333333333333336 0.0 45.333333333333336 1.8102978998795152
58000 54.129629629629626 0.022026105722884007 119.51851851851852 0.4969135802469135 135.5185185185185 45.333333333333336 0.0 45.333333333333336 0.9295629002153873
60000 54.129629629629626 0.022026105722884007 119.51851851851852 0.4969135802469135 135.5185185185185 45.333333333333336 0.0 45.333333333333336 0.9092696001753211
62000 54.129629629629626 0.022026105722884007 119.51851851851852 0.4969135802469135 135.5185185185185 45.333333333333336 0.0 45.333333333333336 1.062699600122869
64000 54.129629629629626 0.022026105722884007 119.51851851851852 0.4969135802469135 135.5185185185185 45.333333333333336 0.0 45.333333333333336 0.9024904994294047
66000 54.129629629629626 0.022026105722884007 119.51851851851852 0.4969135802469135 135.5185185185185 45.333333333333336 0.0 45.333333333333336 0.8749569999054074
68000 54.129629629629626 0.022026105722884007 119.51851851851852 0.4969135802469135 135.5185185185185 45.333333333333336 0.0 45.333333333333336 1.4478210005909204
70000 54.129629629629626 0.022026105722884007 119.51851851851852 0.4969135802469135 135.5185185185185 45.333333333333336 0.0 45.333333333333336 0.9867591997608542
72000 54.129629629629626 0.022026105722884007 119.51851851851852 0.4969135802469135 135.5185185185185 45.333333333333336 0.0 45.333333333333336 1.0026123002171516
74000 54.129629629629626 0.022026105722884007 119.51851851851852 0.4969135802469135 135.5185185185185 45.333333333333336 0.0 45.333333333333336 1.0088807996362448
76000 54.129629629629626 0.022026105722884007 119.51851851851852 0.4969135802469135 135.5185185185185 45.333333333333336 0.0 45.333333333333336 0.9768492002040148
78000 54.129629629629626 0.022026105722884007 119.51851851851852 0.4969135802469135 135.5185185185185 45.333333333333336 0.0 45.333333333333336 1.0061580995097756
80000 54.129629629629626 0.022026105722884007 119.51851851851852 0.4969135802469135 135.5185185185185 45.333333333333336 0.0 45.333333333333336 1.0131414998322725
82000 54.129629629629626 0.022026105722884007 119.51851851851852 0.4969135802469135 135.5185185185185 45.333333333333336 0.0 45.333333333333336 1.0286245001479983
84000 28.685185185185187 0.009436665992159244 122.70370370370371 0.37191358024691357 135.5185185185185 45.333333333333336 0.0 45.333333333333336 0.944183100014925
86000 54.129629629629626 0.022026105722884007 119.51851851851852 0.4969135802469135 135.5185185185185 45.333333333333336 0.0 45.333333333333336 0.9673478994518518
88000 54.129629629629626 0.022026105722884007 119.51851851851852 0.4969135802469135 135.5185185185185 45.333333333333336 0.0 45.333333333333336 0.9661598997190595
90000 47.5 0.019894029252551505 121.48148148148148 0.4629629629629629 135.5185185185185 45.333333333333336 0.0 45.333333333333336 1.0073599992319942
92000 47.77777777777778 -0.07100021982091771 122.16666666666667 0.4027777777777778 135.5185185185185 45.333333333333336 0.0 45.333333333333336 0.8744831001386046
94000 43.648148148148145 0.017761000520830073 122.01851851851852 0.41049382716049376 135.5185185185185 45.333333333333336 0.0 45.333333333333336 0.8665656996890903
96000 67.03703703703704 0.029012986646357847 119.66666666666667 0.5385802469135802 135.5185185185185 45.333333333333336 0.0 45.333333333333336 0.8890814995393157
98000 67.03703703703704 0.029012986646357847 119.66666666666667 0.5385802469135802 135.5185185185185 45.333333333333336 0.0 45.333333333333336 0.9137981999665499
100000 67.03703703703704 0.029012986646357847 119.66666666666667 0.5385802469135802 135.5185185185185 45.333333333333336 0.0 45.333333333333336 0.9169255997985601
102000 67.03703703703704 0.029012986646357847 119.66666666666667 0.5385802469135802 135.5185185185185 45.333333333333336 0.0 45.333333333333336 1.0627129999920726
104000 67.03703703703704 0.029012986646357847 119.66666666666667 0.5385802469135802 135.5185185185185 45.333333333333336 0.0 45.333333333333336 0.9346707006916404
106000 67.03703703703704 0.029012986646357847 119.66666666666667 0.5385802469135802 135.5185185185185 45.333333333333336 0.0 45.333333333333336 0.91281049977988
108000 67.03703703703704 0.029012986646357847 119.66666666666667 0.5385802469135802 135.5185185185185 45.333333333333336 0.0 45.333333333333336 0.8863612003624439
110000 67.03703703703704 0.029012986646357847 119.66666666666667 0.5385802469135802 135.5185185185185 45.333333333333336 0.0 45.333333333333336 0.9285880997776985
112000 67.03703703703704 0.029012986646357847 119.66666666666667 0.5385802469135802 135.5185185185185 45.333333333333336 0.0 45.333333333333336 1.0023827003315091
114000 67.03703703703704 0.029012986646357847 119.66666666666667 0.5385802469135802 135.5185185185185 45.333333333333336 0.0 45.333333333333336 0.8860036004334688
116000 67.03703703703704 0.029012986646357847 119.66666666666667 0.5385802469135802 135.5185185185185 45.333333333333336 0.0 45.333333333333336 0.9831501003354788
118000 67.03703703703704 0.029012986646357847 119.66666666666667 0.5385802469135802 135.5185185185185 45.333333333333336 0.0 45.333333333333336 0.9330811994150281
120000 67.03703703703704 0.029012986646357847 119.66666666666667 0.5385802469135802 135.5185185185185 45.333333333333336 0.0 45.333333333333336 1.009468600153923
122000 67.03703703703704 0.029012986646357847 119.66666666666667 0.5385802469135802 135.5185185185185 45.333333333333336 0.0 45.333333333333336 0.9867325006052852
124000 67.03703703703704 0.029012986646357847 119.66666666666667 0.5385802469135802 135.5185185185185 45.333333333333336 0.0 45.333333333333336 0.969141399487853
126000 67.03703703703704 0.029012986646357847 119.66666666666667 0.5385802469135802 135.5185185185185 45.333333333333336 0.0 45.333333333333336 0.8773590996861458
128000 67.03703703703704 0.029012986646357847 119.66666666666667 0.5385802469135802 135.5185185185185 45.333333333333336 0.0 45.333333333333336 0.9688568003475666
130000 67.03703703703704 0.029012986646357847 119.66666666666667 0.5385802469135802 135.5185185185185 45.333333333333336 0.0 45.333333333333336 0.9190563000738621
132000 67.03703703703704 0.029012986646357847 119.66666666666667 0.5385802469135802 135.5185185185185 45.333333333333336 0.0 45.333333333333336 0.9475616002455354
134000 67.03703703703704 0.029012986646357847 119.66666666666667 0.5385802469135802 135.5185185185185 45.333333333333336 0.0 45.333333333333336 0.9220058005303144
136000 67.03703703703704 0.029012986646357847 119.66666666666667 0.5385802469135802 135.5185185185185 45.333333333333336 0.0 45.333333333333336 0.9050984997302294
138000 67.03703703703704 0.029012986646357847 119.66666666666667 0.5385802469135802 135.5185185185185 45.333333333333336 0.0 45.333333333333336 0.8951133992522955
140000 67.03703703703704 0.029012986646357847 119.66666666666667 0.5385802469135802 135.5185185185185 45.333333333333336 0.0 45.333333333333336 1.141728200018406
142000 67.03703703703704 0.029012986646357847 119.66666666666667 0.5385802469135802 135.5185185185185 45.333333333333336 0.0 45.333333333333336 1.1931646997109056
144000 67.03703703703704 0.029012986646357847 119.66666666666667 0.5385802469135802 135.5185185185185 45.333333333333336 0.0 45.333333333333336 0.9740307005122304
146000 67.03703703703704 0.029012986646357847 119.66666666666667 0.5385802469135802 135.5185185185185 45.333333333333336 0.0 45.333333333333336 0.9696060996502638
148000 67.03703703703704 0.029012986646357847 119.66666666666667 0.5385802469135802 135.5185185185185 45.333333333333336 0.0 45.333333333333336 0.8784217005595565
150000 67.03703703703704 0.029012986646357847 119.66666666666667 0.5385802469135802 135.5185185185185 45.333333333333336 0.0 45.333333333333336 1.0749990995973349
152000 67.03703703703704 0.029012986646357847 119.66666666666667 0.5385802469135802 135.5185185185185 45.333333333333336 0.0 45.333333333333336 0.9973221998661757
154000 67.03703703703704 0.029012986646357847 119.66666666666667 0.5385802469135802 135.5185185185185 45.333333333333336 0.0 45.333333333333336 0.9448311999440193
156000 67.03703703703704 0.029012986646357847 119.66666666666667 0.5385802469135802 135.5185185185185 45.333333333333336 0.0 45.333333333333336 0.9658433999866247
158000 67.03703703703704 0.029012986646357847 119.66666666666667 0.5385802469135802 135.5185185185185 45.333333333333336 0.0 45.333333333333336 0.9013149999082088
160000 67.03703703703704 0.029012986646357847 119.66666666666667 0.5385802469135802 135.5185185185185 45.333333333333336 0.0 45.333333333333336 0.9763232003897429
162000 67.03703703703704 0.029012986646357847 119.66666666666667 0.5385802469135802 135.5185185185185 45.333333333333336 0.0 45.333333333333336 0.918037099763751
164000 67.03703703703704 0.029012986646357847 119.66666666666667 0.5385802469135802 135.5185185185185 45.333333333333336 0.0 45.333333333333336 0.9700974002480507
166000 67.03703703703704 0.029012986646357847 119.66666666666667 0.5385802469135802 135.5185185185185 45.333333333333336 0.0 45.333333333333336 0.9351866003125906
168000 67.03703703703704 0.029012986646357847 119.66666666666667 0.5385802469135802 135.5185185185185 45.333333333333336 0.0 45.333333333333336 1.0054961005225778
170000 67.03703703703704 0.029012986646357847 119.66666666666667 0.5385802469135802 135.5185185185185 45.333333333333336 0.0 45.333333333333336 0.8977990997955203
172000 67.03703703703704 0.029012986646357847 119.66666666666667 0.5385802469135802 135.5185185185185 45.333333333333336 0.0 45.333333333333336 0.923705100081861
174000 67.03703703703704 0.029012986646357847 119.66666666666667 0.5385802469135802 135.5185185185185 45.333333333333336 0.0 45.333333333333336 0.9067609002813697
176000 67.03703703703704 0.029012986646357847 119.66666666666667 0.5385802469135802 135.5185185185185 45.333333333333336 0.0 45.333333333333336 0.9342891005799174
178000 67.03703703703704 0.029012986646357847 119.66666666666667 0.5385802469135802 135.5185185185185 45.333333333333336 0.0 45.333333333333336 1.0045992005616426
180000 67.03703703703704 0.029012986646357847 119.66666666666667 0.5385802469135802 135.5185185185185 45.333333333333336 0.0 45.333333333333336 0.9611032996326685
182000 67.03703703703704 0.029012986646357847 119.66666666666667 0.5385802469135802 135.5185185185185 45.333333333333336 0.0 45.333333333333336 0.9408117001876235
184000 67.03703703703704 0.029012986646357847 119.66666666666667 0.5385802469135802 135.5185185185185 45.333333333333336 0.0 45.333333333333336 0.9900334998965263
186000 67.03703703703704 0.029012986646357847 119.66666666666667 0.5385802469135802 135.5185185185185 45.333333333333336 0.0 45.333333333333336 1.2062084004282951
188000 67.03703703703704 0.029012986646357847 119.66666666666667 0.5385802469135802 135.5185185185185 45.333333333333336 0.0 45.333333333333336 0.9679701998829842
190000 67.03703703703704 0.029012986646357847 119.66666666666667 0.5385802469135802 135.5185185185185 45.333333333333336 0.0 45.333333333333336 1.1384759992361069
192000 67.03703703703704 0.029012986646357847 119.66666666666667 0.5385802469135802 135.5185185185185 45.333333333333336 0.0 45.333333333333336 1.0371830007061362
194000 67.03703703703704 0.029012986646357847 119.66666666666667 0.5385802469135802 135.5185185185185 45.333333333333336 0.0 45.333333333333336 1.0726672997698188
196000 67.03703703703704 0.029012986646357847 119.66666666666667 0.5385802469135802 135.5185185185185 45.333333333333336 0.0 45.333333333333336 0.9825510000810027
198000 67.03703703703704 0.029012986646357847 119.66666666666667 0.5385802469135802 135.5185185185185 45.333333333333336 0.0 45.333333333333336 1.1203426998108625
200000 67.03703703703704 0.029012986646357847 119.66666666666667 0.5385802469135802 135.5185185185185 45.333333333333336 0.0 45.333333333333336 1.0977323995903134
202000 67.03703703703704 0.029012986646357847 119.66666666666667 0.5385802469135802 135.5185185185185 45.333333333333336 0.0 45.333333333333336 1.0000890996307135
204000 67.03703703703704 0.029012986646357847 119.66666666666667 0.5385802469135802 135.5185185185185 45.333333333333336 0.0 45.333333333333336 1.0885330997407436
206000 67.03703703703704 0.029012986646357847 119.66666666666667 0.5385802469135802 135.5185185185185 45.333333333333336 0.0 45.333333333333336 1.0710715996101499
208000 67.03703703703704 0.029012986646357847 119.66666666666667 0.5385802469135802 135.5185185185185 45.333333333333336 0.0 45.333333333333336 1.0446736998856068
210000 67.03703703703704 0.029012986646357847 119.66666666666667 0.5385802469135802 135.5185185185185 45.333333333333336 0.0 45.333333333333336 1.0329206995666027
212000 67.03703703703704 0.029012986646357847 119.66666666666667 0.5385802469135802 135.5185185185185 45.333333333333336 0.0 45.333333333333336 0.9717089999467134
214000 67.03703703703704 0.029012986646357847 119.66666666666667 0.5385802469135802 135.5185185185185 45.333333333333336 0.0 45.333333333333336 1.0463719004765153
216000 67.03703703703704 0.029012986646357847 119.66666666666667 0.5385802469135802 135.5185185185185 45.333333333333336 0.0 45.333333333333336 1.008737100288272
218000 67.03703703703704 0.029012986646357847 119.66666666666667 0.5385802469135802 135.5185185185185 45.333333333333336 0.0 45.333333333333336 1.009327500127256
220000 67.03703703703704 0.029012986646357847 119.66666666666667 0.5385802469135802 135.5185185185185 45.333333333333336 0.0 45.333333333333336 1.008547100238502
222000 67.03703703703704 0.029012986646357847 119.66666666666667 0.5385802469135802 135.5185185185185 45.333333333333336 0.0 45.333333333333336 1.0183520996943116
224000 67.03703703703704 0.029012986646357847 119.66666666666667 0.5385802469135802 135.5185185185185 45.333333333333336 0.0 45.333333333333336 1.0705596003681421
226000 67.03703703703704 0.029012986646357847 119.66666666666667 0.5385802469135802 135.5185185185185 45.333333333333336 0.0 45.333333333333336 0.9823687998577952
228000 67.03703703703704 0.029012986646357847 119.66666666666667 0.5385802469135802 135.5185185185185 45.333333333333336 0.0 45.333333333333336 1.103442800231278
230000 67.03703703703704 0.029012986646357847 119.66666666666667 0.5385802469135802 135.5185185185185 45.333333333333336 0.0 45.333333333333336 1.1103501999750733
232000 67.03703703703704 0.029012986646357847 119.66666666666667 0.5385802469135802 135.5185185185185 45.333333333333336 0.0 45.333333333333336 1.0902241999283433
234000 67.03703703703704 0.029012986646357847 119.66666666666667 0.5385802469135802 135.5185185185185 45.333333333333336 0.0 45.333333333333336 1.0509754000231624
236000 67.03703703703704 0.029012986646357847 119.66666666666667 0.5385802469135802 135.5185185185185 45.333333333333336 0.0 45.333333333333336 0.9929828001186252
238000 67.03703703703704 0.029012986646357847 119.66666666666667 0.5385802469135802 135.5185185185185 45.333333333333336 0.0 45.333333333333336 1.0666862996295094
240000 67.03703703703704 0.029012986646357847 119.66666666666667 0.5385802469135802 135.5185185185185 45.333333333333336 0.0 45.333333333333336 1.0030936999246478
242000 67.03703703703704 0.029012986646357847 119.66666666666667 0.5385802469135802 135.5185185185185 45.333333333333336 0.0 45.333333333333336 0.9961596000939608
244000 67.03703703703704 0.029012986646357847 119.66666666666667 0.5385802469135802 135.5185185185185 45.333333333333336 0.0 45.333333333333336 1.0785623993724585
246000 67.03703703703704 0.029012986646357847 119.66666666666667 0.5385802469135802 135.5185185185185 45.333333333333336 0.0 45.333333333333336 0.9852508995682001
248000 67.03703703703704 0.029012986646357847 119.66666666666667 0.5385802469135802 135.5185185185185 45.333333333333336 0.0 45.333333333333336 0.9757330995053053
250000 67.03703703703704 0.029012986646357847 119.66666666666667 0.5385802469135802 135.5185185185185 45.333333333333336 0.0 45.333333333333336 1.0101097002625465
252000 67.03703703703704 0.029012986646357847 119.66666666666667 0.5385802469135802 135.5185185185185 45.333333333333336 0.0 45.333333333333336 0.9249799000099301
254000 67.03703703703704 0.029012986646357847 119.66666666666667 0.5385802469135802 135.5185185185185 45.333333333333336 0.0 45.333333333333336 0.9499933999031782
256000 67.03703703703704 0.029012986646357847 119.66666666666667 0.5385802469135802 135.5185185185185 45.333333333333336 0.0 45.333333333333336 0.9913143999874592
258000 67.03703703703704 0.029012986646357847 119.66666666666667 0.5385802469135802 135.5185185185185 45.333333333333336 0.0 45.333333333333336 0.9981021005660295
260000 67.03703703703704 0.029012986646357847 119.66666666666667 0.5385802469135802 135.5185185185185 45.333333333333336 0.0 45.333333333333336 0.9776523001492023
262000 67.03703703703704 0.029012986646357847 119.66666666666667 0.5385802469135802 135.5185185185185 45.333333333333336 0.0 45.333333333333336 1.0066847000271082
264000 67.03703703703704 0.029012986646357847 119.66666666666667 0.5385802469135802 135.5185185185185 45.333333333333336 0.0 45.333333333333336 0.9867483004927635
266000 67.03703703703704 0.029012986646357847 119.66666666666667 0.5385802469135802 135.5185185185185 45.333333333333336 0.0 45.333333333333336 1.026132700033486
268000 67.03703703703704 0.029012986646357847 119.66666666666667 0.5385802469135802 135.5185185185185 45.333333333333336 0.0 45.333333333333336 1.0499668000265956
270000 67.03703703703704 0.029012986646357847 119.66666666666667 0.5385802469135802 135.5185185185185 45.333333333333336 0.0 45.333333333333336 1.1156732002273202
272000 67.03703703703704 0.029012986646357847 119.66666666666667 0.5385802469135802 135.5185185185185 45.333333333333336 0.0 45.333333333333336 1.1467582993209362
274000 67.03703703703704 0.029012986646357847 119.66666666666667 0.5385802469135802 135.5185185185185 45.333333333333336 0.0 45.333333333333336 1.0278928000479937
276000 67.03703703703704 0.029012986646357847 119.66666666666667 0.5385802469135802 135.5185185185185 45.333333333333336 0.0 45.333333333333336 1.0331830997020006
278000 67.03703703703704 0.029012986646357847 119.66666666666667 0.5385802469135802 135.5185185185185 45.333333333333336 0.0 45.333333333333336 1.0137595999985933
280000 67.03703703703704 0.029012986646357847 119.66666666666667 0.5385802469135802 135.5185185185185 45.333333333333336 0.0 45.333333333333336 1.0430015996098518
282000 67.03703703703704 0.029012986646357847 119.66666666666667 0.5385802469135802 135.5185185185185 45.333333333333336 0.0 45.333333333333336 0.9730476001277566
284000 67.03703703703704 0.029012986646357847 119.66666666666667 0.5385802469135802 135.5185185185185 45.333333333333336 0.0 45.333333333333336 1.0220688004046679
286000 67.03703703703704 0.029012986646357847 119.66666666666667 0.5385802469135802 135.5185185185185 45.333333333333336 0.0 45.333333333333336 1.1270342003554106
288000 67.03703703703704 0.029012986646357847 119.66666666666667 0.5385802469135802 135.5185185185185 45.333333333333336 0.0 45.333333333333336 1.1208958998322487
290000 67.03703703703704 0.029012986646357847 119.66666666666667 0.5385802469135802 135.5185185185185 45.333333333333336 0.0 45.333333333333336 1.0778513997793198
292000 67.03703703703704 0.029012986646357847 119.66666666666667 0.5385802469135802 135.5185185185185 45.333333333333336 0.0 45.333333333333336 0.997524400241673
294000 67.03703703703704 0.029012986646357847 119.66666666666667 0.5385802469135802 135.5185185185185 45.333333333333336 0.0 45.333333333333336 0.9467796003445983
296000 67.03703703703704 0.029012986646357847 119.66666666666667 0.5385802469135802 135.5185185185185 45.333333333333336 0.0 45.333333333333336 1.0016568005084991
298000 67.03703703703704 0.029012986646357847 119.66666666666667 0.5385802469135802 135.5185185185185 45.333333333333336 0.0 45.333333333333336 1.0981585001572967
300000 67.03703703703704 0.029012986646357847 119.66666666666667 0.5385802469135802 135.5185185185185 45.333333333333336 0.0 45.333333333333336 1.041435799561441
302000 67.03703703703704 0.029012986646357847 119.66666666666667 0.5385802469135802 135.5185185185185 45.333333333333336 0.0 45.333333333333336 1.04731270018965
304000 67.03703703703704 0.029012986646357847 119.66666666666667 0.5385802469135802 135.5185185185185 45.333333333333336 0.0 45.333333333333336 1.0881917998194695
306000 67.03703703703704 0.029012986646357847 119.66666666666667 0.5385802469135802 135.5185185185185 45.333333333333336 0.0 45.333333333333336 1.0384205002337694
308000 67.03703703703704 0.029012986646357847 119.66666666666667 0.5385802469135802 135.5185185185185 45.333333333333336 0.0 45.333333333333336 1.214236999861896
310000 67.03703703703704 0.029012986646357847 119.66666666666667 0.5385802469135802 135.5185185185185 45.333333333333336 0.0 45.333333333333336 1.0680937003344297
312000 67.03703703703704 0.029012986646357847 119.66666666666667 0.5385802469135802 135.5185185185185 45.333333333333336 0.0 45.333333333333336 0.9919314999133348
314000 67.03703703703704 0.029012986646357847 119.66666666666667 0.5385802469135802 135.5185185185185 45.333333333333336 0.0 45.333333333333336 1.0247073005884886
316000 67.03703703703704 0.029012986646357847 119.66666666666667 0.5385802469135802 135.5185185185185 45.333333333333336 0.0 45.333333333333336 1.0229547005146742
318000 67.03703703703704 0.029012986646357847 119.66666666666667 0.5385802469135802 135.5185185185185 45.333333333333336 0.0 45.333333333333336 1.0407130997627974
320000 67.03703703703704 0.029012986646357847 119.66666666666667 0.5385802469135802 135.5185185185185 45.333333333333336 0.0 45.333333333333336 0.9806992998346686
322000 67.03703703703704 0.029012986646357847 119.66666666666667 0.5385802469135802 135.5185185185185 45.333333333333336 0.0 45.333333333333336 1.0316292997449636
324000 67.03703703703704 0.029012986646357847 119.66666666666667 0.5385802469135802 135.5185185185185 45.333333333333336 0.0 45.333333333333336 0.9639091994613409
326000 67.03703703703704 0.029012986646357847 119.66666666666667 0.5385802469135802 135.5185185185185 45.333333333333336 0.0 45.333333333333336 1.001481800340116
328000 67.03703703703704 0.029012986646357847 119.66666666666667 0.5385802469135802 135.5185185185185 45.333333333333336 0.0 45.333333333333336 1.0182499000802636
330000 67.03703703703704 0.029012986646357847 119.66666666666667 0.5385802469135802 135.5185185185185 45.333333333333336 0.0 45.333333333333336 0.9783848999068141
332000 67.03703703703704 0.029012986646357847 119.66666666666667 0.5385802469135802 135.5185185185185 45.333333333333336 0.0 45.333333333333336 0.9572850996628404
334000 67.03703703703704 0.029012986646357847 119.66666666666667 0.5385802469135802 135.5185185185185 45.333333333333336 0.0 45.333333333333336 1.0172937996685505
336000 67.03703703703704 0.029012986646357847 119.66666666666667 0.5385802469135802 135.5185185185185 45.333333333333336 0.0 45.333333333333336 1.1728938994929194
338000 67.03703703703704 0.029012986646357847 119.66666666666667 0.5385802469135802 135.5185185185185 45.333333333333336 0.0 45.333333333333336 0.997086800634861
340000 67.03703703703704 0.029012986646357847 119.66666666666667 0.5385802469135802 135.5185185185185 45.333333333333336 0.0 45.333333333333336 1.0735216001048684
342000 67.03703703703704 0.029012986646357847 119.66666666666667 0.5385802469135802 135.5185185185185 45.333333333333336 0.0 45.333333333333336 1.1360360998660326
344000 67.03703703703704 0.029012986646357847 119.66666666666667 0.5385802469135802 135.5185185185185 45.333333333333336 0.0 45.333333333333336 1.1581900995224714
346000 67.03703703703704 0.029012986646357847 119.66666666666667 0.5385802469135802 135.5185185185185 45.333333333333336 0.0 45.333333333333336 1.1888520997017622
348000 67.03703703703704 0.029012986646357847 119.66666666666667 0.5385802469135802 135.5185185185185 45.333333333333336 0.0 45.333333333333336 1.0725124003365636
350000 67.03703703703704 0.029012986646357847 119.66666666666667 0.5385802469135802 135.5185185185185 45.333333333333336 0.0 45.333333333333336 1.1935855997726321
352000 67.03703703703704 0.029012986646357847 119.66666666666667 0.5385802469135802 135.5185185185185 45.333333333333336 0.0 45.333333333333336 1.1307871993631124
354000 67.03703703703704 0.029012986646357847 119.66666666666667 0.5385802469135802 135.5185185185185 45.333333333333336 0.0 45.333333333333336 0.9995507998391986
356000 67.03703703703704 0.029012986646357847 119.66666666666667 0.5385802469135802 135.5185185185185 45.333333333333336 0.0 45.333333333333336 0.9949618997052312
358000 67.03703703703704 0.029012986646357847 119.66666666666667 0.5385802469135802 135.5185185185185 45.333333333333336 0.0 45.333333333333336 1.028791000135243
360000 67.03703703703704 0.029012986646357847 119.66666666666667 0.5385802469135802 135.5185185185185 45.333333333333336 0.0 45.333333333333336 1.0282290996983647
362000 67.03703703703704 0.029012986646357847 119.66666666666667 0.5385802469135802 135.5185185185185 45.333333333333336 0.0 45.333333333333336 1.0152546996250749
364000 67.03703703703704 0.029012986646357847 119.66666666666667 0.5385802469135802 135.5185185185185 45.333333333333336 0.0 45.333333333333336 1.155433800071478
366000 67.03703703703704 0.029012986646357847 119.66666666666667 0.5385802469135802 135.5185185185185 45.333333333333336 0.0 45.333333333333336 1.0307767000049353
368000 67.03703703703704 0.029012986646357847 119.66666666666667 0.5385802469135802 135.5185185185185 45.333333333333336 0.0 45.333333333333336 1.0238803001120687
370000 67.03703703703704 0.029012986646357847 119.66666666666667 0.5385802469135802 135.5185185185185 45.333333333333336 0.0 45.333333333333336 0.993512399494648
372000 67.03703703703704 0.029012986646357847 119.66666666666667 0.5385802469135802 135.5185185185185 45.333333333333336 0.0 45.333333333333336 1.0090789003297687
374000 67.03703703703704 0.029012986646357847 119.66666666666667 0.5385802469135802 135.5185185185185 45.333333333333336 0.0 45.333333333333336 1.0682736998423934
376000 67.03703703703704 0.029012986646357847 119.66666666666667 0.5385802469135802 135.5185185185185 45.333333333333336 0.0 45.333333333333336 1.06508949957788
378000 67.03703703703704 0.029012986646357847 119.66666666666667 0.5385802469135802 135.5185185185185 45.333333333333336 0.0 45.333333333333336 1.2343795001506805
380000 67.03703703703704 0.029012986646357847 119.66666666666667 0.5385802469135802 135.5185185185185 45.333333333333336 0.0 45.333333333333336 1.0920623000711203
382000 67.03703703703704 0.029012986646357847 119.66666666666667 0.5385802469135802 135.5185185185185 45.333333333333336 0.0 45.333333333333336 0.9538825005292892
384000 67.03703703703704 0.029012986646357847 119.66666666666667 0.5385802469135802 135.5185185185185 45.333333333333336 0.0 45.333333333333336 1.0501254005357623
386000 67.03703703703704 0.029012986646357847 119.66666666666667 0.5385802469135802 135.5185185185185 45.333333333333336 0.0 45.333333333333336 0.9800941003486514
388000 67.03703703703704 0.029012986646357847 119.66666666666667 0.5385802469135802 135.5185185185185 45.333333333333336 0.0 45.333333333333336 0.9599512005224824
390000 67.03703703703704 0.029012986646357847 119.66666666666667 0.5385802469135802 135.5185185185185 45.333333333333336 0.0 45.333333333333336 0.9544324995949864
392000 67.03703703703704 0.029012986646357847 119.66666666666667 0.5385802469135802 135.5185185185185 45.333333333333336 0.0 45.333333333333336 1.0070110000669956
394000 67.03703703703704 0.029012986646357847 119.66666666666667 0.5385802469135802 135.5185185185185 45.333333333333336 0.0 45.333333333333336 1.0082183005288243
396000 67.03703703703704 0.029012986646357847 119.66666666666667 0.5385802469135802 135.5185185185185 45.333333333333336 0.0 45.333333333333336 0.9749222993850708
398000 67.03703703703704 0.029012986646357847 119.66666666666667 0.5385802469135802 135.5185185185185 45.333333333333336 0.0 45.333333333333336 1.006729600019753
400000 67.03703703703704 0.029012986646357847 119.66666666666667 0.5385802469135802 135.5185185185185 45.333333333333336 0.0 45.333333333333336 1.0475655999034643
402000 67.03703703703704 0.029012986646357847 119.66666666666667 0.5385802469135802 135.5185185185185 45.333333333333336 0.0 45.333333333333336 0.8473004996776581
404000 67.03703703703704 0.029012986646357847 119.66666666666667 0.5385802469135802 135.5185185185185 45.333333333333336 0.0 45.333333333333336 1.059128899127245
406000 67.03703703703704 0.029012986646357847 119.66666666666667 0.5385802469135802 135.5185185185185 45.333333333333336 0.0 45.333333333333336 0.8797350004315376
408000 67.03703703703704 0.029012986646357847 119.66666666666667 0.5385802469135802 135.5185185185185 45.333333333333336 0.0 45.333333333333336 0.9489668998867273
410000 67.03703703703704 0.029012986646357847 119.66666666666667 0.5385802469135802 135.5185185185185 45.333333333333336 0.0 45.333333333333336 1.0342901991680264
412000 67.03703703703704 0.029012986646357847 119.66666666666667 0.5385802469135802 135.5185185185185 45.333333333333336 0.0 45.333333333333336 0.9593385001644492
414000 67.03703703703704 0.029012986646357847 119.66666666666667 0.5385802469135802 135.5185185185185 45.333333333333336 0.0 45.333333333333336 0.9802816994488239
416000 67.03703703703704 0.029012986646357847 119.66666666666667 0.5385802469135802 135.5185185185185 45.333333333333336 0.0 45.333333333333336 1.0000312998890877
418000 67.03703703703704 0.029012986646357847 119.66666666666667 0.5385802469135802 135.5185185185185 45.333333333333336 0.0 45.333333333333336 0.9282198008149862
420000 67.03703703703704 0.029012986646357847 119.66666666666667 0.5385802469135802 135.5185185185185 45.333333333333336 0.0 45.333333333333336 1.0301863001659513
422000 67.03703703703704 0.029012986646357847 119.66666666666667 0.5385802469135802 135.5185185185185 45.333333333333336 0.0 45.333333333333336 1.0125731006264687
424000 67.03703703703704 0.029012986646357847 119.66666666666667 0.5385802469135802 135.5185185185185 45.333333333333336 0.0 45.333333333333336 1.1594565007835627
426000 67.03703703703704 0.029012986646357847 119.66666666666667 0.5385802469135802 135.5185185185185 45.333333333333336 0.0 45.333333333333336 0.9828869998455048
428000 67.03703703703704 0.029012986646357847 119.66666666666667 0.5385802469135802 135.5185185185185 45.333333333333336 0.0 45.333333333333336 0.9446144001558423
430000 67.03703703703704 0.029012986646357847 119.66666666666667 0.5385802469135802 135.5185185185185 45.333333333333336 0.0 45.333333333333336 0.9100267998874187
432000 67.03703703703704 0.029012986646357847 119.66666666666667 0.5385802469135802 135.5185185185185 45.333333333333336 0.0 45.333333333333336 0.870431499555707
434000 67.03703703703704 0.029012986646357847 119.66666666666667 0.5385802469135802 135.5185185185185 45.333333333333336 0.0 45.333333333333336 0.9182567000389099
436000 67.03703703703704 0.029012986646357847 119.66666666666667 0.5385802469135802 135.5185185185185 45.333333333333336 0.0 45.333333333333336 0.9567674994468689
438000 67.03703703703704 0.029012986646357847 119.66666666666667 0.5385802469135802 135.5185185185185 45.333333333333336 0.0 45.333333333333336 1.012329200282693
440000 67.03703703703704 0.029012986646357847 119.66666666666667 0.5385802469135802 135.5185185185185 45.333333333333336 0.0 45.333333333333336 0.958525100722909
442000 67.03703703703704 0.029012986646357847 119.66666666666667 0.5385802469135802 135.5185185185185 45.333333333333336 0.0 45.333333333333336 0.8805590998381376
444000 67.03703703703704 0.029012986646357847 119.66666666666667 0.5385802469135802 135.5185185185185 45.333333333333336 0.0 45.333333333333336 0.878218799829483
446000 67.03703703703704 0.029012986646357847 119.66666666666667 0.5385802469135802 135.5185185185185 45.333333333333336 0.0 45.333333333333336 0.9301503002643585
448000 67.03703703703704 0.029012986646357847 119.66666666666667 0.5385802469135802 135.5185185185185 45.333333333333336 0.0 45.333333333333336 0.9176560007035732
450000 67.03703703703704 0.029012986646357847 119.66666666666667 0.5385802469135802 135.5185185185185 45.333333333333336 0.0 45.333333333333336 1.022516299970448
452000 67.03703703703704 0.029012986646357847 119.66666666666667 0.5385802469135802 135.5185185185185 45.333333333333336 0.0 45.333333333333336 0.9977984996512532
454000 67.03703703703704 0.029012986646357847 119.66666666666667 0.5385802469135802 135.5185185185185 45.333333333333336 0.0 45.333333333333336 0.9620889006182551
456000 67.03703703703704 0.029012986646357847 119.66666666666667 0.5385802469135802 135.5185185185185 45.333333333333336 0.0 45.333333333333336 0.9705391004681587
458000 67.03703703703704 0.029012986646357847 119.66666666666667 0.5385802469135802 135.5185185185185 45.333333333333336 0.0 45.333333333333336 0.9954145001247525
460000 67.03703703703704 0.029012986646357847 119.66666666666667 0.5385802469135802 135.5185185185185 45.333333333333336 0.0 45.333333333333336 0.9346236996352673
462000 67.03703703703704 0.029012986646357847 119.66666666666667 0.5385802469135802 135.5185185185185 45.333333333333336 0.0 45.333333333333336 0.9871861999854445
464000 67.03703703703704 0.029012986646357847 119.66666666666667 0.5385802469135802 135.5185185185185 45.333333333333336 0.0 45.333333333333336 1.0129559002816677
466000 67.03703703703704 0.029012986646357847 119.66666666666667 0.5385802469135802 135.5185185185185 45.333333333333336 0.0 45.333333333333336 0.9984732996672392
468000 67.03703703703704 0.029012986646357847 119.66666666666667 0.5385802469135802 135.5185185185185 45.333333333333336 0.0 45.333333333333336 0.8937144996598363
470000 67.03703703703704 0.029012986646357847 119.66666666666667 0.5385802469135802 135.5185185185185 45.333333333333336 0.0 45.333333333333336 0.9806417999789119
472000 67.03703703703704 0.029012986646357847 119.66666666666667 0.5385802469135802 135.5185185185185 45.333333333333336 0.0 45.333333333333336 0.9991079997271299
474000 67.03703703703704 0.029012986646357847 119.66666666666667 0.5385802469135802 135.5185185185185 45.333333333333336 0.0 45.333333333333336 0.9236353999003768
476000 67.03703703703704 0.029012986646357847 119.66666666666667 0.5385802469135802 135.5185185185185 45.333333333333336 0.0 45.333333333333336 0.9504295000806451
478000 67.03703703703704 0.029012986646357847 119.66666666666667 0.5385802469135802 135.5185185185185 45.333333333333336 0.0 45.333333333333336 0.9362075999379158
480000 67.03703703703704 0.029012986646357847 119.66666666666667 0.5385802469135802 135.5185185185185 45.333333333333336 0.0 45.333333333333336 0.8047871002927423
482000 67.03703703703704 0.029012986646357847 119.66666666666667 0.5385802469135802 135.5185185185185 45.333333333333336 0.0 45.333333333333336 0.8246758999302983
484000 67.03703703703704 0.029012986646357847 119.66666666666667 0.5385802469135802 135.5185185185185 45.333333333333336 0.0 45.333333333333336 0.8550503002479672
486000 67.03703703703704 0.029012986646357847 119.66666666666667 0.5385802469135802 135.5185185185185 45.333333333333336 0.0 45.333333333333336 0.9783568996936083
488000 67.03703703703704 0.029012986646357847 119.66666666666667 0.5385802469135802 135.5185185185185 45.333333333333336 0.0 45.333333333333336 0.8764025000855327
490000 67.03703703703704 0.029012986646357847 119.66666666666667 0.5385802469135802 135.5185185185185 45.333333333333336 0.0 45.333333333333336 0.7860587993636727
492000 67.03703703703704 0.029012986646357847 119.66666666666667 0.5385802469135802 135.5185185185185 45.333333333333336 0.0 45.333333333333336 0.8231489006429911
494000 67.03703703703704 0.029012986646357847 119.66666666666667 0.5385802469135802 135.5185185185185 45.333333333333336 0.0 45.333333333333336 0.7986789001151919
496000 67.03703703703704 0.029012986646357847 119.66666666666667 0.5385802469135802 135.5185185185185 45.333333333333336 0.0 45.333333333333336 0.7267481004819274
498000 67.03703703703704 0.029012986646357847 119.66666666666667 0.5385802469135802 135.5185185185185 45.333333333333336 0.0 45.333333333333336 0.7340168002992868
500000 67.03703703703704 0.029012986646357847 119.66666666666667 0.5385802469135802 135.5185185185185 45.333333333333336 0.0 45.333333333333336 0.6641467995941639
