2000 5.4423076923076925 5.4423076923076925 101.96153846153847 0.21955128205128208 135.8653846153846 45.28846153846154 1.1153846153846154 44.17307692307692 0.46190480003133416
4000 2.5384615384615383 2.5384615384615383 110.3076923076923 0.13782051282051283 135.8653846153846 45.28846153846154 1.1153846153846154 44.17307692307692 0.41339950007386506
6000 1.0192307692307692 1.0192307692307692 116.86538461538461 0.022435897435897433 135.8653846153846 45.28846153846154 1.1153846153846154 44.17307692307692 0.52329619997181
8000 1.8846153846153846 1.8846153846153846 110.96153846153847 0.11698717948717946 135.8653846153846 45.28846153846154 1.1153846153846154 44.17307692307692 0.5911264999303967
10000 3.269230769230769 3.269230769230769 109.86538461538461 0.13141025641025642 135.8653846153846 45.28846153846154 1.1153846153846154 44.17307692307692 0.6345462000463158
12000 4.0576923076923075 4.0576923076923075 106.8076923076923 0.17467948717948717 135.8653846153846 45.28846153846154 1.1153846153846154 44.17307692307692 0.6928878000471741
14000 4.903846153846154 4.903846153846154 103.09615384615384 0.22275641025641024 135.8653846153846 45.28846153846154 1.1153846153846154 44.17307692307692 0.7191892999690026
16000 29.53846153846154 29.53846153846154 83.6923076923077 0.4487179487179488 135.8653846153846 45.28846153846154 1.1153846153846154 44.17307692307692 0.6559645000379533
18000 29.53846153846154 29.53846153846154 83.6923076923077 0.4487179487179488 135.8653846153846 45.28846153846154 1.1153846153846154 44.17307692307692 0.6468157998751849
20000 29.53846153846154 29.53846153846154 83.6923076923077 0.4487179487179488 135.8653846153846 45.28846153846154 1.1153846153846154 44.17307692307692 0.674382499884814
22000 29.53846153846154 29.53846153846154 83.6923076923077 0.4487179487179488 135.8653846153846 45.28846153846154 1.1153846153846154 44.17307692307692 0.7336222999729216
24000 29.53846153846154 29.53846153846154 83.6923076923077 0.4487179487179488 135.8653846153846 45.28846153846154 1.1153846153846154 44.17307692307692 0.712293499847874
26000 29.53846153846154 29.53846153846154 83.6923076923077 0.4487179487179488 135.8653846153846 45.28846153846154 1.1153846153846154 44.17307692307692 0.7173289000056684
28000 29.53846153846154 29.53846153846154 83.6923076923077 0.4487179487179488 135.8653846153846 45.28846153846154 1.1153846153846154 44.17307692307692 0.6734912001993507
30000 29.53846153846154 29.53846153846154 83.6923076923077 0.4487179487179488 135.8653846153846 45.28846153846154 1.1153846153846154 44.17307692307692 0.6822043000720441
32000 29.53846153846154 29.53846153846154 83.6923076923077 0.4487179487179488 135.8653846153846 45.28846153846154 1.1153846153846154 44.17307692307692 0.7281943999696523
34000 37.13461538461539 37.13461538461539 81.5576923076923 0.44391025641025644 135.8653846153846 45.28846153846154 1.1153846153846154 44.17307692307692 0.763323400169611
36000 60.36538461538461 60.36538461538461 78.59615384615384 0.48557692307692313 135.8653846153846 45.28846153846154 1.1153846153846154 44.17307692307692 0.7361548999324441
38000 60.36538461538461 60.36538461538461 78.59615384615384 0.48557692307692313 135.8653846153846 45.28846153846154 1.1153846153846154 44.17307692307692 0.7300527999177575
40000 60.36538461538461 60.36538461538461 78.59615384615384 0.48557692307692313 135.8653846153846 45.28846153846154 1.1153846153846154 44.17307692307692 0.6934207999147475
42000 79.82692307692308 79.82692307692308 75.46153846153847 0.5256410256410257 135.8653846153846 45.28846153846154 1.1153846153846154 44.17307692307692 0.731031300034374
44000 79.82692307692308 79.82692307692308 75.46153846153847 0.5256410256410257 135.8653846153846 45.28846153846154 1.1153846153846154 44.17307692307692 0.7665579998865724
46000 79.82692307692308 79.82692307692308 75.46153846153847 0.5256410256410257 135.8653846153846 45.28846153846154 1.1153846153846154 44.17307692307692 0.7553913001902401
48000 79.82692307692308 79.82692307692308 75.46153846153847 0.5256410256410257 135.8653846153846 45.28846153846154 1.1153846153846154 44.17307692307692 0.6751464998815209
50000 79.82692307692308 79.82692307692308 75.46153846153847 0.5256410256410257 135.8653846153846 45.28846153846154 1.1153846153846154 44.17307692307692 0.7381620001979172
52000 79.82692307692308 79.82692307692308 75.46153846153847 0.5256410256410257 135.8653846153846 45.28846153846154 1.1153846153846154 44.17307692307692 0.6501212001312524
54000 79.82692307692308 79.82692307692308 75.46153846153847 0.5256410256410257 135.8653846153846 45.28846153846154 1.1153846153846154 44.17307692307692 0.6320907000917941
56000 79.82692307692308 79.82692307692308 75.46153846153847 0.5256410256410257 135.8653846153846 45.28846153846154 1.1153846153846154 44.17307692307692 0.7027810998260975
58000 79.82692307692308 79.82692307692308 75.46153846153847 0.5256410256410257 135.8653846153846 45.28846153846154 1.1153846153846154 44.17307692307692 0.7134877000935376
60000 79.82692307692308 79.82692307692308 75.46153846153847 0.5256410256410257 135.8653846153846 45.28846153846154 1.1153846153846154 44.17307692307692 0.6621401000302285
62000 79.82692307692308 79.82692307692308 75.46153846153847 0.5256410256410257 135.8653846153846 45.28846153846154 1.1153846153846154 44.17307692307692 0.665260000154376
64000 79.82692307692308 79.82692307692308 75.46153846153847 0.5256410256410257 135.8653846153846 45.28846153846154 1.1153846153846154 44.17307692307692 0.6402121998835355
66000 79.82692307692308 79.82692307692308 75.46153846153847 0.5256410256410257 135.8653846153846 45.28846153846154 1.1153846153846154 44.17307692307692 0.7369750998914242
68000 79.82692307692308 79.82692307692308 75.46153846153847 0.5256410256410257 135.8653846153846 45.28846153846154 1.1153846153846154 44.17307692307692 0.6854291998315603
70000 79.82692307692308 79.82692307692308 75.46153846153847 0.5256410256410257 135.8653846153846 45.28846153846154 1.1153846153846154 44.17307692307692 0.6375059999991208
72000 79.82692307692308 79.82692307692308 75.46153846153847 0.5256410256410257 135.8653846153846 45.28846153846154 1.1153846153846154 44.17307692307692 0.6610677000135183
74000 79.82692307692308 79.82692307692308 75.46153846153847 0.5256410256410257 135.8653846153846 45.28846153846154 1.1153846153846154 44.17307692307692 0.6490619999822229
76000 79.82692307692308 79.82692307692308 75.46153846153847 0.5256410256410257 135.8653846153846 45.28846153846154 1.1153846153846154 44.17307692307692 0.6630769998300821
78000 79.82692307692308 79.82692307692308 75.46153846153847 0.5256410256410257 135.8653846153846 45.28846153846154 1.1153846153846154 44.17307692307692 0.6775929001159966
80000 79.82692307692308 79.82692307692308 75.46153846153847 0.5256410256410257 135.8653846153846 45.28846153846154 1.1153846153846154 44.17307692307692 0.6478641999419779
82000 79.82692307692308 79.82692307692308 75.46153846153847 0.5256410256410257 135.8653846153846 45.28846153846154 1.1153846153846154 44.17307692307692 0.6361269999761134
84000 79.82692307692308 79.82692307692308 75.46153846153847 0.5256410256410257 135.8653846153846 45.28846153846154 1.1153846153846154 44.17307692307692 0.6584771999623626
86000 79.82692307692308 79.82692307692308 75.46153846153847 0.5256410256410257 135.8653846153846 45.28846153846154 1.1153846153846154 44.17307692307692 0.6302113998681307
88000 79.82692307692308 79.82692307692308 75.46153846153847 0.5256410256410257 135.8653846153846 45.28846153846154 1.1153846153846154 44.17307692307692 0.6630961000919342
90000 79.82692307692308 79.82692307692308 75.46153846153847 0.5256410256410257 135.8653846153846 45.28846153846154 1.1153846153846154 44.17307692307692 0.7856655998621136
92000 79.82692307692308 79.82692307692308 75.46153846153847 0.5256410256410257 135.8653846153846 45.28846153846154 1.1153846153846154 44.17307692307692 0.6771595000755042
94000 79.82692307692308 79.82692307692308 75.46153846153847 0.5256410256410257 135.8653846153846 45.28846153846154 1.1153846153846154 44.17307692307692 0.7107969000935555
96000 79.82692307692308 79.82692307692308 75.46153846153847 0.5256410256410257 135.8653846153846 45.28846153846154 1.1153846153846154 44.17307692307692 0.670436300104484
98000 79.82692307692308 79.82692307692308 75.46153846153847 0.5256410256410257 135.8653846153846 45.28846153846154 1.1153846153846154 44.17307692307692 0.7318915000651032
100000 79.82692307692308 79.82692307692308 75.46153846153847 0.5256410256410257 135.8653846153846 45.28846153846154 1.1153846153846154 44.17307692307692 0.6408048998564482
102000 79.82692307692308 79.82692307692308 75.46153846153847 0.5256410256410257 135.8653846153846 45.28846153846154 1.1153846153846154 44.17307692307692 0.6355258000548929
104000 79.82692307692308 79.82692307692308 75.46153846153847 0.5256410256410257 135.8653846153846 45.28846153846154 1.1153846153846154 44.17307692307692 0.6408931999467313
106000 79.82692307692308 79.82692307692308 75.46153846153847 0.5256410256410257 135.8653846153846 45.28846153846154 1.1153846153846154 44.17307692307692 0.6751793001312762
108000 79.82692307692308 79.82692307692308 75.46153846153847 0.5256410256410257 135.8653846153846 45.28846153846154 1.1153846153846154 44.17307692307692 0.6844859998673201
110000 79.82692307692308 79.82692307692308 75.46153846153847 0.5256410256410257 135.8653846153846 45.28846153846154 1.1153846153846154 44.17307692307692 0.6744832000695169
112000 79.82692307692308 79.82692307692308 75.46153846153847 0.5256410256410257 135.8653846153846 45.28846153846154 1.1153846153846154 44.17307692307692 0.7476919000037014
114000 79.82692307692308 79.82692307692308 75.46153846153847 0.5256410256410257 135.8653846153846 45.28846153846154 1.1153846153846154 44.17307692307692 0.6500633999239653
116000 79.82692307692308 79.82692307692308 75.46153846153847 0.5256410256410257 135.8653846153846 45.28846153846154 1.1153846153846154 44.17307692307692 0.659557499922812
118000 79.82692307692308 79.82692307692308 75.46153846153847 0.5256410256410257 135.8653846153846 45.28846153846154 1.1153846153846154 44.17307692307692 0.6633126998785883
120000 79.82692307692308 79.82692307692308 75.46153846153847 0.5256410256410257 135.8653846153846 45.28846153846154 1.1153846153846154 44.17307692307692 0.6525134998373687
122000 79.82692307692308 79.82692307692308 75.46153846153847 0.5256410256410257 135.8653846153846 45.28846153846154 1.1153846153846154 44.17307692307692 0.7480363000649959
124000 79.82692307692308 79.82692307692308 75.46153846153847 0.5256410256410257 135.8653846153846 45.28846153846154 1.1153846153846154 44.17307692307692 0.7953681000508368
126000 79.82692307692308 79.82692307692308 75.46153846153847 0.5256410256410257 135.8653846153846 45.28846153846154 1.1153846153846154 44.17307692307692 0.6375043999869376
128000 79.82692307692308 79.82692307692308 75.46153846153847 0.5256410256410257 135.8653846153846 45.28846153846154 1.1153846153846154 44.17307692307692 0.6710118998307735
130000 79.82692307692308 79.82692307692308 75.46153846153847 0.5256410256410257 135.8653846153846 45.28846153846154 1.1153846153846154 44.17307692307692 0.7000745001714677
132000 79.82692307692308 79.82692307692308 75.46153846153847 0.5256410256410257 135.8653846153846 45.28846153846154 1.1153846153846154 44.17307692307692 0.7901326999999583
134000 79.82692307692308 79.82692307692308 75.46153846153847 0.5256410256410257 135.8653846153846 45.28846153846154 1.1153846153846154 44.17307692307692 0.6604416999034584
136000 79.82692307692308 79.82692307692308 75.46153846153847 0.5256410256410257 135.8653846153846 45.28846153846154 1.1153846153846154 44.17307692307692 0.7465090998448431
138000 79.82692307692308 79.82692307692308 75.46153846153847 0.5256410256410257 135.8653846153846 45.28846153846154 1.1153846153846154 44.17307692307692 0.84850770002231
140000 79.82692307692308 79.82692307692308 75.46153846153847 0.5256410256410257 135.8653846153846 45.28846153846154 1.1153846153846154 44.17307692307692 0.6470554999541491
142000 79.82692307692308 79.82692307692308 75.46153846153847 0.5256410256410257 135.8653846153846 45.28846153846154 1.1153846153846154 44.17307692307692 0.7180112998466939
144000 79.82692307692308 79.82692307692308 75.46153846153847 0.5256410256410257 135.8653846153846 45.28846153846154 1.1153846153846154 44.17307692307692 0.6518069000449032
146000 79.82692307692308 79.82692307692308 75.46153846153847 0.5256410256410257 135.8653846153846 45.28846153846154 1.1153846153846154 44.17307692307692 0.6940834999550134
148000 79.82692307692308 79.82692307692308 75.46153846153847 0.5256410256410257 135.8653846153846 45.28846153846154 1.1153846153846154 44.17307692307692 0.7281561000272632
150000 79.82692307692308 79.82692307692308 75.46153846153847 0.5256410256410257 135.8653846153846 45.28846153846154 1.1153846153846154 44.17307692307692 0.6869574999436736
152000 79.82692307692308 79.82692307692308 75.46153846153847 0.5256410256410257 135.8653846153846 45.28846153846154 1.1153846153846154 44.17307692307692 0.8078455999493599
154000 79.82692307692308 79.82692307692308 75.46153846153847 0.5256410256410257 135.8653846153846 45.28846153846154 1.1153846153846154 44.17307692307692 0.695005499990657
156000 79.82692307692308 79.82692307692308 75.46153846153847 0.5256410256410257 135.8653846153846 45.28846153846154 1.1153846153846154 44.17307692307692 0.7816189997829497
158000 79.82692307692308 79.82692307692308 75.46153846153847 0.5256410256410257 135.8653846153846 45.28846153846154 1.1153846153846154 44.17307692307692 0.7198370001278818
160000 79.82692307692308 79.82692307692308 75.46153846153847 0.5256410256410257 135.8653846153846 45.28846153846154 1.1153846153846154 44.17307692307692 0.6960163000039756
162000 79.82692307692308 79.82692307692308 75.46153846153847 0.5256410256410257 135.8653846153846 45.28846153846154 1.1153846153846154 44.17307692307692 0.7003254999872297
164000 79.82692307692308 79.82692307692308 75.46153846153847 0.5256410256410257 135.8653846153846 45.28846153846154 1.1153846153846154 44.17307692307692 0.6846660000737756
166000 79.82692307692308 79.82692307692308 75.46153846153847 0.5256410256410257 135.8653846153846 45.28846153846154 1.1153846153846154 44.17307692307692 0.7947003000881523
168000 79.82692307692308 79.82692307692308 75.46153846153847 0.5256410256410257 135.8653846153846 45.28846153846154 1.1153846153846154 44.17307692307692 0.7411160999909043
170000 79.82692307692308 79.82692307692308 75.46153846153847 0.5256410256410257 135.8653846153846 45.28846153846154 1.1153846153846154 44.17307692307692 0.7130241000559181
172000 79.82692307692308 79.82692307692308 75.46153846153847 0.5256410256410257 135.8653846153846 45.28846153846154 1.1153846153846154 44.17307692307692 0.6541004001628608
174000 79.82692307692308 79.82692307692308 75.46153846153847 0.5256410256410257 135.8653846153846 45.28846153846154 1.1153846153846154 44.17307692307692 0.7177957999520004
176000 79.82692307692308 79.82692307692308 75.46153846153847 0.5256410256410257 135.8653846153846 45.28846153846154 1.1153846153846154 44.17307692307692 0.6918440000154078
178000 79.82692307692308 79.82692307692308 75.46153846153847 0.5256410256410257 135.8653846153846 45.28846153846154 1.1153846153846154 44.17307692307692 0.6594853000715375
180000 79.82692307692308 79.82692307692308 75.46153846153847 0.5256410256410257 135.8653846153846 45.28846153846154 1.1153846153846154 44.17307692307692 0.7417923000175506
182000 79.82692307692308 79.82692307692308 75.46153846153847 0.5256410256410257 135.8653846153846 45.28846153846154 1.1153846153846154 44.17307692307692 0.6865675000008196
184000 79.82692307692308 79.82692307692308 75.46153846153847 0.5256410256410257 135.8653846153846 45.28846153846154 1.1153846153846154 44.17307692307692 0.6446908998768777
186000 79.82692307692308 79.82692307692308 75.46153846153847 0.5256410256410257 135.8653846153846 45.28846153846154 1.1153846153846154 44.17307692307692 0.6683638000395149
188000 79.82692307692308 79.82692307692308 75.46153846153847 0.5256410256410257 135.8653846153846 45.28846153846154 1.1153846153846154 44.17307692307692 0.6499826000072062
190000 79.82692307692308 79.82692307692308 75.46153846153847 0.5256410256410257 135.8653846153846 45.28846153846154 1.1153846153846154 44.17307692307692 0.6482104000169784
192000 79.82692307692308 79.82692307692308 75.46153846153847 0.5256410256410257 135.8653846153846 45.28846153846154 1.1153846153846154 44.17307692307692 0.6437500000465661
194000 79.82692307692308 79.82692307692308 75.46153846153847 0.5256410256410257 135.8653846153846 45.28846153846154 1.1153846153846154 44.17307692307692 0.6496952001471072
196000 79.82692307692308 79.82692307692308 75.46153846153847 0.5256410256410257 135.8653846153846 45.28846153846154 1.1153846153846154 44.17307692307692 0.6421286999247968
198000 79.82692307692308 79.82692307692308 75.46153846153847 0.5256410256410257 135.8653846153846 45.28846153846154 1.1153846153846154 44.17307692307692 0.8362280998844653
200000 79.82692307692308 79.82692307692308 75.46153846153847 0.5256410256410257 135.8653846153846 45.28846153846154 1.1153846153846154 44.17307692307692 0.7931583998724818
202000 79.82692307692308 79.82692307692308 75.46153846153847 0.5256410256410257 135.8653846153846 45.28846153846154 1.1153846153846154 44.17307692307692 0.827593500027433
204000 79.82692307692308 79.82692307692308 75.46153846153847 0.5256410256410257 135.8653846153846 45.28846153846154 1.1153846153846154 44.17307692307692 0.7037271000444889
206000 79.82692307692308 79.82692307692308 75.46153846153847 0.5256410256410257 135.8653846153846 45.28846153846154 1.1153846153846154 44.17307692307692 0.7092660998459905
208000 79.82692307692308 79.82692307692308 75.46153846153847 0.5256410256410257 135.8653846153846 45.28846153846154 1.1153846153846154 44.17307692307692 0.6789639999624342
210000 79.82692307692308 79.82692307692308 75.46153846153847 0.5256410256410257 135.8653846153846 45.28846153846154 1.1153846153846154 44.17307692307692 0.6672213999554515
212000 79.82692307692308 79.82692307692308 75.46153846153847 0.5256410256410257 135.8653846153846 45.28846153846154 1.1153846153846154 44.17307692307692 0.6501050000078976
214000 79.82692307692308 79.82692307692308 75.46153846153847 0.5256410256410257 135.8653846153846 45.28846153846154 1.1153846153846154 44.17307692307692 0.7044083999935538
216000 79.82692307692308 79.82692307692308 75.46153846153847 0.5256410256410257 135.8653846153846 45.28846153846154 1.1153846153846154 44.17307692307692 0.6600230000913143
218000 79.82692307692308 79.82692307692308 75.46153846153847 0.5256410256410257 135.8653846153846 45.28846153846154 1.1153846153846154 44.17307692307692 0.6714808999095112
220000 79.82692307692308 79.82692307692308 75.46153846153847 0.5256410256410257 135.8653846153846 45.28846153846154 1.1153846153846154 44.17307692307692 0.6801577000878751
222000 79.82692307692308 79.82692307692308 75.46153846153847 0.5256410256410257 135.8653846153846 45.28846153846154 1.1153846153846154 44.17307692307692 0.6987209001090378
224000 79.82692307692308 79.82692307692308 75.46153846153847 0.5256410256410257 135.8653846153846 45.28846153846154 1.1153846153846154 44.17307692307692 0.6435577000956982
226000 79.82692307692308 79.82692307692308 75.46153846153847 0.5256410256410257 135.8653846153846 45.28846153846154 1.1153846153846154 44.17307692307692 0.6978158000856638
228000 79.82692307692308 79.82692307692308 75.46153846153847 0.5256410256410257 135.8653846153846 45.28846153846154 1.1153846153846154 44.17307692307692 0.652625999879092
230000 79.82692307692308 79.82692307692308 75.46153846153847 0.5256410256410257 135.8653846153846 45.28846153846154 1.1153846153846154 44.17307692307692 0.8107434001285583
232000 79.82692307692308 79.82692307692308 75.46153846153847 0.5256410256410257 135.8653846153846 45.28846153846154 1.1153846153846154 44.17307692307692 0.8615943999029696
234000 79.82692307692308 79.82692307692308 75.46153846153847 0.5256410256410257 135.8653846153846 45.28846153846154 1.1153846153846154 44.17307692307692 0.7463404000736773
236000 79.82692307692308 79.82692307692308 75.46153846153847 0.5256410256410257 135.8653846153846 45.28846153846154 1.1153846153846154 44.17307692307692 0.8352965998928994
238000 79.82692307692308 79.82692307692308 75.46153846153847 0.5256410256410257 135.8653846153846 45.28846153846154 1.1153846153846154 44.17307692307692 0.82660589995794
240000 79.82692307692308 79.82692307692308 75.46153846153847 0.5256410256410257 135.8653846153846 45.28846153846154 1.1153846153846154 44.17307692307692 0.8733555001672357
242000 79.82692307692308 79.82692307692308 75.46153846153847 0.5256410256410257 135.8653846153846 45.28846153846154 1.1153846153846154 44.17307692307692 0.8412637000437826
244000 79.82692307692308 79.82692307692308 75.46153846153847 0.5256410256410257 135.8653846153846 45.28846153846154 1.1153846153846154 44.17307692307692 0.7756223001051694
246000 79.82692307692308 79.82692307692308 75.46153846153847 0.5256410256410257 135.8653846153846 45.28846153846154 1.1153846153846154 44.17307692307692 0.7823610999621451
248000 79.82692307692308 79.82692307692308 75.46153846153847 0.5256410256410257 135.8653846153846 45.28846153846154 1.1153846153846154 44.17307692307692 0.8197568999603391
250000 79.82692307692308 79.82692307692308 75.46153846153847 0.5256410256410257 135.8653846153846 45.28846153846154 1.1153846153846154 44.17307692307692 0.8267910999711603
252000 79.82692307692308 79.82692307692308 75.46153846153847 0.5256410256410257 135.8653846153846 45.28846153846154 1.1153846153846154 44.17307692307692 0.8354852001648396
254000 79.82692307692308 79.82692307692308 75.46153846153847 0.5256410256410257 135.8653846153846 45.28846153846154 1.1153846153846154 44.17307692307692 0.9276670999825001
256000 79.82692307692308 79.82692307692308 75.46153846153847 0.5256410256410257 135.8653846153846 45.28846153846154 1.1153846153846154 44.17307692307692 0.8518501999787986
258000 79.82692307692308 79.82692307692308 75.46153846153847 0.5256410256410257 135.8653846153846 45.28846153846154 1.1153846153846154 44.17307692307692 0.8220750000327826
260000 79.82692307692308 79.82692307692308 75.46153846153847 0.5256410256410257 135.8653846153846 45.28846153846154 1.1153846153846154 44.17307692307692 0.8696449999697506
262000 79.82692307692308 79.82692307692308 75.46153846153847 0.5256410256410257 135.8653846153846 45.28846153846154 1.1153846153846154 44.17307692307692 0.7598301998805255
264000 79.82692307692308 79.82692307692308 75.46153846153847 0.5256410256410257 135.8653846153846 45.28846153846154 1.1153846153846154 44.17307692307692 0.8014329001307487
266000 79.82692307692308 79.82692307692308 75.46153846153847 0.5256410256410257 135.8653846153846 45.28846153846154 1.1153846153846154 44.17307692307692 0.8387241000309587
268000 79.82692307692308 79.82692307692308 75.46153846153847 0.5256410256410257 135.8653846153846 45.28846153846154 1.1153846153846154 44.17307692307692 0.7584120999090374
270000 79.82692307692308 79.82692307692308 75.46153846153847 0.5256410256410257 135.8653846153846 45.28846153846154 1.1153846153846154 44.17307692307692 0.8224894001614302
272000 79.82692307692308 79.82692307692308 75.46153846153847 0.5256410256410257 135.8653846153846 45.28846153846154 1.1153846153846154 44.17307692307692 0.7697876999154687
274000 79.82692307692308 79.82692307692308 75.46153846153847 0.5256410256410257 135.8653846153846 45.28846153846154 1.1153846153846154 44.17307692307692 0.744456399930641
276000 79.82692307692308 79.82692307692308 75.46153846153847 0.5256410256410257 135.8653846153846 45.28846153846154 1.1153846153846154 44.17307692307692 0.7531776998657733
278000 79.82692307692308 79.82692307692308 75.46153846153847 0.5256410256410257 135.8653846153846 45.28846153846154 1.1153846153846154 44.17307692307692 0.755165500100702
280000 79.82692307692308 79.82692307692308 75.46153846153847 0.5256410256410257 135.8653846153846 45.28846153846154 1.1153846153846154 44.17307692307692 0.8680954999290407
282000 79.82692307692308 79.82692307692308 75.46153846153847 0.5256410256410257 135.8653846153846 45.28846153846154 1.1153846153846154 44.17307692307692 0.8023816999047995
284000 79.82692307692308 79.82692307692308 75.46153846153847 0.5256410256410257 135.8653846153846 45.28846153846154 1.1153846153846154 44.17307692307692 0.8037971998564899
286000 79.82692307692308 79.82692307692308 75.46153846153847 0.5256410256410257 135.8653846153846 45.28846153846154 1.1153846153846154 44.17307692307692 0.8022239999845624
288000 79.82692307692308 79.82692307692308 75.46153846153847 0.5256410256410257 135.8653846153846 45.28846153846154 1.1153846153846154 44.17307692307692 0.7675404001493007
290000 79.82692307692308 79.82692307692308 75.46153846153847 0.5256410256410257 135.8653846153846 45.28846153846154 1.1153846153846154 44.17307692307692 0.7660439000464976
292000 79.82692307692308 79.82692307692308 75.46153846153847 0.5256410256410257 135.8653846153846 45.28846153846154 1.1153846153846154 44.17307692307692 0.8141940999776125
294000 79.82692307692308 79.82692307692308 75.46153846153847 0.5256410256410257 135.8653846153846 45.28846153846154 1.1153846153846154 44.17307692307692 0.7702848000917584
296000 79.82692307692308 79.82692307692308 75.46153846153847 0.5256410256410257 135.8653846153846 45.28846153846154 1.1153846153846154 44.17307692307692 0.7558923999313265
298000 79.82692307692308 79.82692307692308 75.46153846153847 0.5256410256410257 135.8653846153846 45.28846153846154 1.1153846153846154 44.17307692307692 0.758236899971962
300000 79.82692307692308 79.82692307692308 75.46153846153847 0.5256410256410257 135.8653846153846 45.28846153846154 1.1153846153846154 44.17307692307692 0.7393559000920504
302000 79.82692307692308 79.82692307692308 75.46153846153847 0.5256410256410257 135.8653846153846 45.28846153846154 1.1153846153846154 44.17307692307692 0.7731902000959963
304000 79.82692307692308 79.82692307692308 75.46153846153847 0.5256410256410257 135.8653846153846 45.28846153846154 1.1153846153846154 44.17307692307692 0.7780728999059647
306000 79.82692307692308 79.82692307692308 75.46153846153847 0.5256410256410257 135.8653846153846 45.28846153846154 1.1153846153846154 44.17307692307692 0.9054984000977129
308000 79.82692307692308 79.82692307692308 75.46153846153847 0.5256410256410257 135.8653846153846 45.28846153846154 1.1153846153846154 44.17307692307692 0.8544226000085473
310000 79.82692307692308 79.82692307692308 75.46153846153847 0.5256410256410257 135.8653846153846 45.28846153846154 1.1153846153846154 44.17307692307692 0.8199109002016485
312000 79.82692307692308 79.82692307692308 75.46153846153847 0.5256410256410257 135.8653846153846 45.28846153846154 1.1153846153846154 44.17307692307692 0.7948104001116008
314000 79.82692307692308 79.82692307692308 75.46153846153847 0.5256410256410257 135.8653846153846 45.28846153846154 1.1153846153846154 44.17307692307692 0.7668423999566585
316000 79.82692307692308 79.82692307692308 75.46153846153847 0.5256410256410257 135.8653846153846 45.28846153846154 1.1153846153846154 44.17307692307692 0.8041028999723494
318000 79.82692307692308 79.82692307692308 75.46153846153847 0.5256410256410257 135.8653846153846 45.28846153846154 1.1153846153846154 44.17307692307692 0.7680110998917371
320000 79.82692307692308 79.82692307692308 75.46153846153847 0.5256410256410257 135.8653846153846 45.28846153846154 1.1153846153846154 44.17307692307692 0.7629525000229478
322000 79.82692307692308 79.82692307692308 75.46153846153847 0.5256410256410257 135.8653846153846 45.28846153846154 1.1153846153846154 44.17307692307692 0.798576399916783
324000 79.82692307692308 79.82692307692308 75.46153846153847 0.5256410256410257 135.8653846153846 45.28846153846154 1.1153846153846154 44.17307692307692 0.7611259000841528
326000 79.82692307692308 79.82692307692308 75.46153846153847 0.5256410256410257 135.8653846153846 45.28846153846154 1.1153846153846154 44.17307692307692 0.8347563999705017
328000 79.82692307692308 79.82692307692308 75.46153846153847 0.5256410256410257 135.8653846153846 45.28846153846154 1.1153846153846154 44.17307692307692 0.7356070000678301
330000 79.82692307692308 79.82692307692308 75.46153846153847 0.5256410256410257 135.8653846153846 45.28846153846154 1.1153846153846154 44.17307692307692 0.8081018999218941
332000 79.82692307692308 79.82692307692308 75.46153846153847 0.5256410256410257 135.8653846153846 45.28846153846154 1.1153846153846154 44.17307692307692 0.7908449999522418
334000 79.82692307692308 79.82692307692308 75.46153846153847 0.5256410256410257 135.8653846153846 45.28846153846154 1.1153846153846154 44.17307692307692 0.7958045999985188
336000 79.82692307692308 79.82692307692308 75.46153846153847 0.5256410256410257 135.8653846153846 45.28846153846154 1.1153846153846154 44.17307692307692 0.7836887000594288
338000 79.82692307692308 79.82692307692308 75.46153846153847 0.5256410256410257 135.8653846153846 45.28846153846154 1.1153846153846154 44.17307692307692 0.893553800182417
340000 79.82692307692308 79.82692307692308 75.46153846153847 0.5256410256410257 135.8653846153846 45.28846153846154 1.1153846153846154 44.17307692307692 0.7747941999696195
342000 79.82692307692308 79.82692307692308 75.46153846153847 0.5256410256410257 135.8653846153846 45.28846153846154 1.1153846153846154 44.17307692307692 0.7361886999569833
344000 79.82692307692308 79.82692307692308 75.46153846153847 0.5256410256410257 135.8653846153846 45.28846153846154 1.1153846153846154 44.17307692307692 0.8416087999939919
346000 79.82692307692308 79.82692307692308 75.46153846153847 0.5256410256410257 135.8653846153846 45.28846153846154 1.1153846153846154 44.17307692307692 0.7695753001607955
348000 79.82692307692308 79.82692307692308 75.46153846153847 0.5256410256410257 135.8653846153846 45.28846153846154 1.1153846153846154 44.17307692307692 0.8459278999362141
350000 79.82692307692308 79.82692307692308 75.46153846153847 0.5256410256410257 135.8653846153846 45.28846153846154 1.1153846153846154 44.17307692307692 0.8243527999147773
352000 79.82692307692308 79.82692307692308 75.46153846153847 0.5256410256410257 135.8653846153846 45.28846153846154 1.1153846153846154 44.17307692307692 0.8197649999056011
354000 79.82692307692308 79.82692307692308 75.46153846153847 0.5256410256410257 135.8653846153846 45.28846153846154 1.1153846153846154 44.17307692307692 0.8080511000007391
356000 79.82692307692308 79.82692307692308 75.46153846153847 0.5256410256410257 135.8653846153846 45.28846153846154 1.1153846153846154 44.17307692307692 0.8445485001429915
358000 79.82692307692308 79.82692307692308 75.46153846153847 0.5256410256410257 135.8653846153846 45.28846153846154 1.1153846153846154 44.17307692307692 0.849382899934426
360000 79.82692307692308 79.82692307692308 75.46153846153847 0.5256410256410257 135.8653846153846 45.28846153846154 1.1153846153846154 44.17307692307692 0.7762511000037193
362000 79.82692307692308 79.82692307692308 75.46153846153847 0.5256410256410257 135.8653846153846 45.28846153846154 1.1153846153846154 44.17307692307692 0.8882263000123203
364000 79.82692307692308 79.82692307692308 75.46153846153847 0.5256410256410257 135.8653846153846 45.28846153846154 1.1153846153846154 44.17307692307692 0.8048284000251442
366000 79.82692307692308 79.82692307692308 75.46153846153847 0.5256410256410257 135.8653846153846 45.28846153846154 1.1153846153846154 44.17307692307692 0.9388486000243574
368000 79.82692307692308 79.82692307692308 75.46153846153847 0.5256410256410257 135.8653846153846 45.28846153846154 1.1153846153846154 44.17307692307692 0.6880119999404997
370000 79.82692307692308 79.82692307692308 75.46153846153847 0.5256410256410257 135.8653846153846 45.28846153846154 1.1153846153846154 44.17307692307692 0.6945181998889893
372000 79.82692307692308 79.82692307692308 75.46153846153847 0.5256410256410257 135.8653846153846 45.28846153846154 1.1153846153846154 44.17307692307692 0.6471499998588115
374000 79.82692307692308 79.82692307692308 75.46153846153847 0.5256410256410257 135.8653846153846 45.28846153846154 1.1153846153846154 44.17307692307692 0.7540517998859286
376000 79.82692307692308 79.82692307692308 75.46153846153847 0.5256410256410257 135.8653846153846 45.28846153846154 1.1153846153846154 44.17307692307692 0.765344399958849
378000 79.82692307692308 79.82692307692308 75.46153846153847 0.5256410256410257 135.8653846153846 45.28846153846154 1.1153846153846154 44.17307692307692 0.763006699969992
380000 79.82692307692308 79.82692307692308 75.46153846153847 0.5256410256410257 135.8653846153846 45.28846153846154 1.1153846153846154 44.17307692307692 0.6984470000024885
382000 79.82692307692308 79.82692307692308 75.46153846153847 0.5256410256410257 135.8653846153846 45.28846153846154 1.1153846153846154 44.17307692307692 0.8000626999419183
384000 79.82692307692308 79.82692307692308 75.46153846153847 0.5256410256410257 135.8653846153846 45.28846153846154 1.1153846153846154 44.17307692307692 0.6935475999489427
386000 79.82692307692308 79.82692307692308 75.46153846153847 0.5256410256410257 135.8653846153846 45.28846153846154 1.1153846153846154 44.17307692307692 0.670050699962303
388000 79.82692307692308 79.82692307692308 75.46153846153847 0.5256410256410257 135.8653846153846 45.28846153846154 1.1153846153846154 44.17307692307692 0.700648499885574
390000 79.82692307692308 79.82692307692308 75.46153846153847 0.5256410256410257 135.8653846153846 45.28846153846154 1.1153846153846154 44.17307692307692 0.7498073999304324
392000 79.82692307692308 79.82692307692308 75.46153846153847 0.5256410256410257 135.8653846153846 45.28846153846154 1.1153846153846154 44.17307692307692 0.648320300038904
394000 79.82692307692308 79.82692307692308 75.46153846153847 0.5256410256410257 135.8653846153846 45.28846153846154 1.1153846153846154 44.17307692307692 0.692338899942115
396000 79.82692307692308 79.82692307692308 75.46153846153847 0.5256410256410257 135.8653846153846 45.28846153846154 1.1153846153846154 44.17307692307692 0.750118900090456
398000 79.82692307692308 79.82692307692308 75.46153846153847 0.5256410256410257 135.8653846153846 45.28846153846154 1.1153846153846154 44.17307692307692 0.6520261999685317
400000 79.82692307692308 79.82692307692308 75.46153846153847 0.5256410256410257 135.8653846153846 45.28846153846154 1.1153846153846154 44.17307692307692 0.6636399000417441
402000 79.82692307692308 79.82692307692308 75.46153846153847 0.5256410256410257 135.8653846153846 45.28846153846154 1.1153846153846154 44.17307692307692 0.7205908000469208
404000 79.82692307692308 79.82692307692308 75.46153846153847 0.5256410256410257 135.8653846153846 45.28846153846154 1.1153846153846154 44.17307692307692 0.6483660000376403
406000 79.82692307692308 79.82692307692308 75.46153846153847 0.5256410256410257 135.8653846153846 45.28846153846154 1.1153846153846154 44.17307692307692 0.6916058999486268
408000 79.82692307692308 79.82692307692308 75.46153846153847 0.5256410256410257 135.8653846153846 45.28846153846154 1.1153846153846154 44.17307692307692 0.6433639999013394
410000 79.82692307692308 79.82692307692308 75.46153846153847 0.5256410256410257 135.8653846153846 45.28846153846154 1.1153846153846154 44.17307692307692 0.720109400106594
412000 79.82692307692308 79.82692307692308 75.46153846153847 0.5256410256410257 135.8653846153846 45.28846153846154 1.1153846153846154 44.17307692307692 0.8232680999208242
414000 79.82692307692308 79.82692307692308 75.46153846153847 0.5256410256410257 135.8653846153846 45.28846153846154 1.1153846153846154 44.17307692307692 0.7181974998675287
416000 79.82692307692308 79.82692307692308 75.46153846153847 0.5256410256410257 135.8653846153846 45.28846153846154 1.1153846153846154 44.17307692307692 0.6476310000289232
418000 79.82692307692308 79.82692307692308 75.46153846153847 0.5256410256410257 135.8653846153846 45.28846153846154 1.1153846153846154 44.17307692307692 0.7356422001030296
420000 79.82692307692308 79.82692307692308 75.46153846153847 0.5256410256410257 135.8653846153846 45.28846153846154 1.1153846153846154 44.17307692307692 0.7610368998721242
422000 79.82692307692308 79.82692307692308 75.46153846153847 0.5256410256410257 135.8653846153846 45.28846153846154 1.1153846153846154 44.17307692307692 0.6720658000558615
424000 79.82692307692308 79.82692307692308 75.46153846153847 0.5256410256410257 135.8653846153846 45.28846153846154 1.1153846153846154 44.17307692307692 0.6920813999604434
426000 79.82692307692308 79.82692307692308 75.46153846153847 0.5256410256410257 135.8653846153846 45.28846153846154 1.1153846153846154 44.17307692307692 0.6652319999411702
428000 79.82692307692308 79.82692307692308 75.46153846153847 0.5256410256410257 135.8653846153846 45.28846153846154 1.1153846153846154 44.17307692307692 0.6617868000175804
430000 79.82692307692308 79.82692307692308 75.46153846153847 0.5256410256410257 135.8653846153846 45.28846153846154 1.1153846153846154 44.17307692307692 0.6773720998317003
432000 79.82692307692308 79.82692307692308 75.46153846153847 0.5256410256410257 135.8653846153846 45.28846153846154 1.1153846153846154 44.17307692307692 0.7068242998793721
434000 79.82692307692308 79.82692307692308 75.46153846153847 0.5256410256410257 135.8653846153846 45.28846153846154 1.1153846153846154 44.17307692307692 0.6460246001370251
436000 79.82692307692308 79.82692307692308 75.46153846153847 0.5256410256410257 135.8653846153846 45.28846153846154 1.1153846153846154 44.17307692307692 0.7372991000302136
438000 79.82692307692308 79.82692307692308 75.46153846153847 0.5256410256410257 135.8653846153846 45.28846153846154 1.1153846153846154 44.17307692307692 0.8045548000372946
440000 79.82692307692308 79.82692307692308 75.46153846153847 0.5256410256410257 135.8653846153846 45.28846153846154 1.1153846153846154 44.17307692307692 0.7851191000081599
442000 79.82692307692308 79.82692307692308 75.46153846153847 0.5256410256410257 135.8653846153846 45.28846153846154 1.1153846153846154 44.17307692307692 0.6789590001571923
444000 79.82692307692308 79.82692307692308 75.46153846153847 0.5256410256410257 135.8653846153846 45.28846153846154 1.1153846153846154 44.17307692307692 0.7093499000184238
446000 79.82692307692308 79.82692307692308 75.46153846153847 0.5256410256410257 135.8653846153846 45.28846153846154 1.1153846153846154 44.17307692307692 0.7023118000943214
448000 79.82692307692308 79.82692307692308 75.46153846153847 0.5256410256410257 135.8653846153846 45.28846153846154 1.1153846153846154 44.17307692307692 0.6710013998672366
450000 79.82692307692308 79.82692307692308 75.46153846153847 0.5256410256410257 135.8653846153846 45.28846153846154 1.1153846153846154 44.17307692307692 0.7651092000305653
452000 79.82692307692308 79.82692307692308 75.46153846153847 0.5256410256410257 135.8653846153846 45.28846153846154 1.1153846153846154 44.17307692307692 0.720301799941808
454000 79.82692307692308 79.82692307692308 75.46153846153847 0.5256410256410257 135.8653846153846 45.28846153846154 1.1153846153846154 44.17307692307692 0.6727090999484062
456000 79.82692307692308 79.82692307692308 75.46153846153847 0.5256410256410257 135.8653846153846 45.28846153846154 1.1153846153846154 44.17307692307692 0.7133721001446247
458000 79.82692307692308 79.82692307692308 75.46153846153847 0.5256410256410257 135.8653846153846 45.28846153846154 1.1153846153846154 44.17307692307692 0.75077940011397
460000 79.82692307692308 79.82692307692308 75.46153846153847 0.5256410256410257 135.8653846153846 45.28846153846154 1.1153846153846154 44.17307692307692 0.6366039998829365
462000 79.82692307692308 79.82692307692308 75.46153846153847 0.5256410256410257 135.8653846153846 45.28846153846154 1.1153846153846154 44.17307692307692 0.6453788999933749
464000 79.82692307692308 79.82692307692308 75.46153846153847 0.5256410256410257 135.8653846153846 45.28846153846154 1.1153846153846154 44.17307692307692 0.6637427001260221
466000 79.82692307692308 79.82692307692308 75.46153846153847 0.5256410256410257 135.8653846153846 45.28846153846154 1.1153846153846154 44.17307692307692 0.6497732000425458
468000 79.82692307692308 79.82692307692308 75.46153846153847 0.5256410256410257 135.8653846153846 45.28846153846154 1.1153846153846154 44.17307692307692 0.6953948999289423
470000 79.82692307692308 79.82692307692308 75.46153846153847 0.5256410256410257 135.8653846153846 45.28846153846154 1.1153846153846154 44.17307692307692 0.7853883998468518
472000 79.82692307692308 79.82692307692308 75.46153846153847 0.5256410256410257 135.8653846153846 45.28846153846154 1.1153846153846154 44.17307692307692 0.7578094999771565
474000 79.82692307692308 79.82692307692308 75.46153846153847 0.5256410256410257 135.8653846153846 45.28846153846154 1.1153846153846154 44.17307692307692 0.6695391999091953
476000 79.82692307692308 79.82692307692308 75.46153846153847 0.5256410256410257 135.8653846153846 45.28846153846154 1.1153846153846154 44.17307692307692 0.6490337001159787
478000 79.82692307692308 79.82692307692308 75.46153846153847 0.5256410256410257 135.8653846153846 45.28846153846154 1.1153846153846154 44.17307692307692 0.5323883001692593
480000 79.82692307692308 79.82692307692308 75.46153846153847 0.5256410256410257 135.8653846153846 45.28846153846154 1.1153846153846154 44.17307692307692 0.5375522000249475
482000 79.82692307692308 79.82692307692308 75.46153846153847 0.5256410256410257 135.8653846153846 45.28846153846154 1.1153846153846154 44.17307692307692 0.5443061999976635
484000 79.82692307692308 79.82692307692308 75.46153846153847 0.5256410256410257 135.8653846153846 45.28846153846154 1.1153846153846154 44.17307692307692 0.4256886998191476
486000 79.82692307692308 79.82692307692308 75.46153846153847 0.5256410256410257 135.8653846153846 45.28846153846154 1.1153846153846154 44.17307692307692 0.413587799994275
488000 79.82692307692308 79.82692307692308 75.46153846153847 0.5256410256410257 135.8653846153846 45.28846153846154 1.1153846153846154 44.17307692307692 0.41314520011655986
490000 79.82692307692308 79.82692307692308 75.46153846153847 0.5256410256410257 135.8653846153846 45.28846153846154 1.1153846153846154 44.17307692307692 0.40938680013641715
492000 79.82692307692308 79.82692307692308 75.46153846153847 0.5256410256410257 135.8653846153846 45.28846153846154 1.1153846153846154 44.17307692307692 0.41388610005378723
494000 79.82692307692308 79.82692307692308 75.46153846153847 0.5256410256410257 135.8653846153846 45.28846153846154 1.1153846153846154 44.17307692307692 0.5018070000223815
496000 79.82692307692308 79.82692307692308 75.46153846153847 0.5256410256410257 135.8653846153846 45.28846153846154 1.1153846153846154 44.17307692307692 0.4570800999645144
498000 79.82692307692308 79.82692307692308 75.46153846153847 0.5256410256410257 135.8653846153846 45.28846153846154 1.1153846153846154 44.17307692307692 0.4521842000540346
500000 79.82692307692308 79.82692307692308 75.46153846153847 0.5256410256410257 135.8653846153846 45.28846153846154 1.1153846153846154 44.17307692307692 0.47351670009084046
