2000 0.7592592592592593 -1.0 130.09259259259258 0.012345679012345678 135.5185185185185 45.333333333333336 0.0 45.333333333333336 0.7614251999184489
4000 3.8333333333333335 3.5555555555555554 127.98148148148148 0.17746913580246912 135.5185185185185 45.333333333333336 0.0 45.333333333333336 0.6683133998885751
6000 4.166666666666667 3.611111111111111 125.88888888888889 0.25308641975308643 135.5185185185185 45.333333333333336 0.0 45.333333333333336 0.7127620000392199
8000 6.203703703703703 6.111111111111111 125.27777777777777 0.3055555555555556 135.5185185185185 45.333333333333336 0.0 45.333333333333336 0.6406312000472099
10000 6.518518518518518 6.518518518518518 124.5925925925926 0.33641975308641975 135.5185185185185 45.333333333333336 0.0 45.333333333333336 0.6974734999239445
12000 6.518518518518518 6.518518518518518 124.5925925925926 0.33641975308641975 135.5185185185185 45.333333333333336 0.0 45.333333333333336 0.6887461999431252
14000 6.518518518518518 6.518518518518518 124.5925925925926 0.33641975308641975 135.5185185185185 45.333333333333336 0.0 45.333333333333336 0.7469656998291612
16000 6.518518518518518 6.518518518518518 124.5925925925926 0.33641975308641975 135.5185185185185 45.333333333333336 0.0 45.333333333333336 0.7328369000460953
18000 12.38888888888889 12.38888888888889 123.61111111111111 0.33796296296296297 135.5185185185185 45.333333333333336 0.0 45.333333333333336 0.7988199000246823
20000 12.685185185185185 12.685185185185185 123.55555555555556 0.33796296296296297 135.5185185185185 45.333333333333336 0.0 45.333333333333336 0.7260031001642346
22000 12.685185185185185 12.685185185185185 123.55555555555556 0.33796296296296297 135.5185185185185 45.333333333333336 0.0 45.333333333333336 0.7458126000128686
24000 14.87037037037037 14.87037037037037 123.61111111111111 0.36574074074074076 135.5185185185185 45.333333333333336 0.0 45.333333333333336 0.6961755000520498
26000 14.87037037037037 14.87037037037037 123.61111111111111 0.36574074074074076 135.5185185185185 45.333333333333336 0.0 45.333333333333336 0.8022133999038488
28000 14.87037037037037 14.87037037037037 123.61111111111111 0.36574074074074076 135.5185185185185 45.333333333333336 0.0 45.333333333333336 0.7098226000089198
30000 14.87037037037037 14.87037037037037 123.61111111111111 0.36574074074074076 135.5185185185185 45.333333333333336 0.0 45.333333333333336 0.7483874999452382
32000 14.87037037037037 14.87037037037037 123.61111111111111 0.36574074074074076 135.5185185185185 45.333333333333336 0.0 45.333333333333336 0.7735907000023872
34000 14.87037037037037 14.87037037037037 123.61111111111111 0.36574074074074076 135.5185185185185 45.333333333333336 0.0 45.333333333333336 0.7153952000662684
36000 22.01851851851852 22.01851851851852 121.53703703703704 0.4228395061728395 135.5185185185185 45.333333333333336 0.018518518518518517 45.31481481481482 0.803002999862656
38000 22.01851851851852 22.01851851851852 121.53703703703704 0.4228395061728395 135.5185185185185 45.333333333333336 0.018518518518518517 45.31481481481482 0.8000777000561357
40000 22.01851851851852 22.01851851851852 121.53703703703704 0.4228395061728395 135.5185185185185 45.333333333333336 0.018518518518518517 45.31481481481482 0.7180373999290168
42000 22.01851851851852 22.01851851851852 121.53703703703704 0.4228395061728395 135.5185185185185 45.333333333333336 0.018518518518518517 45.31481481481482 0.6745205000042915
44000 22.01851851851852 22.01851851851852 121.53703703703704 0.4228395061728395 135.5185185185185 45.333333333333336 0.018518518518518517 45.31481481481482 0.8410801999270916
46000 22.01851851851852 22.01851851851852 121.53703703703704 0.4228395061728395 135.5185185185185 45.333333333333336 0.018518518518518517 45.31481481481482 0.6792881998699158
48000 22.01851851851852 22.01851851851852 121.53703703703704 0.4228395061728395 135.5185185185185 45.333333333333336 0.018518518518518517 45.31481481481482 0.7386202998459339
50000 22.01851851851852 22.01851851851852 121.53703703703704 0.4228395061728395 135.5185185185185 45.333333333333336 0.018518518518518517 45.31481481481482 0.7895462999586016
52000 22.01851851851852 22.01851851851852 121.53703703703704 0.4228395061728395 135.5185185185185 45.333333333333336 0.018518518518518517 45.31481481481482 0.7189873000606894
54000 22.01851851851852 22.01851851851852 121.53703703703704 0.4228395061728395 135.5185185185185 45.333333333333336 0.018518518518518517 45.31481481481482 0.7005672000814229
56000 22.01851851851852 22.01851851851852 121.53703703703704 0.4228395061728395 135.5185185185185 45.333333333333336 0.018518518518518517 45.31481481481482 0.7262018001638353
58000 22.01851851851852 22.01851851851852 121.53703703703704 0.4228395061728395 135.5185185185185 45.333333333333336 0.018518518518518517 45.31481481481482 0.7714990000240505
60000 22.01851851851852 22.01851851851852 121.53703703703704 0.4228395061728395 135.5185185185185 45.333333333333336 0.018518518518518517 45.31481481481482 0.8037020999472588
62000 22.01851851851852 22.01851851851852 121.53703703703704 0.4228395061728395 135.5185185185185 45.333333333333336 0.018518518518518517 45.31481481481482 0.7073685999494046
64000 22.01851851851852 22.01851851851852 121.53703703703704 0.4228395061728395 135.5185185185185 45.333333333333336 0.018518518518518517 45.31481481481482 0.7190224998630583
66000 22.01851851851852 22.01851851851852 121.53703703703704 0.4228395061728395 135.5185185185185 45.333333333333336 0.018518518518518517 45.31481481481482 0.6687429000157863
68000 22.01851851851852 22.01851851851852 121.53703703703704 0.4228395061728395 135.5185185185185 45.333333333333336 0.018518518518518517 45.31481481481482 0.694698299979791
70000 22.01851851851852 22.01851851851852 121.53703703703704 0.4228395061728395 135.5185185185185 45.333333333333336 0.018518518518518517 45.31481481481482 0.6947683000471443
72000 22.01851851851852 22.01851851851852 121.53703703703704 0.4228395061728395 135.5185185185185 45.333333333333336 0.018518518518518517 45.31481481481482 0.6566127000842243
74000 22.01851851851852 22.01851851851852 121.53703703703704 0.4228395061728395 135.5185185185185 45.333333333333336 0.018518518518518517 45.31481481481482 0.6725650001317263
76000 22.01851851851852 22.01851851851852 121.53703703703704 0.4228395061728395 135.5185185185185 45.333333333333336 0.018518518518518517 45.31481481481482 0.7700916000176221
78000 22.01851851851852 22.01851851851852 121.53703703703704 0.4228395061728395 135.5185185185185 45.333333333333336 0.018518518518518517 45.31481481481482 0.6791649998631328
80000 22.01851851851852 22.01851851851852 121.53703703703704 0.4228395061728395 135.5185185185185 45.333333333333336 0.018518518518518517 45.31481481481482 0.7122075997758657
82000 22.01851851851852 22.01851851851852 121.53703703703704 0.4228395061728395 135.5185185185185 45.333333333333336 0.018518518518518517 45.31481481481482 0.6899351000320166
84000 22.01851851851852 22.01851851851852 121.53703703703704 0.4228395061728395 135.5185185185185 45.333333333333336 0.018518518518518517 45.31481481481482 0.7280834000557661
86000 22.01851851851852 22.01851851851852 121.53703703703704 0.4228395061728395 135.5185185185185 45.333333333333336 0.018518518518518517 45.31481481481482 0.6681527001783252
88000 22.01851851851852 22.01851851851852 121.53703703703704 0.4228395061728395 135.5185185185185 45.333333333333336 0.018518518518518517 45.31481481481482 0.7409073000308126
90000 22.01851851851852 22.01851851851852 121.53703703703704 0.4228395061728395 135.5185185185185 45.333333333333336 0.018518518518518517 45.31481481481482 0.730849500047043
92000 22.01851851851852 22.01851851851852 121.53703703703704 0.4228395061728395 135.5185185185185 45.333333333333336 0.018518518518518517 45.31481481481482 0.778033799957484
94000 22.01851851851852 22.01851851851852 121.53703703703704 0.4228395061728395 135.5185185185185 45.333333333333336 0.018518518518518517 45.31481481481482 0.7016578000038862
96000 22.01851851851852 22.01851851851852 121.53703703703704 0.4228395061728395 135.5185185185185 45.333333333333336 0.018518518518518517 45.31481481481482 0.7686377000063658
98000 22.01851851851852 22.01851851851852 121.53703703703704 0.4228395061728395 135.5185185185185 45.333333333333336 0.018518518518518517 45.31481481481482 0.6740035999100655
100000 22.01851851851852 22.01851851851852 121.53703703703704 0.4228395061728395 135.5185185185185 45.333333333333336 0.018518518518518517 45.31481481481482 0.6742982999421656
102000 22.01851851851852 22.01851851851852 121.53703703703704 0.4228395061728395 135.5185185185185 45.333333333333336 0.018518518518518517 45.31481481481482 0.7708438001573086
104000 22.01851851851852 22.01851851851852 121.53703703703704 0.4228395061728395 135.5185185185185 45.333333333333336 0.018518518518518517 45.31481481481482 0.6724411998875439
106000 22.01851851851852 22.01851851851852 121.53703703703704 0.4228395061728395 135.5185185185185 45.333333333333336 0.018518518518518517 45.31481481481482 0.684891999932006
108000 22.01851851851852 22.01851851851852 121.53703703703704 0.4228395061728395 135.5185185185185 45.333333333333336 0.018518518518518517 45.31481481481482 0.738551199901849
110000 22.01851851851852 22.01851851851852 121.53703703703704 0.4228395061728395 135.5185185185185 45.333333333333336 0.018518518518518517 45.31481481481482 0.6977975000627339
112000 22.01851851851852 22.01851851851852 121.53703703703704 0.4228395061728395 135.5185185185185 45.333333333333336 0.018518518518518517 45.31481481481482 0.7055788000579923
114000 22.01851851851852 22.01851851851852 121.53703703703704 0.4228395061728395 135.5185185185185 45.333333333333336 0.018518518518518517 45.31481481481482 0.7700751000083983
116000 22.01851851851852 22.01851851851852 121.53703703703704 0.4228395061728395 135.5185185185185 45.333333333333336 0.018518518518518517 45.31481481481482 0.6730321999639273
118000 22.01851851851852 22.01851851851852 121.53703703703704 0.4228395061728395 135.5185185185185 45.333333333333336 0.018518518518518517 45.31481481481482 0.6844750000163913
120000 22.01851851851852 22.01851851851852 121.53703703703704 0.4228395061728395 135.5185185185185 45.333333333333336 0.018518518518518517 45.31481481481482 0.6994419998954982
122000 22.01851851851852 22.01851851851852 121.53703703703704 0.4228395061728395 135.5185185185185 45.333333333333336 0.018518518518518517 45.31481481481482 0.7932517000008374
124000 22.01851851851852 22.01851851851852 121.53703703703704 0.4228395061728395 135.5185185185185 45.333333333333336 0.018518518518518517 45.31481481481482 0.656264099990949
126000 22.01851851851852 22.01851851851852 121.53703703703704 0.4228395061728395 135.5185185185185 45.333333333333336 0.018518518518518517 45.31481481481482 0.6829929000232369
128000 22.01851851851852 22.01851851851852 121.53703703703704 0.4228395061728395 135.5185185185185 45.333333333333336 0.018518518518518517 45.31481481481482 0.658603599993512
130000 22.01851851851852 22.01851851851852 121.53703703703704 0.4228395061728395 135.5185185185185 45.333333333333336 0.018518518518518517 45.31481481481482 0.6780979000031948
132000 22.01851851851852 22.01851851851852 121.53703703703704 0.4228395061728395 135.5185185185185 45.333333333333336 0.018518518518518517 45.31481481481482 0.7152918998617679
134000 22.01851851851852 22.01851851851852 121.53703703703704 0.4228395061728395 135.5185185185185 45.333333333333336 0.018518518518518517 45.31481481481482 0.7271024000365287
136000 22.01851851851852 22.01851851851852 121.53703703703704 0.4228395061728395 135.5185185185185 45.333333333333336 0.018518518518518517 45.31481481481482 0.7046550000086427
138000 22.01851851851852 22.01851851851852 121.53703703703704 0.4228395061728395 135.5185185185185 45.333333333333336 0.018518518518518517 45.31481481481482 0.7374067001510412
140000 22.01851851851852 22.01851851851852 121.53703703703704 0.4228395061728395 135.5185185185185 45.333333333333336 0.018518518518518517 45.31481481481482 0.7328878999687731
142000 22.01851851851852 22.01851851851852 121.53703703703704 0.4228395061728395 135.5185185185185 45.333333333333336 0.018518518518518517 45.31481481481482 0.7678997998591512
144000 22.01851851851852 22.01851851851852 121.53703703703704 0.4228395061728395 135.5185185185185 45.333333333333336 0.018518518518518517 45.31481481481482 0.8045840000268072
146000 22.01851851851852 22.01851851851852 121.53703703703704 0.4228395061728395 135.5185185185185 45.333333333333336 0.018518518518518517 45.31481481481482 0.6757660999428481
148000 22.01851851851852 22.01851851851852 121.53703703703704 0.4228395061728395 135.5185185185185 45.333333333333336 0.018518518518518517 45.31481481481482 0.6963247999083251
150000 22.01851851851852 22.01851851851852 121.53703703703704 0.4228395061728395 135.5185185185185 45.333333333333336 0.018518518518518517 45.31481481481482 0.7590005001984537
152000 22.01851851851852 22.01851851851852 121.53703703703704 0.4228395061728395 135.5185185185185 45.333333333333336 0.018518518518518517 45.31481481481482 0.8124172000680119
154000 22.01851851851852 22.01851851851852 121.53703703703704 0.4228395061728395 135.5185185185185 45.333333333333336 0.018518518518518517 45.31481481481482 0.655975200003013
156000 22.01851851851852 22.01851851851852 121.53703703703704 0.4228395061728395 135.5185185185185 45.333333333333336 0.018518518518518517 45.31481481481482 0.7379433999303728
158000 22.01851851851852 22.01851851851852 121.53703703703704 0.4228395061728395 135.5185185185185 45.333333333333336 0.018518518518518517 45.31481481481482 0.7266569000203162
160000 22.01851851851852 22.01851851851852 121.53703703703704 0.4228395061728395 135.5185185185185 45.333333333333336 0.018518518518518517 45.31481481481482 0.7671133000403643
162000 22.01851851851852 22.01851851851852 121.53703703703704 0.4228395061728395 135.5185185185185 45.333333333333336 0.018518518518518517 45.31481481481482 0.7541501000523567
164000 22.01851851851852 22.01851851851852 121.53703703703704 0.4228395061728395 135.5185185185185 45.333333333333336 0.018518518518518517 45.31481481481482 0.6717732998076826
166000 22.01851851851852 22.01851851851852 121.53703703703704 0.4228395061728395 135.5185185185185 45.333333333333336 0.018518518518518517 45.31481481481482 0.6717173000797629
168000 22.01851851851852 22.01851851851852 121.53703703703704 0.4228395061728395 135.5185185185185 45.333333333333336 0.018518518518518517 45.31481481481482 0.7251948001794517
170000 22.01851851851852 22.01851851851852 121.53703703703704 0.4228395061728395 135.5185185185185 45.333333333333336 0.018518518518518517 45.31481481481482 0.7247508000582457
172000 22.01851851851852 22.01851851851852 121.53703703703704 0.4228395061728395 135.5185185185185 45.333333333333336 0.018518518518518517 45.31481481481482 0.699375499971211
174000 22.01851851851852 22.01851851851852 121.53703703703704 0.4228395061728395 135.5185185185185 45.333333333333336 0.018518518518518517 45.31481481481482 0.7338283001445234
176000 22.01851851851852 22.01851851851852 121.53703703703704 0.4228395061728395 135.5185185185185 45.333333333333336 0.018518518518518517 45.31481481481482 0.8430427999701351
178000 22.01851851851852 22.01851851851852 121.53703703703704 0.4228395061728395 135.5185185185185 45.333333333333336 0.018518518518518517 45.31481481481482 0.6705434999894351
180000 22.01851851851852 22.01851851851852 121.53703703703704 0.4228395061728395 135.5185185185185 45.333333333333336 0.018518518518518517 45.31481481481482 0.6934819999150932
182000 22.01851851851852 22.01851851851852 121.53703703703704 0.4228395061728395 135.5185185185185 45.333333333333336 0.018518518518518517 45.31481481481482 0.6627760999836028
184000 22.01851851851852 22.01851851851852 121.53703703703704 0.4228395061728395 135.5185185185185 45.333333333333336 0.018518518518518517 45.31481481481482 0.7065077999141067
186000 22.01851851851852 22.01851851851852 121.53703703703704 0.4228395061728395 135.5185185185185 45.333333333333336 0.018518518518518517 45.31481481481482 0.7579264000523835
188000 22.01851851851852 22.01851851851852 121.53703703703704 0.4228395061728395 135.5185185185185 45.333333333333336 0.018518518518518517 45.31481481481482 0.6708894001785666
190000 22.01851851851852 22.01851851851852 121.53703703703704 0.4228395061728395 135.5185185185185 45.333333333333336 0.018518518518518517 45.31481481481482 0.7721420000307262
192000 22.01851851851852 22.01851851851852 121.53703703703704 0.4228395061728395 135.5185185185185 45.333333333333336 0.018518518518518517 45.31481481481482 0.8520605999510735
194000 22.01851851851852 22.01851851851852 121.53703703703704 0.4228395061728395 135.5185185185185 45.333333333333336 0.018518518518518517 45.31481481481482 0.7540893999394029
196000 28.537037037037038 28.055555555555557 121.88888888888889 0.4583333333333332 135.5185185185185 45.333333333333336 0.018518518518518517 45.31481481481482 0.6771436000708491
198000 22.01851851851852 22.01851851851852 121.53703703703704 0.4228395061728395 135.5185185185185 45.333333333333336 0.018518518518518517 45.31481481481482 0.6797863999381661
200000 22.01851851851852 22.01851851851852 121.53703703703704 0.4228395061728395 135.5185185185185 45.333333333333336 0.018518518518518517 45.31481481481482 0.6749986000359058
202000 22.01851851851852 22.01851851851852 121.53703703703704 0.4228395061728395 135.5185185185185 45.333333333333336 0.018518518518518517 45.31481481481482 0.6839820998720825
204000 22.01851851851852 22.01851851851852 121.53703703703704 0.4228395061728395 135.5185185185185 45.333333333333336 0.018518518518518517 45.31481481481482 0.8306771998759359
206000 22.01851851851852 22.01851851851852 121.53703703703704 0.4228395061728395 135.5185185185185 45.333333333333336 0.018518518518518517 45.31481481481482 0.6762463001068681
208000 22.01851851851852 22.01851851851852 121.53703703703704 0.4228395061728395 135.5185185185185 45.333333333333336 0.018518518518518517 45.31481481481482 0.7445215000770986
210000 22.01851851851852 22.01851851851852 121.53703703703704 0.4228395061728395 135.5185185185185 45.333333333333336 0.018518518518518517 45.31481481481482 0.8117899000644684
212000 22.01851851851852 22.01851851851852 121.53703703703704 0.4228395061728395 135.5185185185185 45.333333333333336 0.018518518518518517 45.31481481481482 0.6724586000200361
214000 22.01851851851852 22.01851851851852 121.53703703703704 0.4228395061728395 135.5185185185185 45.333333333333336 0.018518518518518517 45.31481481481482 0.6693423001561314
216000 22.01851851851852 22.01851851851852 121.53703703703704 0.4228395061728395 135.5185185185185 45.333333333333336 0.018518518518518517 45.31481481481482 0.683635100023821
218000 22.01851851851852 22.01851851851852 121.53703703703704 0.4228395061728395 135.5185185185185 45.333333333333336 0.018518518518518517 45.31481481481482 0.6703015000093728
220000 22.01851851851852 22.01851851851852 121.53703703703704 0.4228395061728395 135.5185185185185 45.333333333333336 0.018518518518518517 45.31481481481482 0.8049794998951256
222000 22.01851851851852 22.01851851851852 121.53703703703704 0.4228395061728395 135.5185185185185 45.333333333333336 0.018518518518518517 45.31481481481482 0.7128192000091076
224000 22.01851851851852 22.01851851851852 121.53703703703704 0.4228395061728395 135.5185185185185 45.333333333333336 0.018518518518518517 45.31481481481482 0.7449978000950068
226000 22.01851851851852 22.01851851851852 121.53703703703704 0.4228395061728395 135.5185185185185 45.333333333333336 0.018518518518518517 45.31481481481482 0.7144585000351071
228000 22.01851851851852 22.01851851851852 121.53703703703704 0.4228395061728395 135.5185185185185 45.333333333333336 0.018518518518518517 45.31481481481482 0.7066042998339981
230000 22.01851851851852 22.01851851851852 121.53703703703704 0.4228395061728395 135.5185185185185 45.333333333333336 0.018518518518518517 45.31481481481482 0.8231540999840945
232000 22.01851851851852 22.01851851851852 121.53703703703704 0.4228395061728395 135.5185185185185 45.333333333333336 0.018518518518518517 45.31481481481482 0.8294468999374658
234000 22.01851851851852 22.01851851851852 121.53703703703704 0.4228395061728395 135.5185185185185 45.333333333333336 0.018518518518518517 45.31481481481482 0.7900656999554485
236000 22.01851851851852 22.01851851851852 121.53703703703704 0.4228395061728395 135.5185185185185 45.333333333333336 0.018518518518518517 45.31481481481482 0.8882961999624968
238000 22.01851851851852 22.01851851851852 121.53703703703704 0.4228395061728395 135.5185185185185 45.333333333333336 0.018518518518518517 45.31481481481482 0.8697705999948084
240000 22.01851851851852 22.01851851851852 121.53703703703704 0.4228395061728395 135.5185185185185 45.333333333333336 0.018518518518518517 45.31481481481482 0.7837857999838889
242000 22.01851851851852 22.01851851851852 121.53703703703704 0.4228395061728395 135.5185185185185 45.333333333333336 0.018518518518518517 45.31481481481482 0.8711460998747498
244000 22.01851851851852 22.01851851851852 121.53703703703704 0.4228395061728395 135.5185185185185 45.333333333333336 0.018518518518518517 45.31481481481482 0.8296864000149071
246000 22.01851851851852 22.01851851851852 121.53703703703704 0.4228395061728395 135.5185185185185 45.333333333333336 0.018518518518518517 45.31481481481482 0.8246599000412971
248000 22.01851851851852 22.01851851851852 121.53703703703704 0.4228395061728395 135.5185185185185 45.333333333333336 0.018518518518518517 45.31481481481482 0.9288395000621676
250000 22.01851851851852 22.01851851851852 121.53703703703704 0.4228395061728395 135.5185185185185 45.333333333333336 0.018518518518518517 45.31481481481482 0.8479557998944074
252000 22.01851851851852 22.01851851851852 121.53703703703704 0.4228395061728395 135.5185185185185 45.333333333333336 0.018518518518518517 45.31481481481482 0.8278541001491249
254000 28.537037037037038 28.055555555555557 121.88888888888889 0.4583333333333332 135.5185185185185 45.333333333333336 0.018518518518518517 45.31481481481482 0.8831625999882817
256000 22.01851851851852 22.01851851851852 121.53703703703704 0.4228395061728395 135.5185185185185 45.333333333333336 0.018518518518518517 45.31481481481482 0.8239239999093115
258000 22.01851851851852 22.01851851851852 121.53703703703704 0.4228395061728395 135.5185185185185 45.333333333333336 0.018518518518518517 45.31481481481482 0.8781200000084937
260000 22.01851851851852 22.01851851851852 121.53703703703704 0.4228395061728395 135.5185185185185 45.333333333333336 0.018518518518518517 45.31481481481482 0.868917099898681
262000 22.01851851851852 22.01851851851852 121.53703703703704 0.4228395061728395 135.5185185185185 45.333333333333336 0.018518518518518517 45.31481481481482 0.8764500000979751
264000 22.01851851851852 22.01851851851852 121.53703703703704 0.4228395061728395 135.5185185185185 45.333333333333336 0.018518518518518517 45.31481481481482 0.7904389998875558
266000 22.01851851851852 22.01851851851852 121.53703703703704 0.4228395061728395 135.5185185185185 45.333333333333336 0.018518518518518517 45.31481481481482 0.812080399831757
268000 22.01851851851852 22.01851851851852 121.53703703703704 0.4228395061728395 135.5185185185185 45.333333333333336 0.018518518518518517 45.31481481481482 0.7884049999993294
270000 22.01851851851852 22.01851851851852 121.53703703703704 0.4228395061728395 135.5185185185185 45.333333333333336 0.018518518518518517 45.31481481481482 0.7804914999287575
272000 28.537037037037038 28.055555555555557 121.88888888888889 0.4583333333333332 135.5185185185185 45.333333333333336 0.018518518518518517 45.31481481481482 0.7777460999786854
274000 28.537037037037038 28.055555555555557 121.88888888888889 0.4583333333333332 135.5185185185185 45.333333333333336 0.018518518518518517 45.31481481481482 0.8393262999597937
276000 28.537037037037038 28.055555555555557 121.88888888888889 0.4583333333333332 135.5185185185185 45.333333333333336 0.018518518518518517 45.31481481481482 0.7931178000289947
278000 28.537037037037038 28.055555555555557 121.88888888888889 0.4583333333333332 135.5185185185185 45.333333333333336 0.018518518518518517 45.31481481481482 0.8012351000215858
280000 22.01851851851852 22.01851851851852 121.53703703703704 0.4228395061728395 135.5185185185185 45.333333333333336 0.018518518518518517 45.31481481481482 0.8934511998668313
282000 22.01851851851852 22.01851851851852 121.53703703703704 0.4228395061728395 135.5185185185185 45.333333333333336 0.018518518518518517 45.31481481481482 0.897324200021103
284000 22.01851851851852 22.01851851851852 121.53703703703704 0.4228395061728395 135.5185185185185 45.333333333333336 0.018518518518518517 45.31481481481482 0.8640910999383777
286000 22.01851851851852 22.01851851851852 121.53703703703704 0.4228395061728395 135.5185185185185 45.333333333333336 0.018518518518518517 45.31481481481482 0.8625576000194997
288000 22.01851851851852 22.01851851851852 121.53703703703704 0.4228395061728395 135.5185185185185 45.333333333333336 0.018518518518518517 45.31481481481482 0.8357778999488801
290000 22.01851851851852 22.01851851851852 121.53703703703704 0.4228395061728395 135.5185185185185 45.333333333333336 0.018518518518518517 45.31481481481482 0.8710817999672145
292000 22.01851851851852 22.01851851851852 121.53703703703704 0.4228395061728395 135.5185185185185 45.333333333333336 0.018518518518518517 45.31481481481482 0.8116087999660522
294000 22.01851851851852 22.01851851851852 121.53703703703704 0.4228395061728395 135.5185185185185 45.333333333333336 0.018518518518518517 45.31481481481482 0.7802693000994623
296000 22.01851851851852 22.01851851851852 121.53703703703704 0.4228395061728395 135.5185185185185 45.333333333333336 0.018518518518518517 45.31481481481482 0.747933000093326
298000 22.01851851851852 22.01851851851852 121.53703703703704 0.4228395061728395 135.5185185185185 45.333333333333336 0.018518518518518517 45.31481481481482 0.8627897999249399
300000 22.01851851851852 22.01851851851852 121.53703703703704 0.4228395061728395 135.5185185185185 45.333333333333336 0.018518518518518517 45.31481481481482 0.9286108000669628
302000 22.01851851851852 22.01851851851852 121.53703703703704 0.4228395061728395 135.5185185185185 45.333333333333336 0.018518518518518517 45.31481481481482 0.8262495999224484
304000 22.01851851851852 22.01851851851852 121.53703703703704 0.4228395061728395 135.5185185185185 45.333333333333336 0.018518518518518517 45.31481481481482 0.8186235001776367
306000 22.01851851851852 22.01851851851852 121.53703703703704 0.4228395061728395 135.5185185185185 45.333333333333336 0.018518518518518517 45.31481481481482 0.859582900069654
308000 22.01851851851852 22.01851851851852 121.53703703703704 0.4228395061728395 135.5185185185185 45.333333333333336 0.018518518518518517 45.31481481481482 0.8645083999726921
310000 22.01851851851852 22.01851851851852 121.53703703703704 0.4228395061728395 135.5185185185185 45.333333333333336 0.018518518518518517 45.31481481481482 0.7758830001112074
312000 22.01851851851852 22.01851851851852 121.53703703703704 0.4228395061728395 135.5185185185185 45.333333333333336 0.018518518518518517 45.31481481481482 0.7816389000508934
314000 22.01851851851852 22.01851851851852 121.53703703703704 0.4228395061728395 135.5185185185185 45.333333333333336 0.018518518518518517 45.31481481481482 0.7574244001880288
316000 22.01851851851852 22.01851851851852 121.53703703703704 0.4228395061728395 135.5185185185185 45.333333333333336 0.018518518518518517 45.31481481481482 0.8143741998355836
318000 22.01851851851852 22.01851851851852 121.53703703703704 0.4228395061728395 135.5185185185185 45.333333333333336 0.018518518518518517 45.31481481481482 0.7797475999686867
320000 22.01851851851852 22.01851851851852 121.53703703703704 0.4228395061728395 135.5185185185185 45.333333333333336 0.018518518518518517 45.31481481481482 0.8257226999849081
322000 22.01851851851852 22.01851851851852 121.53703703703704 0.4228395061728395 135.5185185185185 45.333333333333336 0.018518518518518517 45.31481481481482 0.7998142999131233
324000 22.01851851851852 22.01851851851852 121.53703703703704 0.4228395061728395 135.5185185185185 45.333333333333336 0.018518518518518517 45.31481481481482 0.791802000021562
326000 22.01851851851852 22.01851851851852 121.53703703703704 0.4228395061728395 135.5185185185185 45.333333333333336 0.018518518518518517 45.31481481481482 0.8609192001167685
328000 22.01851851851852 22.01851851851852 121.53703703703704 0.4228395061728395 135.5185185185185 45.333333333333336 0.018518518518518517 45.31481481481482 0.8059081002138555
330000 22.01851851851852 22.01851851851852 121.53703703703704 0.4228395061728395 135.5185185185185 45.333333333333336 0.018518518518518517 45.31481481481482 0.8589335000142455
332000 22.01851851851852 22.01851851851852 121.53703703703704 0.4228395061728395 135.5185185185185 45.333333333333336 0.018518518518518517 45.31481481481482 0.8199245999567211
334000 22.01851851851852 22.01851851851852 121.53703703703704 0.4228395061728395 135.5185185185185 45.333333333333336 0.018518518518518517 45.31481481481482 0.7795424999203533
336000 22.01851851851852 22.01851851851852 121.53703703703704 0.4228395061728395 135.5185185185185 45.333333333333336 0.018518518518518517 45.31481481481482 0.8314305001404136
338000 22.01851851851852 22.01851851851852 121.53703703703704 0.4228395061728395 135.5185185185185 45.333333333333336 0.018518518518518517 45.31481481481482 0.7651821000035852
340000 22.01851851851852 22.01851851851852 121.53703703703704 0.4228395061728395 135.5185185185185 45.333333333333336 0.018518518518518517 45.31481481481482 0.8453004001639783
342000 22.01851851851852 22.01851851851852 121.53703703703704 0.4228395061728395 135.5185185185185 45.333333333333336 0.018518518518518517 45.31481481481482 0.8192352999467403
344000 22.01851851851852 22.01851851851852 121.53703703703704 0.4228395061728395 135.5185185185185 45.333333333333336 0.018518518518518517 45.31481481481482 0.8080150000751019
346000 22.01851851851852 22.01851851851852 121.53703703703704 0.4228395061728395 135.5185185185185 45.333333333333336 0.018518518518518517 45.31481481481482 0.8376472000963986
348000 22.01851851851852 22.01851851851852 121.53703703703704 0.4228395061728395 135.5185185185185 45.333333333333336 0.018518518518518517 45.31481481481482 0.818516300059855
350000 22.01851851851852 22.01851851851852 121.53703703703704 0.4228395061728395 135.5185185185185 45.333333333333336 0.018518518518518517 45.31481481481482 0.8667119999881834
352000 22.01851851851852 22.01851851851852 121.53703703703704 0.4228395061728395 135.5185185185185 45.333333333333336 0.018518518518518517 45.31481481481482 0.8831656000111252
354000 28.537037037037038 28.055555555555557 121.88888888888889 0.4583333333333332 135.5185185185185 45.333333333333336 0.018518518518518517 45.31481481481482 0.8848798000253737
356000 22.01851851851852 22.01851851851852 121.53703703703704 0.4228395061728395 135.5185185185185 45.333333333333336 0.018518518518518517 45.31481481481482 0.7918354999274015
358000 22.01851851851852 22.01851851851852 121.53703703703704 0.4228395061728395 135.5185185185185 45.333333333333336 0.018518518518518517 45.31481481481482 0.8091754000633955
360000 22.01851851851852 22.01851851851852 121.53703703703704 0.4228395061728395 135.5185185185185 45.333333333333336 0.018518518518518517 45.31481481481482 0.8425392999779433
362000 22.01851851851852 22.01851851851852 121.53703703703704 0.4228395061728395 135.5185185185185 45.333333333333336 0.018518518518518517 45.31481481481482 0.8358541999477893
364000 22.01851851851852 22.01851851851852 121.53703703703704 0.4228395061728395 135.5185185185185 45.333333333333336 0.018518518518518517 45.31481481481482 0.7855982000473887
366000 22.01851851851852 22.01851851851852 121.53703703703704 0.4228395061728395 135.5185185185185 45.333333333333336 0.018518518518518517 45.31481481481482 0.8252587001770735
368000 22.01851851851852 22.01851851851852 121.53703703703704 0.4228395061728395 135.5185185185185 45.333333333333336 0.018518518518518517 45.31481481481482 0.8343719001859426
370000 22.01851851851852 22.01851851851852 121.53703703703704 0.4228395061728395 135.5185185185185 45.333333333333336 0.018518518518518517 45.31481481481482 0.8512542000971735
372000 22.01851851851852 22.01851851851852 121.53703703703704 0.4228395061728395 135.5185185185185 45.333333333333336 0.018518518518518517 45.31481481481482 0.9078327999450266
374000 22.01851851851852 22.01851851851852 121.53703703703704 0.4228395061728395 135.5185185185185 45.333333333333336 0.018518518518518517 45.31481481481482 0.8628084000665694
376000 22.01851851851852 22.01851851851852 121.53703703703704 0.4228395061728395 135.5185185185185 45.333333333333336 0.018518518518518517 45.31481481481482 0.8187939000781626
378000 22.01851851851852 22.01851851851852 121.53703703703704 0.4228395061728395 135.5185185185185 45.333333333333336 0.018518518518518517 45.31481481481482 0.8484476001467556
380000 22.01851851851852 22.01851851851852 121.53703703703704 0.4228395061728395 135.5185185185185 45.333333333333336 0.018518518518518517 45.31481481481482 0.8149183001369238
382000 22.01851851851852 22.01851851851852 121.53703703703704 0.4228395061728395 135.5185185185185 45.333333333333336 0.018518518518518517 45.31481481481482 0.6841734000481665
384000 22.01851851851852 22.01851851851852 121.53703703703704 0.4228395061728395 135.5185185185185 45.333333333333336 0.018518518518518517 45.31481481481482 0.7100442999508232
386000 22.01851851851852 22.01851851851852 121.53703703703704 0.4228395061728395 135.5185185185185 45.333333333333336 0.018518518518518517 45.31481481481482 0.6671587000600994
388000 22.01851851851852 22.01851851851852 121.53703703703704 0.4228395061728395 135.5185185185185 45.333333333333336 0.018518518518518517 45.31481481481482 0.6727469000034034
390000 22.01851851851852 22.01851851851852 121.53703703703704 0.4228395061728395 135.5185185185185 45.333333333333336 0.018518518518518517 45.31481481481482 0.6838101001922041
392000 22.01851851851852 22.01851851851852 121.53703703703704 0.4228395061728395 135.5185185185185 45.333333333333336 0.018518518518518517 45.31481481481482 0.7318137001711875
394000 22.01851851851852 22.01851851851852 121.53703703703704 0.4228395061728395 135.5185185185185 45.333333333333336 0.018518518518518517 45.31481481481482 0.680859399959445
396000 22.01851851851852 22.01851851851852 121.53703703703704 0.4228395061728395 135.5185185185185 45.333333333333336 0.018518518518518517 45.31481481481482 0.6849752999842167
398000 22.01851851851852 22.01851851851852 121.53703703703704 0.4228395061728395 135.5185185185185 45.333333333333336 0.018518518518518517 45.31481481481482 0.7367026000283659
400000 22.01851851851852 22.01851851851852 121.53703703703704 0.4228395061728395 135.5185185185185 45.333333333333336 0.018518518518518517 45.31481481481482 0.7645715000107884
402000 22.01851851851852 22.01851851851852 121.53703703703704 0.4228395061728395 135.5185185185185 45.333333333333336 0.018518518518518517 45.31481481481482 0.6712251000571996
404000 22.01851851851852 22.01851851851852 121.53703703703704 0.4228395061728395 135.5185185185185 45.333333333333336 0.018518518518518517 45.31481481481482 0.7052130999509245
406000 22.01851851851852 22.01851851851852 121.53703703703704 0.4228395061728395 135.5185185185185 45.333333333333336 0.018518518518518517 45.31481481481482 0.6731016000267118
408000 22.01851851851852 22.01851851851852 121.53703703703704 0.4228395061728395 135.5185185185185 45.333333333333336 0.018518518518518517 45.31481481481482 0.7257258000317961
410000 22.01851851851852 22.01851851851852 121.53703703703704 0.4228395061728395 135.5185185185185 45.333333333333336 0.018518518518518517 45.31481481481482 0.6646958999335766
412000 22.01851851851852 22.01851851851852 121.53703703703704 0.4228395061728395 135.5185185185185 45.333333333333336 0.018518518518518517 45.31481481481482 0.7407378000207245
414000 22.01851851851852 22.01851851851852 121.53703703703704 0.4228395061728395 135.5185185185185 45.333333333333336 0.018518518518518517 45.31481481481482 0.662418199935928
416000 22.01851851851852 22.01851851851852 121.53703703703704 0.4228395061728395 135.5185185185185 45.333333333333336 0.018518518518518517 45.31481481481482 0.6729562000837177
418000 22.01851851851852 22.01851851851852 121.53703703703704 0.4228395061728395 135.5185185185185 45.333333333333336 0.018518518518518517 45.31481481481482 0.6622266001068056
420000 22.01851851851852 22.01851851851852 121.53703703703704 0.4228395061728395 135.5185185185185 45.333333333333336 0.018518518518518517 45.31481481481482 0.6676505000796169
422000 22.01851851851852 22.01851851851852 121.53703703703704 0.4228395061728395 135.5185185185185 45.333333333333336 0.018518518518518517 45.31481481481482 0.6856925999745727
424000 22.01851851851852 22.01851851851852 121.53703703703704 0.4228395061728395 135.5185185185185 45.333333333333336 0.018518518518518517 45.31481481481482 0.6774263000115752
426000 22.01851851851852 22.01851851851852 121.53703703703704 0.4228395061728395 135.5185185185185 45.333333333333336 0.018518518518518517 45.31481481481482 0.6775998999364674
428000 22.01851851851852 22.01851851851852 121.53703703703704 0.4228395061728395 135.5185185185185 45.333333333333336 0.018518518518518517 45.31481481481482 0.6997551000677049
430000 22.01851851851852 22.01851851851852 121.53703703703704 0.4228395061728395 135.5185185185185 45.333333333333336 0.018518518518518517 45.31481481481482 0.8429590000305325
432000 28.537037037037038 28.055555555555557 121.88888888888889 0.4583333333333332 135.5185185185185 45.333333333333336 0.018518518518518517 45.31481481481482 0.7136607000138611
434000 22.01851851851852 22.01851851851852 121.53703703703704 0.4228395061728395 135.5185185185185 45.333333333333336 0.018518518518518517 45.31481481481482 0.7000509002245963
436000 22.01851851851852 22.01851851851852 121.53703703703704 0.4228395061728395 135.5185185185185 45.333333333333336 0.018518518518518517 45.31481481481482 0.6726132000330836
438000 22.01851851851852 22.01851851851852 121.53703703703704 0.4228395061728395 135.5185185185185 45.333333333333336 0.018518518518518517 45.31481481481482 0.7840448999777436
440000 22.01851851851852 22.01851851851852 121.53703703703704 0.4228395061728395 135.5185185185185 45.333333333333336 0.018518518518518517 45.31481481481482 0.7660844000056386
442000 22.01851851851852 22.01851851851852 121.53703703703704 0.4228395061728395 135.5185185185185 45.333333333333336 0.018518518518518517 45.31481481481482 0.7607291999738663
444000 22.01851851851852 22.01851851851852 121.53703703703704 0.4228395061728395 135.5185185185185 45.333333333333336 0.018518518518518517 45.31481481481482 0.6815100000239909
446000 28.5 28.037037037037038 121.83333333333333 0.470679012345679 135.5185185185185 45.333333333333336 0.018518518518518517 45.31481481481482 0.6615766000468284
448000 22.01851851851852 22.01851851851852 121.53703703703704 0.4228395061728395 135.5185185185185 45.333333333333336 0.018518518518518517 45.31481481481482 0.711775700096041
450000 22.01851851851852 22.01851851851852 121.53703703703704 0.4228395061728395 135.5185185185185 45.333333333333336 0.018518518518518517 45.31481481481482 0.6831970000639558
452000 28.537037037037038 28.055555555555557 121.88888888888889 0.4583333333333332 135.5185185185185 45.333333333333336 0.018518518518518517 45.31481481481482 0.7728589000180364
454000 22.01851851851852 22.01851851851852 121.53703703703704 0.4228395061728395 135.5185185185185 45.333333333333336 0.018518518518518517 45.31481481481482 0.7061504998710006
456000 22.01851851851852 22.01851851851852 121.53703703703704 0.4228395061728395 135.5185185185185 45.333333333333336 0.018518518518518517 45.31481481481482 0.6672086999751627
458000 28.537037037037038 28.055555555555557 121.88888888888889 0.4583333333333332 135.5185185185185 45.333333333333336 0.018518518518518517 45.31481481481482 0.6666301998775452
460000 22.01851851851852 22.01851851851852 121.53703703703704 0.4228395061728395 135.5185185185185 45.333333333333336 0.018518518518518517 45.31481481481482 0.7092373999767005
462000 28.537037037037038 28.055555555555557 121.88888888888889 0.4583333333333332 135.5185185185185 45.333333333333336 0.018518518518518517 45.31481481481482 0.7091813001316041
464000 28.537037037037038 28.055555555555557 121.88888888888889 0.4583333333333332 135.5185185185185 45.333333333333336 0.018518518518518517 45.31481481481482 0.7830716997850686
466000 28.537037037037038 28.055555555555557 121.88888888888889 0.4583333333333332 135.5185185185185 45.333333333333336 0.018518518518518517 45.31481481481482 0.7036039000377059
468000 22.01851851851852 22.01851851851852 121.53703703703704 0.4228395061728395 135.5185185185185 45.333333333333336 0.018518518518518517 45.31481481481482 0.7161423000507057
470000 22.01851851851852 22.01851851851852 121.53703703703704 0.4228395061728395 135.5185185185185 45.333333333333336 0.018518518518518517 45.31481481481482 0.6728278000373393
472000 22.01851851851852 22.01851851851852 121.53703703703704 0.4228395061728395 135.5185185185185 45.333333333333336 0.018518518518518517 45.31481481481482 0.6834140999708325
474000 22.01851851851852 22.01851851851852 121.53703703703704 0.4228395061728395 135.5185185185185 45.333333333333336 0.018518518518518517 45.31481481481482 0.6986684000585228
476000 22.01851851851852 22.01851851851852 121.53703703703704 0.4228395061728395 135.5185185185185 45.333333333333336 0.018518518518518517 45.31481481481482 0.7186505999416113
478000 22.01851851851852 22.01851851851852 121.53703703703704 0.4228395061728395 135.5185185185185 45.333333333333336 0.018518518518518517 45.31481481481482 0.7083463000599295
480000 22.01851851851852 22.01851851851852 121.53703703703704 0.4228395061728395 135.5185185185185 45.333333333333336 0.018518518518518517 45.31481481481482 0.7265369999222457
482000 22.01851851851852 22.01851851851852 121.53703703703704 0.4228395061728395 135.5185185185185 45.333333333333336 0.018518518518518517 45.31481481481482 0.82323809992522
484000 22.01851851851852 22.01851851851852 121.53703703703704 0.4228395061728395 135.5185185185185 45.333333333333336 0.018518518518518517 45.31481481481482 0.7615380000788718
486000 22.01851851851852 22.01851851851852 121.53703703703704 0.4228395061728395 135.5185185185185 45.333333333333336 0.018518518518518517 45.31481481481482 0.725129900034517
488000 22.01851851851852 22.01851851851852 121.53703703703704 0.4228395061728395 135.5185185185185 45.333333333333336 0.018518518518518517 45.31481481481482 0.7803537999279797
490000 22.01851851851852 22.01851851851852 121.53703703703704 0.4228395061728395 135.5185185185185 45.333333333333336 0.018518518518518517 45.31481481481482 0.6987008000724018
492000 22.01851851851852 22.01851851851852 121.53703703703704 0.4228395061728395 135.5185185185185 45.333333333333336 0.018518518518518517 45.31481481481482 0.7090160001534969
494000 22.01851851851852 22.01851851851852 121.53703703703704 0.4228395061728395 135.5185185185185 45.333333333333336 0.018518518518518517 45.31481481481482 0.5440891999751329
496000 22.01851851851852 22.01851851851852 121.53703703703704 0.4228395061728395 135.5185185185185 45.333333333333336 0.018518518518518517 45.31481481481482 0.5869453998748213
498000 22.01851851851852 22.01851851851852 121.53703703703704 0.4228395061728395 135.5185185185185 45.333333333333336 0.018518518518518517 45.31481481481482 0.5592656000517309
500000 22.01851851851852 22.01851851851852 121.53703703703704 0.4228395061728395 135.5185185185185 45.333333333333336 0.018518518518518517 45.31481481481482 0.5550118000246584
