2000 1.4074074074074074 -1.0 129.40740740740742 0.012345679012345678 135.5185185185185 45.333333333333336 0.0 45.333333333333336 0.6456324998289347
4000 7.037037037037037 6.111111111111111 127.4074074074074 0.15432098765432098 135.5185185185185 45.333333333333336 0.0 45.333333333333336 0.7071119998581707
6000 5.7407407407407405 4.907407407407407 125.46296296296296 0.23456790123456792 135.5185185185185 45.333333333333336 0.0 45.333333333333336 0.7522857000585645
8000 9.444444444444445 9.333333333333334 124.83333333333333 0.28240740740740744 135.5185185185185 45.333333333333336 0.0 45.333333333333336 0.7292625000700355
10000 10.38888888888889 10.38888888888889 124.01851851851852 0.3132716049382716 135.5185185185185 45.333333333333336 0.0 45.333333333333336 0.7550434998702258
12000 10.38888888888889 10.38888888888889 124.01851851851852 0.3132716049382716 135.5185185185185 45.333333333333336 0.0 45.333333333333336 0.696956800064072
14000 10.38888888888889 10.38888888888889 124.01851851851852 0.3132716049382716 135.5185185185185 45.333333333333336 0.0 45.333333333333336 0.7028077999129891
16000 10.38888888888889 10.38888888888889 124.01851851851852 0.3132716049382716 135.5185185185185 45.333333333333336 0.0 45.333333333333336 0.7812624000944197
18000 18.14814814814815 18.14814814814815 123.11111111111111 0.2962962962962963 135.5185185185185 45.333333333333336 0.0 45.333333333333336 0.7173228999599814
20000 18.74074074074074 18.74074074074074 123.03703703703704 0.2962962962962963 135.5185185185185 45.333333333333336 0.0 45.333333333333336 0.7395939000416547
22000 18.74074074074074 18.74074074074074 123.03703703703704 0.2962962962962963 135.5185185185185 45.333333333333336 0.0 45.333333333333336 0.7220035002101213
24000 21.72222222222222 21.72222222222222 123.12962962962963 0.31790123456790126 135.5185185185185 45.333333333333336 0.0 45.333333333333336 0.709214799804613
26000 21.72222222222222 21.72222222222222 123.12962962962963 0.31790123456790126 135.5185185185185 45.333333333333336 0.0 45.333333333333336 0.7322755998466164
28000 21.72222222222222 21.72222222222222 123.12962962962963 0.31790123456790126 135.5185185185185 45.333333333333336 0.0 45.333333333333336 0.6910153001081198
30000 21.72222222222222 21.72222222222222 123.12962962962963 0.31790123456790126 135.5185185185185 45.333333333333336 0.0 45.333333333333336 0.7954118999186903
32000 21.72222222222222 21.72222222222222 123.12962962962963 0.31790123456790126 135.5185185185185 45.333333333333336 0.0 45.333333333333336 0.7494709000457078
34000 21.72222222222222 21.72222222222222 123.12962962962963 0.31790123456790126 135.5185185185185 45.333333333333336 0.0 45.333333333333336 0.6579284998588264
36000 33.5 33.5 120.94444444444444 0.3626543209876544 135.5185185185185 45.333333333333336 0.018518518518518517 45.31481481481482 0.759282800136134
38000 33.5 33.5 120.94444444444444 0.3626543209876544 135.5185185185185 45.333333333333336 0.018518518518518517 45.31481481481482 0.6737749997992069
40000 33.5 33.5 120.94444444444444 0.3626543209876544 135.5185185185185 45.333333333333336 0.018518518518518517 45.31481481481482 0.7418064000084996
42000 33.5 33.5 120.94444444444444 0.3626543209876544 135.5185185185185 45.333333333333336 0.018518518518518517 45.31481481481482 0.8347136001102626
44000 33.5 33.5 120.94444444444444 0.3626543209876544 135.5185185185185 45.333333333333336 0.018518518518518517 45.31481481481482 0.6840327999088913
46000 33.5 33.5 120.94444444444444 0.3626543209876544 135.5185185185185 45.333333333333336 0.018518518518518517 45.31481481481482 0.6946978999767452
48000 33.5 33.5 120.94444444444444 0.3626543209876544 135.5185185185185 45.333333333333336 0.018518518518518517 45.31481481481482 0.6754632000811398
50000 33.5 33.5 120.94444444444444 0.3626543209876544 135.5185185185185 45.333333333333336 0.018518518518518517 45.31481481481482 0.6655357000418007
52000 33.5 33.5 120.94444444444444 0.3626543209876544 135.5185185185185 45.333333333333336 0.018518518518518517 45.31481481481482 0.7314249000046402
54000 33.5 33.5 120.94444444444444 0.3626543209876544 135.5185185185185 45.333333333333336 0.018518518518518517 45.31481481481482 0.7858895999379456
56000 33.5 33.5 120.94444444444444 0.3626543209876544 135.5185185185185 45.333333333333336 0.018518518518518517 45.31481481481482 0.7099969000555575
58000 33.5 33.5 120.94444444444444 0.3626543209876544 135.5185185185185 45.333333333333336 0.018518518518518517 45.31481481481482 0.6931805000640452
60000 33.5 33.5 120.94444444444444 0.3626543209876544 135.5185185185185 45.333333333333336 0.018518518518518517 45.31481481481482 0.8456346001476049
62000 33.5 33.5 120.94444444444444 0.3626543209876544 135.5185185185185 45.333333333333336 0.018518518518518517 45.31481481481482 0.6547244999092072
64000 33.5 33.5 120.94444444444444 0.3626543209876544 135.5185185185185 45.333333333333336 0.018518518518518517 45.31481481481482 0.6746793000493199
66000 33.5 33.5 120.94444444444444 0.3626543209876544 135.5185185185185 45.333333333333336 0.018518518518518517 45.31481481481482 0.7524153999984264
68000 33.5 33.5 120.94444444444444 0.3626543209876544 135.5185185185185 45.333333333333336 0.018518518518518517 45.31481481481482 0.6684447999577969
70000 33.5 33.5 120.94444444444444 0.3626543209876544 135.5185185185185 45.333333333333336 0.018518518518518517 45.31481481481482 0.7835263998713344
72000 33.5 33.5 120.94444444444444 0.3626543209876544 135.5185185185185 45.333333333333336 0.018518518518518517 45.31481481481482 0.7138276000041515
74000 33.5 33.5 120.94444444444444 0.3626543209876544 135.5185185185185 45.333333333333336 0.018518518518518517 45.31481481481482 0.6636169999837875
76000 33.5 33.5 120.94444444444444 0.3626543209876544 135.5185185185185 45.333333333333336 0.018518518518518517 45.31481481481482 0.6729599998798221
78000 33.5 33.5 120.94444444444444 0.3626543209876544 135.5185185185185 45.333333333333336 0.018518518518518517 45.31481481481482 0.8062431998550892
80000 33.5 33.5 120.94444444444444 0.3626543209876544 135.5185185185185 45.333333333333336 0.018518518518518517 45.31481481481482 0.7115392000414431
82000 33.5 33.5 120.94444444444444 0.3626543209876544 135.5185185185185 45.333333333333336 0.018518518518518517 45.31481481481482 0.8667615000158548
84000 33.5 33.5 120.94444444444444 0.3626543209876544 135.5185185185185 45.333333333333336 0.018518518518518517 45.31481481481482 0.9110090998001397
86000 33.5 33.5 120.94444444444444 0.3626543209876544 135.5185185185185 45.333333333333336 0.018518518518518517 45.31481481481482 0.7286000999156386
88000 33.5 33.5 120.94444444444444 0.3626543209876544 135.5185185185185 45.333333333333336 0.018518518518518517 45.31481481481482 0.6771907999645919
90000 33.5 33.5 120.94444444444444 0.3626543209876544 135.5185185185185 45.333333333333336 0.018518518518518517 45.31481481481482 0.6732458001933992
92000 33.5 33.5 120.94444444444444 0.3626543209876544 135.5185185185185 45.333333333333336 0.018518518518518517 45.31481481481482 0.6811506000813097
94000 33.5 33.5 120.94444444444444 0.3626543209876544 135.5185185185185 45.333333333333336 0.018518518518518517 45.31481481481482 0.6569234000053257
96000 33.5 33.5 120.94444444444444 0.3626543209876544 135.5185185185185 45.333333333333336 0.018518518518518517 45.31481481481482 0.654611699981615
98000 33.5 33.5 120.94444444444444 0.3626543209876544 135.5185185185185 45.333333333333336 0.018518518518518517 45.31481481481482 0.8421485000289977
100000 33.5 33.5 120.94444444444444 0.3626543209876544 135.5185185185185 45.333333333333336 0.018518518518518517 45.31481481481482 0.668149100150913
102000 33.5 33.5 120.94444444444444 0.3626543209876544 135.5185185185185 45.333333333333336 0.018518518518518517 45.31481481481482 0.6701260998379439
104000 33.5 33.5 120.94444444444444 0.3626543209876544 135.5185185185185 45.333333333333336 0.018518518518518517 45.31481481481482 0.696765200002119
106000 33.5 33.5 120.94444444444444 0.3626543209876544 135.5185185185185 45.333333333333336 0.018518518518518517 45.31481481481482 0.7371036999393255
108000 33.5 33.5 120.94444444444444 0.3626543209876544 135.5185185185185 45.333333333333336 0.018518518518518517 45.31481481481482 0.6968522001989186
110000 33.5 33.5 120.94444444444444 0.3626543209876544 135.5185185185185 45.333333333333336 0.018518518518518517 45.31481481481482 0.6826182999648154
112000 33.5 33.5 120.94444444444444 0.3626543209876544 135.5185185185185 45.333333333333336 0.018518518518518517 45.31481481481482 0.8183402998838574
114000 33.5 33.5 120.94444444444444 0.3626543209876544 135.5185185185185 45.333333333333336 0.018518518518518517 45.31481481481482 0.7126917999703437
116000 33.5 33.5 120.94444444444444 0.3626543209876544 135.5185185185185 45.333333333333336 0.018518518518518517 45.31481481481482 0.6677284999750555
118000 33.5 33.5 120.94444444444444 0.3626543209876544 135.5185185185185 45.333333333333336 0.018518518518518517 45.31481481481482 0.7213469000998884
120000 33.5 33.5 120.94444444444444 0.3626543209876544 135.5185185185185 45.333333333333336 0.018518518518518517 45.31481481481482 0.7188716002274305
122000 33.5 33.5 120.94444444444444 0.3626543209876544 135.5185185185185 45.333333333333336 0.018518518518518517 45.31481481481482 0.7232740998733789
124000 33.5 33.5 120.94444444444444 0.3626543209876544 135.5185185185185 45.333333333333336 0.018518518518518517 45.31481481481482 0.7607933999970555
126000 33.5 33.5 120.94444444444444 0.3626543209876544 135.5185185185185 45.333333333333336 0.018518518518518517 45.31481481481482 0.6724646999500692
128000 33.5 33.5 120.94444444444444 0.3626543209876544 135.5185185185185 45.333333333333336 0.018518518518518517 45.31481481481482 0.7056117998436093
130000 33.5 33.5 120.94444444444444 0.3626543209876544 135.5185185185185 45.333333333333336 0.018518518518518517 45.31481481481482 0.7429412000346929
132000 33.5 33.5 120.94444444444444 0.3626543209876544 135.5185185185185 45.333333333333336 0.018518518518518517 45.31481481481482 0.6696250000968575
134000 33.5 33.5 120.94444444444444 0.3626543209876544 135.5185185185185 45.333333333333336 0.018518518518518517 45.31481481481482 0.7647337999660522
136000 33.5 33.5 120.94444444444444 0.3626543209876544 135.5185185185185 45.333333333333336 0.018518518518518517 45.31481481481482 0.6850726997945458
138000 33.5 33.5 120.94444444444444 0.3626543209876544 135.5185185185185 45.333333333333336 0.018518518518518517 45.31481481481482 0.7814345001243055
140000 33.5 33.5 120.94444444444444 0.3626543209876544 135.5185185185185 45.333333333333336 0.018518518518518517 45.31481481481482 0.6760778999887407
142000 33.5 33.5 120.94444444444444 0.3626543209876544 135.5185185185185 45.333333333333336 0.018518518518518517 45.31481481481482 0.8158667001407593
144000 33.5 33.5 120.94444444444444 0.3626543209876544 135.5185185185185 45.333333333333336 0.018518518518518517 45.31481481481482 0.7292055999860168
146000 33.5 33.5 120.94444444444444 0.3626543209876544 135.5185185185185 45.333333333333336 0.018518518518518517 45.31481481481482 0.6861541999969631
148000 33.5 33.5 120.94444444444444 0.3626543209876544 135.5185185185185 45.333333333333336 0.018518518518518517 45.31481481481482 0.6726402000058442
150000 33.5 33.5 120.94444444444444 0.3626543209876544 135.5185185185185 45.333333333333336 0.018518518518518517 45.31481481481482 0.6824578999076039
152000 33.5 33.5 120.94444444444444 0.3626543209876544 135.5185185185185 45.333333333333336 0.018518518518518517 45.31481481481482 0.7058637000154704
154000 33.5 33.5 120.94444444444444 0.3626543209876544 135.5185185185185 45.333333333333336 0.018518518518518517 45.31481481481482 0.672489799791947
156000 33.5 33.5 120.94444444444444 0.3626543209876544 135.5185185185185 45.333333333333336 0.018518518518518517 45.31481481481482 0.6957763000391424
158000 33.5 33.5 120.94444444444444 0.3626543209876544 135.5185185185185 45.333333333333336 0.018518518518518517 45.31481481481482 0.7219648000318557
160000 33.5 33.5 120.94444444444444 0.3626543209876544 135.5185185185185 45.333333333333336 0.018518518518518517 45.31481481481482 0.7022810000926256
162000 33.5 33.5 120.94444444444444 0.3626543209876544 135.5185185185185 45.333333333333336 0.018518518518518517 45.31481481481482 0.7660522998776287
164000 33.5 33.5 120.94444444444444 0.3626543209876544 135.5185185185185 45.333333333333336 0.018518518518518517 45.31481481481482 0.7866193000227213
166000 33.5 33.5 120.94444444444444 0.3626543209876544 135.5185185185185 45.333333333333336 0.018518518518518517 45.31481481481482 0.7142519000917673
168000 33.5 33.5 120.94444444444444 0.3626543209876544 135.5185185185185 45.333333333333336 0.018518518518518517 45.31481481481482 0.7236891998909414
170000 33.5 33.5 120.94444444444444 0.3626543209876544 135.5185185185185 45.333333333333336 0.018518518518518517 45.31481481481482 0.8106378000229597
172000 33.5 33.5 120.94444444444444 0.3626543209876544 135.5185185185185 45.333333333333336 0.018518518518518517 45.31481481481482 0.8999793999828398
174000 33.5 33.5 120.94444444444444 0.3626543209876544 135.5185185185185 45.333333333333336 0.018518518518518517 45.31481481481482 0.684686099877581
176000 33.5 33.5 120.94444444444444 0.3626543209876544 135.5185185185185 45.333333333333336 0.018518518518518517 45.31481481481482 0.7026772000826895
178000 33.5 33.5 120.94444444444444 0.3626543209876544 135.5185185185185 45.333333333333336 0.018518518518518517 45.31481481481482 0.6955361000727862
180000 33.5 33.5 120.94444444444444 0.3626543209876544 135.5185185185185 45.333333333333336 0.018518518518518517 45.31481481481482 0.7375551001168787
182000 33.5 33.5 120.94444444444444 0.3626543209876544 135.5185185185185 45.333333333333336 0.018518518518518517 45.31481481481482 0.6801894998643547
184000 33.5 33.5 120.94444444444444 0.3626543209876544 135.5185185185185 45.333333333333336 0.018518518518518517 45.31481481481482 0.6551838000304997
186000 33.5 33.5 120.94444444444444 0.3626543209876544 135.5185185185185 45.333333333333336 0.018518518518518517 45.31481481481482 0.6761624999344349
188000 33.5 33.5 120.94444444444444 0.3626543209876544 135.5185185185185 45.333333333333336 0.018518518518518517 45.31481481481482 0.6812805000226945
190000 33.5 33.5 120.94444444444444 0.3626543209876544 135.5185185185185 45.333333333333336 0.018518518518518517 45.31481481481482 0.6724531000945717
192000 33.5 33.5 120.94444444444444 0.3626543209876544 135.5185185185185 45.333333333333336 0.018518518518518517 45.31481481481482 0.7666125998366624
194000 33.5 33.5 120.94444444444444 0.3626543209876544 135.5185185185185 45.333333333333336 0.018518518518518517 45.31481481481482 0.7906156000681221
196000 42.72222222222222 42.27777777777778 121.18518518518519 0.4305555555555554 135.5185185185185 45.333333333333336 0.018518518518518517 45.31481481481482 0.6906832000240684
198000 33.5 33.5 120.94444444444444 0.3626543209876544 135.5185185185185 45.333333333333336 0.018518518518518517 45.31481481481482 0.7228117000777274
200000 33.5 33.5 120.94444444444444 0.3626543209876544 135.5185185185185 45.333333333333336 0.018518518518518517 45.31481481481482 0.6976239001378417
202000 33.5 33.5 120.94444444444444 0.3626543209876544 135.5185185185185 45.333333333333336 0.018518518518518517 45.31481481481482 0.6630861000157893
204000 33.5 33.5 120.94444444444444 0.3626543209876544 135.5185185185185 45.333333333333336 0.018518518518518517 45.31481481481482 0.6654182001948357
206000 33.5 33.5 120.94444444444444 0.3626543209876544 135.5185185185185 45.333333333333336 0.018518518518518517 45.31481481481482 0.6654172998387367
208000 33.5 33.5 120.94444444444444 0.3626543209876544 135.5185185185185 45.333333333333336 0.018518518518518517 45.31481481481482 0.6978354000020772
210000 33.5 33.5 120.94444444444444 0.3626543209876544 135.5185185185185 45.333333333333336 0.018518518518518517 45.31481481481482 0.6871386000420898
212000 33.5 33.5 120.94444444444444 0.3626543209876544 135.5185185185185 45.333333333333336 0.018518518518518517 45.31481481481482 0.6788998998235911
214000 33.5 33.5 120.94444444444444 0.3626543209876544 135.5185185185185 45.333333333333336 0.018518518518518517 45.31481481481482 0.6866866999771446
216000 33.5 33.5 120.94444444444444 0.3626543209876544 135.5185185185185 45.333333333333336 0.018518518518518517 45.31481481481482 0.8089212998747826
218000 33.5 33.5 120.94444444444444 0.3626543209876544 135.5185185185185 45.333333333333336 0.018518518518518517 45.31481481481482 0.7480268999934196
220000 33.5 33.5 120.94444444444444 0.3626543209876544 135.5185185185185 45.333333333333336 0.018518518518518517 45.31481481481482 0.6749598998576403
222000 33.5 33.5 120.94444444444444 0.3626543209876544 135.5185185185185 45.333333333333336 0.018518518518518517 45.31481481481482 0.6733147001359612
224000 33.5 33.5 120.94444444444444 0.3626543209876544 135.5185185185185 45.333333333333336 0.018518518518518517 45.31481481481482 0.7027396999765188
226000 33.5 33.5 120.94444444444444 0.3626543209876544 135.5185185185185 45.333333333333336 0.018518518518518517 45.31481481481482 0.7553934000898153
228000 33.5 33.5 120.94444444444444 0.3626543209876544 135.5185185185185 45.333333333333336 0.018518518518518517 45.31481481481482 0.7393600998912007
230000 33.5 33.5 120.94444444444444 0.3626543209876544 135.5185185185185 45.333333333333336 0.018518518518518517 45.31481481481482 0.7001199999358505
232000 33.5 33.5 120.94444444444444 0.3626543209876544 135.5185185185185 45.333333333333336 0.018518518518518517 45.31481481481482 0.6785577000118792
234000 33.5 33.5 120.94444444444444 0.3626543209876544 135.5185185185185 45.333333333333336 0.018518518518518517 45.31481481481482 0.6677540999371558
236000 33.5 33.5 120.94444444444444 0.3626543209876544 135.5185185185185 45.333333333333336 0.018518518518518517 45.31481481481482 0.8341665000189096
238000 33.5 33.5 120.94444444444444 0.3626543209876544 135.5185185185185 45.333333333333336 0.018518518518518517 45.31481481481482 0.8325020999182016
240000 33.5 33.5 120.94444444444444 0.3626543209876544 135.5185185185185 45.333333333333336 0.018518518518518517 45.31481481481482 0.8254628998693079
242000 33.5 33.5 120.94444444444444 0.3626543209876544 135.5185185185185 45.333333333333336 0.018518518518518517 45.31481481481482 0.8741917000152171
244000 33.5 33.5 120.94444444444444 0.3626543209876544 135.5185185185185 45.333333333333336 0.018518518518518517 45.31481481481482 0.8069850001484156
246000 33.5 33.5 120.94444444444444 0.3626543209876544 135.5185185185185 45.333333333333336 0.018518518518518517 45.31481481481482 0.8289403000380844
248000 33.5 33.5 120.94444444444444 0.3626543209876544 135.5185185185185 45.333333333333336 0.018518518518518517 45.31481481481482 0.8885848999489099
250000 33.5 33.5 120.94444444444444 0.3626543209876544 135.5185185185185 45.333333333333336 0.018518518518518517 45.31481481481482 0.9071844001300633
252000 33.5 33.5 120.94444444444444 0.3626543209876544 135.5185185185185 45.333333333333336 0.018518518518518517 45.31481481481482 0.864478399977088
254000 42.72222222222222 42.27777777777778 121.18518518518519 0.4305555555555554 135.5185185185185 45.333333333333336 0.018518518518518517 45.31481481481482 0.8478983000386506
256000 33.5 33.5 120.94444444444444 0.3626543209876544 135.5185185185185 45.333333333333336 0.018518518518518517 45.31481481481482 0.8284461998846382
258000 33.5 33.5 120.94444444444444 0.3626543209876544 135.5185185185185 45.333333333333336 0.018518518518518517 45.31481481481482 0.9154171000700444
260000 33.5 33.5 120.94444444444444 0.3626543209876544 135.5185185185185 45.333333333333336 0.018518518518518517 45.31481481481482 0.8459862000308931
262000 33.5 33.5 120.94444444444444 0.3626543209876544 135.5185185185185 45.333333333333336 0.018518518518518517 45.31481481481482 0.8887207999359816
264000 33.5 33.5 120.94444444444444 0.3626543209876544 135.5185185185185 45.333333333333336 0.018518518518518517 45.31481481481482 0.8449911999050528
266000 33.5 33.5 120.94444444444444 0.3626543209876544 135.5185185185185 45.333333333333336 0.018518518518518517 45.31481481481482 0.7911537000909448
268000 33.5 33.5 120.94444444444444 0.3626543209876544 135.5185185185185 45.333333333333336 0.018518518518518517 45.31481481481482 0.8380066000390798
270000 33.5 33.5 120.94444444444444 0.3626543209876544 135.5185185185185 45.333333333333336 0.018518518518518517 45.31481481481482 0.8759303998667747
272000 42.72222222222222 42.27777777777778 121.18518518518519 0.4305555555555554 135.5185185185185 45.333333333333336 0.018518518518518517 45.31481481481482 0.8073352999053895
274000 42.72222222222222 42.27777777777778 121.18518518518519 0.4305555555555554 135.5185185185185 45.333333333333336 0.018518518518518517 45.31481481481482 0.7983501001726836
276000 42.72222222222222 42.27777777777778 121.18518518518519 0.4305555555555554 135.5185185185185 45.333333333333336 0.018518518518518517 45.31481481481482 0.7672383999451995
278000 42.72222222222222 42.27777777777778 121.18518518518519 0.4305555555555554 135.5185185185185 45.333333333333336 0.018518518518518517 45.31481481481482 0.783114000223577
280000 33.5 33.5 120.94444444444444 0.3626543209876544 135.5185185185185 45.333333333333336 0.018518518518518517 45.31481481481482 0.882206300040707
282000 33.5 33.5 120.94444444444444 0.3626543209876544 135.5185185185185 45.333333333333336 0.018518518518518517 45.31481481481482 0.8142866999842227
284000 33.5 33.5 120.94444444444444 0.3626543209876544 135.5185185185185 45.333333333333336 0.018518518518518517 45.31481481481482 0.8171169001143426
286000 33.5 33.5 120.94444444444444 0.3626543209876544 135.5185185185185 45.333333333333336 0.018518518518518517 45.31481481481482 0.8125493999104947
288000 33.5 33.5 120.94444444444444 0.3626543209876544 135.5185185185185 45.333333333333336 0.018518518518518517 45.31481481481482 0.8449993000831455
290000 33.5 33.5 120.94444444444444 0.3626543209876544 135.5185185185185 45.333333333333336 0.018518518518518517 45.31481481481482 0.8121645001228899
292000 33.5 33.5 120.94444444444444 0.3626543209876544 135.5185185185185 45.333333333333336 0.018518518518518517 45.31481481481482 0.8286594999954104
294000 33.5 33.5 120.94444444444444 0.3626543209876544 135.5185185185185 45.333333333333336 0.018518518518518517 45.31481481481482 0.7771979998797178
296000 33.5 33.5 120.94444444444444 0.3626543209876544 135.5185185185185 45.333333333333336 0.018518518518518517 45.31481481481482 0.8338124000001699
298000 33.5 33.5 120.94444444444444 0.3626543209876544 135.5185185185185 45.333333333333336 0.018518518518518517 45.31481481481482 0.8260682001709938
300000 33.5 33.5 120.94444444444444 0.3626543209876544 135.5185185185185 45.333333333333336 0.018518518518518517 45.31481481481482 0.8227303000167012
302000 33.5 33.5 120.94444444444444 0.3626543209876544 135.5185185185185 45.333333333333336 0.018518518518518517 45.31481481481482 0.8157858999911696
304000 33.5 33.5 120.94444444444444 0.3626543209876544 135.5185185185185 45.333333333333336 0.018518518518518517 45.31481481481482 0.8034427999518812
306000 33.5 33.5 120.94444444444444 0.3626543209876544 135.5185185185185 45.333333333333336 0.018518518518518517 45.31481481481482 0.8038643999025226
308000 33.5 33.5 120.94444444444444 0.3626543209876544 135.5185185185185 45.333333333333336 0.018518518518518517 45.31481481481482 0.8271238999441266
310000 33.5 33.5 120.94444444444444 0.3626543209876544 135.5185185185185 45.333333333333336 0.018518518518518517 45.31481481481482 0.8296033998485655
312000 33.5 33.5 120.94444444444444 0.3626543209876544 135.5185185185185 45.333333333333336 0.018518518518518517 45.31481481481482 0.9190062000416219
314000 33.5 33.5 120.94444444444444 0.3626543209876544 135.5185185185185 45.333333333333336 0.018518518518518517 45.31481481481482 0.800028899917379
316000 33.5 33.5 120.94444444444444 0.3626543209876544 135.5185185185185 45.333333333333336 0.018518518518518517 45.31481481481482 0.8416268001310527
318000 33.5 33.5 120.94444444444444 0.3626543209876544 135.5185185185185 45.333333333333336 0.018518518518518517 45.31481481481482 0.8185606999322772
320000 33.5 33.5 120.94444444444444 0.3626543209876544 135.5185185185185 45.333333333333336 0.018518518518518517 45.31481481481482 0.8546689001377672
322000 33.5 33.5 120.94444444444444 0.3626543209876544 135.5185185185185 45.333333333333336 0.018518518518518517 45.31481481481482 0.7848468001466244
324000 33.5 33.5 120.94444444444444 0.3626543209876544 135.5185185185185 45.333333333333336 0.018518518518518517 45.31481481481482 0.824718999909237
326000 33.5 33.5 120.94444444444444 0.3626543209876544 135.5185185185185 45.333333333333336 0.018518518518518517 45.31481481481482 0.7458837998565286
328000 33.5 33.5 120.94444444444444 0.3626543209876544 135.5185185185185 45.333333333333336 0.018518518518518517 45.31481481481482 0.739896500017494
330000 33.5 33.5 120.94444444444444 0.3626543209876544 135.5185185185185 45.333333333333336 0.018518518518518517 45.31481481481482 0.8803479999769479
332000 33.5 33.5 120.94444444444444 0.3626543209876544 135.5185185185185 45.333333333333336 0.018518518518518517 45.31481481481482 0.7736382000148296
334000 33.5 33.5 120.94444444444444 0.3626543209876544 135.5185185185185 45.333333333333336 0.018518518518518517 45.31481481481482 0.8506175999063998
336000 33.5 33.5 120.94444444444444 0.3626543209876544 135.5185185185185 45.333333333333336 0.018518518518518517 45.31481481481482 0.8172367000952363
338000 33.5 33.5 120.94444444444444 0.3626543209876544 135.5185185185185 45.333333333333336 0.018518518518518517 45.31481481481482 0.8550003001000732
340000 33.5 33.5 120.94444444444444 0.3626543209876544 135.5185185185185 45.333333333333336 0.018518518518518517 45.31481481481482 0.7620922999922186
342000 33.5 33.5 120.94444444444444 0.3626543209876544 135.5185185185185 45.333333333333336 0.018518518518518517 45.31481481481482 0.843580299988389
344000 33.5 33.5 120.94444444444444 0.3626543209876544 135.5185185185185 45.333333333333336 0.018518518518518517 45.31481481481482 0.8191688000224531
346000 33.5 33.5 120.94444444444444 0.3626543209876544 135.5185185185185 45.333333333333336 0.018518518518518517 45.31481481481482 0.7939911999274045
348000 33.5 33.5 120.94444444444444 0.3626543209876544 135.5185185185185 45.333333333333336 0.018518518518518517 45.31481481481482 0.8590500000864267
350000 33.5 33.5 120.94444444444444 0.3626543209876544 135.5185185185185 45.333333333333336 0.018518518518518517 45.31481481481482 0.8005767001304775
352000 33.5 33.5 120.94444444444444 0.3626543209876544 135.5185185185185 45.333333333333336 0.018518518518518517 45.31481481481482 0.9060632998589426
354000 42.72222222222222 42.27777777777778 121.18518518518519 0.4305555555555554 135.5185185185185 45.333333333333336 0.018518518518518517 45.31481481481482 0.7963398001156747
356000 33.5 33.5 120.94444444444444 0.3626543209876544 135.5185185185185 45.333333333333336 0.018518518518518517 45.31481481481482 0.7840720000676811
358000 33.5 33.5 120.94444444444444 0.3626543209876544 135.5185185185185 45.333333333333336 0.018518518518518517 45.31481481481482 0.8416180999483913
360000 33.5 33.5 120.94444444444444 0.3626543209876544 135.5185185185185 45.333333333333336 0.018518518518518517 45.31481481481482 0.8243313001003116
362000 33.5 33.5 120.94444444444444 0.3626543209876544 135.5185185185185 45.333333333333336 0.018518518518518517 45.31481481481482 0.8509156000800431
364000 33.5 33.5 120.94444444444444 0.3626543209876544 135.5185185185185 45.333333333333336 0.018518518518518517 45.31481481481482 0.9257393998559564
366000 33.5 33.5 120.94444444444444 0.3626543209876544 135.5185185185185 45.333333333333336 0.018518518518518517 45.31481481481482 0.7952583997976035
368000 33.5 33.5 120.94444444444444 0.3626543209876544 135.5185185185185 45.333333333333336 0.018518518518518517 45.31481481481482 0.8365313999820501
370000 33.5 33.5 120.94444444444444 0.3626543209876544 135.5185185185185 45.333333333333336 0.018518518518518517 45.31481481481482 0.9845695998519659
372000 33.5 33.5 120.94444444444444 0.3626543209876544 135.5185185185185 45.333333333333336 0.018518518518518517 45.31481481481482 0.811332100071013
374000 33.5 33.5 120.94444444444444 0.3626543209876544 135.5185185185185 45.333333333333336 0.018518518518518517 45.31481481481482 0.8975531000178307
376000 33.5 33.5 120.94444444444444 0.3626543209876544 135.5185185185185 45.333333333333336 0.018518518518518517 45.31481481481482 0.8321179999038577
378000 33.5 33.5 120.94444444444444 0.3626543209876544 135.5185185185185 45.333333333333336 0.018518518518518517 45.31481481481482 0.8470785999670625
380000 33.5 33.5 120.94444444444444 0.3626543209876544 135.5185185185185 45.333333333333336 0.018518518518518517 45.31481481481482 0.8971821998711675
382000 33.5 33.5 120.94444444444444 0.3626543209876544 135.5185185185185 45.333333333333336 0.018518518518518517 45.31481481481482 0.8765553999692202
384000 33.5 33.5 120.94444444444444 0.3626543209876544 135.5185185185185 45.333333333333336 0.018518518518518517 45.31481481481482 0.8494787998497486
386000 33.5 33.5 120.94444444444444 0.3626543209876544 135.5185185185185 45.333333333333336 0.018518518518518517 45.31481481481482 0.919193500187248
388000 33.5 33.5 120.94444444444444 0.3626543209876544 135.5185185185185 45.333333333333336 0.018518518518518517 45.31481481481482 0.7404968000482768
390000 33.5 33.5 120.94444444444444 0.3626543209876544 135.5185185185185 45.333333333333336 0.018518518518518517 45.31481481481482 0.7461135000921786
392000 33.5 33.5 120.94444444444444 0.3626543209876544 135.5185185185185 45.333333333333336 0.018518518518518517 45.31481481481482 0.7003053999505937
394000 33.5 33.5 120.94444444444444 0.3626543209876544 135.5185185185185 45.333333333333336 0.018518518518518517 45.31481481481482 0.7002233001403511
396000 33.5 33.5 120.94444444444444 0.3626543209876544 135.5185185185185 45.333333333333336 0.018518518518518517 45.31481481481482 0.7337536998093128
398000 33.5 33.5 120.94444444444444 0.3626543209876544 135.5185185185185 45.333333333333336 0.018518518518518517 45.31481481481482 0.7896712000947446
400000 33.5 33.5 120.94444444444444 0.3626543209876544 135.5185185185185 45.333333333333336 0.018518518518518517 45.31481481481482 0.7239697000477463
402000 33.5 33.5 120.94444444444444 0.3626543209876544 135.5185185185185 45.333333333333336 0.018518518518518517 45.31481481481482 0.6818776000291109
404000 33.5 33.5 120.94444444444444 0.3626543209876544 135.5185185185185 45.333333333333336 0.018518518518518517 45.31481481481482 0.6735427000094205
406000 33.5 33.5 120.94444444444444 0.3626543209876544 135.5185185185185 45.333333333333336 0.018518518518518517 45.31481481481482 0.655558800091967
408000 33.5 33.5 120.94444444444444 0.3626543209876544 135.5185185185185 45.333333333333336 0.018518518518518517 45.31481481481482 0.7122208999935538
410000 33.5 33.5 120.94444444444444 0.3626543209876544 135.5185185185185 45.333333333333336 0.018518518518518517 45.31481481481482 0.6793434999417514
412000 33.5 33.5 120.94444444444444 0.3626543209876544 135.5185185185185 45.333333333333336 0.018518518518518517 45.31481481481482 0.6720741000026464
414000 33.5 33.5 120.94444444444444 0.3626543209876544 135.5185185185185 45.333333333333336 0.018518518518518517 45.31481481481482 0.6998833999969065
416000 33.5 33.5 120.94444444444444 0.3626543209876544 135.5185185185185 45.333333333333336 0.018518518518518517 45.31481481481482 0.6708899999503046
418000 33.5 33.5 120.94444444444444 0.3626543209876544 135.5185185185185 45.333333333333336 0.018518518518518517 45.31481481481482 0.7496697998140007
420000 33.5 33.5 120.94444444444444 0.3626543209876544 135.5185185185185 45.333333333333336 0.018518518518518517 45.31481481481482 0.7286066000815481
422000 33.5 33.5 120.94444444444444 0.3626543209876544 135.5185185185185 45.333333333333336 0.018518518518518517 45.31481481481482 0.6716891000978649
424000 33.5 33.5 120.94444444444444 0.3626543209876544 135.5185185185185 45.333333333333336 0.018518518518518517 45.31481481481482 0.7652400999795645
426000 33.5 33.5 120.94444444444444 0.3626543209876544 135.5185185185185 45.333333333333336 0.018518518518518517 45.31481481481482 0.6699729000683874
428000 33.5 33.5 120.94444444444444 0.3626543209876544 135.5185185185185 45.333333333333336 0.018518518518518517 45.31481481481482 0.8099240001756698
430000 33.5 33.5 120.94444444444444 0.3626543209876544 135.5185185185185 45.333333333333336 0.018518518518518517 45.31481481481482 0.7158452000003308
432000 42.72222222222222 42.27777777777778 121.18518518518519 0.4305555555555554 135.5185185185185 45.333333333333336 0.018518518518518517 45.31481481481482 0.7399398002307862
434000 33.5 33.5 120.94444444444444 0.3626543209876544 135.5185185185185 45.333333333333336 0.018518518518518517 45.31481481481482 0.7448165998794138
436000 33.5 33.5 120.94444444444444 0.3626543209876544 135.5185185185185 45.333333333333336 0.018518518518518517 45.31481481481482 0.6708275000564754
438000 33.5 33.5 120.94444444444444 0.3626543209876544 135.5185185185185 45.333333333333336 0.018518518518518517 45.31481481481482 0.7172356001101434
440000 33.5 33.5 120.94444444444444 0.3626543209876544 135.5185185185185 45.333333333333336 0.018518518518518517 45.31481481481482 0.6568080000579357
442000 33.5 33.5 120.94444444444444 0.3626543209876544 135.5185185185185 45.333333333333336 0.018518518518518517 45.31481481481482 0.6758075999096036
444000 33.5 33.5 120.94444444444444 0.3626543209876544 135.5185185185185 45.333333333333336 0.018518518518518517 45.31481481481482 0.6889893000479788
446000 42.48148148148148 42.05555555555556 121.12962962962963 0.4429012345679012 135.5185185185185 45.333333333333336 0.018518518518518517 45.31481481481482 0.8064458000008017
448000 33.5 33.5 120.94444444444444 0.3626543209876544 135.5185185185185 45.333333333333336 0.018518518518518517 45.31481481481482 0.7454289000015706
450000 33.5 33.5 120.94444444444444 0.3626543209876544 135.5185185185185 45.333333333333336 0.018518518518518517 45.31481481481482 0.8179089000914246
452000 42.72222222222222 42.27777777777778 121.18518518518519 0.4305555555555554 135.5185185185185 45.333333333333336 0.018518518518518517 45.31481481481482 0.6609438001178205
454000 33.5 33.5 120.94444444444444 0.3626543209876544 135.5185185185185 45.333333333333336 0.018518518518518517 45.31481481481482 0.7641738001257181
456000 33.5 33.5 120.94444444444444 0.3626543209876544 135.5185185185185 45.333333333333336 0.018518518518518517 45.31481481481482 0.7468590999487787
458000 42.72222222222222 42.27777777777778 121.18518518518519 0.4305555555555554 135.5185185185185 45.333333333333336 0.018518518518518517 45.31481481481482 0.703290699981153
460000 33.5 33.5 120.94444444444444 0.3626543209876544 135.5185185185185 45.333333333333336 0.018518518518518517 45.31481481481482 0.6681387000717223
462000 42.72222222222222 42.27777777777778 121.18518518518519 0.4305555555555554 135.5185185185185 45.333333333333336 0.018518518518518517 45.31481481481482 0.702810499817133
464000 42.72222222222222 42.27777777777778 121.18518518518519 0.4305555555555554 135.5185185185185 45.333333333333336 0.018518518518518517 45.31481481481482 0.6765546000096947
466000 42.72222222222222 42.27777777777778 121.18518518518519 0.4305555555555554 135.5185185185185 45.333333333333336 0.018518518518518517 45.31481481481482 0.7286916000302881
468000 33.5 33.5 120.94444444444444 0.3626543209876544 135.5185185185185 45.333333333333336 0.018518518518518517 45.31481481481482 0.6776298000477254
470000 33.5 33.5 120.94444444444444 0.3626543209876544 135.5185185185185 45.333333333333336 0.018518518518518517 45.31481481481482 0.7785495999269187
472000 33.5 33.5 120.94444444444444 0.3626543209876544 135.5185185185185 45.333333333333336 0.018518518518518517 45.31481481481482 0.7230210001580417
474000 33.5 33.5 120.94444444444444 0.3626543209876544 135.5185185185185 45.333333333333336 0.018518518518518517 45.31481481481482 0.6918537998571992
476000 33.5 33.5 120.94444444444444 0.3626543209876544 135.5185185185185 45.333333333333336 0.018518518518518517 45.31481481481482 0.6597088000271469
478000 33.5 33.5 120.94444444444444 0.3626543209876544 135.5185185185185 45.333333333333336 0.018518518518518517 45.31481481481482 0.709494800074026
480000 33.5 33.5 120.94444444444444 0.3626543209876544 135.5185185185185 45.333333333333336 0.018518518518518517 45.31481481481482 0.7471083998680115
482000 33.5 33.5 120.94444444444444 0.3626543209876544 135.5185185185185 45.333333333333336 0.018518518518518517 45.31481481481482 0.671893899794668
484000 33.5 33.5 120.94444444444444 0.3626543209876544 135.5185185185185 45.333333333333336 0.018518518518518517 45.31481481481482 0.6860576001927257
486000 33.5 33.5 120.94444444444444 0.3626543209876544 135.5185185185185 45.333333333333336 0.018518518518518517 45.31481481481482 0.6585154000204057
488000 33.5 33.5 120.94444444444444 0.3626543209876544 135.5185185185185 45.333333333333336 0.018518518518518517 45.31481481481482 0.6606785000767559
490000 33.5 33.5 120.94444444444444 0.3626543209876544 135.5185185185185 45.333333333333336 0.018518518518518517 45.31481481481482 0.6977601000107825
492000 33.5 33.5 120.94444444444444 0.3626543209876544 135.5185185185185 45.333333333333336 0.018518518518518517 45.31481481481482 0.7322255000472069
494000 33.5 33.5 120.94444444444444 0.3626543209876544 135.5185185185185 45.333333333333336 0.018518518518518517 45.31481481481482 0.7786797999870032
496000 33.5 33.5 120.94444444444444 0.3626543209876544 135.5185185185185 45.333333333333336 0.018518518518518517 45.31481481481482 0.7053690999746323
498000 33.5 33.5 120.94444444444444 0.3626543209876544 135.5185185185185 45.333333333333336 0.018518518518518517 45.31481481481482 0.7073595998808742
500000 33.5 33.5 120.94444444444444 0.3626543209876544 135.5185185185185 45.333333333333336 0.018518518518518517 45.31481481481482 0.6294001000933349
