2000 0.1346153846153846 0.03125
4000 0.28846153846153844 0.078125
6000 1.0769230769230769 0.09375
8000 1.0769230769230769 0.09375
10000 1.1346153846153846 0.09375
12000 1.0769230769230769 0.09375
14000 1.0961538461538463 0.125
16000 1.1153846153846154 0.140625
18000 1.1153846153846154 0.140625
20000 1.1538461538461537 0.109375
22000 1.1153846153846154 0.078125
24000 1.0769230769230769 0.140625
26000 1.1153846153846154 0.109375
28000 1.0769230769230769 0.15625
30000 1.0961538461538463 0.140625
32000 1.1153846153846154 0.125
34000 1.1346153846153846 0.109375
36000 1.1346153846153846 0.125
38000 1.0961538461538463 0.109375
40000 1.1346153846153846 0.125
42000 1.0961538461538463 0.140625
44000 1.1346153846153846 0.140625
46000 1.0384615384615385 0.109375
48000 1.1153846153846154 0.140625
50000 1.1153846153846154 0.140625
52000 1.0961538461538463 0.109375
54000 1.0961538461538463 0.125
56000 1.1346153846153846 0.15625
58000 1.1153846153846154 0.140625
60000 1.1153846153846154 0.125
62000 1.1346153846153846 0.140625
64000 1.0961538461538463 0.125
66000 1.0961538461538463 0.171875
68000 1.1153846153846154 0.109375
70000 0.9230769230769231 0.125
72000 1.0 0.125
74000 1.0192307692307692 0.140625
76000 1.0 0.1875
78000 1.0384615384615385 0.15625
80000 1.3269230769230769 0.1875
82000 1.3846153846153846 0.171875
84000 1.4807692307692308 0.171875
86000 1.5 0.171875
88000 1.4423076923076923 0.125
90000 1.4423076923076923 0.15625
92000 1.4615384615384615 0.171875
94000 1.4038461538461537 0.140625
96000 1.3653846153846154 0.1875
98000 1.3461538461538463 0.203125
100000 1.3846153846153846 0.15625
102000 1.3653846153846154 0.140625
104000 1.4230769230769231 0.15625
106000 1.4038461538461537 0.171875
108000 1.4230769230769231 0.15625
110000 1.4423076923076923 0.125
112000 1.4038461538461537 0.15625
114000 1.3269230769230769 0.171875
116000 1.3846153846153846 0.171875
118000 1.4230769230769231 0.15625
120000 1.4038461538461537 0.1875
122000 1.5192307692307692 0.140625
124000 1.4807692307692308 0.140625
126000 1.4615384615384615 0.171875
128000 1.4230769230769231 0.203125
130000 1.4423076923076923 0.171875
132000 1.25 0.1875
134000 1.3846153846153846 0.15625
136000 1.3461538461538463 0.15625
138000 1.3653846153846154 0.203125
140000 1.3653846153846154 0.1875
142000 1.3461538461538463 0.1875
144000 1.3461538461538463 0.1875
146000 1.3076923076923077 0.15625
148000 1.4038461538461537 0.171875
150000 1.4038461538461537 0.203125
152000 1.5192307692307692 0.15625
154000 1.3076923076923077 0.1875
156000 1.3269230769230769 0.15625
158000 1.4615384615384615 0.15625
160000 1.4230769230769231 0.171875
162000 1.4038461538461537 0.171875
164000 1.4230769230769231 0.125
166000 1.2692307692307692 0.140625
168000 1.3846153846153846 0.15625
170000 1.3846153846153846 0.1875
172000 1.3076923076923077 0.1875
174000 1.25 0.203125
176000 1.5192307692307692 0.171875
178000 1.4230769230769231 0.171875
180000 1.2884615384615385 0.1875
182000 1.3269230769230769 0.140625
184000 1.4423076923076923 0.15625
186000 1.4038461538461537 0.171875
188000 1.4807692307692308 0.171875
190000 1.3461538461538463 0.15625
192000 1.4807692307692308 0.203125
194000 1.3269230769230769 0.140625
196000 1.3461538461538463 0.171875
198000 1.3653846153846154 0.1875
200000 1.3269230769230769 0.1875
202000 1.3653846153846154 0.140625
204000 1.3461538461538463 0.171875
206000 1.5 0.171875
208000 1.5576923076923077 0.171875
210000 1.4615384615384615 0.171875
212000 1.3846153846153846 0.15625
214000 1.4423076923076923 0.15625
216000 1.5 0.1875
218000 1.5 0.15625
220000 1.5192307692307692 0.203125
222000 1.5 0.15625
224000 1.5192307692307692 0.171875
226000 1.5384615384615385 0.140625
228000 1.5384615384615385 0.15625
230000 1.5769230769230769 0.171875
232000 1.5576923076923077 0.171875
234000 1.5 0.171875
236000 1.4038461538461537 0.15625
238000 1.5384615384615385 0.15625
240000 1.4423076923076923 0.1875
242000 1.4807692307692308 0.1875
244000 1.4423076923076923 0.171875
246000 1.5 0.15625
248000 1.4423076923076923 0.171875
250000 1.2692307692307692 0.171875
252000 1.3653846153846154 0.171875
254000 1.3846153846153846 0.171875
256000 1.2884615384615385 0.15625
258000 1.4038461538461537 0.1875
260000 1.4615384615384615 0.1875
262000 1.4615384615384615 0.140625
264000 1.3653846153846154 0.203125
266000 1.4615384615384615 0.15625
268000 1.3653846153846154 0.171875
270000 1.3461538461538463 0.1875
272000 1.4230769230769231 0.15625
274000 1.4423076923076923 0.15625
276000 1.3653846153846154 0.15625
278000 1.3076923076923077 0.15625
280000 1.4423076923076923 0.15625
282000 1.3846153846153846 0.15625
284000 1.3269230769230769 0.171875
286000 1.4038461538461537 0.140625
288000 1.3846153846153846 0.1875
290000 1.4615384615384615 0.1875
292000 1.3653846153846154 0.1875
294000 1.5384615384615385 0.1875
296000 1.3653846153846154 0.171875
298000 1.5384615384615385 0.203125
300000 1.4615384615384615 0.203125
302000 1.5 0.1875
304000 1.5192307692307692 0.1875
306000 1.4230769230769231 0.203125
308000 1.5 0.203125
310000 1.4615384615384615 0.1875
312000 1.3076923076923077 0.15625
314000 1.5 0.171875
316000 1.4038461538461537 0.15625
318000 1.5 0.15625
320000 1.4423076923076923 0.171875
322000 1.4038461538461537 0.140625
324000 1.3269230769230769 0.203125
326000 1.5384615384615385 0.1875
328000 1.4230769230769231 0.171875
330000 1.3653846153846154 0.15625
332000 1.3076923076923077 0.171875
334000 1.2884615384615385 0.171875
336000 1.4807692307692308 0.15625
338000 1.5576923076923077 0.15625
340000 1.4615384615384615 0.171875
342000 1.5384615384615385 0.1875
344000 1.5192307692307692 0.140625
346000 1.6538461538461537 0.15625
348000 1.5384615384615385 0.140625
350000 1.4615384615384615 0.1875
352000 1.4807692307692308 0.203125
354000 1.4807692307692308 0.171875
356000 1.5384615384615385 0.15625
358000 1.5576923076923077 0.171875
360000 1.3653846153846154 0.15625
362000 1.3846153846153846 0.171875
364000 1.3653846153846154 0.171875
366000 1.5 0.171875
368000 1.3846153846153846 0.171875
370000 1.2692307692307692 0.171875
372000 1.4230769230769231 0.1875
374000 1.3269230769230769 0.203125
376000 1.5 0.171875
378000 1.3269230769230769 0.171875
380000 1.4038461538461537 0.1875
382000 1.3846153846153846 0.15625
384000 1.3076923076923077 0.1875
386000 1.4807692307692308 0.203125
388000 1.5 0.203125
390000 1.5576923076923077 0.171875
392000 1.3846153846153846 0.203125
394000 1.4615384615384615 0.1875
396000 1.4038461538461537 0.1875
398000 1.5769230769230769 0.15625
400000 1.5 0.203125
402000 1.5769230769230769 0.15625
404000 1.5384615384615385 0.1875
406000 1.5 0.15625
408000 1.5 0.171875
410000 1.4807692307692308 0.171875
412000 1.4807692307692308 0.140625
414000 1.5192307692307692 0.203125
416000 1.4615384615384615 0.1875
418000 1.1346153846153846 0.171875
420000 1.3461538461538463 0.171875
422000 1.3846153846153846 0.171875
424000 1.5769230769230769 0.1875
426000 1.4230769230769231 0.171875
428000 1.3846153846153846 0.171875
430000 1.4038461538461537 0.171875
432000 1.3846153846153846 0.15625
434000 1.3846153846153846 0.171875
436000 1.4230769230769231 0.21875
438000 1.4615384615384615 0.171875
440000 1.4807692307692308 0.171875
442000 1.4423076923076923 0.1875
444000 1.3076923076923077 0.171875
446000 1.4423076923076923 0.1875
448000 1.4230769230769231 0.140625
450000 1.5769230769230769 0.171875
452000 1.4038461538461537 0.15625
454000 1.4038461538461537 0.140625
456000 1.4807692307692308 0.1875
458000 1.5384615384615385 0.1875
460000 1.3653846153846154 0.1875
462000 1.4038461538461537 0.1875
464000 1.4230769230769231 0.15625
466000 1.4038461538461537 0.171875
468000 1.4807692307692308 0.15625
470000 1.4615384615384615 0.15625
472000 1.5192307692307692 0.15625
474000 1.4807692307692308 0.171875
476000 1.4230769230769231 0.171875
478000 1.4807692307692308 0.1875
480000 1.4615384615384615 0.171875
482000 1.3653846153846154 0.171875
484000 1.3653846153846154 0.171875
486000 1.3461538461538463 0.15625
488000 1.4230769230769231 0.1875
490000 1.3846153846153846 0.171875
492000 1.3653846153846154 0.171875
494000 1.3846153846153846 0.15625
496000 1.3653846153846154 0.171875
498000 1.3846153846153846 0.171875
500000 1.4615384615384615 0.1875
