2000 1.1923076923076923 0.15625
4000 3.1923076923076925 0.203125
6000 3.1153846153846154 0.234375
8000 4.519230769230769 0.328125
10000 4.519230769230769 0.328125
12000 4.519230769230769 0.328125
14000 4.519230769230769 0.34375
16000 4.519230769230769 0.3125
18000 4.519230769230769 0.25
20000 4.519230769230769 0.296875
22000 4.519230769230769 0.328125
24000 4.519230769230769 0.328125
26000 4.519230769230769 0.3125
28000 4.519230769230769 0.328125
30000 4.519230769230769 0.265625
32000 4.519230769230769 0.328125
34000 4.596153846153846 0.328125
36000 4.576923076923077 0.328125
38000 4.519230769230769 0.3125
40000 4.519230769230769 0.3125
42000 4.596153846153846 0.328125
44000 4.596153846153846 0.390625
46000 4.596153846153846 0.4375
48000 4.519230769230769 0.359375
50000 4.596153846153846 0.421875
52000 4.596153846153846 0.328125
54000 4.615384615384615 0.4375
56000 4.5576923076923075 0.40625
58000 4.538461538461538 0.359375
60000 4.5576923076923075 0.390625
62000 4.5576923076923075 0.390625
64000 4.5576923076923075 0.40625
66000 4.615384615384615 0.4375
68000 4.596153846153846 0.421875
70000 4.538461538461538 0.453125
72000 4.596153846153846 0.421875
74000 4.615384615384615 0.40625
76000 4.596153846153846 0.421875
78000 4.519230769230769 0.375
80000 4.519230769230769 0.4375
82000 4.423076923076923 0.40625
84000 4.519230769230769 0.421875
86000 4.615384615384615 0.390625
88000 4.615384615384615 0.390625
90000 4.538461538461538 0.390625
92000 4.5576923076923075 0.4375
94000 4.615384615384615 0.40625
96000 4.596153846153846 0.375
98000 4.596153846153846 0.421875
100000 4.576923076923077 0.4375
102000 4.576923076923077 0.40625
104000 4.615384615384615 0.375
106000 4.519230769230769 0.359375
108000 4.576923076923077 0.375
110000 4.538461538461538 0.421875
112000 4.538461538461538 0.421875
114000 4.576923076923077 0.390625
116000 4.576923076923077 0.4375
118000 4.576923076923077 0.390625
120000 4.596153846153846 0.40625
122000 4.576923076923077 0.4375
124000 4.576923076923077 0.421875
126000 4.596153846153846 0.4375
128000 4.461538461538462 0.390625
130000 4.461538461538462 0.390625
132000 4.3076923076923075 0.390625
134000 4.730769230769231 0.40625
136000 4.730769230769231 0.4375
138000 4.769230769230769 0.453125
140000 4.884615384615385 0.453125
142000 4.865384615384615 0.40625
144000 4.846153846153846 0.40625
146000 4.769230769230769 0.390625
148000 4.711538461538462 0.390625
150000 4.846153846153846 0.421875
152000 4.846153846153846 0.4375
154000 4.846153846153846 0.453125
156000 4.865384615384615 0.453125
158000 4.8076923076923075 0.421875
160000 4.730769230769231 0.421875
162000 4.923076923076923 0.453125
164000 4.8076923076923075 0.421875
166000 4.826923076923077 0.421875
168000 4.769230769230769 0.4375
170000 4.846153846153846 0.40625
172000 4.788461538461538 0.375
174000 4.865384615384615 0.40625
176000 4.788461538461538 0.421875
178000 4.75 0.40625
180000 4.730769230769231 0.40625
182000 4.6923076923076925 0.421875
184000 4.711538461538462 0.453125
186000 4.75 0.40625
188000 4.653846153846154 0.453125
190000 4.769230769230769 0.453125
192000 4.711538461538462 0.359375
194000 4.711538461538462 0.40625
196000 4.711538461538462 0.40625
198000 4.711538461538462 0.421875
200000 4.6923076923076925 0.4375
202000 4.5576923076923075 0.375
204000 4.769230769230769 0.4375
206000 4.769230769230769 0.453125
208000 4.788461538461538 0.40625
210000 4.788461538461538 0.421875
212000 4.8076923076923075 0.453125
214000 4.75 0.421875
216000 4.788461538461538 0.421875
218000 4.769230769230769 0.4375
220000 4.788461538461538 0.4375
222000 4.788461538461538 0.40625
224000 4.788461538461538 0.453125
226000 4.826923076923077 0.4375
228000 4.826923076923077 0.421875
230000 4.826923076923077 0.40625
232000 4.788461538461538 0.390625
234000 4.8076923076923075 0.46875
236000 4.8076923076923075 0.421875
238000 4.8076923076923075 0.4375
240000 4.8076923076923075 0.453125
242000 4.826923076923077 0.40625
244000 4.711538461538462 0.390625
246000 4.711538461538462 0.390625
248000 4.730769230769231 0.421875
250000 4.826923076923077 0.4375
252000 4.788461538461538 0.46875
254000 4.788461538461538 0.4375
256000 4.730769230769231 0.390625
258000 4.6923076923076925 0.453125
260000 4.769230769230769 0.421875
262000 4.769230769230769 0.4375
264000 4.596153846153846 0.4375
266000 4.711538461538462 0.4375
268000 4.6923076923076925 0.453125
270000 4.6923076923076925 0.40625
272000 4.730769230769231 0.4375
274000 4.788461538461538 0.4375
276000 4.788461538461538 0.4375
278000 4.826923076923077 0.453125
280000 4.8076923076923075 0.46875
282000 4.75 0.359375
284000 4.788461538461538 0.421875
286000 4.730769230769231 0.421875
288000 4.826923076923077 0.4375
290000 4.8076923076923075 0.359375
292000 4.846153846153846 0.40625
294000 4.769230769230769 0.46875
296000 4.8076923076923075 0.34375
298000 4.826923076923077 0.40625
300000 4.826923076923077 0.421875
302000 4.8076923076923075 0.4375
304000 4.8076923076923075 0.375
306000 4.8076923076923075 0.390625
308000 4.826923076923077 0.390625
310000 4.730769230769231 0.390625
312000 4.826923076923077 0.421875
314000 4.826923076923077 0.390625
316000 4.8076923076923075 0.453125
318000 4.826923076923077 0.484375
320000 4.826923076923077 0.421875
322000 4.8076923076923075 0.375
324000 4.8076923076923075 0.421875
326000 4.8076923076923075 0.359375
328000 4.826923076923077 0.40625
330000 4.846153846153846 0.375
332000 4.826923076923077 0.390625
334000 4.826923076923077 0.40625
336000 4.826923076923077 0.390625
338000 4.8076923076923075 0.421875
340000 4.826923076923077 0.390625
342000 4.8076923076923075 0.40625
344000 4.826923076923077 0.375
346000 4.846153846153846 0.375
348000 4.8076923076923075 0.375
350000 4.8076923076923075 0.421875
352000 4.846153846153846 0.4375
354000 4.846153846153846 0.34375
356000 4.769230769230769 0.34375
358000 4.826923076923077 0.390625
360000 4.769230769230769 0.390625
362000 4.788461538461538 0.421875
364000 4.788461538461538 0.375
366000 4.769230769230769 0.40625
368000 4.75 0.390625
370000 4.846153846153846 0.4375
372000 4.826923076923077 0.421875
374000 4.788461538461538 0.4375
376000 4.769230769230769 0.421875
378000 4.8076923076923075 0.4375
380000 4.8076923076923075 0.375
382000 4.846153846153846 0.421875
384000 4.826923076923077 0.46875
386000 4.8076923076923075 0.421875
388000 4.846153846153846 0.4375
390000 4.615384615384615 0.453125
392000 4.769230769230769 0.4375
394000 4.846153846153846 0.4375
396000 4.769230769230769 0.453125
398000 4.673076923076923 0.390625
400000 4.730769230769231 0.453125
402000 4.6923076923076925 0.46875
404000 4.788461538461538 0.375
406000 4.75 0.421875
408000 4.826923076923077 0.375
410000 4.846153846153846 0.421875
412000 4.826923076923077 0.421875
414000 4.846153846153846 0.46875
416000 4.846153846153846 0.4375
418000 4.846153846153846 0.421875
420000 4.865384615384615 0.421875
422000 4.846153846153846 0.421875
424000 4.846153846153846 0.40625
426000 4.846153846153846 0.375
428000 4.846153846153846 0.4375
430000 4.8076923076923075 0.421875
432000 4.8076923076923075 0.453125
434000 4.846153846153846 0.40625
436000 4.865384615384615 0.4375
438000 4.826923076923077 0.4375
440000 4.865384615384615 0.484375
442000 4.865384615384615 0.421875
444000 4.865384615384615 0.421875
446000 4.826923076923077 0.421875
448000 4.865384615384615 0.421875
450000 4.8076923076923075 0.390625
452000 4.865384615384615 0.40625
454000 4.865384615384615 0.40625
456000 4.846153846153846 0.375
458000 4.8076923076923075 0.40625
460000 4.846153846153846 0.421875
462000 4.846153846153846 0.375
464000 4.826923076923077 0.4375
466000 4.865384615384615 0.421875
468000 4.865384615384615 0.421875
470000 4.865384615384615 0.453125
472000 4.865384615384615 0.4375
474000 4.865384615384615 0.421875
476000 4.846153846153846 0.453125
478000 4.846153846153846 0.421875
480000 4.846153846153846 0.421875
482000 4.846153846153846 0.40625
484000 4.884615384615385 0.421875
486000 4.846153846153846 0.421875
488000 4.846153846153846 0.421875
490000 4.846153846153846 0.390625
492000 4.846153846153846 0.421875
494000 4.865384615384615 0.4375
496000 4.846153846153846 0.46875
498000 4.865384615384615 0.40625
500000 4.865384615384615 0.421875
