2000 0.19230769230769232 0.0625
4000 0.3269230769230769 0.046875
6000 0.38461538461538464 0.046875
8000 0.46153846153846156 0.0625
10000 0.4423076923076923 0.125
12000 0.75 0.109375
14000 0.5576923076923077 0.09375
16000 0.6538461538461539 0.109375
18000 0.9230769230769231 0.09375
20000 1.0961538461538463 0.140625
22000 1.1153846153846154 0.125
24000 1.1346153846153846 0.125
26000 1.1730769230769231 0.125
28000 1.1153846153846154 0.15625
30000 1.2307692307692308 0.140625
32000 1.1538461538461537 0.140625
34000 1.1538461538461537 0.109375
36000 1.1923076923076923 0.140625
38000 1.1923076923076923 0.140625
40000 1.2115384615384615 0.15625
42000 1.1923076923076923 0.109375
44000 1.3269230769230769 0.15625
46000 1.5192307692307692 0.140625
48000 1.5384615384615385 0.140625
50000 1.6923076923076923 0.15625
52000 1.9615384615384615 0.109375
54000 2.1346153846153846 0.125
56000 2.1538461538461537 0.15625
58000 2.3076923076923075 0.15625
60000 2.4038461538461537 0.15625
62000 2.5 0.140625
64000 2.4615384615384617 0.140625
66000 2.576923076923077 0.171875
68000 2.5 0.171875
70000 2.5384615384615383 0.1875
72000 2.5576923076923075 0.15625
74000 2.6923076923076925 0.140625
76000 2.673076923076923 0.1875
78000 2.730769230769231 0.15625
80000 3.0576923076923075 0.171875
82000 3.076923076923077 0.171875
84000 2.9423076923076925 0.203125
86000 2.9423076923076925 0.1875
88000 3.0576923076923075 0.15625
90000 3.076923076923077 0.140625
92000 3.0576923076923075 0.171875
94000 3.0576923076923075 0.15625
96000 3.076923076923077 0.171875
98000 3.0576923076923075 0.1875
100000 3.0384615384615383 0.140625
102000 3.0384615384615383 0.171875
104000 3.0384615384615383 0.1875
106000 3.0576923076923075 0.171875
108000 3.0961538461538463 0.203125
110000 3.0961538461538463 0.171875
112000 3.1153846153846154 0.1875
114000 3.1153846153846154 0.1875
116000 3.1153846153846154 0.15625
118000 3.1153846153846154 0.15625
120000 3.1153846153846154 0.15625
122000 3.1153846153846154 0.171875
124000 3.1153846153846154 0.171875
126000 3.1153846153846154 0.171875
128000 3.1153846153846154 0.171875
130000 3.1153846153846154 0.1875
132000 3.2115384615384617 0.15625
134000 3.2115384615384617 0.171875
136000 3.0961538461538463 0.1875
138000 3.2115384615384617 0.140625
140000 3.2115384615384617 0.15625
142000 3.2115384615384617 0.171875
144000 3.1923076923076925 0.1875
146000 3.2115384615384617 0.15625
148000 3.2115384615384617 0.171875
150000 3.2115384615384617 0.15625
152000 3.2115384615384617 0.203125
154000 3.230769230769231 0.140625
156000 3.230769230769231 0.1875
158000 3.230769230769231 0.203125
160000 3.2115384615384617 0.203125
162000 3.0 0.21875
164000 3.0 0.171875
166000 3.019230769230769 0.1875
168000 3.2115384615384617 0.171875
170000 3.326923076923077 0.1875
172000 3.326923076923077 0.1875
174000 3.1923076923076925 0.1875
176000 3.3076923076923075 0.171875
178000 3.3076923076923075 0.1875
180000 3.3076923076923075 0.15625
182000 3.3076923076923075 0.1875
184000 3.3076923076923075 0.171875
186000 3.3076923076923075 0.140625
188000 3.1923076923076925 0.171875
190000 3.1923076923076925 0.171875
192000 3.2115384615384617 0.15625
194000 3.1923076923076925 0.203125
196000 3.1923076923076925 0.15625
198000 3.1538461538461537 0.15625
200000 3.1346153846153846 0.1875
202000 3.326923076923077 0.140625
204000 3.3461538461538463 0.1875
206000 3.326923076923077 0.1875
208000 3.1923076923076925 0.1875
210000 3.2115384615384617 0.1875
212000 3.2115384615384617 0.203125
214000 3.2115384615384617 0.15625
216000 3.2115384615384617 0.1875
218000 3.2115384615384617 0.1875
220000 3.2115384615384617 0.1875
222000 3.230769230769231 0.1875
224000 3.230769230769231 0.171875
226000 3.230769230769231 0.1875
228000 3.2115384615384617 0.171875
230000 3.230769230769231 0.171875
232000 3.2115384615384617 0.171875
234000 3.2115384615384617 0.171875
236000 3.2115384615384617 0.171875
238000 3.1923076923076925 0.171875
240000 3.1923076923076925 0.1875
242000 3.2115384615384617 0.171875
244000 3.1923076923076925 0.1875
246000 3.2115384615384617 0.171875
248000 3.2115384615384617 0.15625
250000 3.2115384615384617 0.15625
252000 3.2115384615384617 0.15625
254000 3.230769230769231 0.171875
256000 3.230769230769231 0.171875
258000 3.2115384615384617 0.171875
260000 3.230769230769231 0.1875
262000 3.2115384615384617 0.1875
264000 3.2115384615384617 0.171875
266000 3.326923076923077 0.171875
268000 3.2115384615384617 0.203125
270000 3.2115384615384617 0.1875
272000 3.2115384615384617 0.171875
274000 3.2115384615384617 0.1875
276000 3.2115384615384617 0.203125
278000 3.2115384615384617 0.15625
280000 3.2115384615384617 0.15625
282000 3.2115384615384617 0.1875
284000 3.2115384615384617 0.1875
286000 3.326923076923077 0.171875
288000 3.326923076923077 0.1875
290000 3.326923076923077 0.171875
292000 3.326923076923077 0.171875
294000 3.326923076923077 0.1875
296000 3.326923076923077 0.171875
298000 3.326923076923077 0.171875
300000 3.3076923076923075 0.171875
302000 3.3076923076923075 0.203125
304000 3.3076923076923075 0.171875
306000 3.326923076923077 0.171875
308000 3.326923076923077 0.1875
310000 3.25 0.171875
312000 3.3076923076923075 0.171875
314000 3.3076923076923075 0.1875
316000 3.326923076923077 0.15625
318000 3.3076923076923075 0.1875
320000 3.230769230769231 0.1875
322000 3.230769230769231 0.171875
324000 3.3076923076923075 0.203125
326000 3.25 0.1875
328000 3.269230769230769 0.1875
330000 3.269230769230769 0.1875
332000 3.269230769230769 0.203125
334000 3.269230769230769 0.203125
336000 3.173076923076923 0.203125
338000 3.173076923076923 0.15625
340000 3.173076923076923 0.21875
342000 3.173076923076923 0.1875
344000 3.1538461538461537 0.140625
346000 3.1538461538461537 0.15625
348000 3.1538461538461537 0.171875
350000 3.1538461538461537 0.1875
352000 3.1538461538461537 0.1875
354000 3.3076923076923075 0.15625
356000 3.326923076923077 0.171875
358000 3.3653846153846154 0.1875
360000 3.269230769230769 0.1875
362000 3.3461538461538463 0.171875
364000 3.3461538461538463 0.140625
366000 3.269230769230769 0.203125
368000 3.2115384615384617 0.171875
370000 3.1923076923076925 0.21875
372000 3.230769230769231 0.1875
374000 3.230769230769231 0.15625
376000 3.230769230769231 0.140625
378000 3.1346153846153846 0.171875
380000 3.1346153846153846 0.171875
382000 3.230769230769231 0.1875
384000 3.230769230769231 0.1875
386000 3.230769230769231 0.1875
388000 3.230769230769231 0.1875
390000 3.173076923076923 0.1875
392000 3.1923076923076925 0.1875
394000 3.173076923076923 0.171875
396000 3.25 0.15625
398000 3.25 0.1875
400000 3.230769230769231 0.1875
402000 3.25 0.203125
404000 3.25 0.1875
406000 3.269230769230769 0.171875
408000 3.269230769230769 0.171875
410000 3.173076923076923 0.15625
412000 3.1538461538461537 0.171875
414000 3.1538461538461537 0.1875
416000 3.230769230769231 0.1875
418000 3.269230769230769 0.1875
420000 3.269230769230769 0.171875
422000 3.25 0.171875
424000 3.269230769230769 0.15625
426000 3.269230769230769 0.125
428000 3.269230769230769 0.21875
430000 3.269230769230769 0.15625
432000 3.230769230769231 0.15625
434000 3.230769230769231 0.265625
436000 3.25 0.171875
438000 3.173076923076923 0.1875
440000 3.1346153846153846 0.15625
442000 3.1923076923076925 0.1875
444000 3.1346153846153846 0.15625
446000 3.1153846153846154 0.1875
448000 3.2115384615384617 0.1875
450000 3.1153846153846154 0.171875
452000 3.269230769230769 0.1875
454000 3.1346153846153846 0.15625
456000 3.1923076923076925 0.140625
458000 3.2115384615384617 0.1875
460000 3.2115384615384617 0.1875
462000 3.1923076923076925 0.171875
464000 3.1923076923076925 0.1875
466000 3.2115384615384617 0.15625
468000 3.173076923076923 0.171875
470000 3.173076923076923 0.1875
472000 3.173076923076923 0.15625
474000 3.2115384615384617 0.171875
476000 3.076923076923077 0.171875
478000 3.230769230769231 0.171875
480000 3.230769230769231 0.1875
482000 3.230769230769231 0.1875
484000 3.25 0.1875
486000 3.25 0.171875
488000 3.25 0.203125
490000 3.3076923076923075 0.15625
492000 3.230769230769231 0.1875
494000 3.25 0.1875
496000 3.230769230769231 0.21875
498000 3.230769230769231 0.171875
500000 3.230769230769231 0.1875
