2000 0.7307692307692307 0.25
4000 1.1538461538461537 0.203125
6000 1.2884615384615385 0.234375
8000 1.5769230769230769 0.375
10000 2.2115384615384617 0.359375
12000 2.5384615384615383 0.3125
14000 2.923076923076923 0.34375
16000 3.3846153846153846 0.3125
18000 3.6153846153846154 0.359375
20000 3.673076923076923 0.359375
22000 3.8846153846153846 0.359375
24000 4.019230769230769 0.34375
26000 4.019230769230769 0.328125
28000 4.076923076923077 0.359375
30000 4.1923076923076925 0.28125
32000 4.230769230769231 0.375
34000 4.211538461538462 0.359375
36000 4.230769230769231 0.421875
38000 4.346153846153846 0.390625
40000 4.365384615384615 0.390625
42000 4.423076923076923 0.375
44000 4.461538461538462 0.390625
46000 4.461538461538462 0.40625
48000 4.5 0.40625
50000 4.5576923076923075 0.4375
52000 4.5576923076923075 0.421875
54000 4.5576923076923075 0.421875
56000 4.5 0.4375
58000 4.5576923076923075 0.4375
60000 4.576923076923077 0.40625
62000 4.5 0.40625
64000 4.5576923076923075 0.453125
66000 4.5 0.40625
68000 4.461538461538462 0.40625
70000 4.519230769230769 0.40625
72000 4.519230769230769 0.421875
74000 4.5 0.390625
76000 4.5 0.484375
78000 4.576923076923077 0.40625
80000 4.5576923076923075 0.421875
82000 4.615384615384615 0.46875
84000 4.576923076923077 0.421875
86000 4.576923076923077 0.390625
88000 4.576923076923077 0.40625
90000 4.576923076923077 0.390625
92000 4.576923076923077 0.421875
94000 4.538461538461538 0.421875
96000 4.5576923076923075 0.375
98000 4.5576923076923075 0.375
100000 4.5576923076923075 0.421875
102000 4.538461538461538 0.4375
104000 4.5576923076923075 0.453125
106000 4.5 0.375
108000 4.596153846153846 0.421875
110000 4.596153846153846 0.4375
112000 4.615384615384615 0.359375
114000 4.6923076923076925 0.421875
116000 4.615384615384615 0.390625
118000 4.5576923076923075 0.40625
120000 4.576923076923077 0.390625
122000 4.5576923076923075 0.390625
124000 4.615384615384615 0.40625
126000 4.615384615384615 0.4375
128000 4.615384615384615 0.40625
130000 4.596153846153846 0.4375
132000 4.634615384615385 0.390625
134000 4.673076923076923 0.421875
136000 4.673076923076923 0.375
138000 4.615384615384615 0.4375
140000 4.596153846153846 0.390625
142000 4.576923076923077 0.4375
144000 4.576923076923077 0.4375
146000 4.615384615384615 0.46875
148000 4.596153846153846 0.40625
150000 4.653846153846154 0.421875
152000 4.615384615384615 0.40625
154000 4.673076923076923 0.34375
156000 4.6923076923076925 0.4375
158000 4.596153846153846 0.4375
160000 4.538461538461538 0.46875
162000 4.4423076923076925 0.453125
164000 4.519230769230769 0.4375
166000 4.615384615384615 0.4375
168000 4.461538461538462 0.46875
170000 4.576923076923077 0.4375
172000 4.576923076923077 0.4375
174000 4.615384615384615 0.375
176000 4.653846153846154 0.40625
178000 4.615384615384615 0.4375
180000 4.653846153846154 0.421875
182000 4.576923076923077 0.421875
184000 4.653846153846154 0.4375
186000 4.615384615384615 0.421875
188000 4.576923076923077 0.40625
190000 4.461538461538462 0.421875
192000 4.4423076923076925 0.375
194000 4.5 0.421875
196000 4.5 0.421875
198000 4.5 0.375
200000 4.461538461538462 0.40625
202000 4.461538461538462 0.4375
204000 4.519230769230769 0.4375
206000 4.519230769230769 0.390625
208000 4.538461538461538 0.421875
210000 4.5576923076923075 0.375
212000 4.6923076923076925 0.40625
214000 4.538461538461538 0.40625
216000 4.519230769230769 0.421875
218000 4.634615384615385 0.390625
220000 4.673076923076923 0.46875
222000 4.653846153846154 0.453125
224000 4.538461538461538 0.40625
226000 4.576923076923077 0.453125
228000 4.615384615384615 0.453125
230000 4.5576923076923075 0.421875
232000 4.5576923076923075 0.453125
234000 4.538461538461538 0.40625
236000 4.5576923076923075 0.40625
238000 4.519230769230769 0.421875
240000 4.538461538461538 0.484375
242000 4.538461538461538 0.421875
244000 4.538461538461538 0.421875
246000 4.615384615384615 0.4375
248000 4.461538461538462 0.453125
250000 4.4423076923076925 0.375
252000 4.634615384615385 0.421875
254000 4.634615384615385 0.4375
256000 4.634615384615385 0.390625
258000 4.634615384615385 0.484375
260000 4.596153846153846 0.4375
262000 4.5576923076923075 0.328125
264000 4.5576923076923075 0.4375
266000 4.538461538461538 0.421875
268000 4.519230769230769 0.40625
270000 4.634615384615385 0.40625
272000 4.576923076923077 0.4375
274000 4.5576923076923075 0.40625
276000 4.634615384615385 0.40625
278000 4.596153846153846 0.46875
280000 4.5576923076923075 0.4375
282000 4.5576923076923075 0.421875
284000 4.538461538461538 0.453125
286000 4.5576923076923075 0.453125
288000 4.634615384615385 0.4375
290000 4.615384615384615 0.390625
292000 4.5576923076923075 0.421875
294000 4.538461538461538 0.453125
296000 4.596153846153846 0.421875
298000 4.596153846153846 0.421875
300000 4.634615384615385 0.421875
302000 4.5576923076923075 0.40625
304000 4.596153846153846 0.453125
306000 4.538461538461538 0.421875
308000 4.519230769230769 0.40625
310000 4.5 0.390625
312000 4.615384615384615 0.421875
314000 4.576923076923077 0.4375
316000 4.615384615384615 0.40625
318000 4.596153846153846 0.5
320000 4.576923076923077 0.484375
322000 4.576923076923077 0.46875
324000 4.576923076923077 0.453125
326000 4.576923076923077 0.46875
328000 4.596153846153846 0.46875
330000 4.596153846153846 0.46875
332000 4.596153846153846 0.421875
334000 4.615384615384615 0.453125
336000 4.615384615384615 0.40625
338000 4.634615384615385 0.375
340000 4.596153846153846 0.421875
342000 4.596153846153846 0.40625
344000 4.480769230769231 0.390625
346000 4.461538461538462 0.4375
348000 4.384615384615385 0.421875
350000 4.461538461538462 0.421875
352000 4.461538461538462 0.40625
354000 4.403846153846154 0.40625
356000 4.403846153846154 0.421875
358000 4.403846153846154 0.421875
360000 4.4423076923076925 0.40625
362000 4.403846153846154 0.421875
364000 4.403846153846154 0.421875
366000 4.5 0.421875
368000 4.480769230769231 0.453125
370000 4.576923076923077 0.40625
372000 4.538461538461538 0.421875
374000 4.403846153846154 0.375
376000 4.346153846153846 0.40625
378000 4.365384615384615 0.40625
380000 4.365384615384615 0.421875
382000 4.384615384615385 0.46875
384000 4.4423076923076925 0.46875
386000 4.4423076923076925 0.40625
388000 4.4423076923076925 0.390625
390000 4.384615384615385 0.421875
392000 4.403846153846154 0.421875
394000 4.5 0.4375
396000 4.480769230769231 0.421875
398000 4.5 0.421875
400000 4.519230769230769 0.4375
402000 4.461538461538462 0.484375
404000 4.5 0.40625
406000 4.4423076923076925 0.421875
408000 4.519230769230769 0.46875
410000 4.519230769230769 0.4375
412000 4.5576923076923075 0.4375
414000 4.576923076923077 0.421875
416000 4.5576923076923075 0.46875
418000 4.5 0.421875
420000 4.5576923076923075 0.40625
422000 4.519230769230769 0.359375
424000 4.538461538461538 0.4375
426000 4.538461538461538 0.40625
428000 4.538461538461538 0.40625
430000 4.5576923076923075 0.421875
432000 4.615384615384615 0.421875
434000 4.5576923076923075 0.4375
436000 4.615384615384615 0.421875
438000 4.5576923076923075 0.421875
440000 4.519230769230769 0.453125
442000 4.615384615384615 0.453125
444000 4.480769230769231 0.40625
446000 4.461538461538462 0.46875
448000 4.5 0.4375
450000 4.519230769230769 0.40625
452000 4.5576923076923075 0.4375
454000 4.5576923076923075 0.421875
456000 4.5576923076923075 0.453125
458000 4.596153846153846 0.421875
460000 4.519230769230769 0.4375
462000 4.538461538461538 0.390625
464000 4.576923076923077 0.453125
466000 4.5576923076923075 0.421875
468000 4.5576923076923075 0.453125
470000 4.519230769230769 0.421875
472000 4.5576923076923075 0.4375
474000 4.5576923076923075 0.40625
476000 4.5576923076923075 0.40625
478000 4.538461538461538 0.421875
480000 4.5576923076923075 0.40625
482000 4.480769230769231 0.390625
484000 4.403846153846154 0.421875
486000 4.288461538461538 0.46875
488000 4.346153846153846 0.484375
490000 4.25 0.421875
492000 4.288461538461538 0.484375
494000 4.230769230769231 0.484375
496000 4.1923076923076925 0.453125
498000 4.25 0.453125
500000 4.211538461538462 0.375
