2000 0.5192307692307693 0.703125
4000 1.1346153846153846 0.546875
6000 1.2307692307692308 0.5
8000 1.2115384615384615 0.75
10000 1.2692307692307692 0.71875
12000 2.3461538461538463 0.5625
14000 2.6923076923076925 0.578125
16000 4.211538461538462 0.578125
18000 4.519230769230769 0.515625
20000 4.519230769230769 0.59375
22000 4.519230769230769 0.71875
24000 4.519230769230769 0.515625
26000 4.519230769230769 0.53125
28000 4.576923076923077 0.65625
30000 4.519230769230769 0.578125
32000 4.519230769230769 0.578125
34000 4.538461538461538 0.59375
36000 4.538461538461538 0.75
38000 4.596153846153846 0.578125
40000 4.596153846153846 0.828125
42000 4.576923076923077 0.765625
44000 4.615384615384615 0.703125
46000 4.615384615384615 0.546875
48000 4.596153846153846 0.765625
50000 4.538461538461538 0.53125
52000 4.519230769230769 0.59375
54000 4.519230769230769 0.734375
56000 4.5576923076923075 0.53125
58000 4.5 0.546875
60000 4.5576923076923075 0.65625
62000 4.288461538461538 0.46875
64000 4.173076923076923 0.609375
66000 4.519230769230769 0.46875
68000 4.615384615384615 0.5
70000 4.615384615384615 0.46875
72000 4.4423076923076925 0.546875
74000 4.326923076923077 0.640625
76000 4.634615384615385 0.546875
78000 4.096153846153846 0.546875
80000 4.5 0.5625
82000 4.576923076923077 0.53125
84000 4.115384615384615 0.609375
86000 4.4423076923076925 0.71875
88000 4.576923076923077 0.578125
90000 4.615384615384615 0.5625
92000 4.5576923076923075 0.71875
94000 4.596153846153846 0.59375
96000 4.576923076923077 0.71875
98000 4.615384615384615 0.5625
100000 4.615384615384615 0.546875
102000 4.519230769230769 0.65625
104000 4.519230769230769 0.578125
106000 4.576923076923077 0.734375
108000 4.173076923076923 0.71875
110000 4.211538461538462 0.5625
112000 4.519230769230769 0.5625
114000 4.538461538461538 0.65625
116000 4.5576923076923075 0.765625
118000 4.519230769230769 0.546875
120000 4.615384615384615 0.78125
122000 4.538461538461538 0.578125
124000 4.538461538461538 0.578125
126000 4.538461538461538 0.65625
128000 4.615384615384615 0.578125
130000 4.615384615384615 0.5625
132000 4.615384615384615 0.578125
134000 4.615384615384615 0.578125
136000 4.615384615384615 0.5625
138000 4.346153846153846 0.65625
140000 4.634615384615385 0.546875
142000 4.576923076923077 0.578125
144000 4.673076923076923 0.53125
146000 4.480769230769231 0.734375
148000 4.461538461538462 0.59375
150000 4.596153846153846 0.515625
152000 4.596153846153846 0.734375
154000 4.6923076923076925 0.546875
156000 4.596153846153846 0.53125
158000 4.673076923076923 0.65625
160000 4.634615384615385 0.484375
162000 4.711538461538462 0.53125
164000 4.788461538461538 0.5
166000 4.788461538461538 0.5
168000 4.769230769230769 0.546875
170000 4.788461538461538 0.65625
172000 4.788461538461538 0.75
174000 4.711538461538462 0.640625
176000 4.75 0.5625
178000 4.6923076923076925 0.71875
180000 4.711538461538462 0.609375
182000 4.615384615384615 0.53125
184000 4.673076923076923 0.53125
186000 4.730769230769231 0.53125
188000 4.730769230769231 0.53125
190000 4.769230769230769 0.53125
192000 4.8076923076923075 0.578125
194000 4.730769230769231 0.5625
196000 4.6923076923076925 0.546875
198000 4.730769230769231 0.59375
200000 4.711538461538462 0.59375
202000 4.5576923076923075 0.75
204000 4.673076923076923 0.671875
206000 4.711538461538462 0.734375
208000 4.846153846153846 0.734375
210000 4.596153846153846 0.53125
212000 4.769230769230769 0.65625
214000 4.538461538461538 0.65625
216000 4.826923076923077 0.53125
218000 4.75 0.609375
220000 4.769230769230769 0.59375
222000 4.769230769230769 0.53125
224000 4.673076923076923 0.71875
226000 4.826923076923077 0.546875
228000 4.923076923076923 0.609375
230000 4.653846153846154 0.8125
232000 4.769230769230769 0.515625
234000 4.903846153846154 0.9375
236000 4.884615384615385 0.5625
238000 4.8076923076923075 0.71875
240000 4.980769230769231 0.578125
242000 4.884615384615385 0.671875
244000 4.903846153846154 0.828125
246000 5.0 0.578125
248000 4.9423076923076925 0.734375
250000 4.788461538461538 0.59375
252000 4.846153846153846 0.6875
254000 4.769230769230769 0.703125
256000 4.769230769230769 0.625
258000 4.884615384615385 0.75
260000 4.769230769230769 0.65625
262000 4.865384615384615 0.6875
264000 4.8076923076923075 0.734375
266000 4.865384615384615 0.78125
268000 4.884615384615385 0.578125
270000 4.865384615384615 0.5625
272000 4.865384615384615 0.96875
274000 4.865384615384615 0.859375
276000 4.6923076923076925 0.921875
278000 4.788461538461538 0.859375
280000 4.8076923076923075 0.921875
282000 4.903846153846154 0.953125
284000 4.846153846153846 0.84375
286000 4.653846153846154 0.921875
288000 4.711538461538462 0.90625
290000 4.884615384615385 0.859375
292000 4.884615384615385 0.875
294000 4.788461538461538 1.0
296000 4.923076923076923 0.90625
298000 4.9423076923076925 0.90625
300000 4.903846153846154 0.890625
302000 4.961538461538462 0.96875
304000 4.903846153846154 0.984375
306000 4.961538461538462 0.890625
308000 4.923076923076923 0.890625
310000 4.865384615384615 0.859375
312000 4.865384615384615 0.9375
314000 4.75 0.859375
316000 4.8076923076923075 0.84375
318000 4.711538461538462 0.8125
320000 4.711538461538462 0.84375
322000 4.673076923076923 0.875
324000 4.884615384615385 0.875
326000 4.846153846153846 0.859375
328000 4.826923076923077 0.9375
330000 4.75 0.84375
332000 4.884615384615385 0.796875
334000 4.884615384615385 0.859375
336000 4.788461538461538 0.859375
338000 4.769230769230769 0.75
340000 4.788461538461538 0.84375
342000 4.730769230769231 0.8125
344000 4.711538461538462 0.859375
346000 4.884615384615385 0.890625
348000 4.75 0.84375
350000 4.769230769230769 0.78125
352000 4.826923076923077 0.921875
354000 4.826923076923077 0.875
356000 4.9423076923076925 0.890625
358000 4.884615384615385 0.84375
360000 4.884615384615385 0.84375
362000 4.826923076923077 0.875
364000 4.846153846153846 0.96875
366000 4.846153846153846 0.859375
368000 4.903846153846154 0.875
370000 4.826923076923077 0.859375
372000 4.865384615384615 0.875
374000 4.980769230769231 0.875
376000 4.846153846153846 0.765625
378000 4.8076923076923075 0.546875
380000 4.846153846153846 0.609375
382000 4.846153846153846 0.53125
384000 4.846153846153846 0.609375
386000 4.826923076923077 0.53125
388000 4.8076923076923075 0.578125
390000 4.826923076923077 0.703125
392000 4.826923076923077 0.765625
394000 4.826923076923077 0.640625
396000 4.788461538461538 0.546875
398000 4.788461538461538 0.53125
400000 4.788461538461538 0.578125
402000 4.8076923076923075 0.578125
404000 4.788461538461538 0.6875
406000 4.8076923076923075 0.515625
408000 4.75 0.640625
410000 4.769230769230769 0.609375
412000 4.846153846153846 0.546875
414000 4.8076923076923075 0.5625
416000 4.846153846153846 0.625
418000 4.846153846153846 0.796875
420000 4.826923076923077 0.59375
422000 4.826923076923077 0.625
424000 4.788461538461538 0.65625
426000 4.865384615384615 0.671875
428000 4.846153846153846 0.5
430000 4.846153846153846 0.75
432000 4.846153846153846 0.5625
434000 4.8076923076923075 0.65625
436000 4.865384615384615 0.8125
438000 4.8076923076923075 0.625
440000 4.8076923076923075 0.625
442000 4.788461538461538 0.609375
444000 4.865384615384615 0.703125
446000 4.846153846153846 0.59375
448000 4.846153846153846 0.53125
450000 4.865384615384615 0.765625
452000 4.8076923076923075 0.53125
454000 4.826923076923077 0.703125
456000 4.769230769230769 0.84375
458000 4.769230769230769 0.75
460000 4.769230769230769 0.609375
462000 4.788461538461538 0.546875
464000 4.923076923076923 0.671875
466000 4.8076923076923075 0.5
468000 4.788461538461538 0.640625
470000 4.8076923076923075 0.515625
472000 4.788461538461538 0.578125
474000 4.8076923076923075 0.6875
476000 4.8076923076923075 0.625
478000 4.865384615384615 0.5625
480000 4.8076923076923075 0.671875
482000 4.788461538461538 0.53125
484000 4.788461538461538 0.9375
486000 4.8076923076923075 0.53125
488000 4.8076923076923075 0.90625
490000 4.826923076923077 0.890625
492000 4.8076923076923075 0.71875
494000 4.826923076923077 0.765625
496000 4.826923076923077 0.75
498000 4.788461538461538 0.875
500000 4.788461538461538 0.71875
