2000 0.5 0.21875
4000 0.8846153846153846 0.25
6000 1.4615384615384615 0.28125
8000 1.4615384615384615 0.28125
10000 1.8269230769230769 0.296875
12000 2.8461538461538463 0.21875
14000 3.7884615384615383 0.1875
16000 4.403846153846154 0.203125
18000 4.538461538461538 0.234375
20000 4.576923076923077 0.328125
22000 4.538461538461538 0.3125
24000 4.596153846153846 0.265625
26000 4.538461538461538 0.25
28000 4.538461538461538 0.265625
30000 4.538461538461538 0.359375
32000 4.538461538461538 0.234375
34000 4.538461538461538 0.21875
36000 4.538461538461538 0.265625
38000 4.538461538461538 0.234375
40000 4.634615384615385 0.3125
42000 4.596153846153846 0.359375
44000 4.538461538461538 0.25
46000 4.634615384615385 0.25
48000 4.596153846153846 0.21875
50000 4.673076923076923 0.296875
52000 4.596153846153846 0.359375
54000 4.653846153846154 0.328125
56000 4.365384615384615 0.28125
58000 4.5 0.265625
60000 4.365384615384615 0.328125
62000 4.730769230769231 0.34375
64000 4.788461538461538 0.203125
66000 4.596153846153846 0.234375
68000 4.576923076923077 0.21875
70000 4.480769230769231 0.328125
72000 4.538461538461538 0.34375
74000 4.596153846153846 0.390625
76000 4.653846153846154 0.265625
78000 4.576923076923077 0.234375
80000 4.6923076923076925 0.203125
82000 4.576923076923077 0.265625
84000 4.5576923076923075 0.390625
86000 4.403846153846154 0.203125
88000 4.384615384615385 0.25
90000 4.576923076923077 0.25
92000 4.576923076923077 0.21875
94000 4.6923076923076925 0.34375
96000 4.711538461538462 0.25
98000 4.538461538461538 0.234375
100000 4.634615384615385 0.234375
102000 4.5576923076923075 0.296875
104000 4.423076923076923 0.265625
106000 4.5576923076923075 0.421875
108000 4.711538461538462 0.296875
110000 4.6923076923076925 0.265625
112000 4.538461538461538 0.234375
114000 4.480769230769231 0.359375
116000 4.596153846153846 0.34375
118000 4.634615384615385 0.25
120000 4.711538461538462 0.25
122000 4.711538461538462 0.28125
124000 4.769230769230769 0.25
126000 4.5576923076923075 0.328125
128000 4.673076923076923 0.28125
130000 4.596153846153846 0.21875
132000 4.634615384615385 0.234375
134000 4.673076923076923 0.25
136000 4.634615384615385 0.328125
138000 4.6923076923076925 0.390625
140000 4.730769230769231 0.265625
142000 4.730769230769231 0.25
144000 4.8076923076923075 0.296875
146000 4.6923076923076925 0.21875
148000 4.75 0.390625
150000 4.6923076923076925 0.25
152000 4.6923076923076925 0.25
154000 4.788461538461538 0.265625
156000 4.615384615384615 0.34375
158000 4.519230769230769 0.328125
160000 4.519230769230769 0.34375
162000 4.4423076923076925 0.328125
164000 4.576923076923077 0.359375
166000 4.365384615384615 0.328125
168000 4.5 0.3125
170000 4.788461538461538 0.375
172000 4.769230769230769 0.34375
174000 4.423076923076923 0.265625
176000 4.480769230769231 0.265625
178000 4.673076923076923 0.28125
180000 4.653846153846154 0.3125
182000 4.673076923076923 0.375
184000 4.711538461538462 0.296875
186000 4.8076923076923075 0.234375
188000 4.846153846153846 0.265625
190000 4.8076923076923075 0.390625
192000 4.865384615384615 0.34375
194000 4.75 0.234375
196000 4.730769230769231 0.265625
198000 4.8076923076923075 0.25
200000 4.6923076923076925 0.34375
202000 4.730769230769231 0.40625
204000 4.769230769230769 0.25
206000 4.865384615384615 0.203125
208000 4.711538461538462 0.25
210000 4.653846153846154 0.328125
212000 4.75 0.34375
214000 4.673076923076923 0.25
216000 4.634615384615385 0.234375
218000 4.788461538461538 0.296875
220000 4.865384615384615 0.328125
222000 4.788461538461538 0.34375
224000 4.923076923076923 0.3125
226000 4.826923076923077 0.203125
228000 4.826923076923077 0.25
230000 4.865384615384615 0.21875
232000 4.826923076923077 0.3125
234000 4.538461538461538 0.375
236000 4.673076923076923 0.265625
238000 4.673076923076923 0.3125
240000 4.596153846153846 0.265625
242000 4.730769230769231 0.265625
244000 4.730769230769231 0.328125
246000 4.711538461538462 0.25
248000 4.730769230769231 0.3125
250000 4.788461538461538 0.28125
252000 4.75 0.234375
254000 4.730769230769231 0.375
256000 4.769230769230769 0.28125
258000 4.846153846153846 0.28125
260000 4.75 0.296875
262000 4.865384615384615 0.203125
264000 4.826923076923077 0.296875
266000 4.8076923076923075 0.3125
268000 4.923076923076923 0.328125
270000 4.711538461538462 0.25
272000 4.6923076923076925 0.28125
274000 4.788461538461538 0.296875
276000 4.673076923076923 0.421875
278000 4.730769230769231 0.21875
280000 4.9423076923076925 0.265625
282000 4.788461538461538 0.25
284000 4.6923076923076925 0.203125
286000 4.673076923076923 0.375
288000 4.826923076923077 0.265625
290000 4.826923076923077 0.265625
292000 4.730769230769231 0.25
294000 4.846153846153846 0.25
296000 4.653846153846154 0.28125
298000 4.576923076923077 0.390625
300000 4.653846153846154 0.25
302000 4.673076923076923 0.21875
304000 4.8076923076923075 0.234375
306000 4.788461538461538 0.234375
308000 4.730769230769231 0.34375
310000 4.596153846153846 0.25
312000 4.769230769230769 0.25
314000 4.673076923076923 0.265625
316000 4.769230769230769 0.296875
318000 4.9423076923076925 0.328125
320000 4.846153846153846 0.234375
322000 4.673076923076923 0.3125
324000 4.6923076923076925 0.234375
326000 4.653846153846154 0.25
328000 4.653846153846154 0.328125
330000 4.8076923076923075 0.40625
332000 4.8076923076923075 0.3125
334000 4.711538461538462 0.265625
336000 4.6923076923076925 0.234375
338000 4.769230769230769 0.375
340000 4.846153846153846 0.359375
342000 4.884615384615385 0.28125
344000 4.730769230769231 0.234375
346000 4.8076923076923075 0.25
348000 4.6923076923076925 0.265625
350000 4.903846153846154 0.265625
352000 4.75 0.3125
354000 4.711538461538462 0.25
356000 4.923076923076923 0.25
358000 4.903846153846154 0.25
360000 4.923076923076923 0.28125
362000 4.673076923076923 0.375
364000 4.711538461538462 0.234375
366000 4.8076923076923075 0.21875
368000 4.615384615384615 0.21875
370000 4.615384615384615 0.234375
372000 4.6923076923076925 0.3125
374000 4.673076923076923 0.25
376000 4.6923076923076925 0.296875
378000 4.576923076923077 0.21875
380000 4.538461538461538 0.21875
382000 4.730769230769231 0.328125
384000 4.903846153846154 0.265625
386000 4.884615384615385 0.234375
388000 4.903846153846154 0.28125
390000 4.538461538461538 0.1875
392000 4.846153846153846 0.296875
394000 4.903846153846154 0.40625
396000 4.884615384615385 0.234375
398000 4.653846153846154 0.28125
400000 4.730769230769231 0.25
402000 4.961538461538462 0.296875
404000 4.884615384615385 0.359375
406000 4.884615384615385 0.21875
408000 4.846153846153846 0.265625
410000 4.903846153846154 0.265625
412000 4.826923076923077 0.328125
414000 4.903846153846154 0.34375
416000 4.788461538461538 0.21875
418000 4.75 0.234375
420000 4.903846153846154 0.265625
422000 4.980769230769231 0.359375
424000 4.884615384615385 0.3125
426000 4.8076923076923075 0.375
428000 4.826923076923077 0.25
430000 4.846153846153846 0.265625
432000 4.826923076923077 0.3125
434000 4.846153846153846 0.265625
436000 4.826923076923077 0.359375
438000 4.769230769230769 0.1875
440000 4.826923076923077 0.3125
442000 4.769230769230769 0.3125
444000 4.826923076923077 0.265625
446000 4.846153846153846 0.34375
448000 4.884615384615385 0.203125
450000 4.788461538461538 0.296875
452000 4.846153846153846 0.21875
454000 4.865384615384615 0.21875
456000 4.903846153846154 0.234375
458000 4.923076923076923 0.40625
460000 4.903846153846154 0.3125
462000 4.903846153846154 0.21875
464000 4.9423076923076925 0.203125
466000 4.9423076923076925 0.234375
468000 4.865384615384615 0.375
470000 4.903846153846154 0.3125
472000 4.923076923076923 0.203125
474000 4.884615384615385 0.21875
476000 4.923076923076923 0.21875
478000 4.884615384615385 0.28125
480000 4.884615384615385 0.3125
482000 4.923076923076923 0.265625
484000 4.884615384615385 0.265625
486000 4.884615384615385 0.1875
488000 4.9423076923076925 0.265625
490000 4.980769230769231 0.34375
492000 5.0 0.25
494000 4.980769230769231 0.34375
496000 4.980769230769231 0.1875
498000 5.0 0.234375
500000 5.019230769230769 0.328125
