2000 0.36538461538461536 0.21875
4000 0.5576923076923077 0.234375
6000 0.6923076923076923 0.21875
8000 0.5 0.34375
10000 0.6923076923076923 0.359375
12000 1.2692307692307692 0.3125
14000 1.8653846153846154 0.34375
16000 2.423076923076923 0.359375
18000 4.403846153846154 0.3125
20000 4.480769230769231 0.34375
22000 4.5 0.375
24000 4.519230769230769 0.296875
26000 4.5 0.328125
28000 4.519230769230769 0.34375
30000 4.519230769230769 0.359375
32000 4.519230769230769 0.328125
34000 4.519230769230769 0.34375
36000 4.519230769230769 0.375
38000 4.519230769230769 0.359375
40000 4.519230769230769 0.421875
42000 4.519230769230769 0.40625
44000 4.519230769230769 0.390625
46000 4.615384615384615 0.421875
48000 4.519230769230769 0.40625
50000 4.403846153846154 0.390625
52000 4.5 0.390625
54000 4.519230769230769 0.359375
56000 4.5 0.421875
58000 4.538461538461538 0.390625
60000 4.538461538461538 0.46875
62000 4.538461538461538 0.453125
64000 4.538461538461538 0.4375
66000 4.538461538461538 0.421875
68000 4.519230769230769 0.40625
70000 4.519230769230769 0.40625
72000 4.519230769230769 0.40625
74000 4.5576923076923075 0.453125
76000 4.480769230769231 0.4375
78000 4.826923076923077 0.421875
80000 4.730769230769231 0.421875
82000 4.673076923076923 0.375
84000 4.634615384615385 0.40625
86000 4.615384615384615 0.4375
88000 4.5576923076923075 0.390625
90000 4.576923076923077 0.4375
92000 4.596153846153846 0.421875
94000 4.538461538461538 0.453125
96000 4.769230769230769 0.421875
98000 4.653846153846154 0.4375
100000 4.673076923076923 0.390625
102000 4.653846153846154 0.421875
104000 4.8076923076923075 0.40625
106000 4.8076923076923075 0.40625
108000 4.903846153846154 0.4375
110000 4.884615384615385 0.453125
112000 4.769230769230769 0.40625
114000 4.8076923076923075 0.40625
116000 4.826923076923077 0.4375
118000 4.826923076923077 0.421875
120000 4.673076923076923 0.421875
122000 4.846153846153846 0.421875
124000 4.730769230769231 0.390625
126000 4.8076923076923075 0.390625
128000 4.730769230769231 0.40625
130000 4.711538461538462 0.390625
132000 4.788461538461538 0.421875
134000 4.769230769230769 0.375
136000 4.653846153846154 0.421875
138000 4.730769230769231 0.40625
140000 4.711538461538462 0.390625
142000 4.6923076923076925 0.40625
144000 4.730769230769231 0.40625
146000 4.75 0.453125
148000 4.653846153846154 0.40625
150000 4.6923076923076925 0.421875
152000 4.673076923076923 0.421875
154000 4.903846153846154 0.421875
156000 4.769230769230769 0.40625
158000 4.8076923076923075 0.421875
160000 4.865384615384615 0.453125
162000 4.769230769230769 0.453125
164000 4.826923076923077 0.421875
166000 4.596153846153846 0.4375
168000 4.865384615384615 0.4375
170000 4.480769230769231 0.390625
172000 4.576923076923077 0.421875
174000 4.6923076923076925 0.40625
176000 4.711538461538462 0.421875
178000 4.769230769230769 0.4375
180000 4.923076923076923 0.421875
182000 4.826923076923077 0.40625
184000 4.923076923076923 0.421875
186000 4.826923076923077 0.40625
188000 4.8076923076923075 0.40625
190000 4.673076923076923 0.4375
192000 4.826923076923077 0.40625
194000 4.961538461538462 0.4375
196000 4.846153846153846 0.390625
198000 4.9423076923076925 0.453125
200000 4.711538461538462 0.40625
202000 4.788461538461538 0.46875
204000 4.923076923076923 0.390625
206000 4.6923076923076925 0.40625
208000 4.8076923076923075 0.4375
210000 4.884615384615385 0.4375
212000 4.980769230769231 0.390625
214000 4.846153846153846 0.421875
216000 4.75 0.4375
218000 4.788461538461538 0.390625
220000 4.769230769230769 0.421875
222000 4.903846153846154 0.375
224000 4.788461538461538 0.40625
226000 4.826923076923077 0.4375
228000 4.596153846153846 0.453125
230000 4.673076923076923 0.40625
232000 4.653846153846154 0.4375
234000 4.8076923076923075 0.421875
236000 4.75 0.421875
238000 4.884615384615385 0.390625
240000 4.634615384615385 0.375
242000 4.826923076923077 0.421875
244000 4.846153846153846 0.390625
246000 4.884615384615385 0.390625
248000 4.769230769230769 0.40625
250000 4.769230769230769 0.40625
252000 4.788461538461538 0.375
254000 4.769230769230769 0.359375
256000 4.865384615384615 0.4375
258000 4.865384615384615 0.421875
260000 4.846153846153846 0.375
262000 4.75 0.421875
264000 4.576923076923077 0.421875
266000 4.923076923076923 0.375
268000 4.673076923076923 0.359375
270000 4.634615384615385 0.375
272000 4.6923076923076925 0.390625
274000 4.634615384615385 0.421875
276000 4.653846153846154 0.390625
278000 4.634615384615385 0.390625
280000 4.615384615384615 0.4375
282000 4.615384615384615 0.421875
284000 4.653846153846154 0.359375
286000 4.615384615384615 0.375
288000 4.711538461538462 0.4375
290000 4.615384615384615 0.375
292000 4.596153846153846 0.375
294000 4.596153846153846 0.4375
296000 4.615384615384615 0.421875
298000 4.673076923076923 0.40625
300000 4.653846153846154 0.4375
302000 4.6923076923076925 0.421875
304000 4.6923076923076925 0.421875
306000 4.8076923076923075 0.40625
308000 4.634615384615385 0.4375
310000 4.673076923076923 0.4375
312000 4.596153846153846 0.40625
314000 4.9423076923076925 0.453125
316000 4.903846153846154 0.484375
318000 4.884615384615385 0.484375
320000 4.980769230769231 0.4375
322000 4.75 0.4375
324000 4.711538461538462 0.453125
326000 4.865384615384615 0.421875
328000 4.826923076923077 0.4375
330000 4.8076923076923075 0.4375
332000 4.884615384615385 0.46875
334000 4.884615384615385 0.4375
336000 4.826923076923077 0.46875
338000 4.826923076923077 0.421875
340000 4.826923076923077 0.453125
342000 4.8076923076923075 0.4375
344000 4.8076923076923075 0.40625
346000 4.9423076923076925 0.421875
348000 4.884615384615385 0.46875
350000 4.711538461538462 0.421875
352000 4.6923076923076925 0.390625
354000 4.865384615384615 0.40625
356000 4.923076923076923 0.4375
358000 4.903846153846154 0.421875
360000 4.826923076923077 0.421875
362000 4.865384615384615 0.515625
364000 4.903846153846154 0.421875
366000 4.884615384615385 0.453125
368000 4.9423076923076925 0.5
370000 4.923076923076923 0.375
372000 4.9423076923076925 0.421875
374000 4.9423076923076925 0.390625
376000 4.711538461538462 0.421875
378000 4.865384615384615 0.453125
380000 4.846153846153846 0.4375
382000 4.884615384615385 0.4375
384000 4.884615384615385 0.4375
386000 4.8076923076923075 0.40625
388000 4.826923076923077 0.453125
390000 4.8076923076923075 0.453125
392000 4.865384615384615 0.453125
394000 4.846153846153846 0.390625
396000 4.884615384615385 0.40625
398000 4.903846153846154 0.375
400000 4.884615384615385 0.46875
402000 4.788461538461538 0.421875
404000 5.0576923076923075 0.453125
406000 4.9423076923076925 0.40625
408000 4.9423076923076925 0.390625
410000 4.903846153846154 0.46875
412000 4.903846153846154 0.4375
414000 4.865384615384615 0.4375
416000 4.9423076923076925 0.46875
418000 5.0 0.4375
420000 5.019230769230769 0.46875
422000 5.019230769230769 0.453125
424000 5.038461538461538 0.484375
426000 5.019230769230769 0.4375
428000 5.019230769230769 0.46875
430000 5.0 0.5
432000 5.019230769230769 0.421875
434000 5.019230769230769 0.453125
436000 5.038461538461538 0.453125
438000 5.019230769230769 0.453125
440000 5.019230769230769 0.421875
442000 4.9423076923076925 0.4375
444000 4.923076923076923 0.484375
446000 4.884615384615385 0.421875
448000 4.923076923076923 0.484375
450000 4.9423076923076925 0.4375
452000 5.0 0.46875
454000 5.019230769230769 0.453125
456000 5.038461538461538 0.453125
458000 5.019230769230769 0.4375
460000 4.903846153846154 0.484375
462000 4.903846153846154 0.453125
464000 4.903846153846154 0.421875
466000 4.923076923076923 0.453125
468000 4.903846153846154 0.421875
470000 4.923076923076923 0.484375
472000 4.903846153846154 0.421875
474000 4.9423076923076925 0.484375
476000 4.9423076923076925 0.421875
478000 4.923076923076923 0.4375
480000 4.9423076923076925 0.375
482000 4.9423076923076925 0.421875
484000 4.9423076923076925 0.4375
486000 4.9423076923076925 0.390625
488000 4.9423076923076925 0.40625
490000 4.9423076923076925 0.46875
492000 4.9423076923076925 0.453125
494000 4.9423076923076925 0.453125
496000 4.9423076923076925 0.421875
498000 4.923076923076923 0.375
500000 4.923076923076923 0.421875
