2000 0.4230769230769231 0.375
4000 0.34615384615384615 0.40625
6000 0.8269230769230769 0.484375
8000 0.7307692307692307 0.484375
10000 1.0 0.484375
12000 1.1730769230769231 0.453125
14000 0.9423076923076923 0.515625
16000 1.5384615384615385 0.5
18000 1.9807692307692308 0.546875
20000 4.519230769230769 0.515625
22000 4.519230769230769 0.5625
24000 4.519230769230769 0.5
26000 4.519230769230769 0.546875
28000 4.519230769230769 0.546875
30000 4.519230769230769 0.546875
32000 4.519230769230769 0.578125
34000 4.519230769230769 0.546875
36000 4.576923076923077 0.5625
38000 4.365384615384615 0.5625
40000 4.576923076923077 0.5625
42000 4.576923076923077 0.515625
44000 4.5576923076923075 0.53125
46000 4.576923076923077 0.5
48000 4.576923076923077 0.625
50000 4.519230769230769 0.53125
52000 4.634615384615385 0.59375
54000 4.596153846153846 0.5625
56000 4.75 0.53125
58000 4.6923076923076925 0.640625
60000 4.596153846153846 0.59375
62000 4.596153846153846 0.609375
64000 4.653846153846154 0.59375
66000 4.8076923076923075 0.625
68000 4.903846153846154 0.5625
70000 4.903846153846154 0.609375
72000 4.903846153846154 0.578125
74000 4.826923076923077 0.546875
76000 4.884615384615385 0.609375
78000 4.846153846153846 0.578125
80000 4.9423076923076925 0.578125
82000 4.923076923076923 0.5625
84000 4.923076923076923 0.59375
86000 4.923076923076923 0.625
88000 4.9423076923076925 0.578125
90000 4.923076923076923 0.578125
92000 4.865384615384615 0.5625
94000 4.865384615384615 0.578125
96000 4.769230769230769 0.59375
98000 4.615384615384615 0.609375
100000 4.673076923076923 0.59375
102000 4.730769230769231 0.5625
104000 4.846153846153846 0.59375
106000 4.75 0.609375
108000 4.8076923076923075 0.625
110000 4.826923076923077 0.5625
112000 4.8076923076923075 0.625
114000 4.769230769230769 0.59375
116000 4.769230769230769 0.609375
118000 4.769230769230769 0.625
120000 4.75 0.59375
122000 4.826923076923077 0.5625
124000 4.846153846153846 0.546875
126000 4.826923076923077 0.640625
128000 4.769230769230769 0.59375
130000 4.8076923076923075 0.609375
132000 4.711538461538462 0.625
134000 4.75 0.578125
136000 4.769230769230769 0.546875
138000 4.8076923076923075 0.609375
140000 4.769230769230769 0.578125
142000 4.769230769230769 0.59375
144000 4.8076923076923075 0.609375
146000 4.769230769230769 0.609375
148000 4.8076923076923075 0.609375
150000 4.846153846153846 0.578125
152000 4.788461538461538 0.609375
154000 4.8076923076923075 0.609375
156000 4.903846153846154 0.578125
158000 4.865384615384615 0.59375
160000 4.826923076923077 0.578125
162000 4.788461538461538 0.578125
164000 4.903846153846154 0.5625
166000 4.865384615384615 0.609375
168000 4.903846153846154 0.546875
170000 4.961538461538462 0.59375
172000 4.903846153846154 0.578125
174000 4.846153846153846 0.59375
176000 4.903846153846154 0.625
178000 4.865384615384615 0.640625
180000 4.9423076923076925 0.609375
182000 4.923076923076923 0.59375
184000 4.711538461538462 0.5625
186000 4.8076923076923075 0.609375
188000 4.788461538461538 0.5625
190000 4.788461538461538 0.640625
192000 4.653846153846154 0.59375
194000 4.826923076923077 0.59375
196000 4.8076923076923075 0.59375
198000 4.8076923076923075 0.625
200000 4.8076923076923075 0.5625
202000 4.865384615384615 0.625
204000 4.788461538461538 0.59375
206000 4.75 0.578125
208000 4.75 0.59375
210000 4.826923076923077 0.578125
212000 4.769230769230769 0.625
214000 4.8076923076923075 0.609375
216000 4.711538461538462 0.609375
218000 4.596153846153846 0.5625
220000 4.711538461538462 0.609375
222000 4.826923076923077 0.5625
224000 4.769230769230769 0.609375
226000 4.711538461538462 0.625
228000 4.634615384615385 0.625
230000 4.711538461538462 0.578125
232000 4.711538461538462 0.5625
234000 4.711538461538462 0.515625
236000 4.673076923076923 0.59375
238000 4.6923076923076925 0.5625
240000 4.769230769230769 0.5625
242000 4.788461538461538 0.65625
244000 4.769230769230769 0.609375
246000 4.769230769230769 0.578125
248000 4.769230769230769 0.578125
250000 4.711538461538462 0.578125
252000 4.769230769230769 0.625
254000 4.903846153846154 0.546875
256000 4.8076923076923075 0.640625
258000 4.634615384615385 0.609375
260000 4.480769230769231 0.578125
262000 4.673076923076923 0.5625
264000 4.673076923076923 0.640625
266000 4.634615384615385 0.609375
268000 4.673076923076923 0.625
270000 4.711538461538462 0.578125
272000 4.711538461538462 0.578125
274000 4.788461538461538 0.546875
276000 4.8076923076923075 0.609375
278000 4.788461538461538 0.53125
280000 4.730769230769231 0.65625
282000 4.788461538461538 0.609375
284000 4.6923076923076925 0.546875
286000 4.730769230769231 0.578125
288000 4.75 0.59375
290000 4.673076923076923 0.609375
292000 4.8076923076923075 0.59375
294000 4.846153846153846 0.609375
296000 4.673076923076923 0.59375
298000 4.75 0.609375
300000 4.846153846153846 0.625
302000 4.846153846153846 0.609375
304000 4.846153846153846 0.640625
306000 4.846153846153846 0.578125
308000 4.846153846153846 0.546875
310000 4.788461538461538 0.5625
312000 4.769230769230769 0.5625
314000 4.884615384615385 0.609375
316000 4.6923076923076925 0.640625
318000 4.538461538461538 0.609375
320000 4.615384615384615 0.609375
322000 4.538461538461538 0.59375
324000 4.615384615384615 0.578125
326000 4.6923076923076925 0.640625
328000 4.865384615384615 0.5625
330000 4.576923076923077 0.546875
332000 4.576923076923077 0.609375
334000 4.653846153846154 0.59375
336000 4.730769230769231 0.5625
338000 4.788461538461538 0.625
340000 4.75 0.625
342000 4.576923076923077 0.53125
344000 4.730769230769231 0.609375
346000 4.865384615384615 0.59375
348000 4.6923076923076925 0.5625
350000 4.653846153846154 0.59375
352000 4.865384615384615 0.578125
354000 4.903846153846154 0.609375
356000 4.788461538461538 0.5625
358000 4.711538461538462 0.640625
360000 4.673076923076923 0.65625
362000 4.846153846153846 0.609375
364000 4.769230769230769 0.625
366000 4.634615384615385 0.59375
368000 4.788461538461538 0.609375
370000 4.8076923076923075 0.578125
372000 4.826923076923077 0.578125
374000 4.730769230769231 0.578125
376000 4.596153846153846 0.53125
378000 4.8076923076923075 0.59375
380000 4.75 0.625
382000 4.634615384615385 0.546875
384000 4.6923076923076925 0.59375
386000 4.75 0.578125
388000 4.865384615384615 0.59375
390000 4.846153846153846 0.5625
392000 4.8076923076923075 0.625
394000 4.846153846153846 0.5625
396000 4.846153846153846 0.609375
398000 4.826923076923077 0.59375
400000 4.865384615384615 0.578125
402000 4.769230769230769 0.5625
404000 4.730769230769231 0.5625
406000 4.8076923076923075 0.65625
408000 4.6923076923076925 0.609375
410000 4.846153846153846 0.578125
412000 4.865384615384615 0.5625
414000 4.846153846153846 0.625
416000 4.865384615384615 0.578125
418000 4.846153846153846 0.640625
420000 4.903846153846154 0.578125
422000 4.923076923076923 0.59375
424000 4.865384615384615 0.59375
426000 4.923076923076923 0.5625
428000 4.884615384615385 0.640625
430000 4.865384615384615 0.53125
432000 4.884615384615385 0.578125
434000 4.903846153846154 0.703125
436000 4.788461538461538 0.53125
438000 4.769230769230769 0.546875
440000 4.75 0.5625
442000 4.769230769230769 0.578125
444000 4.75 0.578125
446000 4.769230769230769 0.703125
448000 4.769230769230769 0.609375
450000 4.769230769230769 0.59375
452000 4.769230769230769 0.53125
454000 4.711538461538462 0.59375
456000 4.846153846153846 0.640625
458000 4.846153846153846 0.5625
460000 4.865384615384615 0.578125
462000 4.846153846153846 0.578125
464000 4.846153846153846 0.609375
466000 4.846153846153846 0.546875
468000 4.730769230769231 0.609375
470000 4.730769230769231 0.609375
472000 4.788461538461538 0.65625
474000 4.826923076923077 0.46875
476000 4.769230769230769 0.59375
478000 4.75 0.5625
480000 4.826923076923077 0.578125
482000 4.865384615384615 0.625
484000 4.923076923076923 0.5625
486000 4.903846153846154 0.65625
488000 4.769230769230769 0.578125
490000 4.788461538461538 0.578125
492000 4.865384615384615 0.59375
494000 4.75 0.546875
496000 4.865384615384615 0.625
498000 4.884615384615385 0.625
500000 4.884615384615385 0.640625
