2000 1.0576923076923077 0.34375
4000 1.1923076923076923 0.359375
6000 3.7115384615384617 0.40625
8000 4.519230769230769 0.484375
10000 4.519230769230769 0.484375
12000 4.538461538461538 0.453125
14000 4.5576923076923075 0.46875
16000 4.519230769230769 0.453125
18000 4.596153846153846 0.515625
20000 4.615384615384615 0.515625
22000 4.615384615384615 0.484375
24000 4.615384615384615 0.5
26000 4.596153846153846 0.5625
28000 4.596153846153846 0.5625
30000 4.5 0.5625
32000 4.5 0.59375
34000 4.403846153846154 0.53125
36000 4.5576923076923075 0.5625
38000 4.519230769230769 0.546875
40000 4.615384615384615 0.515625
42000 4.615384615384615 0.53125
44000 4.596153846153846 0.546875
46000 4.596153846153846 0.5
48000 4.596153846153846 0.515625
50000 4.596153846153846 0.515625
52000 4.596153846153846 0.5625
54000 4.596153846153846 0.59375
56000 4.480769230769231 0.5625
58000 4.596153846153846 0.59375
60000 4.615384615384615 0.59375
62000 4.596153846153846 0.59375
64000 4.5 0.5625
66000 4.596153846153846 0.59375
68000 4.538461538461538 0.59375
70000 4.615384615384615 0.5625
72000 4.596153846153846 0.5625
74000 4.596153846153846 0.578125
76000 4.596153846153846 0.578125
78000 4.596153846153846 0.625
80000 4.596153846153846 0.609375
82000 4.615384615384615 0.578125
84000 4.596153846153846 0.625
86000 4.596153846153846 0.609375
88000 4.615384615384615 0.578125
90000 4.615384615384615 0.59375
92000 4.596153846153846 0.59375
94000 4.596153846153846 0.5625
96000 4.615384615384615 0.59375
98000 4.634615384615385 0.609375
100000 4.634615384615385 0.609375
102000 4.634615384615385 0.578125
104000 4.634615384615385 0.671875
106000 4.365384615384615 0.609375
108000 4.615384615384615 0.609375
110000 4.615384615384615 0.578125
112000 4.634615384615385 0.625
114000 4.596153846153846 0.609375
116000 4.596153846153846 0.65625
118000 4.596153846153846 0.59375
120000 4.634615384615385 0.546875
122000 4.5 0.609375
124000 4.596153846153846 0.578125
126000 4.461538461538462 0.59375
128000 4.596153846153846 0.5625
130000 4.596153846153846 0.578125
132000 4.596153846153846 0.625
134000 4.615384615384615 0.53125
136000 4.615384615384615 0.546875
138000 4.615384615384615 0.625
140000 4.596153846153846 0.609375
142000 4.576923076923077 0.578125
144000 4.576923076923077 0.609375
146000 4.596153846153846 0.578125
148000 4.615384615384615 0.5625
150000 4.615384615384615 0.65625
152000 4.615384615384615 0.5625
154000 4.615384615384615 0.59375
156000 4.634615384615385 0.546875
158000 4.615384615384615 0.59375
160000 4.615384615384615 0.59375
162000 4.634615384615385 0.578125
164000 4.596153846153846 0.59375
166000 4.615384615384615 0.578125
168000 4.596153846153846 0.609375
170000 4.5576923076923075 0.578125
172000 4.461538461538462 0.578125
174000 4.576923076923077 0.5625
176000 4.576923076923077 0.609375
178000 4.596153846153846 0.578125
180000 4.5576923076923075 0.59375
182000 4.576923076923077 0.59375
184000 4.596153846153846 0.546875
186000 4.5576923076923075 0.640625
188000 4.634615384615385 0.609375
190000 4.596153846153846 0.578125
192000 4.615384615384615 0.546875
194000 4.615384615384615 0.59375
196000 4.615384615384615 0.609375
198000 4.596153846153846 0.625
200000 4.576923076923077 0.609375
202000 4.615384615384615 0.609375
204000 4.538461538461538 0.640625
206000 4.4423076923076925 0.609375
208000 4.461538461538462 0.609375
210000 4.5576923076923075 0.578125
212000 4.5576923076923075 0.59375
214000 4.384615384615385 0.59375
216000 4.365384615384615 0.640625
218000 4.230769230769231 0.546875
220000 4.461538461538462 0.578125
222000 4.480769230769231 0.578125
224000 4.3076923076923075 0.5625
226000 4.4423076923076925 0.546875
228000 4.615384615384615 0.5625
230000 4.576923076923077 0.578125
232000 4.673076923076923 0.578125
234000 4.634615384615385 0.5625
236000 4.653846153846154 0.5625
238000 4.653846153846154 0.5625
240000 4.5 0.59375
242000 4.711538461538462 0.484375
244000 4.730769230769231 0.515625
246000 4.480769230769231 0.5625
248000 4.269230769230769 0.515625
250000 4.288461538461538 0.53125
252000 4.4423076923076925 0.5625
254000 4.596153846153846 0.53125
256000 4.673076923076923 0.546875
258000 4.538461538461538 0.515625
260000 4.5 0.515625
262000 4.576923076923077 0.546875
264000 4.673076923076923 0.515625
266000 4.576923076923077 0.609375
268000 4.423076923076923 0.59375
270000 4.480769230769231 0.546875
272000 4.480769230769231 0.5625
274000 4.730769230769231 0.609375
276000 4.673076923076923 0.609375
278000 4.673076923076923 0.609375
280000 4.538461538461538 0.59375
282000 4.653846153846154 0.625
284000 4.673076923076923 0.59375
286000 4.711538461538462 0.625
288000 4.788461538461538 0.546875
290000 4.711538461538462 0.546875
292000 4.769230769230769 0.625
294000 4.5576923076923075 0.609375
296000 4.8076923076923075 0.578125
298000 4.711538461538462 0.625
300000 4.75 0.59375
302000 4.711538461538462 0.5625
304000 4.711538461538462 0.59375
306000 4.6923076923076925 0.578125
308000 4.730769230769231 0.609375
310000 4.730769230769231 0.640625
312000 4.730769230769231 0.59375
314000 4.6923076923076925 0.59375
316000 4.75 0.6875
318000 4.75 0.5625
320000 4.711538461538462 0.59375
322000 4.75 0.5625
324000 4.75 0.640625
326000 4.6923076923076925 0.5625
328000 4.673076923076923 0.59375
330000 4.634615384615385 0.59375
332000 4.634615384615385 0.609375
334000 4.673076923076923 0.59375
336000 4.6923076923076925 0.609375
338000 4.711538461538462 0.5625
340000 4.653846153846154 0.546875
342000 4.673076923076923 0.59375
344000 4.6923076923076925 0.65625
346000 4.653846153846154 0.640625
348000 4.673076923076923 0.578125
350000 4.6923076923076925 0.625
352000 4.711538461538462 0.609375
354000 4.711538461538462 0.578125
356000 4.769230769230769 0.65625
358000 4.6923076923076925 0.546875
360000 4.730769230769231 0.578125
362000 4.788461538461538 0.578125
364000 4.75 0.609375
366000 4.711538461538462 0.625
368000 4.711538461538462 0.5625
370000 4.673076923076923 0.625
372000 4.615384615384615 0.640625
374000 4.634615384615385 0.625
376000 4.615384615384615 0.625
378000 4.653846153846154 0.609375
380000 4.634615384615385 0.609375
382000 4.653846153846154 0.59375
384000 4.596153846153846 0.625
386000 4.673076923076923 0.5625
388000 4.634615384615385 0.609375
390000 4.730769230769231 0.5625
392000 4.653846153846154 0.578125
394000 4.673076923076923 0.5625
396000 4.788461538461538 0.640625
398000 4.634615384615385 0.5625
400000 4.75 0.59375
402000 4.653846153846154 0.578125
404000 4.75 0.625
406000 4.673076923076923 0.59375
408000 4.730769230769231 0.578125
410000 4.730769230769231 0.609375
412000 4.673076923076923 0.578125
414000 4.730769230769231 0.609375
416000 4.826923076923077 0.640625
418000 4.846153846153846 0.5625
420000 4.788461538461538 0.578125
422000 4.788461538461538 0.59375
424000 4.730769230769231 0.625
426000 4.8076923076923075 0.59375
428000 4.769230769230769 0.578125
430000 4.769230769230769 0.5625
432000 4.788461538461538 0.5625
434000 4.730769230769231 0.625
436000 4.730769230769231 0.609375
438000 4.8076923076923075 0.609375
440000 4.673076923076923 0.59375
442000 4.576923076923077 0.59375
444000 4.634615384615385 0.59375
446000 4.6923076923076925 0.578125
448000 4.6923076923076925 0.5625
450000 4.6923076923076925 0.625
452000 4.673076923076923 0.484375
454000 4.711538461538462 0.53125
456000 4.711538461538462 0.546875
458000 4.673076923076923 0.59375
460000 4.653846153846154 0.546875
462000 4.730769230769231 0.546875
464000 4.730769230769231 0.53125
466000 4.711538461538462 0.578125
468000 4.711538461538462 0.515625
470000 4.6923076923076925 0.53125
472000 4.6923076923076925 0.5625
474000 4.711538461538462 0.53125
476000 4.673076923076923 0.5625
478000 4.730769230769231 0.546875
480000 4.711538461538462 0.546875
482000 4.75 0.53125
484000 4.788461538461538 0.5625
486000 4.769230769230769 0.578125
488000 4.769230769230769 0.53125
490000 4.769230769230769 0.53125
492000 4.769230769230769 0.546875
494000 4.769230769230769 0.5
496000 4.788461538461538 0.59375
498000 4.769230769230769 0.625
500000 4.769230769230769 0.578125
