2000 1.0576923076923077 0.21875
4000 1.1153846153846154 0.28125
6000 2.5 0.25
8000 3.7884615384615383 0.359375
10000 4.403846153846154 0.359375
12000 4.519230769230769 0.34375
14000 4.519230769230769 0.359375
16000 4.519230769230769 0.40625
18000 4.519230769230769 0.375
20000 4.519230769230769 0.34375
22000 4.519230769230769 0.375
24000 4.576923076923077 0.34375
26000 4.519230769230769 0.375
28000 4.596153846153846 0.390625
30000 4.519230769230769 0.359375
32000 4.576923076923077 0.34375
34000 4.596153846153846 0.359375
36000 4.576923076923077 0.359375
38000 4.423076923076923 0.375
40000 4.480769230769231 0.34375
42000 4.538461538461538 0.390625
44000 4.576923076923077 0.40625
46000 4.576923076923077 0.390625
48000 4.596153846153846 0.421875
50000 4.538461538461538 0.40625
52000 4.5576923076923075 0.375
54000 4.25 0.421875
56000 4.346153846153846 0.40625
58000 4.1923076923076925 0.46875
60000 4.3076923076923075 0.421875
62000 4.423076923076923 0.421875
64000 4.346153846153846 0.421875
66000 4.519230769230769 0.4375
68000 4.346153846153846 0.390625
70000 4.5576923076923075 0.390625
72000 4.596153846153846 0.359375
74000 4.538461538461538 0.453125
76000 4.519230769230769 0.40625
78000 4.346153846153846 0.40625
80000 4.25 0.421875
82000 4.5576923076923075 0.4375
84000 4.365384615384615 0.4375
86000 4.461538461538462 0.453125
88000 4.596153846153846 0.390625
90000 4.519230769230769 0.46875
92000 4.5576923076923075 0.4375
94000 4.365384615384615 0.375
96000 4.230769230769231 0.390625
98000 4.3076923076923075 0.4375
100000 4.576923076923077 0.4375
102000 4.4423076923076925 0.453125
104000 4.480769230769231 0.421875
106000 4.365384615384615 0.390625
108000 4.384615384615385 0.4375
110000 4.269230769230769 0.421875
112000 4.25 0.390625
114000 4.384615384615385 0.40625
116000 4.326923076923077 0.4375
118000 4.4423076923076925 0.421875
120000 4.5576923076923075 0.4375
122000 4.480769230769231 0.40625
124000 4.576923076923077 0.40625
126000 4.5 0.46875
128000 4.596153846153846 0.4375
130000 4.576923076923077 0.453125
132000 4.480769230769231 0.453125
134000 4.461538461538462 0.40625
136000 4.538461538461538 0.421875
138000 4.5576923076923075 0.421875
140000 4.576923076923077 0.4375
142000 4.519230769230769 0.421875
144000 4.4423076923076925 0.453125
146000 4.5 0.4375
148000 4.403846153846154 0.453125
150000 4.423076923076923 0.421875
152000 4.4423076923076925 0.40625
154000 4.4423076923076925 0.421875
156000 4.538461538461538 0.46875
158000 4.461538461538462 0.421875
160000 4.5576923076923075 0.4375
162000 4.634615384615385 0.375
164000 4.653846153846154 0.421875
166000 4.3076923076923075 0.40625
168000 4.480769230769231 0.4375
170000 4.653846153846154 0.421875
172000 4.596153846153846 0.40625
174000 4.653846153846154 0.421875
176000 4.673076923076923 0.421875
178000 4.634615384615385 0.40625
180000 4.653846153846154 0.46875
182000 4.615384615384615 0.46875
184000 4.634615384615385 0.4375
186000 4.576923076923077 0.421875
188000 4.576923076923077 0.4375
190000 4.4423076923076925 0.40625
192000 4.423076923076923 0.390625
194000 4.269230769230769 0.390625
196000 4.519230769230769 0.453125
198000 4.634615384615385 0.4375
200000 4.480769230769231 0.46875
202000 4.5 0.421875
204000 4.423076923076923 0.4375
206000 4.596153846153846 0.46875
208000 4.596153846153846 0.421875
210000 4.615384615384615 0.40625
212000 4.653846153846154 0.4375
214000 4.576923076923077 0.453125
216000 4.711538461538462 0.421875
218000 4.519230769230769 0.484375
220000 4.4423076923076925 0.4375
222000 4.634615384615385 0.421875
224000 4.6923076923076925 0.4375
226000 4.653846153846154 0.40625
228000 4.519230769230769 0.4375
230000 4.653846153846154 0.4375
232000 4.634615384615385 0.484375
234000 4.576923076923077 0.453125
236000 4.519230769230769 0.4375
238000 4.538461538461538 0.390625
240000 4.480769230769231 0.4375
242000 4.519230769230769 0.46875
244000 4.615384615384615 0.390625
246000 4.615384615384615 0.453125
248000 4.615384615384615 0.421875
250000 4.480769230769231 0.421875
252000 4.538461538461538 0.390625
254000 4.4423076923076925 0.453125
256000 4.403846153846154 0.4375
258000 4.6923076923076925 0.484375
260000 4.6923076923076925 0.4375
262000 4.634615384615385 0.46875
264000 4.6923076923076925 0.453125
266000 4.6923076923076925 0.390625
268000 4.576923076923077 0.4375
270000 4.653846153846154 0.421875
272000 4.615384615384615 0.4375
274000 4.711538461538462 0.390625
276000 4.634615384615385 0.484375
278000 4.538461538461538 0.4375
280000 4.615384615384615 0.4375
282000 4.480769230769231 0.421875
284000 4.6923076923076925 0.4375
286000 4.480769230769231 0.421875
288000 4.576923076923077 0.375
290000 4.423076923076923 0.4375
292000 4.5576923076923075 0.421875
294000 4.519230769230769 0.421875
296000 4.519230769230769 0.4375
298000 4.673076923076923 0.46875
300000 4.596153846153846 0.453125
302000 4.653846153846154 0.46875
304000 4.673076923076923 0.4375
306000 4.423076923076923 0.46875
308000 4.673076923076923 0.40625
310000 4.596153846153846 0.453125
312000 4.596153846153846 0.453125
314000 4.615384615384615 0.4375
316000 4.461538461538462 0.4375
318000 4.4423076923076925 0.453125
320000 4.480769230769231 0.421875
322000 4.5 0.453125
324000 4.461538461538462 0.46875
326000 4.519230769230769 0.421875
328000 4.615384615384615 0.40625
330000 4.538461538461538 0.4375
332000 4.576923076923077 0.390625
334000 4.5 0.375
336000 4.480769230769231 0.421875
338000 4.5 0.46875
340000 4.4423076923076925 0.453125
342000 4.519230769230769 0.453125
344000 4.519230769230769 0.4375
346000 4.519230769230769 0.421875
348000 4.519230769230769 0.46875
350000 4.519230769230769 0.46875
352000 4.480769230769231 0.46875
354000 4.519230769230769 0.5
356000 4.4423076923076925 0.4375
358000 4.480769230769231 0.453125
360000 4.5 0.4375
362000 4.5 0.421875
364000 4.461538461538462 0.421875
366000 4.4423076923076925 0.421875
368000 4.384615384615385 0.46875
370000 4.326923076923077 0.484375
372000 4.423076923076923 0.4375
374000 4.403846153846154 0.390625
376000 4.403846153846154 0.40625
378000 4.480769230769231 0.40625
380000 4.5 0.421875
382000 4.480769230769231 0.4375
384000 4.423076923076923 0.453125
386000 4.538461538461538 0.421875
388000 4.461538461538462 0.453125
390000 4.461538461538462 0.484375
392000 4.519230769230769 0.453125
394000 4.461538461538462 0.40625
396000 4.480769230769231 0.4375
398000 4.519230769230769 0.40625
400000 4.480769230769231 0.4375
402000 4.5 0.453125
404000 4.5 0.359375
406000 4.4423076923076925 0.46875
408000 4.519230769230769 0.4375
410000 4.5 0.40625
412000 4.5 0.40625
414000 4.576923076923077 0.421875
416000 4.538461538461538 0.4375
418000 4.5 0.4375
420000 4.480769230769231 0.40625
422000 4.519230769230769 0.453125
424000 4.461538461538462 0.453125
426000 4.519230769230769 0.421875
428000 4.5576923076923075 0.453125
430000 4.5 0.484375
432000 4.461538461538462 0.46875
434000 4.423076923076923 0.46875
436000 4.461538461538462 0.453125
438000 4.519230769230769 0.4375
440000 4.480769230769231 0.453125
442000 4.5 0.40625
444000 4.461538461538462 0.453125
446000 4.5 0.46875
448000 4.480769230769231 0.453125
450000 4.480769230769231 0.453125
452000 4.5 0.421875
454000 4.480769230769231 0.390625
456000 4.480769230769231 0.421875
458000 4.461538461538462 0.375
460000 4.519230769230769 0.421875
462000 4.480769230769231 0.390625
464000 4.538461538461538 0.421875
466000 4.480769230769231 0.453125
468000 4.480769230769231 0.421875
470000 4.4423076923076925 0.4375
472000 4.5 0.390625
474000 4.4423076923076925 0.484375
476000 4.461538461538462 0.453125
478000 4.4423076923076925 0.40625
480000 4.4423076923076925 0.453125
482000 4.480769230769231 0.5
484000 4.423076923076923 0.453125
486000 4.4423076923076925 0.421875
488000 4.423076923076923 0.453125
490000 4.423076923076923 0.421875
492000 4.423076923076923 0.421875
494000 4.461538461538462 0.4375
496000 4.461538461538462 0.453125
498000 4.461538461538462 0.453125
500000 4.480769230769231 0.4375
