2000 4.519230769230769 4.519230769230769 104.51923076923077 0.22596153846153846 135.8653846153846 45.28846153846154 1.1730769230769231 44.11538461538461 0.7856771999504417
4000 2.519230769230769 2.519230769230769 111.53846153846153 0.11057692307692307 135.8653846153846 45.28846153846154 1.1153846153846154 44.17307692307692 0.7796780001372099
6000 5.730769230769231 5.730769230769231 106.5576923076923 0.1490384615384615 135.8653846153846 45.28846153846154 1.1153846153846154 44.17307692307692 0.8000968000851572
8000 6.25 6.25 100.1923076923077 0.2724358974358974 135.8653846153846 45.28846153846154 1.1153846153846154 44.17307692307692 0.8843624000437558
10000 10.615384615384615 10.615384615384615 98.88461538461539 0.2932692307692307 135.8653846153846 45.28846153846154 1.1153846153846154 44.17307692307692 0.7935697000939399
12000 15.134615384615385 15.134615384615385 98.17307692307692 0.31089743589743585 135.8653846153846 45.28846153846154 1.1153846153846154 44.17307692307692 0.724556399974972
14000 23.076923076923077 23.076923076923077 93.42307692307692 0.36217948717948717 135.8653846153846 45.28846153846154 1.1153846153846154 44.17307692307692 0.8014738999772817
16000 20.76923076923077 20.76923076923077 87.07692307692308 0.4358974358974359 135.8653846153846 45.28846153846154 1.1153846153846154 44.17307692307692 0.7591085999738425
18000 20.23076923076923 20.23076923076923 87.11538461538461 0.4358974358974359 135.8653846153846 45.28846153846154 1.1153846153846154 44.17307692307692 0.9248011000454426
20000 20.23076923076923 20.23076923076923 87.11538461538461 0.4358974358974359 135.8653846153846 45.28846153846154 1.1153846153846154 44.17307692307692 0.9341770999599248
22000 56.32692307692308 56.32692307692308 78.6923076923077 0.4903846153846155 135.8653846153846 45.28846153846154 1.1153846153846154 44.17307692307692 0.8953549000434577
24000 56.32692307692308 56.32692307692308 78.6923076923077 0.4903846153846155 135.8653846153846 45.28846153846154 1.1153846153846154 44.17307692307692 0.9170915998984128
26000 56.32692307692308 56.32692307692308 78.6923076923077 0.4903846153846155 135.8653846153846 45.28846153846154 1.1153846153846154 44.17307692307692 0.7770847000647336
28000 56.32692307692308 56.32692307692308 78.6923076923077 0.4903846153846155 135.8653846153846 45.28846153846154 1.1153846153846154 44.17307692307692 0.7602281998842955
30000 56.32692307692308 56.32692307692308 78.6923076923077 0.4903846153846155 135.8653846153846 45.28846153846154 1.1153846153846154 44.17307692307692 0.831293199909851
32000 56.32692307692308 56.32692307692308 78.6923076923077 0.4903846153846155 135.8653846153846 45.28846153846154 1.1153846153846154 44.17307692307692 0.8794383001513779
34000 56.32692307692308 56.32692307692308 78.6923076923077 0.4903846153846155 135.8653846153846 45.28846153846154 1.1153846153846154 44.17307692307692 0.9912478001788259
36000 65.23076923076923 65.23076923076923 78.8076923076923 0.5224358974358975 135.8653846153846 45.28846153846154 1.1153846153846154 44.17307692307692 1.11697159986943
38000 110.78846153846153 110.78846153846153 73.8076923076923 0.5705128205128205 135.8653846153846 45.28846153846154 1.1153846153846154 44.17307692307692 1.1455226000398397
40000 110.78846153846153 110.78846153846153 73.8076923076923 0.5705128205128205 135.8653846153846 45.28846153846154 1.1153846153846154 44.17307692307692 1.2163932998664677
42000 110.78846153846153 110.78846153846153 73.8076923076923 0.5705128205128205 135.8653846153846 45.28846153846154 1.1153846153846154 44.17307692307692 1.1199022999498993
44000 110.78846153846153 110.78846153846153 73.8076923076923 0.5705128205128205 135.8653846153846 45.28846153846154 1.1153846153846154 44.17307692307692 1.0995904998853803
46000 110.78846153846153 110.78846153846153 73.8076923076923 0.5705128205128205 135.8653846153846 45.28846153846154 1.1153846153846154 44.17307692307692 1.1186681999824941
48000 110.78846153846153 110.78846153846153 73.8076923076923 0.5705128205128205 135.8653846153846 45.28846153846154 1.1153846153846154 44.17307692307692 1.0779933999292552
50000 110.78846153846153 110.78846153846153 73.8076923076923 0.5705128205128205 135.8653846153846 45.28846153846154 1.1153846153846154 44.17307692307692 1.1291388999670744
52000 110.78846153846153 110.78846153846153 73.8076923076923 0.5705128205128205 135.8653846153846 45.28846153846154 1.1153846153846154 44.17307692307692 1.0837326000910252
54000 110.78846153846153 110.78846153846153 73.8076923076923 0.5705128205128205 135.8653846153846 45.28846153846154 1.1153846153846154 44.17307692307692 1.1091656000353396
56000 110.78846153846153 110.78846153846153 73.8076923076923 0.5705128205128205 135.8653846153846 45.28846153846154 1.1153846153846154 44.17307692307692 1.1027631999459118
58000 110.78846153846153 110.78846153846153 73.8076923076923 0.5705128205128205 135.8653846153846 45.28846153846154 1.1153846153846154 44.17307692307692 1.032013799995184
60000 110.78846153846153 110.78846153846153 73.8076923076923 0.5705128205128205 135.8653846153846 45.28846153846154 1.1153846153846154 44.17307692307692 1.0604251001495868
62000 110.78846153846153 110.78846153846153 73.8076923076923 0.5705128205128205 135.8653846153846 45.28846153846154 1.1153846153846154 44.17307692307692 1.058117700042203
64000 110.78846153846153 110.78846153846153 73.8076923076923 0.5705128205128205 135.8653846153846 45.28846153846154 1.1153846153846154 44.17307692307692 1.0710330000147223
66000 110.78846153846153 110.78846153846153 73.8076923076923 0.5705128205128205 135.8653846153846 45.28846153846154 1.1153846153846154 44.17307692307692 1.074157299939543
68000 110.78846153846153 110.78846153846153 73.8076923076923 0.5705128205128205 135.8653846153846 45.28846153846154 1.1153846153846154 44.17307692307692 1.0962714001070708
70000 110.78846153846153 110.78846153846153 73.8076923076923 0.5705128205128205 135.8653846153846 45.28846153846154 1.1153846153846154 44.17307692307692 1.1532000000588596
72000 110.78846153846153 110.78846153846153 73.8076923076923 0.5705128205128205 135.8653846153846 45.28846153846154 1.1153846153846154 44.17307692307692 1.0226809000596404
74000 110.78846153846153 110.78846153846153 73.8076923076923 0.5705128205128205 135.8653846153846 45.28846153846154 1.1153846153846154 44.17307692307692 1.0680927999783307
76000 110.78846153846153 110.78846153846153 73.8076923076923 0.5705128205128205 135.8653846153846 45.28846153846154 1.1153846153846154 44.17307692307692 1.0513995001092553
78000 110.78846153846153 110.78846153846153 73.8076923076923 0.5705128205128205 135.8653846153846 45.28846153846154 1.1153846153846154 44.17307692307692 1.06399040017277
80000 110.78846153846153 110.78846153846153 73.8076923076923 0.5705128205128205 135.8653846153846 45.28846153846154 1.1153846153846154 44.17307692307692 1.1207942999899387
82000 110.78846153846153 110.78846153846153 73.8076923076923 0.5705128205128205 135.8653846153846 45.28846153846154 1.1153846153846154 44.17307692307692 1.094457000028342
84000 110.78846153846153 110.78846153846153 73.8076923076923 0.5705128205128205 135.8653846153846 45.28846153846154 1.1153846153846154 44.17307692307692 1.0787301000673324
86000 110.78846153846153 110.78846153846153 73.8076923076923 0.5705128205128205 135.8653846153846 45.28846153846154 1.1153846153846154 44.17307692307692 1.200959200039506
88000 110.78846153846153 110.78846153846153 73.8076923076923 0.5705128205128205 135.8653846153846 45.28846153846154 1.1153846153846154 44.17307692307692 1.2166067000944167
90000 110.78846153846153 110.78846153846153 73.8076923076923 0.5705128205128205 135.8653846153846 45.28846153846154 1.1153846153846154 44.17307692307692 1.0840894000139087
92000 110.78846153846153 110.78846153846153 73.8076923076923 0.5705128205128205 135.8653846153846 45.28846153846154 1.1153846153846154 44.17307692307692 1.1334979999810457
94000 110.78846153846153 110.78846153846153 73.8076923076923 0.5705128205128205 135.8653846153846 45.28846153846154 1.1153846153846154 44.17307692307692 1.1685430998913944
96000 110.78846153846153 110.78846153846153 73.8076923076923 0.5705128205128205 135.8653846153846 45.28846153846154 1.1153846153846154 44.17307692307692 1.0548127999063581
98000 110.78846153846153 110.78846153846153 73.8076923076923 0.5705128205128205 135.8653846153846 45.28846153846154 1.1153846153846154 44.17307692307692 1.1523826001212
100000 110.78846153846153 110.78846153846153 73.8076923076923 0.5705128205128205 135.8653846153846 45.28846153846154 1.1153846153846154 44.17307692307692 1.1313835000619292
102000 110.78846153846153 110.78846153846153 73.8076923076923 0.5705128205128205 135.8653846153846 45.28846153846154 1.1153846153846154 44.17307692307692 1.0904616001062095
104000 110.78846153846153 110.78846153846153 73.8076923076923 0.5705128205128205 135.8653846153846 45.28846153846154 1.1153846153846154 44.17307692307692 1.1065868001896888
106000 110.78846153846153 110.78846153846153 73.8076923076923 0.5705128205128205 135.8653846153846 45.28846153846154 1.1153846153846154 44.17307692307692 1.1309485998935997
108000 110.78846153846153 110.78846153846153 73.8076923076923 0.5705128205128205 135.8653846153846 45.28846153846154 1.1153846153846154 44.17307692307692 1.0273674000054598
110000 110.78846153846153 110.78846153846153 73.8076923076923 0.5705128205128205 135.8653846153846 45.28846153846154 1.1153846153846154 44.17307692307692 1.0676724000368267
112000 110.78846153846153 110.78846153846153 73.8076923076923 0.5705128205128205 135.8653846153846 45.28846153846154 1.1153846153846154 44.17307692307692 1.1266160001978278
114000 110.78846153846153 110.78846153846153 73.8076923076923 0.5705128205128205 135.8653846153846 45.28846153846154 1.1153846153846154 44.17307692307692 1.0989206999074668
116000 110.78846153846153 110.78846153846153 73.8076923076923 0.5705128205128205 135.8653846153846 45.28846153846154 1.1153846153846154 44.17307692307692 1.0765660998877138
118000 110.78846153846153 110.78846153846153 73.8076923076923 0.5705128205128205 135.8653846153846 45.28846153846154 1.1153846153846154 44.17307692307692 1.0836801999248564
120000 110.78846153846153 110.78846153846153 73.8076923076923 0.5705128205128205 135.8653846153846 45.28846153846154 1.1153846153846154 44.17307692307692 1.0368294999934733
122000 110.78846153846153 110.78846153846153 73.8076923076923 0.5705128205128205 135.8653846153846 45.28846153846154 1.1153846153846154 44.17307692307692 1.1062502001877874
124000 110.78846153846153 110.78846153846153 73.8076923076923 0.5705128205128205 135.8653846153846 45.28846153846154 1.1153846153846154 44.17307692307692 1.0867828000336885
126000 110.78846153846153 110.78846153846153 73.8076923076923 0.5705128205128205 135.8653846153846 45.28846153846154 1.1153846153846154 44.17307692307692 1.1234587000217289
128000 110.78846153846153 110.78846153846153 73.8076923076923 0.5705128205128205 135.8653846153846 45.28846153846154 1.1153846153846154 44.17307692307692 1.0702130000572652
130000 110.78846153846153 110.78846153846153 73.8076923076923 0.5705128205128205 135.8653846153846 45.28846153846154 1.1153846153846154 44.17307692307692 1.0199342998676002
132000 110.78846153846153 110.78846153846153 73.8076923076923 0.5705128205128205 135.8653846153846 45.28846153846154 1.1153846153846154 44.17307692307692 1.0611730001401156
134000 110.78846153846153 110.78846153846153 73.8076923076923 0.5705128205128205 135.8653846153846 45.28846153846154 1.1153846153846154 44.17307692307692 1.073360800044611
136000 110.78846153846153 110.78846153846153 73.8076923076923 0.5705128205128205 135.8653846153846 45.28846153846154 1.1153846153846154 44.17307692307692 1.115601500030607
138000 110.78846153846153 110.78846153846153 73.8076923076923 0.5705128205128205 135.8653846153846 45.28846153846154 1.1153846153846154 44.17307692307692 1.098138599889353
140000 110.78846153846153 110.78846153846153 73.8076923076923 0.5705128205128205 135.8653846153846 45.28846153846154 1.1153846153846154 44.17307692307692 1.075266000116244
142000 110.78846153846153 110.78846153846153 73.8076923076923 0.5705128205128205 135.8653846153846 45.28846153846154 1.1153846153846154 44.17307692307692 1.0528497002087533
144000 110.78846153846153 110.78846153846153 73.8076923076923 0.5705128205128205 135.8653846153846 45.28846153846154 1.1153846153846154 44.17307692307692 1.0760978001635522
146000 110.78846153846153 110.78846153846153 73.8076923076923 0.5705128205128205 135.8653846153846 45.28846153846154 1.1153846153846154 44.17307692307692 1.1372181000187993
148000 110.78846153846153 110.78846153846153 73.8076923076923 0.5705128205128205 135.8653846153846 45.28846153846154 1.1153846153846154 44.17307692307692 1.0685761999338865
150000 110.78846153846153 110.78846153846153 73.8076923076923 0.5705128205128205 135.8653846153846 45.28846153846154 1.1153846153846154 44.17307692307692 1.0768114000093192
152000 110.78846153846153 110.78846153846153 73.8076923076923 0.5705128205128205 135.8653846153846 45.28846153846154 1.1153846153846154 44.17307692307692 1.1527786999940872
154000 110.78846153846153 110.78846153846153 73.8076923076923 0.5705128205128205 135.8653846153846 45.28846153846154 1.1153846153846154 44.17307692307692 1.0735986998770386
156000 110.78846153846153 110.78846153846153 73.8076923076923 0.5705128205128205 135.8653846153846 45.28846153846154 1.1153846153846154 44.17307692307692 1.1079341999720782
158000 110.78846153846153 110.78846153846153 73.8076923076923 0.5705128205128205 135.8653846153846 45.28846153846154 1.1153846153846154 44.17307692307692 1.0985294000711292
160000 110.78846153846153 110.78846153846153 73.8076923076923 0.5705128205128205 135.8653846153846 45.28846153846154 1.1153846153846154 44.17307692307692 1.171001800103113
162000 110.78846153846153 110.78846153846153 73.8076923076923 0.5705128205128205 135.8653846153846 45.28846153846154 1.1153846153846154 44.17307692307692 1.093810100108385
164000 110.78846153846153 110.78846153846153 73.8076923076923 0.5705128205128205 135.8653846153846 45.28846153846154 1.1153846153846154 44.17307692307692 1.032123199896887
166000 110.78846153846153 110.78846153846153 73.8076923076923 0.5705128205128205 135.8653846153846 45.28846153846154 1.1153846153846154 44.17307692307692 1.086593700107187
168000 110.78846153846153 110.78846153846153 73.8076923076923 0.5705128205128205 135.8653846153846 45.28846153846154 1.1153846153846154 44.17307692307692 1.0635220999829471
170000 110.78846153846153 110.78846153846153 73.8076923076923 0.5705128205128205 135.8653846153846 45.28846153846154 1.1153846153846154 44.17307692307692 1.0779237998649478
172000 110.78846153846153 110.78846153846153 73.8076923076923 0.5705128205128205 135.8653846153846 45.28846153846154 1.1153846153846154 44.17307692307692 1.086176399840042
174000 110.78846153846153 110.78846153846153 73.8076923076923 0.5705128205128205 135.8653846153846 45.28846153846154 1.1153846153846154 44.17307692307692 1.0206186999566853
176000 110.78846153846153 110.78846153846153 73.8076923076923 0.5705128205128205 135.8653846153846 45.28846153846154 1.1153846153846154 44.17307692307692 1.051190100144595
178000 110.78846153846153 110.78846153846153 73.8076923076923 0.5705128205128205 135.8653846153846 45.28846153846154 1.1153846153846154 44.17307692307692 1.0347222001291811
180000 110.78846153846153 110.78846153846153 73.8076923076923 0.5705128205128205 135.8653846153846 45.28846153846154 1.1153846153846154 44.17307692307692 1.1686855999287218
182000 110.78846153846153 110.78846153846153 73.8076923076923 0.5705128205128205 135.8653846153846 45.28846153846154 1.1153846153846154 44.17307692307692 1.156061400193721
184000 110.78846153846153 110.78846153846153 73.8076923076923 0.5705128205128205 135.8653846153846 45.28846153846154 1.1153846153846154 44.17307692307692 1.0668742000125349
186000 110.78846153846153 110.78846153846153 73.8076923076923 0.5705128205128205 135.8653846153846 45.28846153846154 1.1153846153846154 44.17307692307692 1.047640500124544
188000 110.78846153846153 110.78846153846153 73.8076923076923 0.5705128205128205 135.8653846153846 45.28846153846154 1.1153846153846154 44.17307692307692 1.0968200000934303
190000 110.78846153846153 110.78846153846153 73.8076923076923 0.5705128205128205 135.8653846153846 45.28846153846154 1.1153846153846154 44.17307692307692 1.1248450998682529
192000 110.78846153846153 110.78846153846153 73.8076923076923 0.5705128205128205 135.8653846153846 45.28846153846154 1.1153846153846154 44.17307692307692 1.1195364999584854
194000 110.78846153846153 110.78846153846153 73.8076923076923 0.5705128205128205 135.8653846153846 45.28846153846154 1.1153846153846154 44.17307692307692 1.0640267000999302
196000 110.78846153846153 110.78846153846153 73.8076923076923 0.5705128205128205 135.8653846153846 45.28846153846154 1.1153846153846154 44.17307692307692 1.1702372999861836
198000 110.78846153846153 110.78846153846153 73.8076923076923 0.5705128205128205 135.8653846153846 45.28846153846154 1.1153846153846154 44.17307692307692 1.0579329000320286
200000 110.78846153846153 110.78846153846153 73.8076923076923 0.5705128205128205 135.8653846153846 45.28846153846154 1.1153846153846154 44.17307692307692 1.1030180999077857
202000 110.78846153846153 110.78846153846153 73.8076923076923 0.5705128205128205 135.8653846153846 45.28846153846154 1.1153846153846154 44.17307692307692 1.117567100096494
204000 110.78846153846153 110.78846153846153 73.8076923076923 0.5705128205128205 135.8653846153846 45.28846153846154 1.1153846153846154 44.17307692307692 1.0708697000518441
206000 110.78846153846153 110.78846153846153 73.8076923076923 0.5705128205128205 135.8653846153846 45.28846153846154 1.1153846153846154 44.17307692307692 1.128547600004822
208000 110.78846153846153 110.78846153846153 73.8076923076923 0.5705128205128205 135.8653846153846 45.28846153846154 1.1153846153846154 44.17307692307692 1.1299662999808788
210000 110.78846153846153 110.78846153846153 73.8076923076923 0.5705128205128205 135.8653846153846 45.28846153846154 1.1153846153846154 44.17307692307692 1.0759118001442403
212000 110.78846153846153 110.78846153846153 73.8076923076923 0.5705128205128205 135.8653846153846 45.28846153846154 1.1153846153846154 44.17307692307692 1.1288927998393774
214000 110.78846153846153 110.78846153846153 73.8076923076923 0.5705128205128205 135.8653846153846 45.28846153846154 1.1153846153846154 44.17307692307692 1.053060800069943
216000 110.78846153846153 110.78846153846153 73.8076923076923 0.5705128205128205 135.8653846153846 45.28846153846154 1.1153846153846154 44.17307692307692 1.0692980999592692
218000 110.78846153846153 110.78846153846153 73.8076923076923 0.5705128205128205 135.8653846153846 45.28846153846154 1.1153846153846154 44.17307692307692 1.0880863999482244
220000 110.78846153846153 110.78846153846153 73.8076923076923 0.5705128205128205 135.8653846153846 45.28846153846154 1.1153846153846154 44.17307692307692 1.0426421999000013
222000 110.78846153846153 110.78846153846153 73.8076923076923 0.5705128205128205 135.8653846153846 45.28846153846154 1.1153846153846154 44.17307692307692 1.0333535000681877
224000 110.78846153846153 110.78846153846153 73.8076923076923 0.5705128205128205 135.8653846153846 45.28846153846154 1.1153846153846154 44.17307692307692 1.143144200090319
226000 110.78846153846153 110.78846153846153 73.8076923076923 0.5705128205128205 135.8653846153846 45.28846153846154 1.1153846153846154 44.17307692307692 1.3215131000615656
228000 110.78846153846153 110.78846153846153 73.8076923076923 0.5705128205128205 135.8653846153846 45.28846153846154 1.1153846153846154 44.17307692307692 1.1301623000763357
230000 110.78846153846153 110.78846153846153 73.8076923076923 0.5705128205128205 135.8653846153846 45.28846153846154 1.1153846153846154 44.17307692307692 1.1730917000677437
232000 110.78846153846153 110.78846153846153 73.8076923076923 0.5705128205128205 135.8653846153846 45.28846153846154 1.1153846153846154 44.17307692307692 1.1551951000001281
234000 110.78846153846153 110.78846153846153 73.8076923076923 0.5705128205128205 135.8653846153846 45.28846153846154 1.1153846153846154 44.17307692307692 1.2152470001019537
236000 110.78846153846153 110.78846153846153 73.8076923076923 0.5705128205128205 135.8653846153846 45.28846153846154 1.1153846153846154 44.17307692307692 1.170826500048861
238000 110.78846153846153 110.78846153846153 73.8076923076923 0.5705128205128205 135.8653846153846 45.28846153846154 1.1153846153846154 44.17307692307692 1.1877999999560416
240000 110.78846153846153 110.78846153846153 73.8076923076923 0.5705128205128205 135.8653846153846 45.28846153846154 1.1153846153846154 44.17307692307692 1.235682399943471
242000 110.78846153846153 110.78846153846153 73.8076923076923 0.5705128205128205 135.8653846153846 45.28846153846154 1.1153846153846154 44.17307692307692 1.2821346998680383
244000 110.78846153846153 110.78846153846153 73.8076923076923 0.5705128205128205 135.8653846153846 45.28846153846154 1.1153846153846154 44.17307692307692 1.2152986000292003
246000 110.78846153846153 110.78846153846153 73.8076923076923 0.5705128205128205 135.8653846153846 45.28846153846154 1.1153846153846154 44.17307692307692 1.1769743000622839
248000 110.78846153846153 110.78846153846153 73.8076923076923 0.5705128205128205 135.8653846153846 45.28846153846154 1.1153846153846154 44.17307692307692 1.2576236000750214
250000 110.78846153846153 110.78846153846153 73.8076923076923 0.5705128205128205 135.8653846153846 45.28846153846154 1.1153846153846154 44.17307692307692 1.1798439000267535
252000 110.78846153846153 110.78846153846153 73.8076923076923 0.5705128205128205 135.8653846153846 45.28846153846154 1.1153846153846154 44.17307692307692 1.1035672000143677
254000 110.78846153846153 110.78846153846153 73.8076923076923 0.5705128205128205 135.8653846153846 45.28846153846154 1.1153846153846154 44.17307692307692 1.1640452998690307
256000 110.78846153846153 110.78846153846153 73.8076923076923 0.5705128205128205 135.8653846153846 45.28846153846154 1.1153846153846154 44.17307692307692 1.2065300999674946
258000 110.78846153846153 110.78846153846153 73.8076923076923 0.5705128205128205 135.8653846153846 45.28846153846154 1.1153846153846154 44.17307692307692 1.322991100139916
260000 110.78846153846153 110.78846153846153 73.8076923076923 0.5705128205128205 135.8653846153846 45.28846153846154 1.1153846153846154 44.17307692307692 1.1693325000815094
262000 110.78846153846153 110.78846153846153 73.8076923076923 0.5705128205128205 135.8653846153846 45.28846153846154 1.1153846153846154 44.17307692307692 1.1677372001577169
264000 110.78846153846153 110.78846153846153 73.8076923076923 0.5705128205128205 135.8653846153846 45.28846153846154 1.1153846153846154 44.17307692307692 1.2246324999723583
266000 110.78846153846153 110.78846153846153 73.8076923076923 0.5705128205128205 135.8653846153846 45.28846153846154 1.1153846153846154 44.17307692307692 1.1610773000866175
268000 110.78846153846153 110.78846153846153 73.8076923076923 0.5705128205128205 135.8653846153846 45.28846153846154 1.1153846153846154 44.17307692307692 1.180941600119695
270000 110.78846153846153 110.78846153846153 73.8076923076923 0.5705128205128205 135.8653846153846 45.28846153846154 1.1153846153846154 44.17307692307692 1.1262207000982016
272000 110.78846153846153 110.78846153846153 73.8076923076923 0.5705128205128205 135.8653846153846 45.28846153846154 1.1153846153846154 44.17307692307692 1.191235699923709
274000 110.78846153846153 110.78846153846153 73.8076923076923 0.5705128205128205 135.8653846153846 45.28846153846154 1.1153846153846154 44.17307692307692 1.2118677999824286
276000 110.78846153846153 110.78846153846153 73.8076923076923 0.5705128205128205 135.8653846153846 45.28846153846154 1.1153846153846154 44.17307692307692 1.1783003001473844
278000 110.78846153846153 110.78846153846153 73.8076923076923 0.5705128205128205 135.8653846153846 45.28846153846154 1.1153846153846154 44.17307692307692 0.9951291000470519
280000 110.78846153846153 110.78846153846153 73.8076923076923 0.5705128205128205 135.8653846153846 45.28846153846154 1.1153846153846154 44.17307692307692 0.9952161000110209
282000 110.78846153846153 110.78846153846153 73.8076923076923 0.5705128205128205 135.8653846153846 45.28846153846154 1.1153846153846154 44.17307692307692 0.9599250999744982
284000 110.78846153846153 110.78846153846153 73.8076923076923 0.5705128205128205 135.8653846153846 45.28846153846154 1.1153846153846154 44.17307692307692 0.9820586999412626
286000 110.78846153846153 110.78846153846153 73.8076923076923 0.5705128205128205 135.8653846153846 45.28846153846154 1.1153846153846154 44.17307692307692 1.0040833000093699
288000 110.78846153846153 110.78846153846153 73.8076923076923 0.5705128205128205 135.8653846153846 45.28846153846154 1.1153846153846154 44.17307692307692 1.0058354998473078
290000 110.78846153846153 110.78846153846153 73.8076923076923 0.5705128205128205 135.8653846153846 45.28846153846154 1.1153846153846154 44.17307692307692 1.029948899988085
292000 110.78846153846153 110.78846153846153 73.8076923076923 0.5705128205128205 135.8653846153846 45.28846153846154 1.1153846153846154 44.17307692307692 1.0050274000968784
294000 110.78846153846153 110.78846153846153 73.8076923076923 0.5705128205128205 135.8653846153846 45.28846153846154 1.1153846153846154 44.17307692307692 0.9829438999295235
296000 110.78846153846153 110.78846153846153 73.8076923076923 0.5705128205128205 135.8653846153846 45.28846153846154 1.1153846153846154 44.17307692307692 1.0223423999268562
298000 110.78846153846153 110.78846153846153 73.8076923076923 0.5705128205128205 135.8653846153846 45.28846153846154 1.1153846153846154 44.17307692307692 0.9848968000151217
300000 110.78846153846153 110.78846153846153 73.8076923076923 0.5705128205128205 135.8653846153846 45.28846153846154 1.1153846153846154 44.17307692307692 1.0158702000044286
302000 110.78846153846153 110.78846153846153 73.8076923076923 0.5705128205128205 135.8653846153846 45.28846153846154 1.1153846153846154 44.17307692307692 0.9322544999886304
304000 110.78846153846153 110.78846153846153 73.8076923076923 0.5705128205128205 135.8653846153846 45.28846153846154 1.1153846153846154 44.17307692307692 1.0653713999781758
306000 110.78846153846153 110.78846153846153 73.8076923076923 0.5705128205128205 135.8653846153846 45.28846153846154 1.1153846153846154 44.17307692307692 1.1331330998800695
308000 110.78846153846153 110.78846153846153 73.8076923076923 0.5705128205128205 135.8653846153846 45.28846153846154 1.1153846153846154 44.17307692307692 1.0055702000390738
310000 110.78846153846153 110.78846153846153 73.8076923076923 0.5705128205128205 135.8653846153846 45.28846153846154 1.1153846153846154 44.17307692307692 1.0407160001341254
312000 110.78846153846153 110.78846153846153 73.8076923076923 0.5705128205128205 135.8653846153846 45.28846153846154 1.1153846153846154 44.17307692307692 0.9713113999459893
314000 110.78846153846153 110.78846153846153 73.8076923076923 0.5705128205128205 135.8653846153846 45.28846153846154 1.1153846153846154 44.17307692307692 1.0711274000350386
316000 110.78846153846153 110.78846153846153 73.8076923076923 0.5705128205128205 135.8653846153846 45.28846153846154 1.1153846153846154 44.17307692307692 1.0340435998514295
318000 110.78846153846153 110.78846153846153 73.8076923076923 0.5705128205128205 135.8653846153846 45.28846153846154 1.1153846153846154 44.17307692307692 0.9857549001462758
320000 110.78846153846153 110.78846153846153 73.8076923076923 0.5705128205128205 135.8653846153846 45.28846153846154 1.1153846153846154 44.17307692307692 1.0462901999708265
322000 110.78846153846153 110.78846153846153 73.8076923076923 0.5705128205128205 135.8653846153846 45.28846153846154 1.1153846153846154 44.17307692307692 1.0026915001217276
324000 110.78846153846153 110.78846153846153 73.8076923076923 0.5705128205128205 135.8653846153846 45.28846153846154 1.1153846153846154 44.17307692307692 1.0184194000903517
326000 110.78846153846153 110.78846153846153 73.8076923076923 0.5705128205128205 135.8653846153846 45.28846153846154 1.1153846153846154 44.17307692307692 0.9673477001488209
328000 110.78846153846153 110.78846153846153 73.8076923076923 0.5705128205128205 135.8653846153846 45.28846153846154 1.1153846153846154 44.17307692307692 1.0022938000038266
330000 110.78846153846153 110.78846153846153 73.8076923076923 0.5705128205128205 135.8653846153846 45.28846153846154 1.1153846153846154 44.17307692307692 0.9627134997863322
332000 110.78846153846153 110.78846153846153 73.8076923076923 0.5705128205128205 135.8653846153846 45.28846153846154 1.1153846153846154 44.17307692307692 1.0739796000998467
334000 110.78846153846153 110.78846153846153 73.8076923076923 0.5705128205128205 135.8653846153846 45.28846153846154 1.1153846153846154 44.17307692307692 1.0095243998803198
336000 110.78846153846153 110.78846153846153 73.8076923076923 0.5705128205128205 135.8653846153846 45.28846153846154 1.1153846153846154 44.17307692307692 1.0087389999534935
338000 110.78846153846153 110.78846153846153 73.8076923076923 0.5705128205128205 135.8653846153846 45.28846153846154 1.1153846153846154 44.17307692307692 0.9897779000457376
340000 110.78846153846153 110.78846153846153 73.8076923076923 0.5705128205128205 135.8653846153846 45.28846153846154 1.1153846153846154 44.17307692307692 1.0230060999747366
342000 110.78846153846153 110.78846153846153 73.8076923076923 0.5705128205128205 135.8653846153846 45.28846153846154 1.1153846153846154 44.17307692307692 1.0346658998169005
344000 110.78846153846153 110.78846153846153 73.8076923076923 0.5705128205128205 135.8653846153846 45.28846153846154 1.1153846153846154 44.17307692307692 1.0075268999207765
346000 110.78846153846153 110.78846153846153 73.8076923076923 0.5705128205128205 135.8653846153846 45.28846153846154 1.1153846153846154 44.17307692307692 0.9465523001272231
348000 110.78846153846153 110.78846153846153 73.8076923076923 0.5705128205128205 135.8653846153846 45.28846153846154 1.1153846153846154 44.17307692307692 1.056992799974978
350000 110.78846153846153 110.78846153846153 73.8076923076923 0.5705128205128205 135.8653846153846 45.28846153846154 1.1153846153846154 44.17307692307692 0.9655104000121355
352000 110.78846153846153 110.78846153846153 73.8076923076923 0.5705128205128205 135.8653846153846 45.28846153846154 1.1153846153846154 44.17307692307692 0.9874650000128895
354000 110.78846153846153 110.78846153846153 73.8076923076923 0.5705128205128205 135.8653846153846 45.28846153846154 1.1153846153846154 44.17307692307692 0.8091831000056118
356000 110.78846153846153 110.78846153846153 73.8076923076923 0.5705128205128205 135.8653846153846 45.28846153846154 1.1153846153846154 44.17307692307692 0.9194235999602824
358000 110.78846153846153 110.78846153846153 73.8076923076923 0.5705128205128205 135.8653846153846 45.28846153846154 1.1153846153846154 44.17307692307692 0.840511699905619
360000 110.78846153846153 110.78846153846153 73.8076923076923 0.5705128205128205 135.8653846153846 45.28846153846154 1.1153846153846154 44.17307692307692 0.9612068999558687
362000 110.78846153846153 110.78846153846153 73.8076923076923 0.5705128205128205 135.8653846153846 45.28846153846154 1.1153846153846154 44.17307692307692 0.8356415000744164
364000 110.78846153846153 110.78846153846153 73.8076923076923 0.5705128205128205 135.8653846153846 45.28846153846154 1.1153846153846154 44.17307692307692 0.8372248001396656
366000 110.78846153846153 110.78846153846153 73.8076923076923 0.5705128205128205 135.8653846153846 45.28846153846154 1.1153846153846154 44.17307692307692 0.7948359998408705
368000 110.78846153846153 110.78846153846153 73.8076923076923 0.5705128205128205 135.8653846153846 45.28846153846154 1.1153846153846154 44.17307692307692 0.8586136000230908
370000 110.78846153846153 110.78846153846153 73.8076923076923 0.5705128205128205 135.8653846153846 45.28846153846154 1.1153846153846154 44.17307692307692 0.8785394998267293
372000 110.78846153846153 110.78846153846153 73.8076923076923 0.5705128205128205 135.8653846153846 45.28846153846154 1.1153846153846154 44.17307692307692 0.803533999947831
374000 110.78846153846153 110.78846153846153 73.8076923076923 0.5705128205128205 135.8653846153846 45.28846153846154 1.1153846153846154 44.17307692307692 0.8319127999711782
376000 110.78846153846153 110.78846153846153 73.8076923076923 0.5705128205128205 135.8653846153846 45.28846153846154 1.1153846153846154 44.17307692307692 0.8297898001037538
378000 110.78846153846153 110.78846153846153 73.8076923076923 0.5705128205128205 135.8653846153846 45.28846153846154 1.1153846153846154 44.17307692307692 0.8451553001068532
380000 110.78846153846153 110.78846153846153 73.8076923076923 0.5705128205128205 135.8653846153846 45.28846153846154 1.1153846153846154 44.17307692307692 0.8172697999980301
382000 110.78846153846153 110.78846153846153 73.8076923076923 0.5705128205128205 135.8653846153846 45.28846153846154 1.1153846153846154 44.17307692307692 0.8174689998850226
384000 110.78846153846153 110.78846153846153 73.8076923076923 0.5705128205128205 135.8653846153846 45.28846153846154 1.1153846153846154 44.17307692307692 0.890010500093922
386000 110.78846153846153 110.78846153846153 73.8076923076923 0.5705128205128205 135.8653846153846 45.28846153846154 1.1153846153846154 44.17307692307692 0.9016181998886168
388000 110.78846153846153 110.78846153846153 73.8076923076923 0.5705128205128205 135.8653846153846 45.28846153846154 1.1153846153846154 44.17307692307692 0.962337699951604
390000 110.78846153846153 110.78846153846153 73.8076923076923 0.5705128205128205 135.8653846153846 45.28846153846154 1.1153846153846154 44.17307692307692 0.9634054999332875
392000 110.78846153846153 110.78846153846153 73.8076923076923 0.5705128205128205 135.8653846153846 45.28846153846154 1.1153846153846154 44.17307692307692 0.8309907000511885
394000 110.78846153846153 110.78846153846153 73.8076923076923 0.5705128205128205 135.8653846153846 45.28846153846154 1.1153846153846154 44.17307692307692 0.8819943000562489
396000 110.78846153846153 110.78846153846153 73.8076923076923 0.5705128205128205 135.8653846153846 45.28846153846154 1.1153846153846154 44.17307692307692 0.9312269000802189
398000 110.78846153846153 110.78846153846153 73.8076923076923 0.5705128205128205 135.8653846153846 45.28846153846154 1.1153846153846154 44.17307692307692 0.807069499976933
400000 110.78846153846153 110.78846153846153 73.8076923076923 0.5705128205128205 135.8653846153846 45.28846153846154 1.1153846153846154 44.17307692307692 0.8617096999660134
402000 110.78846153846153 110.78846153846153 73.8076923076923 0.5705128205128205 135.8653846153846 45.28846153846154 1.1153846153846154 44.17307692307692 0.8480378000531346
404000 110.78846153846153 110.78846153846153 73.8076923076923 0.5705128205128205 135.8653846153846 45.28846153846154 1.1153846153846154 44.17307692307692 0.8789886001031846
406000 110.78846153846153 110.78846153846153 73.8076923076923 0.5705128205128205 135.8653846153846 45.28846153846154 1.1153846153846154 44.17307692307692 0.7990780998952687
408000 110.78846153846153 110.78846153846153 73.8076923076923 0.5705128205128205 135.8653846153846 45.28846153846154 1.1153846153846154 44.17307692307692 0.8348070001229644
410000 110.78846153846153 110.78846153846153 73.8076923076923 0.5705128205128205 135.8653846153846 45.28846153846154 1.1153846153846154 44.17307692307692 0.9605856998823583
412000 110.78846153846153 110.78846153846153 73.8076923076923 0.5705128205128205 135.8653846153846 45.28846153846154 1.1153846153846154 44.17307692307692 0.9630672000348568
414000 110.78846153846153 110.78846153846153 73.8076923076923 0.5705128205128205 135.8653846153846 45.28846153846154 1.1153846153846154 44.17307692307692 0.808408800046891
416000 110.78846153846153 110.78846153846153 73.8076923076923 0.5705128205128205 135.8653846153846 45.28846153846154 1.1153846153846154 44.17307692307692 0.8127822000533342
418000 110.78846153846153 110.78846153846153 73.8076923076923 0.5705128205128205 135.8653846153846 45.28846153846154 1.1153846153846154 44.17307692307692 0.9299556000623852
420000 110.78846153846153 110.78846153846153 73.8076923076923 0.5705128205128205 135.8653846153846 45.28846153846154 1.1153846153846154 44.17307692307692 0.8610201999545097
422000 110.78846153846153 110.78846153846153 73.8076923076923 0.5705128205128205 135.8653846153846 45.28846153846154 1.1153846153846154 44.17307692307692 0.9141166000626981
424000 110.78846153846153 110.78846153846153 73.8076923076923 0.5705128205128205 135.8653846153846 45.28846153846154 1.1153846153846154 44.17307692307692 0.8829542999155819
426000 110.78846153846153 110.78846153846153 73.8076923076923 0.5705128205128205 135.8653846153846 45.28846153846154 1.1153846153846154 44.17307692307692 0.8399956000503153
428000 110.78846153846153 110.78846153846153 73.8076923076923 0.5705128205128205 135.8653846153846 45.28846153846154 1.1153846153846154 44.17307692307692 0.8832332000602037
430000 110.78846153846153 110.78846153846153 73.8076923076923 0.5705128205128205 135.8653846153846 45.28846153846154 1.1153846153846154 44.17307692307692 0.8697104000020772
432000 110.78846153846153 110.78846153846153 73.8076923076923 0.5705128205128205 135.8653846153846 45.28846153846154 1.1153846153846154 44.17307692307692 0.8177579999901354
434000 110.78846153846153 110.78846153846153 73.8076923076923 0.5705128205128205 135.8653846153846 45.28846153846154 1.1153846153846154 44.17307692307692 0.8766612999606878
436000 110.78846153846153 110.78846153846153 73.8076923076923 0.5705128205128205 135.8653846153846 45.28846153846154 1.1153846153846154 44.17307692307692 0.8620661001186818
438000 110.78846153846153 110.78846153846153 73.8076923076923 0.5705128205128205 135.8653846153846 45.28846153846154 1.1153846153846154 44.17307692307692 0.8471117001026869
440000 110.78846153846153 110.78846153846153 73.8076923076923 0.5705128205128205 135.8653846153846 45.28846153846154 1.1153846153846154 44.17307692307692 0.7944289001170546
442000 110.78846153846153 110.78846153846153 73.8076923076923 0.5705128205128205 135.8653846153846 45.28846153846154 1.1153846153846154 44.17307692307692 0.9062606000807136
444000 110.78846153846153 110.78846153846153 73.8076923076923 0.5705128205128205 135.8653846153846 45.28846153846154 1.1153846153846154 44.17307692307692 0.8462296999059618
446000 110.78846153846153 110.78846153846153 73.8076923076923 0.5705128205128205 135.8653846153846 45.28846153846154 1.1153846153846154 44.17307692307692 0.8736633001826704
448000 110.78846153846153 110.78846153846153 73.8076923076923 0.5705128205128205 135.8653846153846 45.28846153846154 1.1153846153846154 44.17307692307692 0.8287818999961019
450000 110.78846153846153 110.78846153846153 73.8076923076923 0.5705128205128205 135.8653846153846 45.28846153846154 1.1153846153846154 44.17307692307692 0.8940396001562476
452000 110.78846153846153 110.78846153846153 73.8076923076923 0.5705128205128205 135.8653846153846 45.28846153846154 1.1153846153846154 44.17307692307692 0.8405174999497831
454000 110.78846153846153 110.78846153846153 73.8076923076923 0.5705128205128205 135.8653846153846 45.28846153846154 1.1153846153846154 44.17307692307692 0.8383571999147534
456000 110.78846153846153 110.78846153846153 73.8076923076923 0.5705128205128205 135.8653846153846 45.28846153846154 1.1153846153846154 44.17307692307692 0.8743179999291897
458000 110.78846153846153 110.78846153846153 73.8076923076923 0.5705128205128205 135.8653846153846 45.28846153846154 1.1153846153846154 44.17307692307692 0.9526327000930905
460000 110.78846153846153 110.78846153846153 73.8076923076923 0.5705128205128205 135.8653846153846 45.28846153846154 1.1153846153846154 44.17307692307692 0.8274509999901056
462000 110.78846153846153 110.78846153846153 73.8076923076923 0.5705128205128205 135.8653846153846 45.28846153846154 1.1153846153846154 44.17307692307692 0.8617983998265117
464000 110.78846153846153 110.78846153846153 73.8076923076923 0.5705128205128205 135.8653846153846 45.28846153846154 1.1153846153846154 44.17307692307692 0.8390724998898804
466000 110.78846153846153 110.78846153846153 73.8076923076923 0.5705128205128205 135.8653846153846 45.28846153846154 1.1153846153846154 44.17307692307692 0.8500275001861155
468000 110.78846153846153 110.78846153846153 73.8076923076923 0.5705128205128205 135.8653846153846 45.28846153846154 1.1153846153846154 44.17307692307692 0.8327468000352383
470000 110.78846153846153 110.78846153846153 73.8076923076923 0.5705128205128205 135.8653846153846 45.28846153846154 1.1153846153846154 44.17307692307692 0.8394291999284178
472000 110.78846153846153 110.78846153846153 73.8076923076923 0.5705128205128205 135.8653846153846 45.28846153846154 1.1153846153846154 44.17307692307692 0.8907103999517858
474000 110.78846153846153 110.78846153846153 73.8076923076923 0.5705128205128205 135.8653846153846 45.28846153846154 1.1153846153846154 44.17307692307692 0.8678757001180202
476000 110.78846153846153 110.78846153846153 73.8076923076923 0.5705128205128205 135.8653846153846 45.28846153846154 1.1153846153846154 44.17307692307692 0.8800820000469685
478000 110.78846153846153 110.78846153846153 73.8076923076923 0.5705128205128205 135.8653846153846 45.28846153846154 1.1153846153846154 44.17307692307692 0.8894883999601007
480000 110.78846153846153 110.78846153846153 73.8076923076923 0.5705128205128205 135.8653846153846 45.28846153846154 1.1153846153846154 44.17307692307692 0.8758477000519633
482000 110.78846153846153 110.78846153846153 73.8076923076923 0.5705128205128205 135.8653846153846 45.28846153846154 1.1153846153846154 44.17307692307692 1.075915299821645
484000 110.78846153846153 110.78846153846153 73.8076923076923 0.5705128205128205 135.8653846153846 45.28846153846154 1.1153846153846154 44.17307692307692 1.0027883001603186
486000 110.78846153846153 110.78846153846153 73.8076923076923 0.5705128205128205 135.8653846153846 45.28846153846154 1.1153846153846154 44.17307692307692 0.8146430999040604
488000 110.78846153846153 110.78846153846153 73.8076923076923 0.5705128205128205 135.8653846153846 45.28846153846154 1.1153846153846154 44.17307692307692 0.8854898000136018
490000 110.78846153846153 110.78846153846153 73.8076923076923 0.5705128205128205 135.8653846153846 45.28846153846154 1.1153846153846154 44.17307692307692 0.796646700007841
492000 110.78846153846153 110.78846153846153 73.8076923076923 0.5705128205128205 135.8653846153846 45.28846153846154 1.1153846153846154 44.17307692307692 0.8303604000248015
494000 110.78846153846153 110.78846153846153 73.8076923076923 0.5705128205128205 135.8653846153846 45.28846153846154 1.1153846153846154 44.17307692307692 0.8692417000420392
496000 110.78846153846153 110.78846153846153 73.8076923076923 0.5705128205128205 135.8653846153846 45.28846153846154 1.1153846153846154 44.17307692307692 0.9972087999340147
498000 110.78846153846153 110.78846153846153 73.8076923076923 0.5705128205128205 135.8653846153846 45.28846153846154 1.1153846153846154 44.17307692307692 0.8513329001143575
500000 110.78846153846153 110.78846153846153 73.8076923076923 0.5705128205128205 135.8653846153846 45.28846153846154 1.1153846153846154 44.17307692307692 0.8804645999334753
