2000 1.6851851851851851 -0.8333079656540782 128.90740740740742 0.038580246913580245 135.5185185185185 45.333333333333336 0.0 45.333333333333336 0.6724606999996467
4000 5.925925925925926 -0.5361418614132071 127.12962962962963 0.11882716049382715 135.5185185185185 45.333333333333336 0.0 45.333333333333336 0.8020845999999437
6000 1.537037037037037 -0.9629615665903062 129.22222222222223 0.035493827160493825 135.5185185185185 45.333333333333336 0.0 45.333333333333336 0.7261402999974962
8000 1.462962962962963 -1.0 128.64814814814815 0.08641975308641976 135.5185185185185 45.333333333333336 0.0 45.333333333333336 0.6443386999999348
10000 1.462962962962963 -0.9814811583568052 128.59259259259258 0.08641975308641976 135.5185185185185 45.333333333333336 0.0 45.333333333333336 0.6964718000017456
12000 6.722222222222222 0.0013503326328320475 125.75925925925925 0.20833333333333334 135.5185185185185 45.333333333333336 0.0 45.333333333333336 0.9576631000018097
14000 6.666666666666667 0.0009710415814798335 125.77777777777777 0.18209876543209877 135.5185185185185 45.333333333333336 0.0 45.333333333333336 0.9942593000014313
16000 3.6296296296296298 0.0007069222641790169 127.18518518518519 0.11265432098765432 135.5185185185185 45.333333333333336 0.0 45.333333333333336 0.9696419000028982
18000 4.518518518518518 0.0013018967875032784 126.96296296296296 0.11265432098765432 135.5185185185185 45.333333333333336 0.0 45.333333333333336 0.9433997999985877
20000 4.185185185185185 0.0005122441613650025 126.94444444444444 0.11419753086419752 135.5185185185185 45.333333333333336 0.0 45.333333333333336 1.1741908000003605
22000 3.740740740740741 -0.11059784000660829 126.85185185185185 0.18209876543209877 135.5185185185185 45.333333333333336 0.0 45.333333333333336 1.14038040000014
24000 4.981481481481482 0.0009235580772761176 126.74074074074075 0.125 135.5185185185185 45.333333333333336 0.0 45.333333333333336 1.1157451999970363
26000 5.666666666666667 0.0010036773722350953 126.75925925925925 0.11728395061728394 135.5185185185185 45.333333333333336 0.0 45.333333333333336 1.0782277999969665
28000 1.9444444444444444 -0.5369449658821472 128.2962962962963 0.06481481481481481 135.5185185185185 45.333333333333336 0.0 45.333333333333336 0.9457369000010658
30000 2.2222222222222223 -0.684995344587624 128.1851851851852 0.033950617283950615 135.5185185185185 45.333333333333336 0.0 45.333333333333336 1.0056476999998267
32000 6.296296296296297 -0.22139947985389274 126.62962962962963 0.11419753086419754 135.5185185185185 45.333333333333336 0.0 45.333333333333336 1.211348299999372
34000 16.74074074074074 -0.10527879230366255 124.38888888888889 0.2160493827160494 135.5185185185185 45.333333333333336 0.0 45.333333333333336 1.1242171999983839
36000 9.351851851851851 0.0033520676523117097 125.55555555555556 0.1419753086419753 135.5185185185185 45.333333333333336 0.0 45.333333333333336 1.3473551999995834
38000 3.388888888888889 0.0005603802389333306 127.0 0.13117283950617284 135.5185185185185 45.333333333333336 0.0 45.333333333333336 1.2319600000009814
40000 4.37037037037037 0.0006111363317100509 127.03703703703704 0.14043209876543208 135.5185185185185 45.333333333333336 0.0 45.333333333333336 1.2675665999995545
42000 10.574074074074074 -0.07150317674087342 125.16666666666667 0.2222222222222222 135.5185185185185 45.333333333333336 0.0 45.333333333333336 1.2212981000011496
44000 8.24074074074074 -0.10809211266109545 125.55555555555556 0.21604938271604937 135.5185185185185 45.333333333333336 0.0 45.333333333333336 1.3210045999985596
46000 6.37037037037037 -0.0359364889244146 126.72222222222223 0.13580246913580246 135.5185185185185 45.333333333333336 0.0 45.333333333333336 1.3305409999993572
48000 4.574074074074074 0.0009084344732409954 126.27777777777777 0.13425925925925924 135.5185185185185 45.333333333333336 0.0 45.333333333333336 1.2495522999997775
50000 8.722222222222221 0.003342038470141034 125.55555555555556 0.1419753086419753 135.5185185185185 45.333333333333336 0.0 45.333333333333336 1.3002391999980318
52000 10.592592592592593 0.0028534912956574166 124.75925925925925 0.21296296296296297 135.5185185185185 45.333333333333336 0.0 45.333333333333336 1.340903399999661
54000 9.407407407407407 -0.017452904445959636 124.79629629629629 0.2268518518518519 135.5185185185185 45.333333333333336 0.0 45.333333333333336 1.2837427999984357
56000 11.518518518518519 0.002105693040205468 124.53703703703704 0.2268518518518519 135.5185185185185 45.333333333333336 0.018518518518518517 45.31481481481482 1.2739155999988725
58000 6.925925925925926 -0.42337348860831 126.25925925925925 0.14969135802469133 135.5185185185185 45.333333333333336 0.018518518518518517 45.31481481481482 1.2087399999982154
60000 20.01851851851852 -0.08865942555057672 123.38888888888889 0.30401234567901236 135.5185185185185 45.333333333333336 0.0 45.333333333333336 1.1964381999969191
62000 23.555555555555557 -0.12489498106376024 122.68518518518519 0.3256172839506173 135.5185185185185 45.333333333333336 0.0 45.333333333333336 1.2911664999992354
64000 16.703703703703702 0.007130184074588935 124.01851851851852 0.2577160493827161 135.5185185185185 45.333333333333336 0.018518518518518517 45.31481481481482 1.27164189999894
66000 26.444444444444443 0.00464797036594232 123.48148148148148 0.28240740740740744 135.5185185185185 45.333333333333336 0.0 45.333333333333336 1.2870538999995915
68000 23.01851851851852 0.00575424336973539 123.46296296296296 0.31944444444444436 135.5185185185185 45.333333333333336 0.0 45.333333333333336 1.2768423999987135
70000 6.7407407407407405 0.0011327050321145058 125.96296296296296 0.12345679012345678 135.5185185185185 45.333333333333336 0.018518518518518517 45.31481481481482 1.3188444999977946
72000 8.88888888888889 0.002047887780008811 125.22222222222223 0.16975308641975312 135.5185185185185 45.333333333333336 0.018518518518518517 45.31481481481482 1.3133785000027274
74000 14.88888888888889 0.00271665023025491 123.9074074074074 0.23919753086419757 135.5185185185185 45.333333333333336 0.018518518518518517 45.31481481481482 1.3811130000030971
76000 14.222222222222221 -0.034293636857417965 124.01851851851852 0.25462962962962965 135.5185185185185 45.333333333333336 0.0 45.333333333333336 1.234140500000649
78000 9.61111111111111 -0.14686470495209789 124.79629629629629 0.2191358024691358 135.5185185185185 45.333333333333336 0.0 45.333333333333336 1.3596146000018052
80000 12.38888888888889 0.0017123249941161463 124.22222222222223 0.22685185185185186 135.5185185185185 45.333333333333336 0.018518518518518517 45.31481481481482 1.3773134000002756
82000 15.833333333333334 0.003134929878963618 124.01851851851852 0.28240740740740744 135.5185185185185 45.333333333333336 0.0 45.333333333333336 1.2939273999982106
84000 16.88888888888889 0.0035048259967944825 123.51851851851852 0.2854938271604939 135.5185185185185 45.333333333333336 0.018518518518518517 45.31481481481482 1.301060999998299
86000 17.314814814814813 0.0030998733700666396 123.33333333333333 0.2854938271604939 135.5185185185185 45.333333333333336 0.018518518518518517 45.31481481481482 1.2505318000003172
88000 16.01851851851852 0.0024650237717339755 123.77777777777777 0.2469135802469136 135.5185185185185 45.333333333333336 0.018518518518518517 45.31481481481482 1.2446391999983462
90000 16.425925925925927 -0.6830278314924149 124.5925925925926 0.23148148148148145 135.5185185185185 45.333333333333336 0.0 45.333333333333336 1.2463296999994782
92000 18.37037037037037 -0.07082863045838551 124.11111111111111 0.2669753086419753 135.5185185185185 45.333333333333336 0.018518518518518517 45.31481481481482 1.2984071000028052
94000 13.537037037037036 0.0022574215373774467 124.01851851851852 0.2638888888888889 135.5185185185185 45.333333333333336 0.018518518518518517 45.31481481481482 1.20247179999933
96000 17.12962962962963 -0.014474869007199092 124.35185185185185 0.23611111111111113 135.5185185185185 45.333333333333336 0.0 45.333333333333336 1.3108986999977787
98000 22.537037037037038 -0.051630308741116085 122.68518518518519 0.29012345679012347 135.5185185185185 45.333333333333336 0.0 45.333333333333336 1.2434061000021757
100000 16.166666666666668 0.002361777106362568 123.35185185185185 0.2854938271604939 135.5185185185185 45.333333333333336 0.0 45.333333333333336 1.2813281000017014
102000 18.685185185185187 0.003431483725576706 123.4074074074074 0.3101851851851852 135.5185185185185 45.333333333333336 0.0 45.333333333333336 1.314607200001774
104000 19.333333333333332 0.0035157767093862155 123.61111111111111 0.2777777777777778 135.5185185185185 45.333333333333336 0.0 45.333333333333336 1.3100768000003882
106000 16.944444444444443 0.002478026356136027 123.5925925925926 0.25925925925925924 135.5185185185185 45.333333333333336 0.0 45.333333333333336 1.3538227999997616
108000 18.09259259259259 0.0036148173881084046 123.66666666666667 0.26080246913580246 135.5185185185185 45.333333333333336 0.018518518518518517 45.31481481481482 1.2897295000002487
110000 28.01851851851852 0.004447755715679865 122.16666666666667 0.32098765432098764 135.5185185185185 45.333333333333336 0.0 45.333333333333336 1.2426008000002184
112000 18.90740740740741 0.004509429576233749 123.37037037037037 0.25154320987654316 135.5185185185185 45.333333333333336 0.018518518518518517 45.31481481481482 1.2975933000016084
114000 24.944444444444443 0.007049993909705254 122.5925925925926 0.33487654320987653 135.5185185185185 45.333333333333336 0.018518518518518517 45.31481481481482 1.2419971999988775
116000 26.296296296296298 0.0064675355697354844 122.24074074074075 0.3410493827160494 135.5185185185185 45.333333333333336 0.018518518518518517 45.31481481481482 1.4027450000030512
118000 12.148148148148149 -0.47869987957382504 125.16666666666667 0.154320987654321 135.5185185185185 45.333333333333336 0.018518518518518517 45.31481481481482 1.1767906999994011
120000 29.537037037037038 -0.012094222161159254 121.94444444444444 0.3379629629629629 135.5185185185185 45.333333333333336 0.0 45.333333333333336 1.4045657999995456
122000 28.425925925925927 0.004636727921220779 122.42592592592592 0.3302469135802469 135.5185185185185 45.333333333333336 0.0 45.333333333333336 1.3635781000011775
124000 27.814814814814813 0.00574435141792587 122.37037037037037 0.3441358024691358 135.5185185185185 45.333333333333336 0.0 45.333333333333336 1.298907500000496
126000 31.0 0.007083836277623325 122.38888888888889 0.3148148148148149 135.5185185185185 45.333333333333336 0.0 45.333333333333336 1.289081899998564
128000 30.59259259259259 0.007399165506633903 122.37037037037037 0.2978395061728395 135.5185185185185 45.333333333333336 0.0 45.333333333333336 1.33470429999943
130000 30.037037037037038 0.006852002752966641 121.98148148148148 0.3271604938271605 135.5185185185185 45.333333333333336 0.0 45.333333333333336 1.279947799997899
132000 29.185185185185187 0.007130936421046253 122.29629629629629 0.35030864197530864 135.5185185185185 45.333333333333336 0.0 45.333333333333336 1.2980361000008998
134000 26.574074074074073 -0.012717571105937176 122.55555555555556 0.33641975308641975 135.5185185185185 45.333333333333336 0.0 45.333333333333336 1.3093632999989495
136000 25.35185185185185 -0.014049500840862636 122.88888888888889 0.30709876543209874 135.5185185185185 45.333333333333336 0.0 45.333333333333336 1.2205642000008083
138000 40.81481481481482 -0.024670744762398108 121.75925925925925 0.37654320987654316 135.5185185185185 45.333333333333336 0.0 45.333333333333336 1.3168383999982325
140000 32.333333333333336 0.007319096799437789 122.81481481481481 0.3287037037037037 135.5185185185185 45.333333333333336 0.0 45.333333333333336 1.304538300002605
142000 39.46296296296296 0.00936355181766477 121.44444444444444 0.4074074074074074 135.5185185185185 45.333333333333336 0.0 45.333333333333336 1.3854250000003958
144000 67.25925925925925 -0.12808593804283983 119.9074074074074 0.4567901234567901 135.5185185185185 45.333333333333336 0.018518518518518517 45.31481481481482 1.2276875999996264
146000 22.62962962962963 -0.7940602981257819 122.94444444444444 0.37037037037037035 135.5185185185185 45.333333333333336 0.0 45.333333333333336 1.1108045000000857
148000 16.537037037037038 -0.9806990224916832 123.94444444444444 0.31944444444444453 135.5185185185185 45.333333333333336 0.0 45.333333333333336 0.9866501999968023
150000 17.77777777777778 -0.9434142006850696 123.72222222222223 0.30092592592592593 135.5185185185185 45.333333333333336 0.0 45.333333333333336 1.0460664000020188
152000 75.94444444444444 -0.0303771492050453 120.31481481481481 0.4506172839506173 135.5185185185185 45.333333333333336 0.0 45.333333333333336 1.285170900002413
154000 77.29629629629629 0.008143364616934743 120.4074074074074 0.4228395061728395 135.5185185185185 45.333333333333336 0.0 45.333333333333336 1.3311270000012883
156000 79.55555555555556 0.008353816268673039 120.62962962962963 0.42901234567901236 135.5185185185185 45.333333333333336 0.0 45.333333333333336 1.309125399999175
158000 75.33333333333333 -0.1056873864426661 120.0925925925926 0.44444444444444436 135.5185185185185 45.333333333333336 0.0 45.333333333333336 1.2599148000008427
160000 53.351851851851855 0.01157304748279073 120.64814814814815 0.4228395061728395 135.5185185185185 45.333333333333336 0.0 45.333333333333336 1.3269714999987627
162000 57.0 -0.3205265722210679 121.14814814814815 0.39660493827160487 135.5185185185185 45.333333333333336 0.0 45.333333333333336 1.2851953999997932
164000 41.98148148148148 0.0071938220697025145 121.12962962962963 0.4027777777777778 135.5185185185185 45.333333333333336 0.0 45.333333333333336 1.2779248999977426
166000 38.148148148148145 -0.14238590141186766 121.5 0.39043209876543206 135.5185185185185 45.333333333333336 0.018518518518518517 45.31481481481482 1.361009100000956
168000 52.98148148148148 -0.00235079058996585 121.16666666666667 0.38271604938271603 135.5185185185185 45.333333333333336 0.0 45.333333333333336 1.3128979000030085
170000 63.0 -0.18488199716054984 120.72222222222223 0.4351851851851851 135.5185185185185 45.333333333333336 0.0 45.333333333333336 1.4094362999967416
172000 69.83333333333333 0.003911944469722534 120.37037037037037 0.4228395061728395 135.5185185185185 45.333333333333336 0.0 45.333333333333336 1.2780216999999539
174000 66.5925925925926 -0.05292171287632262 120.4074074074074 0.4290123456790123 135.5185185185185 45.333333333333336 0.0 45.333333333333336 1.2968583000001672
176000 71.9074074074074 -0.06987601685595093 120.61111111111111 0.43209876543209874 135.5185185185185 45.333333333333336 0.0 45.333333333333336 1.2751570000000356
178000 71.53703703703704 -0.016223593330325935 119.92592592592592 0.43055555555555547 135.5185185185185 45.333333333333336 0.0 45.333333333333336 1.28313640000124
180000 72.01851851851852 -0.0704793694843968 120.38888888888889 0.41358024691358025 135.5185185185185 45.333333333333336 0.0 45.333333333333336 1.3191251999996894
182000 83.01851851851852 -0.007997667496279738 119.98148148148148 0.43209876543209874 135.5185185185185 45.333333333333336 0.0 45.333333333333336 1.3100269999995362
184000 105.25925925925925 0.017866438731889017 118.46296296296296 0.5015432098765431 135.5185185185185 45.333333333333336 0.0 45.333333333333336 1.406670899999881
186000 119.57407407407408 0.024317213763625996 118.61111111111111 0.4984567901234567 135.5185185185185 45.333333333333336 0.0 45.333333333333336 1.2745634999992035
188000 110.83333333333333 0.0171412364683584 118.74074074074075 0.5046296296296295 135.5185185185185 45.333333333333336 0.0 45.333333333333336 1.504767999998876
190000 124.11111111111111 0.026983178059376115 118.51851851851852 0.49845679012345673 135.5185185185185 45.333333333333336 0.0 45.333333333333336 1.3964370999965467
192000 123.81481481481481 0.027400520863574467 118.38888888888889 0.5123456790123456 135.5185185185185 45.333333333333336 0.0 45.333333333333336 1.3277202000026591
194000 145.90740740740742 0.0386777553513014 118.37037037037037 0.5092592592592592 135.5185185185185 45.333333333333336 0.0 45.333333333333336 1.284752199997456
196000 145.90740740740742 0.0386777553513014 118.37037037037037 0.5092592592592592 135.5185185185185 45.333333333333336 0.0 45.333333333333336 1.2793080000010377
198000 145.90740740740742 0.0386777553513014 118.37037037037037 0.5092592592592592 135.5185185185185 45.333333333333336 0.0 45.333333333333336 1.3758398999998462
200000 145.90740740740742 0.0386777553513014 118.37037037037037 0.5092592592592592 135.5185185185185 45.333333333333336 0.0 45.333333333333336 1.3650044999994861
202000 136.4814814814815 0.034313026303324765 118.5 0.49228395061728386 135.5185185185185 45.333333333333336 0.0 45.333333333333336 1.2358043999993242
204000 159.92592592592592 -0.6717251968191499 118.25925925925925 0.5432098765432098 135.5185185185185 45.333333333333336 0.0 45.333333333333336 1.2671369000017876
206000 159.92592592592592 -0.6717251968191499 118.25925925925925 0.5432098765432098 135.5185185185185 45.333333333333336 0.0 45.333333333333336 1.304347699999198
208000 159.92592592592592 -0.6717251968191499 118.25925925925925 0.5432098765432098 135.5185185185185 45.333333333333336 0.0 45.333333333333336 1.2127306000002136
210000 159.92592592592592 -0.6717251968191499 118.25925925925925 0.5432098765432098 135.5185185185185 45.333333333333336 0.0 45.333333333333336 1.2658636000014667
212000 159.92592592592592 -0.6717251968191499 118.25925925925925 0.5432098765432098 135.5185185185185 45.333333333333336 0.0 45.333333333333336 1.27583980000054
214000 159.92592592592592 -0.6717251968191499 118.25925925925925 0.5432098765432098 135.5185185185185 45.333333333333336 0.0 45.333333333333336 1.3704475999984425
216000 159.92592592592592 -0.6526473100308539 118.25925925925925 0.5432098765432098 135.5185185185185 45.333333333333336 0.0 45.333333333333336 1.2930974000009883
218000 159.92592592592592 -0.20395725952305954 118.25925925925925 0.5432098765432098 135.5185185185185 45.333333333333336 0.0 45.333333333333336 1.3096531000010145
220000 189.44444444444446 0.02649157427141534 117.46296296296296 0.4907407407407407 135.5185185185185 45.333333333333336 0.0 45.333333333333336 1.327734499998769
222000 149.61111111111111 -0.2893314260921342 119.12962962962963 0.40895061728395055 135.5185185185185 45.333333333333336 0.0 45.333333333333336 1.1594105999975
224000 123.46296296296296 -0.5269608997853786 120.27777777777777 0.33796296296296297 135.5185185185185 45.333333333333336 0.0 45.333333333333336 1.1339502000009816
226000 123.46296296296296 -0.5269608997853786 120.27777777777777 0.33796296296296297 135.5185185185185 45.333333333333336 0.0 45.333333333333336 1.1233658000019204
228000 117.31481481481481 -0.5292892925994787 120.33333333333333 0.33796296296296297 135.5185185185185 45.333333333333336 0.0 45.333333333333336 1.118974100001651
230000 117.31481481481481 -0.5292892925994787 120.33333333333333 0.33796296296296297 135.5185185185185 45.333333333333336 0.0 45.333333333333336 1.1106870000003255
232000 157.0 -0.18322055631698206 117.75925925925925 0.4552469135802468 135.5185185185185 45.333333333333336 0.0 45.333333333333336 1.371118999999453
234000 162.62962962962962 -0.5255461341061985 120.4074074074074 0.34104938271604934 135.5185185185185 45.333333333333336 0.0 45.333333333333336 1.258308799999213
236000 226.2962962962963 -0.36339597965717435 118.96296296296296 0.4290123456790123 135.5185185185185 45.333333333333336 0.0 45.333333333333336 1.353029099998821
238000 244.96296296296296 -0.337629641269866 118.55555555555556 0.45370370370370366 135.5185185185185 45.333333333333336 0.0 45.333333333333336 1.4592591999971773
240000 272.25925925925924 -0.25423851651352547 117.79629629629629 0.48456790123456783 135.5185185185185 45.333333333333336 0.0 45.333333333333336 1.6398970000009285
242000 272.25925925925924 -0.25423851651352547 117.79629629629629 0.48456790123456783 135.5185185185185 45.333333333333336 0.0 45.333333333333336 1.5340528999986418
244000 254.88888888888889 -0.16849575492209767 117.31481481481481 0.5570987654320988 135.5185185185185 45.333333333333336 0.0 45.333333333333336 1.5679106999996293
246000 254.88888888888889 -0.16849575492209767 117.31481481481481 0.5570987654320988 135.5185185185185 45.333333333333336 0.0 45.333333333333336 1.5822009000003163
248000 279.75925925925924 -0.16045676410291312 117.11111111111111 0.5570987654320988 135.5185185185185 45.333333333333336 0.0 45.333333333333336 1.6163821000009193
250000 279.75925925925924 -0.16045676410291312 117.11111111111111 0.5570987654320988 135.5185185185185 45.333333333333336 0.0 45.333333333333336 1.442026699998678
252000 302.81481481481484 0.11647021360484969 116.94444444444444 0.5679012345679012 135.5185185185185 45.333333333333336 0.0 45.333333333333336 1.4099332999976468
254000 279.75925925925924 -0.16045676410291312 117.11111111111111 0.5570987654320988 135.5185185185185 45.333333333333336 0.0 45.333333333333336 1.3848883000027854
256000 302.81481481481484 0.11647021360484969 116.94444444444444 0.5679012345679012 135.5185185185185 45.333333333333336 0.0 45.333333333333336 1.4439815000005183
258000 302.81481481481484 0.11647021360484969 116.94444444444444 0.5679012345679012 135.5185185185185 45.333333333333336 0.0 45.333333333333336 1.5274978000015835
260000 302.81481481481484 0.11647021360484969 116.94444444444444 0.5679012345679012 135.5185185185185 45.333333333333336 0.0 45.333333333333336 1.3779308000011952
262000 302.81481481481484 0.11647021360484969 116.94444444444444 0.5679012345679012 135.5185185185185 45.333333333333336 0.0 45.333333333333336 1.4522577999996429
264000 302.81481481481484 0.11647021360484969 116.94444444444444 0.5679012345679012 135.5185185185185 45.333333333333336 0.0 45.333333333333336 1.4529328000025998
266000 302.81481481481484 0.11647021360484969 116.94444444444444 0.5679012345679012 135.5185185185185 45.333333333333336 0.0 45.333333333333336 1.3980192000017269
268000 302.81481481481484 0.11647021360484969 116.94444444444444 0.5679012345679012 135.5185185185185 45.333333333333336 0.0 45.333333333333336 1.4482087999967916
270000 302.81481481481484 0.11647021360484969 116.94444444444444 0.5679012345679012 135.5185185185185 45.333333333333336 0.0 45.333333333333336 1.4868953000004694
272000 302.81481481481484 0.11647021360484969 116.94444444444444 0.5679012345679012 135.5185185185185 45.333333333333336 0.0 45.333333333333336 1.4640376999996079
274000 302.81481481481484 0.11647021360484969 116.94444444444444 0.5679012345679012 135.5185185185185 45.333333333333336 0.0 45.333333333333336 1.4252247999975225
276000 302.81481481481484 0.11647021360484969 116.94444444444444 0.5679012345679012 135.5185185185185 45.333333333333336 0.0 45.333333333333336 1.3902825999975903
278000 302.81481481481484 0.11647021360484969 116.94444444444444 0.5679012345679012 135.5185185185185 45.333333333333336 0.0 45.333333333333336 1.4468558999978995
280000 302.81481481481484 0.11647021360484969 116.94444444444444 0.5679012345679012 135.5185185185185 45.333333333333336 0.0 45.333333333333336 1.4096260999976948
282000 302.81481481481484 0.11647021360484969 116.94444444444444 0.5679012345679012 135.5185185185185 45.333333333333336 0.0 45.333333333333336 1.317188900000474
284000 302.81481481481484 0.11647021360484969 116.94444444444444 0.5679012345679012 135.5185185185185 45.333333333333336 0.0 45.333333333333336 1.3405003999978362
286000 302.81481481481484 0.11647021360484969 116.94444444444444 0.5679012345679012 135.5185185185185 45.333333333333336 0.0 45.333333333333336 1.3993182999984128
288000 302.81481481481484 0.11647021360484969 116.94444444444444 0.5679012345679012 135.5185185185185 45.333333333333336 0.0 45.333333333333336 1.4652373999997508
290000 302.81481481481484 0.11647021360484969 116.94444444444444 0.5679012345679012 135.5185185185185 45.333333333333336 0.0 45.333333333333336 1.4269215000022086
292000 302.81481481481484 0.11647021360484969 116.94444444444444 0.5679012345679012 135.5185185185185 45.333333333333336 0.0 45.333333333333336 1.3619104999997944
294000 302.81481481481484 0.11647021360484969 116.94444444444444 0.5679012345679012 135.5185185185185 45.333333333333336 0.0 45.333333333333336 1.4716722999983176
296000 302.81481481481484 0.11647021360484969 116.94444444444444 0.5679012345679012 135.5185185185185 45.333333333333336 0.0 45.333333333333336 1.445780800000648
298000 302.81481481481484 0.11647021360484969 116.94444444444444 0.5679012345679012 135.5185185185185 45.333333333333336 0.0 45.333333333333336 1.3364451999987068
300000 302.81481481481484 0.11647021360484969 116.94444444444444 0.5679012345679012 135.5185185185185 45.333333333333336 0.0 45.333333333333336 1.442161800001486
302000 302.81481481481484 0.11647021360484969 116.94444444444444 0.5679012345679012 135.5185185185185 45.333333333333336 0.0 45.333333333333336 1.4278298999997787
304000 302.81481481481484 0.11647021360484969 116.94444444444444 0.5679012345679012 135.5185185185185 45.333333333333336 0.0 45.333333333333336 1.435893699999724
306000 302.81481481481484 0.11647021360484969 116.94444444444444 0.5679012345679012 135.5185185185185 45.333333333333336 0.0 45.333333333333336 1.4388141999988875
308000 302.81481481481484 0.11647021360484969 116.94444444444444 0.5679012345679012 135.5185185185185 45.333333333333336 0.0 45.333333333333336 1.540819099998771
310000 302.81481481481484 0.11647021360484969 116.94444444444444 0.5679012345679012 135.5185185185185 45.333333333333336 0.0 45.333333333333336 1.3952461999979278
312000 302.81481481481484 0.11647021360484969 116.94444444444444 0.5679012345679012 135.5185185185185 45.333333333333336 0.0 45.333333333333336 1.4820462000025145
314000 302.81481481481484 0.11647021360484969 116.94444444444444 0.5679012345679012 135.5185185185185 45.333333333333336 0.0 45.333333333333336 1.3958158000023104
316000 302.81481481481484 0.11647021360484969 116.94444444444444 0.5679012345679012 135.5185185185185 45.333333333333336 0.0 45.333333333333336 1.3907541000007768
318000 302.81481481481484 0.11647021360484969 116.94444444444444 0.5679012345679012 135.5185185185185 45.333333333333336 0.0 45.333333333333336 1.5048871999970288
320000 302.81481481481484 0.11647021360484969 116.94444444444444 0.5679012345679012 135.5185185185185 45.333333333333336 0.0 45.333333333333336 1.5932365000007849
322000 302.81481481481484 0.11647021360484969 116.94444444444444 0.5679012345679012 135.5185185185185 45.333333333333336 0.0 45.333333333333336 1.3980747999994492
324000 302.81481481481484 0.11647021360484969 116.94444444444444 0.5679012345679012 135.5185185185185 45.333333333333336 0.0 45.333333333333336 1.4423471000009158
326000 302.81481481481484 0.11647021360484969 116.94444444444444 0.5679012345679012 135.5185185185185 45.333333333333336 0.0 45.333333333333336 1.4094861000012315
328000 302.81481481481484 0.11647021360484969 116.94444444444444 0.5679012345679012 135.5185185185185 45.333333333333336 0.0 45.333333333333336 1.428890200000751
330000 302.81481481481484 0.11647021360484969 116.94444444444444 0.5679012345679012 135.5185185185185 45.333333333333336 0.0 45.333333333333336 1.3586041999988083
332000 302.81481481481484 0.11647021360484969 116.94444444444444 0.5679012345679012 135.5185185185185 45.333333333333336 0.0 45.333333333333336 1.4348148999997647
334000 302.81481481481484 0.11647021360484969 116.94444444444444 0.5679012345679012 135.5185185185185 45.333333333333336 0.0 45.333333333333336 1.413088000001153
336000 302.81481481481484 0.11647021360484969 116.94444444444444 0.5679012345679012 135.5185185185185 45.333333333333336 0.0 45.333333333333336 1.4041400999994949
338000 302.81481481481484 0.11647021360484969 116.94444444444444 0.5679012345679012 135.5185185185185 45.333333333333336 0.0 45.333333333333336 1.4435264999992796
340000 302.81481481481484 0.11647021360484969 116.94444444444444 0.5679012345679012 135.5185185185185 45.333333333333336 0.0 45.333333333333336 1.4455533000000287
342000 302.81481481481484 0.11647021360484969 116.94444444444444 0.5679012345679012 135.5185185185185 45.333333333333336 0.0 45.333333333333336 1.3921645000009448
344000 302.81481481481484 0.11647021360484969 116.94444444444444 0.5679012345679012 135.5185185185185 45.333333333333336 0.0 45.333333333333336 1.446569300002011
346000 302.81481481481484 0.11647021360484969 116.94444444444444 0.5679012345679012 135.5185185185185 45.333333333333336 0.0 45.333333333333336 1.4486436000006506
348000 302.81481481481484 0.11647021360484969 116.94444444444444 0.5679012345679012 135.5185185185185 45.333333333333336 0.0 45.333333333333336 1.5274246000008134
350000 302.81481481481484 0.11647021360484969 116.94444444444444 0.5679012345679012 135.5185185185185 45.333333333333336 0.0 45.333333333333336 1.4412028999977338
352000 302.81481481481484 0.11647021360484969 116.94444444444444 0.5679012345679012 135.5185185185185 45.333333333333336 0.0 45.333333333333336 1.4519767000019783
354000 302.81481481481484 0.11647021360484969 116.94444444444444 0.5679012345679012 135.5185185185185 45.333333333333336 0.0 45.333333333333336 1.42212180000206
356000 302.81481481481484 0.11647021360484969 116.94444444444444 0.5679012345679012 135.5185185185185 45.333333333333336 0.0 45.333333333333336 1.4513603000013973
358000 302.81481481481484 0.11647021360484969 116.94444444444444 0.5679012345679012 135.5185185185185 45.333333333333336 0.0 45.333333333333336 1.4676938000011432
360000 302.81481481481484 0.11647021360484969 116.94444444444444 0.5679012345679012 135.5185185185185 45.333333333333336 0.0 45.333333333333336 1.5539013000015984
362000 302.81481481481484 0.11647021360484969 116.94444444444444 0.5679012345679012 135.5185185185185 45.333333333333336 0.0 45.333333333333336 1.4971824000022025
364000 300.4259259259259 0.11572311819528959 116.94444444444444 0.5725308641975309 135.5185185185185 45.333333333333336 0.0 45.333333333333336 1.4068673999972816
366000 302.1111111111111 0.11889390439579674 116.74074074074075 0.6049382716049384 135.5185185185185 45.333333333333336 0.0 45.333333333333336 1.4397678999994241
368000 301.3703703703704 0.11784380646694217 116.77777777777777 0.6003086419753088 135.5185185185185 45.333333333333336 0.0 45.333333333333336 1.4525661999978183
370000 300.5740740740741 0.11675231660100946 116.66666666666667 0.6141975308641976 135.5185185185185 45.333333333333336 0.0 45.333333333333336 1.4810128000026452
372000 300.77777777777777 0.11560715482585443 116.46296296296296 0.6188271604938272 135.5185185185185 45.333333333333336 0.0 45.333333333333336 1.495428099999117
374000 300.51851851851853 0.11689782220993174 116.38888888888889 0.6280864197530865 135.5185185185185 45.333333333333336 0.0 45.333333333333336 1.4015206000003673
376000 299.8888888888889 0.11662396502244361 116.33333333333333 0.6342592592592593 135.5185185185185 45.333333333333336 0.0 45.333333333333336 1.4395188000016788
378000 300.1666666666667 0.1167707802127931 116.35185185185185 0.6342592592592593 135.5185185185185 45.333333333333336 0.0 45.333333333333336 1.455456100000447
380000 300.7037037037037 0.11694915475776167 116.38888888888889 0.6435185185185185 135.5185185185185 45.333333333333336 0.0 45.333333333333336 1.3938906000003044
382000 300.5925925925926 0.11716610352240721 116.38888888888889 0.6342592592592593 135.5185185185185 45.333333333333336 0.0 45.333333333333336 1.4151541999999608
384000 300.5925925925926 0.11716610352240721 116.38888888888889 0.6342592592592593 135.5185185185185 45.333333333333336 0.0 45.333333333333336 1.4368735999996716
386000 300.31481481481484 0.11706337039142631 116.37037037037037 0.6342592592592593 135.5185185185185 45.333333333333336 0.0 45.333333333333336 1.494760599998699
388000 299.22222222222223 0.1164758356864856 116.37037037037037 0.6435185185185185 135.5185185185185 45.333333333333336 0.0 45.333333333333336 1.4949804999996559
390000 299.5 0.11657856881746652 116.38888888888889 0.6435185185185185 135.5185185185185 45.333333333333336 0.0 45.333333333333336 1.522753699999157
392000 300.5740740740741 0.11713901180541396 116.38888888888889 0.6435185185185185 135.5185185185185 45.333333333333336 0.0 45.333333333333336 1.4094672999999602
394000 300.85185185185185 0.11724174493639489 116.4074074074074 0.6435185185185185 135.5185185185185 45.333333333333336 0.0 45.333333333333336 1.506261700000323
396000 300.85185185185185 0.11724174493639489 116.4074074074074 0.6435185185185185 135.5185185185185 45.333333333333336 0.0 45.333333333333336 1.5065289000012854
398000 300.85185185185185 0.11724174493639489 116.4074074074074 0.6435185185185185 135.5185185185185 45.333333333333336 0.0 45.333333333333336 1.4616268999998283
400000 300.74074074074076 0.11715756702847933 116.42592592592592 0.6435185185185185 135.5185185185185 45.333333333333336 0.0 45.333333333333336 1.4667688999979873
402000 301.0740740740741 0.11728139548058077 116.44444444444444 0.6435185185185185 135.5185185185185 45.333333333333336 0.0 45.333333333333336 1.4678487999990466
404000 301.72222222222223 0.11865050364775619 116.42592592592592 0.6388888888888888 135.5185185185185 45.333333333333336 0.0 45.333333333333336 1.374989199997799
406000 301.72222222222223 0.11865050364775619 116.42592592592592 0.6388888888888888 135.5185185185185 45.333333333333336 0.0 45.333333333333336 1.479218000000401
408000 297.05555555555554 0.11584719803556294 116.44444444444444 0.6481481481481481 135.5185185185185 45.333333333333336 0.0 45.333333333333336 1.4715590000014345
410000 301.0740740740741 0.11728139548058077 116.44444444444444 0.6435185185185185 135.5185185185185 45.333333333333336 0.0 45.333333333333336 1.4532718000009481
412000 301.31481481481484 0.11772423417100307 116.48148148148148 0.6342592592592593 135.5185185185185 45.333333333333336 0.0 45.333333333333336 1.3651100999995833
414000 297.05555555555554 0.11584719803556294 116.44444444444444 0.6481481481481481 135.5185185185185 45.333333333333336 0.0 45.333333333333336 1.4420069999978296
416000 297.05555555555554 0.11584719803556294 116.44444444444444 0.6481481481481481 135.5185185185185 45.333333333333336 0.0 45.333333333333336 1.4282170000005863
418000 297.05555555555554 0.11584719803556294 116.44444444444444 0.6481481481481481 135.5185185185185 45.333333333333336 0.0 45.333333333333336 1.493570799997542
420000 296.72222222222223 0.11572336958346151 116.42592592592592 0.6481481481481481 135.5185185185185 45.333333333333336 0.0 45.333333333333336 1.460565500001394
422000 297.05555555555554 0.11584719803556294 116.44444444444444 0.6481481481481481 135.5185185185185 45.333333333333336 0.0 45.333333333333336 1.436384900000121
424000 296.72222222222223 0.11572336958346151 116.42592592592592 0.6481481481481481 135.5185185185185 45.333333333333336 0.0 45.333333333333336 1.4952826000007917
426000 301.72222222222223 0.11865050364775619 116.42592592592592 0.6388888888888888 135.5185185185185 45.333333333333336 0.0 45.333333333333336 1.411554000005708
428000 300.74074074074076 0.11715756702847933 116.42592592592592 0.6435185185185185 135.5185185185185 45.333333333333336 0.0 45.333333333333336 1.461063099995954
430000 297.7037037037037 0.11721630620273837 116.42592592592592 0.6435185185185185 135.5185185185185 45.333333333333336 0.0 45.333333333333336 1.4481381000005058
432000 296.72222222222223 0.11572336958346151 116.42592592592592 0.6481481481481481 135.5185185185185 45.333333333333336 0.0 45.333333333333336 1.5043968000027235
434000 299.74074074074076 0.11892346273112782 116.44444444444444 0.6435185185185185 135.5185185185185 45.333333333333336 0.0 45.333333333333336 1.4966415999952005
436000 301.72222222222223 0.11865050364775619 116.42592592592592 0.6388888888888888 135.5185185185185 45.333333333333336 0.0 45.333333333333336 1.4098139999987325
438000 301.72222222222223 0.11865050364775619 116.42592592592592 0.6388888888888888 135.5185185185185 45.333333333333336 0.0 45.333333333333336 1.491114700002072
440000 301.72222222222223 0.11865050364775619 116.42592592592592 0.6388888888888888 135.5185185185185 45.333333333333336 0.0 45.333333333333336 1.4744235999969533
442000 301.72222222222223 0.11865050364775619 116.42592592592592 0.6388888888888888 135.5185185185185 45.333333333333336 0.0 45.333333333333336 1.5186983000021428
444000 301.72222222222223 0.11865050364775619 116.42592592592592 0.6388888888888888 135.5185185185185 45.333333333333336 0.0 45.333333333333336 1.5524979999972857
446000 301.6666666666667 0.11849062223205366 116.44444444444444 0.6388888888888888 135.5185185185185 45.333333333333336 0.0 45.333333333333336 1.5060526999950525
448000 301.6666666666667 0.11849062223205366 116.44444444444444 0.6388888888888888 135.5185185185185 45.333333333333336 0.0 45.333333333333336 1.5459650999982841
450000 304.037037037037 0.12032160721254453 116.48148148148148 0.6388888888888888 135.5185185185185 45.333333333333336 0.0 45.333333333333336 1.665041599997494
452000 303.7037037037037 0.12019777876044309 116.46296296296296 0.6388888888888888 135.5185185185185 45.333333333333336 0.0 45.333333333333336 1.6260334999969928
454000 301.6666666666667 0.11849062223205366 116.44444444444444 0.6388888888888888 135.5185185185185 45.333333333333336 0.0 45.333333333333336 1.4308665999997174
456000 301.6666666666667 0.11849062223205366 116.44444444444444 0.6388888888888888 135.5185185185185 45.333333333333336 0.0 45.333333333333336 1.45215690000623
458000 303.7037037037037 0.12019777876044309 116.46296296296296 0.6388888888888888 135.5185185185185 45.333333333333336 0.0 45.333333333333336 1.3877095999996527
460000 303.7037037037037 0.12019777876044309 116.46296296296296 0.6388888888888888 135.5185185185185 45.333333333333336 0.0 45.333333333333336 1.370550400002685
462000 301.6666666666667 0.11849062223205366 116.44444444444444 0.6388888888888888 135.5185185185185 45.333333333333336 0.0 45.333333333333336 1.4648003000038443
464000 302.0 0.11861445068415509 116.46296296296296 0.6388888888888888 135.5185185185185 45.333333333333336 0.0 45.333333333333336 1.4928212000013446
466000 302.0 0.11861445068415509 116.46296296296296 0.6388888888888888 135.5185185185185 45.333333333333336 0.0 45.333333333333336 1.4369077999945148
468000 303.77777777777777 0.12024596579855687 116.46296296296296 0.6296296296296297 135.5185185185185 45.333333333333336 0.0 45.333333333333336 1.4576977000033366
470000 301.74074074074076 0.11853880927016744 116.44444444444444 0.6296296296296297 135.5185185185185 45.333333333333336 0.0 45.333333333333336 1.4779755999988993
472000 301.74074074074076 0.11853880927016744 116.44444444444444 0.6296296296296297 135.5185185185185 45.333333333333336 0.0 45.333333333333336 1.4448256000032416
474000 302.0 0.11861445068415509 116.46296296296296 0.6388888888888888 135.5185185185185 45.333333333333336 0.0 45.333333333333336 1.4872221000041463
476000 301.7962962962963 0.11869869068586997 116.42592592592592 0.6296296296296297 135.5185185185185 45.333333333333336 0.0 45.333333333333336 1.4818281999978353
478000 302.0 0.11861445068415509 116.46296296296296 0.6388888888888888 135.5185185185185 45.333333333333336 0.0 45.333333333333336 1.4347046999973827
480000 302.0 0.11861445068415509 116.46296296296296 0.6388888888888888 135.5185185185185 45.333333333333336 0.0 45.333333333333336 1.4540435999952024
482000 302.05555555555554 0.11877433209985763 116.44444444444444 0.6388888888888888 135.5185185185185 45.333333333333336 0.0 45.333333333333336 1.3007655999972485
484000 304.037037037037 0.12032160721254453 116.48148148148148 0.6388888888888888 135.5185185185185 45.333333333333336 0.0 45.333333333333336 1.3296939000065322
486000 301.01851851851853 0.11712151406487824 116.46296296296296 0.6435185185185185 135.5185185185185 45.333333333333336 0.0 45.333333333333336 1.3706189000004088
488000 302.0 0.11861445068415509 116.46296296296296 0.6388888888888888 135.5185185185185 45.333333333333336 0.0 45.333333333333336 1.3643849000000046
490000 302.0 0.11861445068415509 116.46296296296296 0.6388888888888888 135.5185185185185 45.333333333333336 0.0 45.333333333333336 1.3406721999999718
492000 302.05555555555554 0.11877433209985763 116.44444444444444 0.6388888888888888 135.5185185185185 45.333333333333336 0.0 45.333333333333336 1.330453499998839
494000 302.05555555555554 0.11877433209985763 116.44444444444444 0.6388888888888888 135.5185185185185 45.333333333333336 0.0 45.333333333333336 1.2508797000045888
496000 302.0 0.11861445068415509 116.46296296296296 0.6388888888888888 135.5185185185185 45.333333333333336 0.0 45.333333333333336 1.2696369999976014
498000 302.0 0.11861445068415509 116.46296296296296 0.6388888888888888 135.5185185185185 45.333333333333336 0.0 45.333333333333336 1.1697080999947502
500000 302.0 0.11861445068415509 116.46296296296296 0.6388888888888888 135.5185185185185 45.333333333333336 0.0 45.333333333333336 1.2750034000055166
