2000 1.1346153846153846 0.0004816752008407979 114.75 0.08814102564102565 135.8653846153846 45.28846153846154 1.1538461538461537 44.13461538461539 0.6917365000008431
4000 1.4615384615384615 0.0005497740035867403 113.17307692307692 0.09775641025641027 135.8653846153846 45.28846153846154 1.1153846153846154 44.17307692307692 0.7860575000013341
6000 0.6153846153846154 0.00012992503973577159 114.48076923076923 0.08012820512820512 135.8653846153846 45.28846153846154 1.1153846153846154 44.17307692307692 0.8039597999995749
8000 1.1346153846153846 0.0002678524806130489 112.48076923076923 0.1362179487179487 135.8653846153846 45.28846153846154 1.2115384615384615 44.07692307692308 0.7807382000028156
10000 0.9807692307692307 0.00022966397631467598 112.71153846153847 0.1266025641025641 135.8653846153846 45.28846153846154 1.1538461538461537 44.13461538461539 0.7767667999978585
12000 1.7115384615384615 0.0005347894499065577 112.0 0.1330128205128205 135.8653846153846 45.28846153846154 1.4615384615384615 43.82692307692308 0.8273579000015161
14000 1.0576923076923077 0.00023792135496295127 113.32692307692308 0.12339743589743589 135.8653846153846 45.28846153846154 1.1153846153846154 44.17307692307692 0.9138825000009092
16000 0.5961538461538461 0.00010300393681512998 114.38461538461539 0.09775641025641026 135.8653846153846 45.28846153846154 1.1153846153846154 44.17307692307692 0.9316709000013361
18000 0.8846153846153846 0.00021677555289090466 112.0576923076923 0.15705128205128205 135.8653846153846 45.28846153846154 1.1153846153846154 44.17307692307692 0.9650885000010021
20000 0.6730769230769231 0.00015198538814870948 113.59615384615384 0.1217948717948718 135.8653846153846 45.28846153846154 1.1153846153846154 44.17307692307692 1.0195917000019108
22000 0.6153846153846154 0.000124340338471244 113.1923076923077 0.12179487179487179 135.8653846153846 45.28846153846154 1.1153846153846154 44.17307692307692 0.9827623999990465
24000 0.4807692307692308 5.8671858802419486e-05 115.36538461538461 0.06570512820512821 135.8653846153846 45.28846153846154 1.1153846153846154 44.17307692307692 0.9255090000006021
26000 0.9807692307692307 0.00029744849542234005 111.71153846153847 0.16987179487179485 135.8653846153846 45.28846153846154 1.4230769230769231 43.86538461538461 0.9912923000010778
28000 1.1153846153846154 0.0003570963206220063 109.82692307692308 0.19391025641025642 135.8653846153846 45.28846153846154 1.3846153846153846 43.90384615384615 1.0534941000005347
30000 0.6730769230769231 0.00010231198815649443 113.42307692307692 0.1233974358974359 135.8653846153846 45.28846153846154 1.4230769230769231 43.86538461538461 1.1522073999985878
32000 0.7692307692307693 0.00018314759339840096 113.84615384615384 0.10576923076923077 135.8653846153846 45.28846153846154 1.1923076923076923 44.09615384615385 1.1615588000022399
34000 0.6346153846153846 0.00011915225146895864 114.53846153846153 0.11378205128205127 135.8653846153846 45.28846153846154 1.3076923076923077 43.98076923076923 1.2561752000001434
36000 0.8653846153846154 0.00015313036432373944 112.3076923076923 0.1233974358974359 135.8653846153846 45.28846153846154 1.3846153846153846 43.90384615384615 1.1237185000027239
38000 0.8269230769230769 0.00017046012205595843 110.84615384615384 0.1169871794871795 135.8653846153846 45.28846153846154 1.1153846153846154 44.17307692307692 1.1823724999994738
40000 2.673076923076923 0.000921837977247531 107.34615384615384 0.17467948717948717 135.8653846153846 45.28846153846154 1.1153846153846154 44.17307692307692 1.3015269999996235
42000 1.5192307692307692 0.00036114603953157936 112.67307692307692 0.11057692307692307 135.8653846153846 45.28846153846154 1.1153846153846154 44.17307692307692 1.2265578000005917
44000 1.25 0.00023716623653218262 113.75 0.07532051282051283 135.8653846153846 45.28846153846154 1.1153846153846154 44.17307692307692 1.4191153000028862
46000 0.9615384615384616 0.0001916293853297962 112.63461538461539 0.06410256410256411 135.8653846153846 45.28846153846154 1.1153846153846154 44.17307692307692 1.224376400001347
48000 2.1923076923076925 0.0005304037616025296 107.51923076923077 0.2003205128205128 135.8653846153846 45.28846153846154 1.1153846153846154 44.17307692307692 1.3157914000003075
50000 1.75 0.0004034573299345883 105.90384615384616 0.21794871794871792 135.8653846153846 45.28846153846154 1.1153846153846154 44.17307692307692 1.306731699998636
52000 1.3653846153846154 0.00030950246250886586 106.98076923076923 0.18429487179487178 135.8653846153846 45.28846153846154 1.1153846153846154 44.17307692307692 1.312320599998202
54000 1.9423076923076923 0.00029360109706471585 106.40384615384616 0.19230769230769226 135.8653846153846 45.28846153846154 1.1153846153846154 44.17307692307692 1.2044832999999926
56000 2.0384615384615383 0.0005668129397107013 105.75 0.20512820512820512 135.8653846153846 45.28846153846154 1.1153846153846154 44.17307692307692 1.3160233000016888
58000 3.576923076923077 0.000364276101764813 104.61538461538461 0.17628205128205127 135.8653846153846 45.28846153846154 1.1153846153846154 44.17307692307692 1.292901199998596
60000 3.9615384615384617 0.0004043813440797397 103.46153846153847 0.24519230769230774 135.8653846153846 45.28846153846154 1.1153846153846154 44.17307692307692 1.2861416000014287
62000 6.4423076923076925 0.0015408691672170725 101.1923076923077 0.2403846153846154 135.8653846153846 45.28846153846154 1.1153846153846154 44.17307692307692 1.2027639000007184
64000 2.269230769230769 0.00046482501960127653 105.9423076923077 0.21314102564102566 135.8653846153846 45.28846153846154 1.1153846153846154 44.17307692307692 1.2400312999998278
66000 3.4615384615384617 0.0014780412816810542 105.09615384615384 0.1842948717948718 135.8653846153846 45.28846153846154 1.1153846153846154 44.17307692307692 1.2213711000003968
68000 3.730769230769231 0.0011720395849239868 105.9423076923077 0.17307692307692307 135.8653846153846 45.28846153846154 1.1153846153846154 44.17307692307692 1.2128706000003149
70000 4.0 0.0008524375758823014 105.42307692307692 0.17147435897435898 135.8653846153846 45.28846153846154 1.1153846153846154 44.17307692307692 1.2151193999998213
72000 2.9423076923076925 0.0006810530459950856 106.11538461538461 0.16506410256410253 135.8653846153846 45.28846153846154 1.1153846153846154 44.17307692307692 1.2635425000007672
74000 3.3076923076923075 0.0006974770924557057 105.9423076923077 0.15544871794871795 135.8653846153846 45.28846153846154 1.1153846153846154 44.17307692307692 1.3094031999971776
76000 2.4038461538461537 0.0007656503659107753 108.84615384615384 0.15384615384615383 135.8653846153846 45.28846153846154 1.1153846153846154 44.17307692307692 1.2550102999994124
78000 2.9615384615384617 0.0009841326673484406 106.9423076923077 0.15865384615384615 135.8653846153846 45.28846153846154 1.1153846153846154 44.17307692307692 1.310116200002085
80000 3.1153846153846154 0.0006131094988156717 107.90384615384616 0.11057692307692307 135.8653846153846 45.28846153846154 1.1153846153846154 44.17307692307692 1.255445900002087
82000 5.730769230769231 0.0013290870482666889 105.25 0.171474358974359 135.8653846153846 45.28846153846154 1.1153846153846154 44.17307692307692 1.309593899997708
84000 22.51923076923077 0.004498440946293883 93.5 0.34615384615384615 135.8653846153846 45.28846153846154 1.1153846153846154 44.17307692307692 1.2626349000020127
86000 21.96153846153846 0.004100207013532976 88.21153846153847 0.4262820512820513 135.8653846153846 45.28846153846154 1.1153846153846154 44.17307692307692 1.2795942000011564
88000 29.884615384615383 0.004956768016929292 85.6923076923077 0.4535256410256411 135.8653846153846 45.28846153846154 1.1153846153846154 44.17307692307692 1.2812506000009307
90000 41.23076923076923 0.008138637693117495 84.28846153846153 0.44070512820512814 135.8653846153846 45.28846153846154 1.1153846153846154 44.17307692307692 1.262320699999691
92000 43.30769230769231 0.009203486580304218 84.21153846153847 0.44070512820512814 135.8653846153846 45.28846153846154 1.1153846153846154 44.17307692307692 1.4012148000001616
94000 32.67307692307692 0.003643478654668888 85.88461538461539 0.4391025641025641 135.8653846153846 45.28846153846154 1.1153846153846154 44.17307692307692 1.2079691999970237
96000 32.67307692307692 0.003586697276781006 85.88461538461539 0.4391025641025641 135.8653846153846 45.28846153846154 1.1153846153846154 44.17307692307692 1.3786629999995057
98000 33.19230769230769 0.0038805712107987224 85.82692307692308 0.4455128205128205 135.8653846153846 45.28846153846154 1.1153846153846154 44.17307692307692 1.346794900000532
100000 33.34615384615385 0.003844174948966131 85.76923076923077 0.4391025641025641 135.8653846153846 45.28846153846154 1.1153846153846154 44.17307692307692 1.2911486000011791
102000 31.73076923076923 0.0032383523753761355 85.76923076923077 0.42788461538461536 135.8653846153846 45.28846153846154 1.1153846153846154 44.17307692307692 1.2616292999991856
104000 31.903846153846153 0.003326989881617663 85.75 0.4326923076923077 135.8653846153846 45.28846153846154 1.1153846153846154 44.17307692307692 1.2699042999993253
106000 38.59615384615385 0.006514885431192063 85.1923076923077 0.4391025641025641 135.8653846153846 45.28846153846154 1.1153846153846154 44.17307692307692 1.2918377999994846
108000 69.28846153846153 0.022732445386699756 78.15384615384616 0.49679487179487175 135.8653846153846 45.28846153846154 1.1153846153846154 44.17307692307692 1.3977282999985619
110000 66.73076923076923 0.021558695353184387 78.61538461538461 0.48717948717948717 135.8653846153846 45.28846153846154 1.1153846153846154 44.17307692307692 1.2392145000012533
112000 69.21153846153847 0.02272476363110411 78.1923076923077 0.48717948717948717 135.8653846153846 45.28846153846154 1.1153846153846154 44.17307692307692 1.2684496000001673
114000 71.07692307692308 0.02324091704727229 78.32692307692308 0.48717948717948717 135.8653846153846 45.28846153846154 1.1153846153846154 44.17307692307692 1.3562066000013147
116000 67.98076923076923 0.019492113792735674 78.84615384615384 0.4951923076923076 135.8653846153846 45.28846153846154 1.1153846153846154 44.17307692307692 1.2298276000001351
118000 68.11538461538461 0.02029429783001879 78.78846153846153 0.4935897435897436 135.8653846153846 45.28846153846154 1.1153846153846154 44.17307692307692 1.2784788999997545
120000 74.86538461538461 0.02600776630447169 76.96153846153847 0.5592948717948717 135.8653846153846 45.28846153846154 1.1153846153846154 44.17307692307692 1.2443375000002561
122000 77.6923076923077 0.027657732387983785 76.1923076923077 0.5592948717948717 135.8653846153846 45.28846153846154 1.1153846153846154 44.17307692307692 1.2808899999981804
124000 85.48076923076923 0.031985169721930974 75.11538461538461 0.5657051282051282 135.8653846153846 45.28846153846154 1.1153846153846154 44.17307692307692 1.202906599999551
126000 94.34615384615384 0.034803933027351526 74.98076923076923 0.5416666666666666 135.8653846153846 45.28846153846154 1.1153846153846154 44.17307692307692 1.2392306999972789
128000 99.34615384615384 0.03447299438820829 74.84615384615384 0.548076923076923 135.8653846153846 45.28846153846154 1.1153846153846154 44.17307692307692 1.2305435000016587
130000 102.36538461538461 0.03721924473935152 74.40384615384616 0.5464743589743589 135.8653846153846 45.28846153846154 1.1153846153846154 44.17307692307692 1.262333500002569
132000 105.5 0.03868783137922206 74.25 0.5560897435897435 135.8653846153846 45.28846153846154 1.1153846153846154 44.17307692307692 1.270941300001141
134000 103.1923076923077 0.03800995089840001 74.32692307692308 0.5673076923076923 135.8653846153846 45.28846153846154 1.1153846153846154 44.17307692307692 1.2341142999976
136000 105.73076923076923 0.03708365922265363 74.17307692307692 0.5608974358974359 135.8653846153846 45.28846153846154 1.1153846153846154 44.17307692307692 1.3478465000007418
138000 105.73076923076923 0.03716879469513001 74.17307692307692 0.5608974358974359 135.8653846153846 45.28846153846154 1.1153846153846154 44.17307692307692 1.2053678000011132
140000 107.90384615384616 0.038331029229468856 74.01923076923077 0.5657051282051282 135.8653846153846 45.28846153846154 1.1153846153846154 44.17307692307692 1.2192737000004854
142000 110.78846153846153 0.03947582501673749 73.8076923076923 0.5705128205128205 135.8653846153846 45.28846153846154 1.1153846153846154 44.17307692307692 1.3232993999990867
144000 110.78846153846153 0.04056548559897107 73.8076923076923 0.5705128205128205 135.8653846153846 45.28846153846154 1.1153846153846154 44.17307692307692 1.2786488000019745
146000 110.78846153846153 0.04087275356233479 73.8076923076923 0.5705128205128205 135.8653846153846 45.28846153846154 1.1153846153846154 44.17307692307692 1.2466669999994338
148000 110.78846153846153 0.04078744686867322 73.8076923076923 0.5705128205128205 135.8653846153846 45.28846153846154 1.1153846153846154 44.17307692307692 1.2609494999996969
150000 110.78846153846153 0.03942863553234184 73.8076923076923 0.5705128205128205 135.8653846153846 45.28846153846154 1.1153846153846154 44.17307692307692 1.2974157000026025
152000 110.78846153846153 0.04003412903834854 73.8076923076923 0.5705128205128205 135.8653846153846 45.28846153846154 1.1153846153846154 44.17307692307692 1.289853199999925
154000 110.78846153846153 0.042593015451803704 73.8076923076923 0.5705128205128205 135.8653846153846 45.28846153846154 1.1153846153846154 44.17307692307692 1.3522720000000845
156000 110.78846153846153 0.042923917872436955 73.8076923076923 0.5705128205128205 135.8653846153846 45.28846153846154 1.1153846153846154 44.17307692307692 1.2667430000001332
158000 110.78846153846153 0.04294776354713738 73.8076923076923 0.5705128205128205 135.8653846153846 45.28846153846154 1.1153846153846154 44.17307692307692 1.2626137000006565
160000 110.78846153846153 0.04275790324344265 73.8076923076923 0.5705128205128205 135.8653846153846 45.28846153846154 1.1153846153846154 44.17307692307692 1.2761224000023503
162000 110.78846153846153 0.04250770875814213 73.8076923076923 0.5705128205128205 135.8653846153846 45.28846153846154 1.1153846153846154 44.17307692307692 1.3245217000003322
164000 110.78846153846153 0.04148608139392196 73.8076923076923 0.5705128205128205 135.8653846153846 45.28846153846154 1.1153846153846154 44.17307692307692 1.3416990000005171
166000 110.78846153846153 0.038810789694769414 73.8076923076923 0.5705128205128205 135.8653846153846 45.28846153846154 1.1153846153846154 44.17307692307692 1.2273069999973814
168000 110.78846153846153 0.040121885671975284 73.8076923076923 0.5705128205128205 135.8653846153846 45.28846153846154 1.1153846153846154 44.17307692307692 1.2141185000000405
170000 110.78846153846153 0.042032869641323564 73.8076923076923 0.5705128205128205 135.8653846153846 45.28846153846154 1.1153846153846154 44.17307692307692 1.256805600001826
172000 110.78846153846153 0.04155290105746734 73.8076923076923 0.5705128205128205 135.8653846153846 45.28846153846154 1.1153846153846154 44.17307692307692 1.2629274999999325
174000 110.78846153846153 0.04148076838218324 73.8076923076923 0.5705128205128205 135.8653846153846 45.28846153846154 1.1153846153846154 44.17307692307692 1.2539651000006415
176000 110.78846153846153 0.04198273276333509 73.8076923076923 0.5705128205128205 135.8653846153846 45.28846153846154 1.1153846153846154 44.17307692307692 1.2052500999998301
178000 110.78846153846153 0.04186016902083105 73.8076923076923 0.5705128205128205 135.8653846153846 45.28846153846154 1.1153846153846154 44.17307692307692 1.3587039000012737
180000 110.78846153846153 0.04177486232716949 73.8076923076923 0.5705128205128205 135.8653846153846 45.28846153846154 1.1153846153846154 44.17307692307692 1.2747806000006676
182000 110.78846153846153 0.04186016902083105 73.8076923076923 0.5705128205128205 135.8653846153846 45.28846153846154 1.1153846153846154 44.17307692307692 1.292041299999255
184000 110.78846153846153 0.042071293913975176 73.8076923076923 0.5705128205128205 135.8653846153846 45.28846153846154 1.1153846153846154 44.17307692307692 1.3724130999980844
186000 110.78846153846153 0.04200314690351584 73.8076923076923 0.5705128205128205 135.8653846153846 45.28846153846154 1.1153846153846154 44.17307692307692 1.3388506999981473
188000 110.78846153846153 0.04159127334174273 73.8076923076923 0.5705128205128205 135.8653846153846 45.28846153846154 1.1153846153846154 44.17307692307692 1.259734399998706
190000 109.34615384615384 0.04139300309178324 73.88461538461539 0.5608974358974359 135.8653846153846 45.28846153846154 1.1153846153846154 44.17307692307692 1.3342484000022523
192000 110.78846153846153 0.04243724982323733 73.8076923076923 0.5705128205128205 135.8653846153846 45.28846153846154 1.1153846153846154 44.17307692307692 1.3400259999980335
194000 110.78846153846153 0.04241242363743812 73.8076923076923 0.5705128205128205 135.8653846153846 45.28846153846154 1.1153846153846154 44.17307692307692 1.3315587999968557
196000 110.78846153846153 0.04182243532406375 73.8076923076923 0.5705128205128205 135.8653846153846 45.28846153846154 1.1153846153846154 44.17307692307692 1.2014858000002278
198000 110.78846153846153 0.041450465488077064 73.8076923076923 0.5705128205128205 135.8653846153846 45.28846153846154 1.1153846153846154 44.17307692307692 1.239847100001498
200000 110.78846153846153 0.04079423215469813 73.8076923076923 0.5705128205128205 135.8653846153846 45.28846153846154 1.1153846153846154 44.17307692307692 1.3249469000002136
202000 110.78846153846153 0.04103509678051996 73.8076923076923 0.5705128205128205 135.8653846153846 45.28846153846154 1.1153846153846154 44.17307692307692 1.297885200001474
204000 110.78846153846153 0.04103509678051996 73.8076923076923 0.5705128205128205 135.8653846153846 45.28846153846154 1.1153846153846154 44.17307692307692 1.2936880000015663
206000 110.78846153846153 0.041422058568781735 73.8076923076923 0.5705128205128205 135.8653846153846 45.28846153846154 1.1153846153846154 44.17307692307692 1.24597200000062
208000 110.78846153846153 0.04155076392146983 73.8076923076923 0.5705128205128205 135.8653846153846 45.28846153846154 1.1153846153846154 44.17307692307692 1.2537139999985811
210000 110.78846153846153 0.042225574465633464 73.8076923076923 0.5705128205128205 135.8653846153846 45.28846153846154 1.1153846153846154 44.17307692307692 1.3114266000011412
212000 110.78846153846153 0.042089527251798965 73.8076923076923 0.5705128205128205 135.8653846153846 45.28846153846154 1.1153846153846154 44.17307692307692 1.2601753999988432
214000 110.78846153846153 0.04148004184015713 73.8076923076923 0.5705128205128205 135.8653846153846 45.28846153846154 1.1153846153846154 44.17307692307692 1.2376177000005555
216000 110.78846153846153 0.04148004184015713 73.8076923076923 0.5705128205128205 135.8653846153846 45.28846153846154 1.1153846153846154 44.17307692307692 1.2100446000004013
218000 110.78846153846153 0.04084070403257113 73.8076923076923 0.5705128205128205 135.8653846153846 45.28846153846154 1.1153846153846154 44.17307692307692 1.3139482000005955
220000 110.78846153846153 0.03985494005859262 73.8076923076923 0.5705128205128205 135.8653846153846 45.28846153846154 1.1153846153846154 44.17307692307692 1.2311380999999528
222000 110.78846153846153 0.040765328951443885 73.8076923076923 0.5705128205128205 135.8653846153846 45.28846153846154 1.1153846153846154 44.17307692307692 1.2756692000002658
224000 110.78846153846153 0.03989523036680598 73.8076923076923 0.5705128205128205 135.8653846153846 45.28846153846154 1.1153846153846154 44.17307692307692 1.2585971000007703
226000 115.25 0.04352808051346034 73.32692307692308 0.5673076923076923 135.8653846153846 45.28846153846154 1.1153846153846154 44.17307692307692 1.5200991999990947
228000 119.98076923076923 0.046624577765153864 72.90384615384616 0.5673076923076923 135.8653846153846 45.28846153846154 1.1153846153846154 44.17307692307692 1.3592338000016753
230000 117.53846153846153 0.045857161202156875 73.0576923076923 0.5673076923076923 135.8653846153846 45.28846153846154 1.1153846153846154 44.17307692307692 1.4140407999984745
232000 125.23076923076923 0.04898165754221846 72.46153846153847 0.5625000000000001 135.8653846153846 45.28846153846154 1.1153846153846154 44.17307692307692 1.500245499999437
234000 130.07692307692307 0.04855698167535872 71.98076923076923 0.5753205128205129 135.8653846153846 45.28846153846154 1.1153846153846154 44.17307692307692 1.480625100000907
236000 132.67307692307693 0.04862068508772739 71.76923076923077 0.5961538461538463 135.8653846153846 45.28846153846154 1.1153846153846154 44.17307692307692 1.3415748000006715
238000 141.0 0.05159992602511962 71.73076923076923 0.6057692307692308 135.8653846153846 45.28846153846154 1.4423076923076923 43.84615384615385 1.3823128000003635
240000 141.0 0.05159992602511962 71.73076923076923 0.6057692307692308 135.8653846153846 45.28846153846154 1.4423076923076923 43.84615384615385 1.4624911000028078
242000 141.0 0.05159992602511962 71.73076923076923 0.6057692307692308 135.8653846153846 45.28846153846154 1.4423076923076923 43.84615384615385 1.2819383000023663
244000 141.05769230769232 0.052203208360557 71.73076923076923 0.5993589743589745 135.8653846153846 45.28846153846154 1.4423076923076923 43.84615384615385 1.2678410000007716
246000 142.17307692307693 0.05237155082415069 71.6923076923077 0.6057692307692308 135.8653846153846 45.28846153846154 1.4423076923076923 43.84615384615385 1.2271068999980344
248000 142.17307692307693 0.05237155082415069 71.6923076923077 0.6057692307692308 135.8653846153846 45.28846153846154 1.4423076923076923 43.84615384615385 1.3003596999988076
250000 140.23076923076923 0.05252645908619517 71.5 0.6041666666666667 135.8653846153846 45.28846153846154 1.1153846153846154 44.17307692307692 1.369895899999392
252000 140.23076923076923 0.05252645908619517 71.5 0.6041666666666667 135.8653846153846 45.28846153846154 1.1153846153846154 44.17307692307692 1.2716946000000462
254000 141.23076923076923 0.05286649152360675 71.42307692307692 0.6041666666666667 135.8653846153846 45.28846153846154 1.1153846153846154 44.17307692307692 1.2804795000010927
256000 140.23076923076923 0.05252645908619517 71.5 0.6041666666666667 135.8653846153846 45.28846153846154 1.1153846153846154 44.17307692307692 1.247251699998742
258000 140.21153846153845 0.05165873636297381 71.46153846153847 0.6041666666666667 135.8653846153846 45.28846153846154 1.1153846153846154 44.17307692307692 1.3183411999998498
260000 141.44230769230768 0.052359796300491486 71.32692307692308 0.6041666666666667 135.8653846153846 45.28846153846154 1.1153846153846154 44.17307692307692 1.2238430000033986
262000 141.44230769230768 0.052359796300491486 71.32692307692308 0.6041666666666667 135.8653846153846 45.28846153846154 1.1153846153846154 44.17307692307692 1.2226861999988614
264000 141.44230769230768 0.052359796300491486 71.32692307692308 0.6041666666666667 135.8653846153846 45.28846153846154 1.1153846153846154 44.17307692307692 1.3131384999978764
266000 141.59615384615384 0.05141174930778822 71.28846153846153 0.6105769230769231 135.8653846153846 45.28846153846154 1.1153846153846154 44.17307692307692 1.389221199999156
268000 141.48076923076923 0.05114652713782182 71.26923076923077 0.6105769230769231 135.8653846153846 45.28846153846154 1.1153846153846154 44.17307692307692 1.3759652000007918
270000 147.94230769230768 0.0551589883872502 70.84615384615384 0.6105769230769231 135.8653846153846 45.28846153846154 1.1153846153846154 44.17307692307692 1.3823644999974931
272000 148.28846153846155 0.05470506070072474 70.76923076923077 0.6105769230769231 135.8653846153846 45.28846153846154 1.1153846153846154 44.17307692307692 1.2796113999975205
274000 148.28846153846155 0.05489168091655127 70.76923076923077 0.6105769230769231 135.8653846153846 45.28846153846154 1.1153846153846154 44.17307692307692 1.2057467000013276
276000 155.0 0.05700867766698644 70.61538461538461 0.5977564102564104 135.8653846153846 45.28846153846154 1.4038461538461537 43.88461538461539 1.2260349999996834
278000 158.78846153846155 0.05857674804988644 70.51923076923077 0.6025641025641026 135.8653846153846 45.28846153846154 1.8076923076923077 43.48076923076923 1.1913831000019854
280000 158.78846153846155 0.058232390527119 70.51923076923077 0.6025641025641026 135.8653846153846 45.28846153846154 1.8076923076923077 43.48076923076923 1.2452358999980788
282000 150.78846153846155 0.05491036289346969 70.76923076923077 0.592948717948718 135.8653846153846 45.28846153846154 1.9615384615384615 43.32692307692308 1.3511757999986003
284000 159.32692307692307 0.059314008384729146 70.48076923076923 0.6025641025641026 135.8653846153846 45.28846153846154 1.9615384615384615 43.32692307692308 1.2859423999980208
286000 155.90384615384616 0.05763852584224617 70.5576923076923 0.6025641025641026 135.8653846153846 45.28846153846154 1.9615384615384615 43.32692307692308 1.3477297999997973
288000 156.92307692307693 0.060476136822204776 70.48076923076923 0.6025641025641026 135.8653846153846 45.28846153846154 2.1153846153846154 43.17307692307692 1.3375215000014578
290000 156.92307692307693 0.060476136822204776 70.48076923076923 0.6025641025641026 135.8653846153846 45.28846153846154 2.1153846153846154 43.17307692307692 1.3518698000007134
292000 156.92307692307693 0.060476136822204776 70.48076923076923 0.6025641025641026 135.8653846153846 45.28846153846154 2.1153846153846154 43.17307692307692 1.3116833999993105
294000 157.5 0.060564559033611215 70.34615384615384 0.6025641025641026 135.8653846153846 45.28846153846154 2.1153846153846154 43.17307692307692 1.2234415000020817
296000 167.30769230769232 0.06647403423504936 70.07692307692308 0.6121794871794873 135.8653846153846 45.28846153846154 2.5384615384615383 42.75 1.2708667000006244
298000 171.42307692307693 0.06850088873553158 69.90384615384616 0.625 135.8653846153846 45.28846153846154 3.576923076923077 41.71153846153846 1.2478205999977945
300000 171.42307692307693 0.06850088873553158 69.90384615384616 0.625 135.8653846153846 45.28846153846154 3.576923076923077 41.71153846153846 1.2772800999991887
302000 173.19230769230768 0.07002055740456505 69.86538461538461 0.608974358974359 135.8653846153846 45.28846153846154 4.788461538461538 40.5 1.239034400001401
304000 172.57692307692307 0.06985422874556739 69.86538461538461 0.608974358974359 135.8653846153846 45.28846153846154 5.0576923076923075 40.23076923076923 1.2732844999991357
306000 173.42307692307693 0.07044386964421606 69.82692307692308 0.6025641025641026 135.8653846153846 45.28846153846154 5.269230769230769 40.01923076923077 1.245929000000615
308000 182.3653846153846 0.07389753264809662 69.8076923076923 0.6169871794871795 135.8653846153846 45.28846153846154 5.423076923076923 39.86538461538461 1.2388816999991832
310000 180.40384615384616 0.0727620410019049 69.8076923076923 0.6073717948717949 135.8653846153846 45.28846153846154 5.403846153846154 39.88461538461539 1.2676253999998153
312000 173.73076923076923 0.06985155082798958 69.92307692307692 0.5977564102564104 135.8653846153846 45.28846153846154 5.6923076923076925 39.59615384615385 1.4049928999993426
314000 178.0 0.07188553566003951 69.71153846153847 0.608974358974359 135.8653846153846 45.28846153846154 5.115384615384615 40.17307692307692 1.282929900000454
316000 181.28846153846155 0.07335755892558976 69.71153846153847 0.608974358974359 135.8653846153846 45.28846153846154 5.115384615384615 40.17307692307692 1.2701758000002883
318000 177.42307692307693 0.07169101779799568 70.0 0.6041666666666667 135.8653846153846 45.28846153846154 5.423076923076923 39.86538461538461 1.302247300001909
320000 178.05769230769232 0.07186370193340998 69.78846153846153 0.5961538461538463 135.8653846153846 45.28846153846154 5.5576923076923075 39.73076923076923 1.242786700000579
322000 181.65384615384616 0.07339159318649882 69.6923076923077 0.6073717948717949 135.8653846153846 45.28846153846154 5.115384615384615 40.17307692307692 1.2934838000001037
324000 178.0 0.07244483075646843 70.0 0.5913461538461539 135.8653846153846 45.28846153846154 5.326923076923077 39.96153846153846 1.3213894000000437
326000 182.96153846153845 0.07376053418360984 69.75 0.6025641025641026 135.8653846153846 45.28846153846154 5.461538461538462 39.82692307692308 1.3345981999991636
328000 183.3846153846154 0.07364733243968516 69.63461538461539 0.592948717948718 135.8653846153846 45.28846153846154 5.269230769230769 40.01923076923077 1.2365729000011925
330000 182.78846153846155 0.07340839209767329 69.63461538461539 0.5881410256410257 135.8653846153846 45.28846153846154 5.115384615384615 40.17307692307692 1.2500639999998384
332000 183.92307692307693 0.07433114754039154 69.59615384615384 0.6025641025641026 135.8653846153846 45.28846153846154 5.576923076923077 39.71153846153846 1.2460294000011345
334000 184.03846153846155 0.07437118472914289 69.57692307692308 0.6025641025641026 135.8653846153846 45.28846153846154 5.576923076923077 39.71153846153846 1.2990374000000884
336000 183.5 0.07375503520191276 69.59615384615384 0.592948717948718 135.8653846153846 45.28846153846154 5.288461538461538 40.0 1.3854176000022562
338000 183.5 0.07375559167664927 69.59615384615384 0.592948717948718 135.8653846153846 45.28846153846154 5.423076923076923 39.86538461538461 1.2723260999991908
340000 180.40384615384616 0.07356002079848277 69.73076923076923 0.6121794871794872 135.8653846153846 45.28846153846154 5.865384615384615 39.42307692307692 1.3962489999976242
342000 183.30769230769232 0.07387903022415432 69.61538461538461 0.6057692307692307 135.8653846153846 45.28846153846154 5.903846153846154 39.38461538461539 1.2883645000001707
344000 184.03846153846155 0.07419733803097804 69.6923076923077 0.6057692307692307 135.8653846153846 45.28846153846154 6.211538461538462 39.07692307692308 1.2996175000007497
346000 182.1153846153846 0.07386530623922938 69.82692307692308 0.5961538461538461 135.8653846153846 45.28846153846154 6.211538461538462 39.07692307692308 1.3119976999987557
348000 183.94230769230768 0.07465969744968298 69.96153846153847 0.592948717948718 135.8653846153846 45.28846153846154 6.903846153846154 38.38461538461539 1.3603934999991907
350000 185.98076923076923 0.07466327949791582 70.0576923076923 0.5833333333333333 135.8653846153846 45.28846153846154 7.269230769230769 38.01923076923077 1.1769082999999227
352000 187.03846153846155 0.07586983505218439 70.0576923076923 0.592948717948718 135.8653846153846 45.28846153846154 7.615384615384615 37.67307692307692 1.372181400001864
354000 188.28846153846155 0.07670804181577863 69.92307692307692 0.5881410256410257 135.8653846153846 45.28846153846154 7.788461538461538 37.5 1.2720244000011007
356000 187.48076923076923 0.07627182042807432 70.0576923076923 0.608974358974359 135.8653846153846 45.28846153846154 7.461538461538462 37.82692307692308 1.2627705999984755
358000 183.51923076923077 0.0742156728564887 70.0 0.5849358974358975 135.8653846153846 45.28846153846154 7.634615384615385 37.65384615384615 1.2419207999992068
360000 182.75 0.07532100349303689 70.26923076923077 0.578525641025641 135.8653846153846 45.28846153846154 7.673076923076923 37.61538461538461 1.2778132999992522
362000 182.26923076923077 0.07484624475029261 70.25 0.5833333333333333 135.8653846153846 45.28846153846154 7.480769230769231 37.80769230769231 1.2561441999969247
364000 184.53846153846155 0.07559089933946385 70.17307692307692 0.5881410256410257 135.8653846153846 45.28846153846154 8.26923076923077 37.01923076923077 1.2284005000001343
366000 190.48076923076923 0.07734242181119295 69.92307692307692 0.578525641025641 135.8653846153846 45.28846153846154 8.288461538461538 37.0 1.2879189000013866
368000 189.46153846153845 0.07703565620757659 70.15384615384616 0.5881410256410257 135.8653846153846 45.28846153846154 8.173076923076923 37.11538461538461 1.3322600000028615
370000 189.73076923076923 0.07710270951993266 70.25 0.592948717948718 135.8653846153846 45.28846153846154 8.538461538461538 36.75 1.2965212000017345
372000 189.96153846153845 0.07722552628194737 70.1923076923077 0.5881410256410257 135.8653846153846 45.28846153846154 8.51923076923077 36.76923076923077 1.2832969999981287
374000 189.78846153846155 0.07702362890581363 70.13461538461539 0.5881410256410257 135.8653846153846 45.28846153846154 8.5 36.78846153846154 1.2980385000009846
376000 191.3653846153846 0.07786086927572805 70.0576923076923 0.6041666666666667 135.8653846153846 45.28846153846154 8.48076923076923 36.80769230769231 1.3305647000015597
378000 191.19230769230768 0.07765897189959431 70.0 0.6041666666666667 135.8653846153846 45.28846153846154 8.461538461538462 36.82692307692308 1.3013224999995145
380000 191.19230769230768 0.07765897189959431 70.0 0.6041666666666667 135.8653846153846 45.28846153846154 8.461538461538462 36.82692307692308 1.2683587999999872
382000 191.19230769230768 0.0776923438279773 70.0 0.6041666666666667 135.8653846153846 45.28846153846154 8.461538461538462 36.82692307692308 1.2700543999999354
384000 191.84615384615384 0.07778369298966784 69.86538461538461 0.594551282051282 135.8653846153846 45.28846153846154 8.442307692307692 36.84615384615385 1.2875223999981245
386000 191.67307692307693 0.07747051440247278 69.92307692307692 0.5849358974358975 135.8653846153846 45.28846153846154 8.461538461538462 36.82692307692308 1.3789185999994515
388000 191.67307692307693 0.07768620352270987 69.92307692307692 0.5849358974358975 135.8653846153846 45.28846153846154 8.461538461538462 36.82692307692308 1.319574699999066
390000 191.67307692307693 0.07768620352270987 69.92307692307692 0.5849358974358975 135.8653846153846 45.28846153846154 8.461538461538462 36.82692307692308 1.3047898000004352
392000 191.67307692307693 0.07750205030896733 69.92307692307692 0.5849358974358975 135.8653846153846 45.28846153846154 8.461538461538462 36.82692307692308 1.2899752000012086
394000 191.67307692307693 0.07750205030896733 69.92307692307692 0.5849358974358975 135.8653846153846 45.28846153846154 8.461538461538462 36.82692307692308 1.2451030999982322
396000 191.67307692307693 0.07768620352270987 69.92307692307692 0.5849358974358975 135.8653846153846 45.28846153846154 8.461538461538462 36.82692307692308 1.2467395999992732
398000 188.59615384615384 0.07705363825699625 70.1923076923077 0.5881410256410257 135.8653846153846 45.28846153846154 8.538461538461538 36.75 1.2738997999986168
400000 188.59615384615384 0.07683794913675916 70.1923076923077 0.5881410256410257 135.8653846153846 45.28846153846154 8.538461538461538 36.75 1.3139555000016117
402000 188.75 0.07657634171902863 70.13461538461539 0.5833333333333333 135.8653846153846 45.28846153846154 8.51923076923077 36.76923076923077 1.289610799998627
404000 188.75 0.07657634171902863 70.13461538461539 0.5833333333333333 135.8653846153846 45.28846153846154 8.51923076923077 36.76923076923077 1.2734248000015214
406000 188.75 0.07657634171902863 70.13461538461539 0.5833333333333333 135.8653846153846 45.28846153846154 8.51923076923077 36.76923076923077 1.2533086000003095
408000 188.98076923076923 0.07614129677980788 70.07692307692308 0.578525641025641 135.8653846153846 45.28846153846154 8.5 36.78846153846154 1.3543771000004199
410000 189.40384615384616 0.07675531808826021 70.15384615384616 0.5897435897435898 135.8653846153846 45.28846153846154 8.538461538461538 36.75 1.3209477999989758
412000 189.57692307692307 0.07663351083914174 70.3076923076923 0.5993589743589743 135.8653846153846 45.28846153846154 8.576923076923077 36.71153846153846 1.2293657000009262
414000 190.28846153846155 0.07678961997190867 70.0576923076923 0.578525641025641 135.8653846153846 45.28846153846154 8.5 36.78846153846154 1.3544330000004265
416000 191.67307692307693 0.07662943037970618 69.92307692307692 0.5849358974358975 135.8653846153846 45.28846153846154 8.461538461538462 36.82692307692308 1.240554100000736
418000 190.44230769230768 0.07640633508090915 70.0 0.578525641025641 135.8653846153846 45.28846153846154 8.48076923076923 36.80769230769231 1.2222355999983847
420000 191.65384615384616 0.07662382452621538 69.92307692307692 0.5849358974358975 135.8653846153846 45.28846153846154 8.615384615384615 36.67307692307692 1.3030790999982855
422000 191.40384615384616 0.07661933727050982 70.0576923076923 0.591346153846154 135.8653846153846 45.28846153846154 8.653846153846153 36.63461538461539 1.3366453999988153
424000 192.1153846153846 0.07659824019020213 69.96153846153847 0.591346153846154 135.8653846153846 45.28846153846154 8.615384615384615 36.67307692307692 1.3149058999988483
426000 190.84615384615384 0.07680490928036512 70.17307692307692 0.5993589743589743 135.8653846153846 45.28846153846154 8.692307692307692 36.59615384615385 1.3220889000003808
428000 192.8653846153846 0.07731575381208523 69.98076923076923 0.591346153846154 135.8653846153846 45.28846153846154 8.634615384615385 36.65384615384615 1.2567868000041926
430000 192.1153846153846 0.0766973092979907 69.96153846153847 0.591346153846154 135.8653846153846 45.28846153846154 8.615384615384615 36.67307692307692 1.254899799998384
432000 192.1153846153846 0.07659824019020213 69.96153846153847 0.591346153846154 135.8653846153846 45.28846153846154 8.615384615384615 36.67307692307692 1.2690033999970183
434000 190.90384615384616 0.07677893083359341 69.90384615384616 0.5849358974358975 135.8653846153846 45.28846153846154 8.596153846153847 36.69230769230769 1.2678058000019519
436000 191.8846153846154 0.076574492535976 70.01923076923077 0.5961538461538463 135.8653846153846 45.28846153846154 8.634615384615385 36.65384615384615 1.2240173000027426
438000 191.8846153846154 0.076574492535976 70.01923076923077 0.5961538461538463 135.8653846153846 45.28846153846154 8.634615384615385 36.65384615384615 1.2896143999969354
440000 190.90384615384616 0.07677893083359341 69.90384615384616 0.5849358974358975 135.8653846153846 45.28846153846154 8.596153846153847 36.69230769230769 1.2299677999981213
442000 190.32692307692307 0.0763852646042528 69.92307692307692 0.5785256410256411 135.8653846153846 45.28846153846154 8.73076923076923 36.55769230769231 1.2588759999998729
444000 190.5 0.07653626308946065 69.86538461538461 0.5881410256410257 135.8653846153846 45.28846153846154 8.711538461538462 36.57692307692308 1.3082489000007627
446000 190.5 0.07653626308946065 69.86538461538461 0.5881410256410257 135.8653846153846 45.28846153846154 8.711538461538462 36.57692307692308 1.3913468000027933
448000 190.26923076923077 0.07641344632744593 69.92307692307692 0.592948717948718 135.8653846153846 45.28846153846154 8.73076923076923 36.55769230769231 1.2541388000026927
450000 190.26923076923077 0.07641344632744593 69.92307692307692 0.592948717948718 135.8653846153846 45.28846153846154 8.73076923076923 36.55769230769231 1.2340229999972507
452000 190.26923076923077 0.07641344632744593 69.92307692307692 0.592948717948718 135.8653846153846 45.28846153846154 8.73076923076923 36.55769230769231 1.2971792000025744
454000 191.48076923076923 0.0770518665950659 69.98076923076923 0.5993589743589745 135.8653846153846 45.28846153846154 8.75 36.53846153846154 1.3295418999987305
456000 191.48076923076923 0.0770518665950659 69.98076923076923 0.5993589743589745 135.8653846153846 45.28846153846154 8.75 36.53846153846154 1.271878999999899
458000 191.48076923076923 0.0770518665950659 69.98076923076923 0.5993589743589745 135.8653846153846 45.28846153846154 8.75 36.53846153846154 1.254904000001261
460000 191.48076923076923 0.07649400489383042 69.98076923076923 0.5993589743589745 135.8653846153846 45.28846153846154 8.75 36.53846153846154 1.2838237999967532
462000 191.48076923076923 0.07649400489383042 69.98076923076923 0.5993589743589745 135.8653846153846 45.28846153846154 8.75 36.53846153846154 1.2872940999950515
464000 191.53846153846155 0.07665598551297227 69.92307692307692 0.5993589743589745 135.8653846153846 45.28846153846154 8.73076923076923 36.55769230769231 1.2737458999981754
466000 191.48076923076923 0.07649400489383042 69.98076923076923 0.5993589743589745 135.8653846153846 45.28846153846154 8.75 36.53846153846154 1.304495100004715
468000 191.17307692307693 0.07614678234978743 69.84615384615384 0.5865384615384616 135.8653846153846 45.28846153846154 8.711538461538462 36.57692307692308 1.2367833000025712
470000 191.17307692307693 0.07630896245177463 69.84615384615384 0.5865384615384616 135.8653846153846 45.28846153846154 8.711538461538462 36.57692307692308 1.2923977000027662
472000 190.26923076923077 0.07585558462621046 69.92307692307692 0.592948717948718 135.8653846153846 45.28846153846154 8.73076923076923 36.55769230769231 1.1381651000046986
474000 191.17307692307693 0.07630896245177463 69.84615384615384 0.5865384615384616 135.8653846153846 45.28846153846154 8.711538461538462 36.57692307692308 1.158053099999961
476000 191.17307692307693 0.07630896245177463 69.84615384615384 0.5865384615384616 135.8653846153846 45.28846153846154 8.711538461538462 36.57692307692308 1.1944422000015038
478000 190.26923076923077 0.07657562642943312 69.92307692307692 0.592948717948718 135.8653846153846 45.28846153846154 8.73076923076923 36.55769230769231 1.1599174000002677
480000 190.26923076923077 0.07601776472819764 69.92307692307692 0.592948717948718 135.8653846153846 45.28846153846154 8.73076923076923 36.55769230769231 1.1677851999993436
482000 190.26923076923077 0.07641344632744593 69.92307692307692 0.592948717948718 135.8653846153846 45.28846153846154 8.73076923076923 36.55769230769231 1.1483126000021002
484000 190.26923076923077 0.07641344632744593 69.92307692307692 0.592948717948718 135.8653846153846 45.28846153846154 8.73076923076923 36.55769230769231 1.0153573999996297
486000 190.5 0.07653626308946065 69.86538461538461 0.5881410256410257 135.8653846153846 45.28846153846154 8.711538461538462 36.57692307692308 1.135280700000294
488000 190.5 0.07653626308946065 69.86538461538461 0.5881410256410257 135.8653846153846 45.28846153846154 8.711538461538462 36.57692307692308 1.1413859999956912
490000 194.0 0.07783468374179134 69.75 0.5977564102564104 135.8653846153846 45.28846153846154 8.692307692307692 36.59615384615385 1.2383798000009847
492000 194.0 0.07727682204055585 69.75 0.5977564102564104 135.8653846153846 45.28846153846154 8.692307692307692 36.59615384615385 1.2370680999956676
494000 194.0 0.07727682204055585 69.75 0.5977564102564104 135.8653846153846 45.28846153846154 8.692307692307692 36.59615384615385 1.4432426999992458
496000 190.5 0.07653626308946065 69.86538461538461 0.5881410256410257 135.8653846153846 45.28846153846154 8.711538461538462 36.57692307692308 1.3346497000020463
498000 190.5 0.07653626308946065 69.86538461538461 0.5881410256410257 135.8653846153846 45.28846153846154 8.711538461538462 36.57692307692308 1.213695500002359
500000 194.0 0.07783468374179134 69.75 0.5977564102564104 135.8653846153846 45.28846153846154 8.692307692307692 36.59615384615385 1.2777114999989863
