2000 0.8269230769230769 0.171875
4000 4.461538461538462 0.203125
6000 3.230769230769231 0.171875
8000 5.0 0.3125
10000 6.326923076923077 0.328125
12000 7.865384615384615 0.28125
14000 8.173076923076923 0.3125
16000 7.423076923076923 0.28125
18000 7.5576923076923075 0.296875
20000 7.25 0.28125
22000 7.961538461538462 0.3125
24000 7.903846153846154 0.34375
26000 8.192307692307692 0.296875
28000 7.961538461538462 0.328125
30000 8.0 0.296875
32000 8.038461538461538 0.28125
34000 8.23076923076923 0.34375
36000 8.038461538461538 0.34375
38000 9.211538461538462 0.28125
40000 9.23076923076923 0.328125
42000 9.307692307692308 0.328125
44000 9.307692307692308 0.328125
46000 9.961538461538462 0.328125
48000 10.096153846153847 0.328125
50000 10.096153846153847 0.4375
52000 10.096153846153847 0.421875
54000 10.076923076923077 0.296875
56000 10.076923076923077 0.34375
58000 10.096153846153847 0.28125
60000 10.096153846153847 0.34375
62000 10.23076923076923 0.3125
64000 11.192307692307692 0.4375
66000 11.288461538461538 0.328125
68000 11.403846153846153 0.328125
70000 11.75 0.34375
72000 11.788461538461538 0.34375
74000 11.826923076923077 0.328125
76000 11.923076923076923 0.328125
78000 11.923076923076923 0.34375
80000 11.923076923076923 0.40625
82000 11.923076923076923 0.421875
84000 11.865384615384615 0.4375
86000 11.865384615384615 0.296875
88000 11.865384615384615 0.296875
90000 11.865384615384615 0.359375
92000 11.865384615384615 0.46875
94000 11.884615384615385 0.265625
96000 11.865384615384615 0.28125
98000 11.923076923076923 0.265625
100000 11.923076923076923 0.28125
102000 11.865384615384615 0.265625
104000 11.826923076923077 0.296875
106000 11.846153846153847 0.28125
108000 11.865384615384615 0.265625
110000 11.865384615384615 0.265625
112000 11.865384615384615 0.28125
114000 11.942307692307692 0.234375
116000 11.884615384615385 0.265625
118000 11.865384615384615 0.28125
120000 11.865384615384615 0.28125
122000 11.826923076923077 0.265625
124000 11.961538461538462 0.296875
126000 11.961538461538462 0.28125
128000 11.846153846153847 0.34375
130000 11.884615384615385 0.3125
132000 11.865384615384615 0.3125
134000 11.73076923076923 0.3125
136000 11.788461538461538 0.328125
138000 11.846153846153847 0.3125
140000 11.865384615384615 0.421875
142000 11.884615384615385 0.28125
144000 11.961538461538462 0.234375
146000 11.98076923076923 0.25
148000 11.961538461538462 0.296875
150000 11.884615384615385 0.28125
152000 11.846153846153847 0.28125
154000 11.884615384615385 0.453125
156000 11.961538461538462 0.28125
158000 11.865384615384615 0.25
160000 11.865384615384615 0.28125
162000 11.846153846153847 0.28125
164000 11.826923076923077 0.296875
166000 11.865384615384615 0.28125
168000 11.807692307692308 0.375
170000 11.807692307692308 0.5
172000 11.807692307692308 0.3125
174000 11.826923076923077 0.28125
176000 11.807692307692308 0.28125
178000 11.576923076923077 0.25
180000 11.788461538461538 0.28125
182000 11.653846153846153 0.28125
184000 11.634615384615385 0.296875
186000 11.423076923076923 0.28125
188000 11.76923076923077 0.296875
190000 11.788461538461538 0.28125
192000 11.923076923076923 0.296875
194000 11.961538461538462 0.28125
196000 11.98076923076923 0.265625
198000 11.98076923076923 0.28125
200000 11.961538461538462 0.296875
202000 11.903846153846153 0.28125
204000 11.923076923076923 0.28125
206000 11.884615384615385 0.28125
208000 11.884615384615385 0.28125
210000 11.884615384615385 0.28125
212000 11.807692307692308 0.28125
214000 11.75 0.28125
216000 11.75 0.375
218000 11.75 0.28125
220000 11.711538461538462 0.28125
222000 11.75 0.28125
224000 11.788461538461538 0.359375
226000 11.788461538461538 0.265625
228000 11.788461538461538 0.28125
230000 11.826923076923077 0.28125
232000 11.865384615384615 0.28125
234000 11.807692307692308 0.375
236000 11.807692307692308 0.375
238000 11.884615384615385 0.28125
240000 11.788461538461538 0.375
242000 11.788461538461538 0.28125
244000 11.73076923076923 0.28125
246000 11.73076923076923 0.28125
248000 11.73076923076923 0.296875
250000 11.673076923076923 0.296875
252000 11.75 0.328125
254000 11.788461538461538 0.4375
256000 11.788461538461538 0.265625
258000 11.826923076923077 0.265625
260000 11.788461538461538 0.25
262000 11.692307692307692 0.328125
264000 11.673076923076923 0.25
266000 11.75 0.265625
268000 11.73076923076923 0.265625
270000 11.692307692307692 0.296875
272000 11.634615384615385 0.265625
274000 11.596153846153847 0.34375
276000 11.634615384615385 0.28125
278000 11.596153846153847 0.265625
280000 11.596153846153847 0.28125
282000 11.615384615384615 0.359375
284000 11.596153846153847 0.484375
286000 11.557692307692308 0.375
288000 11.615384615384615 0.296875
290000 11.596153846153847 0.21875
292000 11.576923076923077 0.421875
294000 11.634615384615385 0.3125
296000 11.653846153846153 0.28125
298000 11.75 0.296875
300000 11.807692307692308 0.265625
302000 11.807692307692308 0.171875
304000 11.826923076923077 0.28125
306000 11.788461538461538 0.265625
308000 11.788461538461538 0.265625
310000 11.692307692307692 0.296875
312000 11.692307692307692 0.265625
314000 11.75 0.28125
316000 11.75 0.28125
318000 11.826923076923077 0.265625
320000 11.807692307692308 0.28125
322000 11.788461538461538 0.265625
324000 11.75 0.46875
326000 11.807692307692308 0.28125
328000 11.788461538461538 0.296875
330000 11.884615384615385 0.296875
332000 11.846153846153847 0.28125
334000 11.865384615384615 0.265625
336000 11.76923076923077 0.296875
338000 11.807692307692308 0.390625
340000 11.788461538461538 0.5
342000 11.788461538461538 0.296875
344000 11.73076923076923 0.28125
346000 11.692307692307692 0.28125
348000 11.653846153846153 0.265625
350000 11.653846153846153 0.421875
352000 11.653846153846153 0.34375
354000 11.673076923076923 0.34375
356000 11.75 0.328125
358000 11.76923076923077 0.328125
360000 11.884615384615385 0.328125
362000 11.846153846153847 0.34375
364000 11.846153846153847 0.34375
366000 11.73076923076923 0.3125
368000 11.73076923076923 0.34375
370000 11.711538461538462 0.34375
372000 11.692307692307692 0.375
374000 11.788461538461538 0.359375
376000 11.634615384615385 0.34375
378000 11.615384615384615 0.375
380000 11.596153846153847 0.3125
382000 11.711538461538462 0.34375
384000 11.711538461538462 0.359375
386000 11.73076923076923 0.3125
388000 11.826923076923077 0.34375
390000 11.788461538461538 0.328125
392000 11.807692307692308 0.34375
394000 11.76923076923077 0.328125
396000 11.788461538461538 0.3125
398000 11.711538461538462 0.34375
400000 11.653846153846153 0.328125
402000 11.73076923076923 0.328125
404000 11.75 0.328125
406000 11.76923076923077 0.3125
408000 11.76923076923077 0.359375
410000 11.73076923076923 0.328125
412000 11.76923076923077 0.328125
414000 11.826923076923077 0.28125
416000 11.692307692307692 0.28125
418000 11.75 0.296875
420000 11.788461538461538 0.296875
422000 11.807692307692308 0.296875
424000 11.807692307692308 0.421875
426000 11.807692307692308 0.46875
428000 11.807692307692308 0.296875
430000 11.788461538461538 0.28125
432000 11.75 0.28125
434000 11.75 0.28125
436000 11.788461538461538 0.296875
438000 11.826923076923077 0.28125
440000 11.826923076923077 0.28125
442000 11.826923076923077 0.265625
444000 11.903846153846153 0.265625
446000 11.826923076923077 0.28125
448000 11.807692307692308 0.28125
450000 11.807692307692308 0.28125
452000 11.807692307692308 0.3125
454000 11.807692307692308 0.3125
456000 11.826923076923077 0.328125
458000 11.826923076923077 0.3125
460000 11.846153846153847 0.3125
462000 11.846153846153847 0.328125
464000 11.903846153846153 0.34375
466000 11.884615384615385 0.34375
468000 11.903846153846153 0.34375
470000 11.903846153846153 0.359375
472000 11.884615384615385 0.3125
474000 11.865384615384615 0.328125
476000 11.826923076923077 0.3125
478000 11.807692307692308 0.359375
480000 11.788461538461538 0.328125
482000 11.807692307692308 0.328125
484000 11.826923076923077 0.328125
486000 11.788461538461538 0.34375
488000 11.826923076923077 0.34375
490000 11.807692307692308 0.390625
492000 11.846153846153847 0.3125
494000 11.807692307692308 0.328125
496000 11.865384615384615 0.328125
498000 11.807692307692308 0.359375
500000 11.807692307692308 0.484375
