2000 0.15384615384615385 0.015625
4000 0.3269230769230769 0.0625
6000 0.46153846153846156 0.0625
8000 0.8269230769230769 0.046875
10000 0.8269230769230769 0.0625
12000 0.7884615384615384 0.046875
14000 0.9038461538461539 0.078125
16000 1.0192307692307692 0.046875
18000 1.0192307692307692 0.078125
20000 1.0769230769230769 0.078125
22000 1.0769230769230769 0.0625
24000 1.1346153846153846 0.09375
26000 1.1730769230769231 0.09375
28000 1.3653846153846154 0.09375
30000 1.8846153846153846 0.109375
32000 1.8461538461538463 0.171875
34000 2.2115384615384617 0.09375
36000 2.3461538461538463 0.1875
38000 2.6923076923076925 0.15625
40000 2.9038461538461537 0.171875
42000 3.519230769230769 0.1875
44000 3.5 0.1875
46000 3.8653846153846154 0.1875
48000 4.153846153846154 0.171875
50000 4.269230769230769 0.1875
52000 4.365384615384615 0.203125
54000 4.615384615384615 0.171875
56000 4.615384615384615 0.15625
58000 4.788461538461538 0.140625
60000 4.846153846153846 0.171875
62000 5.153846153846154 0.125
64000 5.134615384615385 0.15625
66000 5.076923076923077 0.171875
68000 5.269230769230769 0.1875
70000 5.884615384615385 0.203125
72000 7.980769230769231 0.171875
74000 8.865384615384615 0.171875
76000 9.134615384615385 0.109375
78000 9.365384615384615 0.171875
80000 9.576923076923077 0.21875
82000 9.75 0.203125
84000 10.0 0.3125
86000 10.0 0.171875
88000 10.01923076923077 0.15625
90000 9.788461538461538 0.15625
92000 9.692307692307692 0.140625
94000 9.557692307692308 0.15625
96000 9.653846153846153 0.140625
98000 9.653846153846153 0.125
100000 9.673076923076923 0.15625
102000 9.538461538461538 0.203125
104000 9.673076923076923 0.15625
106000 9.615384615384615 0.140625
108000 9.615384615384615 0.15625
110000 9.692307692307692 0.1875
112000 9.673076923076923 0.15625
114000 9.673076923076923 0.15625
116000 9.826923076923077 0.15625
118000 9.826923076923077 0.15625
120000 9.865384615384615 0.1875
122000 9.846153846153847 0.1875
124000 9.826923076923077 0.15625
126000 9.98076923076923 0.15625
128000 9.73076923076923 0.171875
130000 9.711538461538462 0.171875
132000 9.826923076923077 0.15625
134000 9.846153846153847 0.15625
136000 9.75 0.265625
138000 9.884615384615385 0.1875
140000 9.865384615384615 0.15625
142000 9.942307692307692 0.15625
144000 9.884615384615385 0.171875
146000 9.884615384615385 0.15625
148000 9.961538461538462 0.21875
150000 10.076923076923077 0.140625
152000 9.865384615384615 0.171875
154000 9.923076923076923 0.125
156000 10.01923076923077 0.171875
158000 9.942307692307692 0.140625
160000 10.076923076923077 0.140625
162000 9.942307692307692 0.125
164000 10.115384615384615 0.1875
166000 10.096153846153847 0.1875
168000 10.115384615384615 0.28125
170000 10.076923076923077 0.3125
172000 10.076923076923077 0.15625
174000 10.057692307692308 0.140625
176000 10.0 0.140625
178000 10.076923076923077 0.140625
180000 10.134615384615385 0.171875
182000 10.153846153846153 0.140625
184000 10.076923076923077 0.15625
186000 10.076923076923077 0.21875
188000 10.096153846153847 0.171875
190000 10.076923076923077 0.15625
192000 10.096153846153847 0.140625
194000 10.192307692307692 0.15625
196000 10.23076923076923 0.1875
198000 10.096153846153847 0.140625
200000 10.173076923076923 0.15625
202000 10.076923076923077 0.15625
204000 10.134615384615385 0.140625
206000 10.115384615384615 0.125
208000 10.057692307692308 0.15625
210000 10.153846153846153 0.140625
212000 10.25 0.1875
214000 10.25 0.140625
216000 10.25 0.15625
218000 10.23076923076923 0.140625
220000 10.25 0.140625
222000 10.192307692307692 0.15625
224000 10.25 0.140625
226000 10.23076923076923 0.15625
228000 10.192307692307692 0.1875
230000 10.173076923076923 0.1875
232000 10.23076923076923 0.15625
234000 10.25 0.15625
236000 10.23076923076923 0.140625
238000 10.307692307692308 0.140625
240000 10.288461538461538 0.140625
242000 10.26923076923077 0.15625
244000 10.211538461538462 0.1875
246000 10.211538461538462 0.171875
248000 10.211538461538462 0.140625
250000 10.153846153846153 0.171875
252000 10.173076923076923 0.21875
254000 10.173076923076923 0.28125
256000 10.173076923076923 0.125
258000 10.173076923076923 0.109375
260000 10.134615384615385 0.140625
262000 10.134615384615385 0.140625
264000 10.192307692307692 0.125
266000 10.173076923076923 0.140625
268000 10.192307692307692 0.140625
270000 10.173076923076923 0.15625
272000 10.173076923076923 0.125
274000 10.173076923076923 0.140625
276000 10.173076923076923 0.140625
278000 10.288461538461538 0.1875
280000 10.23076923076923 0.15625
282000 10.23076923076923 0.15625
284000 10.25 0.140625
286000 10.25 0.140625
288000 10.23076923076923 0.15625
290000 10.288461538461538 0.15625
292000 10.288461538461538 0.15625
294000 10.288461538461538 0.1875
296000 10.288461538461538 0.171875
298000 10.288461538461538 0.140625
300000 10.288461538461538 0.15625
302000 10.288461538461538 0.15625
304000 10.288461538461538 0.140625
306000 10.23076923076923 0.140625
308000 10.23076923076923 0.140625
310000 10.23076923076923 0.1875
312000 10.23076923076923 0.1875
314000 10.211538461538462 0.125
316000 10.288461538461538 0.140625
318000 10.288461538461538 0.140625
320000 10.288461538461538 0.15625
322000 10.288461538461538 0.15625
324000 10.23076923076923 0.15625
326000 10.23076923076923 0.140625
328000 10.288461538461538 0.1875
330000 10.23076923076923 0.125
332000 10.115384615384615 0.125
334000 10.173076923076923 0.171875
336000 10.173076923076923 0.21875
338000 10.25 0.265625
340000 10.26923076923077 0.21875
342000 10.26923076923077 0.140625
344000 10.326923076923077 0.140625
346000 10.326923076923077 0.15625
348000 10.307692307692308 0.15625
350000 10.307692307692308 0.15625
352000 10.326923076923077 0.140625
354000 10.307692307692308 0.171875
356000 10.307692307692308 0.140625
358000 10.307692307692308 0.15625
360000 10.307692307692308 0.15625
362000 10.25 0.15625
364000 10.25 0.140625
366000 10.307692307692308 0.140625
368000 10.307692307692308 0.15625
370000 10.25 0.15625
372000 10.23076923076923 0.15625
374000 10.173076923076923 0.140625
376000 10.23076923076923 0.203125
378000 10.23076923076923 0.203125
380000 10.23076923076923 0.140625
382000 10.23076923076923 0.15625
384000 10.288461538461538 0.140625
386000 10.25 0.1875
388000 10.26923076923077 0.15625
390000 10.26923076923077 0.125
392000 10.288461538461538 0.15625
394000 10.307692307692308 0.171875
396000 10.288461538461538 0.15625
398000 10.307692307692308 0.140625
400000 10.326923076923077 0.15625
402000 10.326923076923077 0.140625
404000 10.326923076923077 0.140625
406000 10.26923076923077 0.140625
408000 10.326923076923077 0.1875
410000 10.25 0.171875
412000 10.288461538461538 0.125
414000 10.326923076923077 0.125
416000 10.326923076923077 0.125
418000 10.326923076923077 0.140625
420000 10.26923076923077 0.171875
422000 9.923076923076923 0.21875
424000 9.865384615384615 0.265625
426000 10.134615384615385 0.265625
428000 10.134615384615385 0.125
430000 9.884615384615385 0.109375
432000 9.76923076923077 0.125
434000 9.76923076923077 0.140625
436000 9.807692307692308 0.140625
438000 9.865384615384615 0.140625
440000 10.096153846153847 0.203125
442000 10.134615384615385 0.140625
444000 10.076923076923077 0.140625
446000 10.134615384615385 0.15625
448000 10.134615384615385 0.15625
450000 10.076923076923077 0.15625
452000 10.134615384615385 0.140625
454000 10.26923076923077 0.15625
456000 10.326923076923077 0.15625
458000 10.326923076923077 0.15625
460000 10.288461538461538 0.15625
462000 10.288461538461538 0.1875
464000 10.23076923076923 0.140625
466000 10.25 0.1875
468000 10.211538461538462 0.15625
470000 10.192307692307692 0.15625
472000 10.173076923076923 0.15625
474000 10.057692307692308 0.15625
476000 10.173076923076923 0.15625
478000 10.23076923076923 0.15625
480000 10.288461538461538 0.15625
482000 10.288461538461538 0.15625
484000 10.288461538461538 0.203125
486000 10.365384615384615 0.171875
488000 10.365384615384615 0.140625
490000 10.365384615384615 0.15625
492000 10.307692307692308 0.15625
494000 10.307692307692308 0.15625
496000 10.307692307692308 0.140625
498000 10.25 0.15625
500000 10.192307692307692 0.171875
