2000 0.6923076923076923 0.109375
4000 0.28846153846153844 0.09375
6000 0.9230769230769231 0.15625
8000 1.0192307692307692 0.203125
10000 1.4615384615384615 0.171875
12000 1.2884615384615385 0.1875
14000 2.8461538461538463 0.203125
16000 3.423076923076923 0.21875
18000 3.6538461538461537 0.234375
20000 3.6923076923076925 0.171875
22000 3.6538461538461537 0.21875
24000 3.5384615384615383 0.203125
26000 4.884615384615385 0.203125
28000 5.403846153846154 0.21875
30000 5.634615384615385 0.203125
32000 5.5 0.234375
34000 5.596153846153846 0.21875
36000 5.769230769230769 0.1875
38000 5.961538461538462 0.234375
40000 5.846153846153846 0.234375
42000 6.019230769230769 0.21875
44000 6.019230769230769 0.234375
46000 5.961538461538462 0.21875
48000 5.711538461538462 0.1875
50000 5.846153846153846 0.234375
52000 6.019230769230769 0.203125
54000 5.961538461538462 0.265625
56000 5.961538461538462 0.171875
58000 5.961538461538462 0.21875
60000 6.019230769230769 0.203125
62000 5.826923076923077 0.25
64000 5.826923076923077 0.203125
66000 5.826923076923077 0.25
68000 5.961538461538462 0.25
70000 6.134615384615385 0.1875
72000 5.961538461538462 0.28125
74000 5.961538461538462 0.25
76000 6.019230769230769 0.265625
78000 5.980769230769231 0.296875
80000 5.865384615384615 0.25
82000 6.019230769230769 0.25
84000 6.019230769230769 0.265625
86000 5.923076923076923 0.21875
88000 5.865384615384615 0.28125
90000 6.019230769230769 0.234375
92000 6.019230769230769 0.25
94000 5.923076923076923 0.21875
96000 5.846153846153846 0.4375
98000 5.923076923076923 0.390625
100000 5.9423076923076925 0.375
102000 6.019230769230769 0.328125
104000 6.134615384615385 0.34375
106000 5.211538461538462 0.34375
108000 5.75 0.21875
110000 5.923076923076923 0.28125
112000 5.923076923076923 0.28125
114000 6.019230769230769 0.28125
116000 6.134615384615385 0.25
118000 6.115384615384615 0.296875
120000 6.1923076923076925 0.28125
122000 6.019230769230769 0.265625
124000 6.1923076923076925 0.265625
126000 6.1923076923076925 0.265625
128000 6.230769230769231 0.28125
130000 6.019230769230769 0.265625
132000 6.115384615384615 0.25
134000 6.423076923076923 0.3125
136000 6.115384615384615 0.265625
138000 6.230769230769231 0.25
140000 6.230769230769231 0.25
142000 6.25 0.28125
144000 6.115384615384615 0.28125
146000 6.25 0.265625
148000 6.288461538461538 0.265625
150000 6.25 0.234375
152000 6.153846153846154 0.265625
154000 6.096153846153846 0.28125
156000 6.326923076923077 0.28125
158000 6.423076923076923 0.28125
160000 6.403846153846154 0.28125
162000 6.480769230769231 0.25
164000 6.461538461538462 0.296875
166000 6.480769230769231 0.28125
168000 6.519230769230769 0.265625
170000 6.5 0.25
172000 6.5576923076923075 0.28125
174000 6.269230769230769 0.296875
176000 6.25 0.28125
178000 6.288461538461538 0.265625
180000 6.346153846153846 0.265625
182000 6.346153846153846 0.265625
184000 6.423076923076923 0.265625
186000 6.403846153846154 0.25
188000 6.4423076923076925 0.28125
190000 6.365384615384615 0.265625
192000 6.5 0.28125
194000 6.480769230769231 0.34375
196000 6.423076923076923 0.28125
198000 6.615384615384615 0.265625
200000 6.403846153846154 0.265625
202000 6.480769230769231 0.25
204000 6.326923076923077 0.265625
206000 6.423076923076923 0.265625
208000 6.5576923076923075 0.265625
210000 6.596153846153846 0.296875
212000 6.4423076923076925 0.28125
214000 6.480769230769231 0.28125
216000 6.5576923076923075 0.296875
218000 6.423076923076923 0.28125
220000 6.3076923076923075 0.3125
222000 6.096153846153846 0.3125
224000 6.038461538461538 0.359375
226000 6.480769230769231 0.359375
228000 6.480769230769231 0.359375
230000 6.5 0.3125
232000 6.519230769230769 0.3125
234000 6.5 0.3125
236000 6.461538461538462 0.34375
238000 6.461538461538462 0.40625
240000 6.230769230769231 0.359375
242000 6.230769230769231 0.359375
244000 6.5 0.359375
246000 6.5 0.328125
248000 6.519230769230769 0.359375
250000 6.461538461538462 0.375
252000 6.5576923076923075 0.34375
254000 6.365384615384615 0.34375
256000 6.519230769230769 0.296875
258000 6.519230769230769 0.328125
260000 6.480769230769231 0.328125
262000 6.519230769230769 0.296875
264000 6.4423076923076925 0.34375
266000 6.519230769230769 0.328125
268000 6.538461538461538 0.265625
270000 6.5 0.265625
272000 6.5 0.265625
274000 6.5 0.28125
276000 6.269230769230769 0.234375
278000 6.519230769230769 0.234375
280000 6.461538461538462 0.28125
282000 6.423076923076923 0.28125
284000 6.4423076923076925 0.25
286000 6.480769230769231 0.265625
288000 6.480769230769231 0.265625
290000 6.5 0.296875
292000 6.519230769230769 0.25
294000 6.326923076923077 0.1875
296000 6.346153846153846 0.28125
298000 6.5 0.265625
300000 6.538461538461538 0.3125
302000 6.461538461538462 0.28125
304000 6.5 0.265625
306000 5.788461538461538 0.265625
308000 6.365384615384615 0.25
310000 6.346153846153846 0.265625
312000 6.365384615384615 0.265625
314000 6.5 0.265625
316000 6.519230769230769 0.265625
318000 6.538461538461538 0.296875
320000 6.519230769230769 0.265625
322000 6.538461538461538 0.25
324000 6.538461538461538 0.28125
326000 6.5 0.265625
328000 6.403846153846154 0.28125
330000 6.5 0.234375
332000 6.5 0.25
334000 6.423076923076923 0.296875
336000 6.1923076923076925 0.265625
338000 6.5 0.25
340000 6.519230769230769 0.265625
342000 6.5 0.25
344000 6.5 0.28125
346000 6.5 0.25
348000 6.384615384615385 0.28125
350000 6.519230769230769 0.28125
352000 6.538461538461538 0.234375
354000 6.519230769230769 0.28125
356000 6.538461538461538 0.25
358000 6.538461538461538 0.28125
360000 6.346153846153846 0.28125
362000 6.403846153846154 0.28125
364000 6.346153846153846 0.296875
366000 6.538461538461538 0.265625
368000 6.403846153846154 0.25
370000 6.346153846153846 0.25
372000 6.538461538461538 0.3125
374000 6.538461538461538 0.265625
376000 6.403846153846154 0.265625
378000 6.403846153846154 0.3125
380000 6.346153846153846 0.25
382000 6.5576923076923075 0.25
384000 6.384615384615385 0.25
386000 6.384615384615385 0.25
388000 6.5 0.265625
390000 6.403846153846154 0.25
392000 6.403846153846154 0.296875
394000 6.538461538461538 0.28125
396000 6.519230769230769 0.265625
398000 6.480769230769231 0.28125
400000 6.538461538461538 0.265625
402000 6.538461538461538 0.265625
404000 6.403846153846154 0.265625
406000 6.346153846153846 0.265625
408000 6.384615384615385 0.25
410000 6.5576923076923075 0.28125
412000 6.5 0.25
414000 6.403846153846154 0.234375
416000 6.403846153846154 0.265625
418000 6.4423076923076925 0.25
420000 6.403846153846154 0.25
422000 6.403846153846154 0.28125
424000 6.403846153846154 0.328125
426000 6.365384615384615 0.265625
428000 6.403846153846154 0.234375
430000 6.384615384615385 0.265625
432000 6.403846153846154 0.234375
434000 6.25 0.234375
436000 6.403846153846154 0.25
438000 6.384615384615385 0.265625
440000 6.384615384615385 0.234375
442000 6.346153846153846 0.28125
444000 6.346153846153846 0.296875
446000 6.346153846153846 0.28125
448000 6.346153846153846 0.28125
450000 6.365384615384615 0.28125
452000 6.365384615384615 0.265625
454000 6.384615384615385 0.21875
456000 6.5576923076923075 0.28125
458000 6.346153846153846 0.265625
460000 6.403846153846154 0.28125
462000 6.403846153846154 0.265625
464000 6.538461538461538 0.28125
466000 6.538461538461538 0.28125
468000 6.5576923076923075 0.28125
470000 6.538461538461538 0.25
472000 6.5576923076923075 0.3125
474000 6.5576923076923075 0.296875
476000 6.5576923076923075 0.265625
478000 6.403846153846154 0.28125
480000 6.403846153846154 0.25
482000 6.403846153846154 0.28125
484000 6.384615384615385 0.296875
486000 6.384615384615385 0.28125
488000 6.403846153846154 0.296875
490000 6.384615384615385 0.28125
492000 6.403846153846154 0.21875
494000 6.365384615384615 0.1875
496000 6.403846153846154 0.1875
498000 6.403846153846154 0.1875
500000 6.403846153846154 0.171875
