2000 3.1538461538461537 0.5625
4000 7.019230769230769 0.5625
6000 9.538461538461538 0.546875
8000 9.615384615384615 0.515625
10000 9.865384615384615 0.546875
12000 9.538461538461538 0.546875
14000 9.846153846153847 0.578125
16000 10.211538461538462 0.53125
18000 9.846153846153847 0.546875
20000 10.192307692307692 0.53125
22000 9.846153846153847 0.5625
24000 10.211538461538462 0.59375
26000 10.192307692307692 0.59375
28000 9.846153846153847 0.609375
30000 9.826923076923077 0.578125
32000 9.846153846153847 0.546875
34000 10.192307692307692 0.609375
36000 10.192307692307692 0.65625
38000 10.192307692307692 0.671875
40000 10.192307692307692 0.65625
42000 10.192307692307692 0.609375
44000 10.192307692307692 0.609375
46000 10.25 0.625
48000 10.442307692307692 0.625
50000 10.48076923076923 0.65625
52000 10.538461538461538 0.71875
54000 10.538461538461538 0.71875
56000 10.442307692307692 0.75
58000 10.442307692307692 0.6875
60000 10.442307692307692 0.6875
62000 10.576923076923077 0.703125
64000 10.576923076923077 0.6875
66000 10.576923076923077 0.625
68000 10.576923076923077 0.6875
70000 10.538461538461538 0.703125
72000 11.01923076923077 0.703125
74000 10.692307692307692 0.671875
76000 10.942307692307692 0.671875
78000 10.826923076923077 0.671875
80000 11.903846153846153 0.703125
82000 12.115384615384615 0.640625
84000 10.826923076923077 0.71875
86000 12.115384615384615 0.703125
88000 12.211538461538462 0.75
90000 12.25 0.71875
92000 12.115384615384615 0.71875
94000 12.192307692307692 0.765625
96000 12.192307692307692 0.671875
98000 12.096153846153847 0.640625
100000 12.25 0.65625
102000 12.115384615384615 0.6875
104000 12.153846153846153 0.65625
106000 12.038461538461538 0.59375
108000 12.096153846153847 0.671875
110000 12.0 0.703125
112000 12.192307692307692 0.71875
114000 12.23076923076923 0.65625
116000 12.134615384615385 0.6875
118000 12.115384615384615 0.71875
120000 12.134615384615385 0.703125
122000 12.0 0.625
124000 12.0 0.703125
126000 12.096153846153847 0.6875
128000 11.711538461538462 0.671875
130000 11.865384615384615 0.71875
132000 11.942307692307692 0.6875
134000 11.73076923076923 0.671875
136000 12.173076923076923 0.796875
138000 12.0 0.703125
140000 12.153846153846153 0.6875
142000 11.76923076923077 0.75
144000 11.057692307692308 0.6875
146000 11.692307692307692 0.6875
148000 11.653846153846153 0.640625
150000 11.288461538461538 0.703125
152000 12.096153846153847 0.671875
154000 11.846153846153847 0.671875
156000 11.75 0.640625
158000 12.134615384615385 0.671875
160000 12.076923076923077 0.71875
162000 12.211538461538462 0.640625
164000 12.211538461538462 0.671875
166000 12.057692307692308 0.703125
168000 11.807692307692308 0.765625
170000 12.23076923076923 0.703125
172000 12.173076923076923 0.6875
174000 12.173076923076923 0.75
176000 12.134615384615385 0.65625
178000 12.25 0.640625
180000 11.826923076923077 0.6875
182000 12.211538461538462 0.65625
184000 12.26923076923077 0.640625
186000 12.25 0.625
188000 11.942307692307692 0.65625
190000 12.0 0.703125
192000 12.307692307692308 0.59375
194000 12.173076923076923 0.640625
196000 12.365384615384615 0.6875
198000 12.26923076923077 0.640625
200000 12.211538461538462 0.703125
202000 11.98076923076923 0.671875
204000 12.153846153846153 0.59375
206000 11.807692307692308 0.65625
208000 12.173076923076923 0.625
210000 11.865384615384615 0.703125
212000 12.038461538461538 0.640625
214000 11.711538461538462 0.609375
216000 11.673076923076923 0.6875
218000 12.134615384615385 0.59375
220000 12.25 0.65625
222000 12.057692307692308 0.609375
224000 12.288461538461538 0.71875
226000 12.211538461538462 0.6875
228000 12.307692307692308 0.65625
230000 12.211538461538462 0.65625
232000 11.942307692307692 0.71875
234000 12.038461538461538 0.671875
236000 12.192307692307692 0.65625
238000 12.23076923076923 0.703125
240000 12.346153846153847 0.671875
242000 12.288461538461538 0.671875
244000 12.192307692307692 0.703125
246000 12.211538461538462 0.625
248000 12.461538461538462 0.6875
250000 12.365384615384615 0.625
252000 12.384615384615385 0.65625
254000 12.442307692307692 0.6875
256000 12.423076923076923 0.609375
258000 12.5 0.625
260000 12.365384615384615 0.640625
262000 12.5 0.640625
264000 12.173076923076923 0.703125
266000 12.442307692307692 0.671875
268000 12.5 0.609375
270000 12.423076923076923 0.640625
272000 12.192307692307692 0.65625
274000 12.538461538461538 0.65625
276000 12.442307692307692 0.546875
278000 12.423076923076923 0.640625
280000 11.942307692307692 0.65625
282000 12.25 0.6875
284000 12.038461538461538 0.65625
286000 12.173076923076923 0.65625
288000 12.557692307692308 0.609375
290000 12.403846153846153 0.671875
292000 12.346153846153847 0.671875
294000 12.346153846153847 0.640625
296000 12.173076923076923 0.65625
298000 11.884615384615385 0.640625
300000 12.076923076923077 0.6875
302000 12.173076923076923 0.671875
304000 12.384615384615385 0.6875
306000 12.115384615384615 0.65625
308000 12.288461538461538 0.640625
310000 12.384615384615385 0.65625
312000 12.48076923076923 0.671875
314000 12.134615384615385 0.640625
316000 12.153846153846153 0.65625
318000 12.211538461538462 0.71875
320000 12.26923076923077 0.609375
322000 12.115384615384615 0.671875
324000 12.192307692307692 0.6875
326000 12.211538461538462 0.65625
328000 12.26923076923077 0.625
330000 11.865384615384615 0.671875
332000 12.01923076923077 0.703125
334000 12.173076923076923 0.609375
336000 12.134615384615385 0.65625
338000 12.23076923076923 0.640625
340000 12.153846153846153 0.65625
342000 12.038461538461538 0.703125
344000 12.211538461538462 0.703125
346000 12.192307692307692 0.703125
348000 12.25 0.65625
350000 12.115384615384615 0.65625
352000 12.134615384615385 0.65625
354000 12.25 0.671875
356000 12.192307692307692 0.609375
358000 12.326923076923077 0.71875
360000 12.25 0.578125
362000 12.26923076923077 0.65625
364000 12.326923076923077 0.6875
366000 12.173076923076923 0.71875
368000 11.807692307692308 0.671875
370000 12.26923076923077 0.671875
372000 12.25 0.671875
374000 12.307692307692308 0.640625
376000 12.288461538461538 0.65625
378000 12.134615384615385 0.6875
380000 12.115384615384615 0.65625
382000 12.153846153846153 0.640625
384000 12.115384615384615 0.6875
386000 12.153846153846153 0.640625
388000 12.096153846153847 0.609375
390000 12.365384615384615 0.65625
392000 12.423076923076923 0.703125
394000 12.173076923076923 0.640625
396000 12.134615384615385 0.671875
398000 12.173076923076923 0.703125
400000 12.096153846153847 0.640625
402000 11.865384615384615 0.671875
404000 12.442307692307692 0.640625
406000 12.326923076923077 0.671875
408000 12.51923076923077 0.65625
410000 12.192307692307692 0.625
412000 12.26923076923077 0.640625
414000 12.26923076923077 0.65625
416000 12.25 0.6875
418000 12.326923076923077 0.625
420000 12.346153846153847 0.640625
422000 12.442307692307692 0.671875
424000 12.461538461538462 0.671875
426000 12.634615384615385 0.625
428000 12.5 0.65625
430000 12.51923076923077 0.65625
432000 12.615384615384615 0.65625
434000 12.596153846153847 0.71875
436000 12.461538461538462 0.671875
438000 12.461538461538462 0.65625
440000 12.365384615384615 0.65625
442000 12.307692307692308 0.75
444000 12.596153846153847 0.625
446000 12.365384615384615 0.75
448000 12.596153846153847 0.625
450000 12.51923076923077 0.6875
452000 12.557692307692308 0.640625
454000 12.576923076923077 0.625
456000 12.596153846153847 0.640625
458000 12.596153846153847 0.640625
460000 12.557692307692308 0.625
462000 12.576923076923077 0.71875
464000 12.557692307692308 0.609375
466000 12.51923076923077 0.65625
468000 12.5 0.65625
470000 12.576923076923077 0.671875
472000 12.48076923076923 0.6875
474000 12.576923076923077 0.671875
476000 12.596153846153847 0.6875
478000 12.51923076923077 0.640625
480000 12.51923076923077 0.65625
482000 12.596153846153847 0.6875
484000 12.596153846153847 0.625
486000 12.596153846153847 0.65625
488000 12.5 0.671875
490000 12.442307692307692 0.640625
492000 12.48076923076923 0.703125
494000 12.48076923076923 0.640625
496000 12.48076923076923 0.640625
498000 12.48076923076923 0.640625
500000 12.5 0.625
