2000 0.9038461538461539 0.40625
4000 1.5576923076923077 0.4375
6000 3.8846153846153846 0.40625
8000 8.326923076923077 0.453125
10000 8.26923076923077 0.546875
12000 9.826923076923077 0.375
14000 10.865384615384615 0.40625
16000 11.557692307692308 0.46875
18000 11.673076923076923 0.390625
20000 11.692307692307692 0.46875
22000 11.596153846153847 0.375
24000 11.788461538461538 0.375
26000 11.692307692307692 0.515625
28000 11.692307692307692 0.40625
30000 11.788461538461538 0.453125
32000 11.884615384615385 0.484375
34000 11.711538461538462 0.40625
36000 11.884615384615385 0.328125
38000 11.903846153846153 0.484375
40000 11.903846153846153 0.625
42000 11.903846153846153 0.59375
44000 11.903846153846153 0.515625
46000 11.903846153846153 0.40625
48000 11.903846153846153 0.5
50000 12.01923076923077 0.46875
52000 11.846153846153847 0.578125
54000 11.923076923076923 0.46875
56000 11.903846153846153 0.5
58000 11.961538461538462 0.5
60000 11.903846153846153 0.5
62000 12.0 0.546875
64000 12.0 0.453125
66000 11.73076923076923 0.453125
68000 11.653846153846153 0.40625
70000 11.673076923076923 0.4375
72000 12.115384615384615 0.484375
74000 12.01923076923077 0.671875
76000 12.076923076923077 0.421875
78000 12.076923076923077 0.578125
80000 11.98076923076923 0.484375
82000 12.134615384615385 0.625
84000 12.076923076923077 0.6875
86000 12.153846153846153 0.625
88000 12.057692307692308 0.40625
90000 11.807692307692308 0.421875
92000 12.0 0.5
94000 11.846153846153847 0.59375
96000 11.73076923076923 0.421875
98000 11.865384615384615 0.421875
100000 11.923076923076923 0.484375
102000 12.153846153846153 0.453125
104000 12.0 0.46875
106000 11.903846153846153 0.53125
108000 11.788461538461538 0.421875
110000 11.923076923076923 0.59375
112000 11.961538461538462 0.59375
114000 12.057692307692308 0.625
116000 12.0 0.609375
118000 11.5 0.40625
120000 11.692307692307692 0.40625
122000 12.0 0.453125
124000 12.134615384615385 0.5
126000 12.038461538461538 0.59375
128000 12.23076923076923 0.375
130000 12.134615384615385 0.421875
132000 12.115384615384615 0.5
134000 11.846153846153847 0.46875
136000 11.961538461538462 0.40625
138000 11.788461538461538 0.625
140000 11.961538461538462 0.375
142000 11.961538461538462 0.4375
144000 12.211538461538462 0.375
146000 12.288461538461538 0.421875
148000 12.115384615384615 0.5625
150000 12.115384615384615 0.515625
152000 12.096153846153847 0.625
154000 12.057692307692308 0.484375
156000 12.23076923076923 0.453125
158000 12.326923076923077 0.546875
160000 12.192307692307692 0.5
162000 12.307692307692308 0.515625
164000 12.23076923076923 0.46875
166000 12.192307692307692 0.484375
168000 12.115384615384615 0.515625
170000 12.288461538461538 0.625
172000 12.326923076923077 0.5
174000 12.288461538461538 0.40625
176000 12.0 0.421875
178000 12.192307692307692 0.484375
180000 12.211538461538462 0.59375
182000 12.211538461538462 0.46875
184000 12.115384615384615 0.515625
186000 12.096153846153847 0.609375
188000 12.01923076923077 0.46875
190000 12.346153846153847 0.390625
192000 12.288461538461538 0.578125
194000 11.557692307692308 0.53125
196000 12.01923076923077 0.59375
198000 12.01923076923077 0.53125
200000 12.173076923076923 0.40625
202000 12.076923076923077 0.609375
204000 12.038461538461538 0.53125
206000 12.153846153846153 0.359375
208000 12.076923076923077 0.53125
210000 12.134615384615385 0.609375
212000 12.134615384615385 0.59375
214000 12.01923076923077 0.40625
216000 12.25 0.484375
218000 12.192307692307692 0.625
220000 12.173076923076923 0.46875
222000 12.25 0.484375
224000 12.384615384615385 0.484375
226000 12.307692307692308 0.609375
228000 12.153846153846153 0.46875
230000 12.211538461538462 0.515625
232000 12.538461538461538 0.453125
234000 12.403846153846153 0.578125
236000 12.461538461538462 0.375
238000 12.5 0.421875
240000 12.192307692307692 0.5
242000 11.98076923076923 0.515625
244000 12.115384615384615 0.578125
246000 12.365384615384615 0.453125
248000 12.423076923076923 0.515625
250000 12.288461538461538 0.34375
252000 12.384615384615385 0.375
254000 12.346153846153847 0.5625
256000 12.461538461538462 0.421875
258000 12.153846153846153 0.4375
260000 12.326923076923077 0.421875
262000 12.326923076923077 0.5
264000 12.48076923076923 0.46875
266000 12.48076923076923 0.625
268000 12.134615384615385 0.453125
270000 12.26923076923077 0.484375
272000 12.192307692307692 0.453125
274000 12.211538461538462 0.421875
276000 12.326923076923077 0.546875
278000 12.192307692307692 0.421875
280000 12.26923076923077 0.546875
282000 12.326923076923077 0.609375
284000 12.346153846153847 0.71875
286000 12.384615384615385 0.578125
288000 12.288461538461538 0.5
290000 12.134615384615385 0.5625
292000 12.673076923076923 0.53125
294000 12.384615384615385 0.40625
296000 12.48076923076923 0.5625
298000 12.384615384615385 0.53125
300000 12.673076923076923 0.5625
302000 12.423076923076923 0.65625
304000 12.615384615384615 0.453125
306000 12.51923076923077 0.4375
308000 12.365384615384615 0.515625
310000 12.403846153846153 0.546875
312000 12.346153846153847 0.453125
314000 12.403846153846153 0.53125
316000 12.365384615384615 0.40625
318000 12.423076923076923 0.53125
320000 12.23076923076923 0.359375
322000 12.211538461538462 0.40625
324000 12.442307692307692 0.421875
326000 12.403846153846153 0.484375
328000 12.538461538461538 0.515625
330000 12.653846153846153 0.578125
332000 12.288461538461538 0.625
334000 12.634615384615385 0.53125
336000 12.461538461538462 0.390625
338000 12.442307692307692 0.546875
340000 12.538461538461538 0.578125
342000 12.442307692307692 0.515625
344000 12.288461538461538 0.390625
346000 12.26923076923077 0.5
348000 12.346153846153847 0.484375
350000 12.403846153846153 0.515625
352000 12.596153846153847 0.515625
354000 12.307692307692308 0.421875
356000 12.365384615384615 0.375
358000 12.01923076923077 0.390625
360000 12.153846153846153 0.375
362000 12.096153846153847 0.546875
364000 12.01923076923077 0.453125
366000 12.403846153846153 0.421875
368000 12.576923076923077 0.46875
370000 11.903846153846153 0.53125
372000 12.346153846153847 0.59375
374000 12.365384615384615 0.40625
376000 12.711538461538462 0.59375
378000 12.48076923076923 0.578125
380000 12.461538461538462 0.34375
382000 12.615384615384615 0.546875
384000 12.288461538461538 0.4375
386000 12.288461538461538 0.4375
388000 12.288461538461538 0.421875
390000 12.23076923076923 0.4375
392000 12.596153846153847 0.484375
394000 12.403846153846153 0.5625
396000 12.076923076923077 0.375
398000 12.596153846153847 0.421875
400000 12.557692307692308 0.546875
402000 12.461538461538462 0.40625
404000 12.48076923076923 0.5625
406000 12.365384615384615 0.4375
408000 12.346153846153847 0.421875
410000 12.423076923076923 0.5
412000 12.211538461538462 0.421875
414000 12.326923076923077 0.5
416000 12.384615384615385 0.515625
418000 12.442307692307692 0.390625
420000 12.403846153846153 0.546875
422000 12.403846153846153 0.484375
424000 12.403846153846153 0.4375
426000 12.423076923076923 0.578125
428000 12.442307692307692 0.421875
430000 12.442307692307692 0.53125
432000 12.48076923076923 0.484375
434000 12.403846153846153 0.625
436000 12.461538461538462 0.609375
438000 12.442307692307692 0.40625
440000 12.403846153846153 0.390625
442000 12.365384615384615 0.65625
444000 12.346153846153847 0.78125
446000 12.307692307692308 0.546875
448000 12.461538461538462 0.484375
450000 12.346153846153847 0.578125
452000 12.461538461538462 0.421875
454000 12.442307692307692 0.46875
456000 12.461538461538462 0.5
458000 12.48076923076923 0.578125
460000 12.423076923076923 0.375
462000 12.461538461538462 0.65625
464000 12.442307692307692 0.53125
466000 12.442307692307692 0.609375
468000 12.461538461538462 0.5625
470000 12.442307692307692 0.546875
472000 12.5 0.515625
474000 12.48076923076923 0.390625
476000 12.48076923076923 0.359375
478000 12.442307692307692 0.375
480000 12.403846153846153 0.515625
482000 12.403846153846153 0.421875
484000 12.403846153846153 0.40625
486000 12.403846153846153 0.28125
488000 12.403846153846153 0.3125
490000 12.423076923076923 0.5
492000 12.403846153846153 0.359375
494000 12.423076923076923 0.25
496000 12.423076923076923 0.265625
498000 12.423076923076923 0.4375
500000 12.403846153846153 0.4375
