2000 0.6153846153846154 0.90625
4000 2.3846153846153846 0.921875
6000 3.4038461538461537 0.828125
8000 7.519230769230769 0.828125
10000 9.75 1.046875
12000 9.615384615384615 1.15625
14000 9.634615384615385 0.859375
16000 9.634615384615385 0.8125
18000 9.26923076923077 1.015625
20000 9.26923076923077 0.9375
22000 9.134615384615385 0.8125
24000 11.365384615384615 0.84375
26000 11.538461538461538 1.1875
28000 11.326923076923077 0.859375
30000 11.903846153846153 0.859375
32000 11.903846153846153 1.09375
34000 11.903846153846153 0.796875
36000 11.865384615384615 0.875
38000 11.788461538461538 0.84375
40000 11.903846153846153 0.8125
42000 11.807692307692308 0.984375
44000 11.942307692307692 0.9375
46000 11.903846153846153 1.09375
48000 11.903846153846153 0.828125
50000 11.711538461538462 1.125
52000 11.865384615384615 1.140625
54000 11.903846153846153 0.828125
56000 11.865384615384615 0.859375
58000 11.903846153846153 1.125
60000 11.903846153846153 0.859375
62000 11.846153846153847 0.8125
64000 11.5 0.84375
66000 11.846153846153847 0.859375
68000 11.903846153846153 0.84375
70000 11.25 0.859375
72000 11.557692307692308 0.84375
74000 11.903846153846153 1.015625
76000 11.576923076923077 0.859375
78000 11.846153846153847 1.15625
80000 11.884615384615385 0.796875
82000 11.346153846153847 0.84375
84000 11.634615384615385 0.9375
86000 11.76923076923077 0.921875
88000 11.942307692307692 0.796875
90000 11.942307692307692 0.875
92000 11.884615384615385 1.09375
94000 11.711538461538462 1.0625
96000 11.788461538461538 0.828125
98000 11.73076923076923 1.140625
100000 11.73076923076923 1.09375
102000 11.903846153846153 0.828125
104000 11.865384615384615 1.046875
106000 11.5 1.21875
108000 11.98076923076923 1.15625
110000 11.538461538461538 0.875
112000 11.884615384615385 1.046875
114000 11.903846153846153 0.84375
116000 11.846153846153847 0.96875
118000 11.73076923076923 1.078125
120000 11.692307692307692 0.828125
122000 11.903846153846153 0.875
124000 11.942307692307692 0.984375
126000 11.942307692307692 0.90625
128000 12.038461538461538 0.859375
130000 11.903846153846153 0.90625
132000 11.865384615384615 1.0625
134000 11.865384615384615 0.875
136000 11.942307692307692 0.953125
138000 11.98076923076923 1.203125
140000 12.0 0.84375
142000 12.057692307692308 0.9375
144000 12.038461538461538 0.875
146000 12.134615384615385 1.125
148000 12.038461538461538 0.859375
150000 12.096153846153847 0.875
152000 12.076923076923077 0.90625
154000 12.153846153846153 0.890625
156000 12.0 0.90625
158000 12.01923076923077 1.125
160000 12.115384615384615 0.890625
162000 12.211538461538462 0.875
164000 12.173076923076923 1.125
166000 12.26923076923077 0.9375
168000 12.192307692307692 0.890625
170000 12.307692307692308 1.3125
172000 12.0 0.859375
174000 11.884615384615385 0.953125
176000 12.057692307692308 0.90625
178000 11.923076923076923 1.03125
180000 11.673076923076923 1.21875
182000 11.865384615384615 0.859375
184000 11.961538461538462 1.1875
186000 12.057692307692308 0.890625
188000 11.846153846153847 0.921875
190000 12.057692307692308 0.921875
192000 11.826923076923077 0.875
194000 12.076923076923077 0.90625
196000 11.807692307692308 0.890625
198000 11.865384615384615 1.125
200000 11.846153846153847 0.828125
202000 12.038461538461538 0.984375
204000 11.846153846153847 1.203125
206000 11.884615384615385 0.921875
208000 11.865384615384615 0.9375
210000 12.038461538461538 1.640625
212000 11.807692307692308 1.046875
214000 11.98076923076923 0.9375
216000 12.01923076923077 1.109375
218000 11.98076923076923 1.03125
220000 12.038461538461538 1.1875
222000 12.153846153846153 1.15625
224000 12.096153846153847 0.875
226000 12.076923076923077 0.921875
228000 12.096153846153847 1.0
230000 12.01923076923077 1.1875
232000 12.096153846153847 1.015625
234000 12.057692307692308 1.015625
236000 12.173076923076923 1.296875
238000 12.211538461538462 1.125
240000 12.173076923076923 1.078125
242000 12.25 0.953125
244000 11.98076923076923 0.96875
246000 12.384615384615385 0.90625
248000 12.115384615384615 0.9375
250000 11.961538461538462 1.0
252000 11.923076923076923 1.140625
254000 12.25 1.25
256000 12.173076923076923 0.8125
258000 12.153846153846153 0.828125
260000 12.096153846153847 0.890625
262000 12.23076923076923 1.3125
264000 12.365384615384615 1.15625
266000 12.173076923076923 1.34375
268000 12.134615384615385 1.015625
270000 12.173076923076923 0.984375
272000 12.115384615384615 1.25
274000 11.961538461538462 1.015625
276000 12.211538461538462 0.921875
278000 12.25 1.078125
280000 12.01923076923077 0.921875
282000 12.076923076923077 0.921875
284000 11.98076923076923 1.0625
286000 12.23076923076923 1.109375
288000 12.173076923076923 0.859375
290000 12.134615384615385 1.109375
292000 12.288461538461538 1.25
294000 12.25 1.171875
296000 12.23076923076923 0.84375
298000 12.307692307692308 1.203125
300000 12.307692307692308 0.859375
302000 12.365384615384615 0.828125
304000 12.25 1.046875
306000 12.038461538461538 1.015625
308000 11.961538461538462 0.953125
310000 12.25 1.15625
312000 12.211538461538462 0.984375
314000 12.192307692307692 0.8125
316000 12.288461538461538 0.84375
318000 12.403846153846153 0.8125
320000 12.115384615384615 0.890625
322000 12.326923076923077 1.0625
324000 12.134615384615385 0.84375
326000 12.173076923076923 1.0
328000 12.25 0.84375
330000 12.326923076923077 1.265625
332000 12.25 0.78125
334000 12.288461538461538 0.796875
336000 12.096153846153847 0.8125
338000 12.211538461538462 0.84375
340000 12.23076923076923 1.03125
342000 12.365384615384615 0.953125
344000 12.01923076923077 0.984375
346000 12.442307692307692 0.828125
348000 12.173076923076923 0.96875
350000 12.23076923076923 1.046875
352000 12.153846153846153 1.15625
354000 12.211538461538462 0.875
356000 12.038461538461538 1.046875
358000 12.134615384615385 1.34375
360000 12.211538461538462 1.1875
362000 12.346153846153847 1.109375
364000 12.288461538461538 0.890625
366000 12.288461538461538 1.40625
368000 12.307692307692308 1.078125
370000 12.346153846153847 1.359375
372000 12.326923076923077 0.90625
374000 12.365384615384615 0.859375
376000 12.288461538461538 1.015625
378000 12.423076923076923 1.171875
380000 12.403846153846153 0.921875
382000 12.26923076923077 0.875
384000 12.288461538461538 1.25
386000 12.423076923076923 1.078125
388000 12.23076923076923 0.921875
390000 12.326923076923077 1.5
392000 12.23076923076923 1.15625
394000 12.057692307692308 1.234375
396000 12.423076923076923 0.984375
398000 12.26923076923077 1.3125
400000 12.307692307692308 1.125
402000 12.326923076923077 1.03125
404000 12.096153846153847 1.09375
406000 12.134615384615385 0.859375
408000 12.173076923076923 0.890625
410000 12.26923076923077 1.171875
412000 12.384615384615385 1.09375
414000 12.307692307692308 1.21875
416000 12.038461538461538 0.84375
418000 12.173076923076923 1.09375
420000 12.26923076923077 1.15625
422000 12.307692307692308 0.90625
424000 12.403846153846153 0.875
426000 12.384615384615385 1.125
428000 12.403846153846153 0.84375
430000 12.423076923076923 0.90625
432000 12.423076923076923 1.34375
434000 12.346153846153847 1.0
436000 12.365384615384615 0.859375
438000 12.423076923076923 0.84375
440000 12.365384615384615 0.890625
442000 12.346153846153847 0.875
444000 12.403846153846153 1.015625
446000 12.442307692307692 1.015625
448000 12.365384615384615 1.140625
450000 12.096153846153847 1.0
452000 12.384615384615385 1.171875
454000 12.423076923076923 0.875
456000 12.461538461538462 0.890625
458000 12.423076923076923 1.46875
460000 12.423076923076923 0.953125
462000 12.576923076923077 1.15625
464000 12.365384615384615 0.9375
466000 12.403846153846153 0.984375
468000 12.48076923076923 1.15625
470000 12.384615384615385 0.984375
472000 12.461538461538462 0.921875
474000 12.48076923076923 1.078125
476000 12.461538461538462 1.09375
478000 12.365384615384615 0.9375
480000 12.365384615384615 1.078125
482000 12.326923076923077 1.09375
484000 12.365384615384615 1.0
486000 12.326923076923077 1.15625
488000 12.403846153846153 1.078125
490000 12.423076923076923 0.953125
492000 12.538461538461538 0.78125
494000 12.538461538461538 0.890625
496000 12.538461538461538 0.90625
498000 12.403846153846153 0.859375
500000 12.5 0.703125
