2000 0.5 0.265625
4000 2.480769230769231 0.453125
6000 1.4615384615384615 0.40625
8000 1.0192307692307692 0.390625
10000 1.2307692307692308 0.546875
12000 2.25 0.546875
14000 3.5576923076923075 0.515625
16000 6.346153846153846 0.53125
18000 9.826923076923077 0.578125
20000 10.865384615384615 0.5625
22000 11.596153846153847 0.546875
24000 11.75 0.53125
26000 11.76923076923077 0.625
28000 11.865384615384615 0.609375
30000 11.903846153846153 0.578125
32000 11.788461538461538 0.546875
34000 11.576923076923077 0.625
36000 11.576923076923077 0.625
38000 11.615384615384615 0.640625
40000 11.653846153846153 0.578125
42000 11.923076923076923 0.65625
44000 11.903846153846153 0.671875
46000 11.903846153846153 0.65625
48000 11.903846153846153 0.703125
50000 11.634615384615385 0.671875
52000 11.903846153846153 0.640625
54000 11.673076923076923 0.609375
56000 11.942307692307692 0.734375
58000 11.942307692307692 0.671875
60000 11.903846153846153 0.765625
62000 11.942307692307692 0.75
64000 11.865384615384615 0.71875
66000 11.826923076923077 0.703125
68000 11.884615384615385 0.71875
70000 11.692307692307692 0.703125
72000 11.846153846153847 0.71875
74000 11.923076923076923 0.6875
76000 11.923076923076923 0.703125
78000 11.846153846153847 0.75
80000 11.596153846153847 0.6875
82000 11.846153846153847 0.734375
84000 11.807692307692308 0.734375
86000 11.76923076923077 0.734375
88000 11.903846153846153 0.703125
90000 11.692307692307692 0.734375
92000 11.884615384615385 0.71875
94000 11.884615384615385 0.734375
96000 11.884615384615385 0.6875
98000 11.903846153846153 0.6875
100000 11.903846153846153 0.75
102000 11.903846153846153 0.71875
104000 11.788461538461538 0.75
106000 11.51923076923077 0.75
108000 11.923076923076923 0.734375
110000 11.923076923076923 0.671875
112000 11.846153846153847 0.71875
114000 11.923076923076923 0.71875
116000 11.788461538461538 0.75
118000 11.826923076923077 0.75
120000 11.903846153846153 0.734375
122000 11.48076923076923 0.734375
124000 11.884615384615385 0.71875
126000 11.865384615384615 0.71875
128000 11.98076923076923 0.703125
130000 11.673076923076923 0.765625
132000 11.807692307692308 0.75
134000 11.711538461538462 0.734375
136000 11.75 0.71875
138000 11.48076923076923 0.6875
140000 11.923076923076923 0.71875
142000 11.98076923076923 0.8125
144000 12.01923076923077 0.71875
146000 11.942307692307692 0.6875
148000 12.0 0.703125
150000 12.23076923076923 0.6875
152000 12.307692307692308 0.734375
154000 12.557692307692308 0.734375
156000 12.557692307692308 0.703125
158000 12.615384615384615 0.71875
160000 12.576923076923077 0.765625
162000 12.73076923076923 0.71875
164000 12.461538461538462 0.703125
166000 12.711538461538462 0.78125
168000 12.634615384615385 0.75
170000 12.538461538461538 0.75
172000 12.634615384615385 0.71875
174000 12.576923076923077 0.734375
176000 12.442307692307692 0.65625
178000 12.48076923076923 0.703125
180000 12.423076923076923 0.75
182000 12.461538461538462 0.6875
184000 12.51923076923077 0.703125
186000 12.73076923076923 0.640625
188000 12.73076923076923 0.71875
190000 12.615384615384615 0.6875
192000 12.26923076923077 0.703125
194000 12.51923076923077 0.65625
196000 12.442307692307692 0.625
198000 12.461538461538462 0.671875
200000 12.288461538461538 0.65625
202000 12.384615384615385 0.6875
204000 12.442307692307692 0.640625
206000 12.442307692307692 0.703125
208000 12.365384615384615 0.671875
210000 12.673076923076923 0.640625
212000 12.653846153846153 0.65625
214000 12.403846153846153 0.609375
216000 12.5 0.640625
218000 12.538461538461538 0.71875
220000 12.538461538461538 0.65625
222000 12.538461538461538 0.703125
224000 12.365384615384615 0.71875
226000 12.51923076923077 0.671875
228000 12.365384615384615 0.71875
230000 12.461538461538462 0.671875
232000 12.5 0.65625
234000 12.576923076923077 0.703125
236000 12.634615384615385 0.734375
238000 12.403846153846153 0.6875
240000 12.48076923076923 0.6875
242000 12.596153846153847 0.734375
244000 12.346153846153847 0.65625
246000 11.903846153846153 0.671875
248000 12.096153846153847 0.59375
250000 12.442307692307692 0.71875
252000 12.403846153846153 0.65625
254000 12.5 0.703125
256000 12.423076923076923 0.65625
258000 12.557692307692308 0.640625
260000 12.48076923076923 0.71875
262000 12.461538461538462 0.75
264000 12.653846153846153 0.71875
266000 12.51923076923077 0.65625
268000 12.596153846153847 0.625
270000 12.596153846153847 0.671875
272000 12.48076923076923 0.65625
274000 12.634615384615385 0.640625
276000 12.596153846153847 0.703125
278000 12.557692307692308 0.671875
280000 12.51923076923077 0.703125
282000 12.557692307692308 0.6875
284000 12.653846153846153 0.625
286000 12.5 0.6875
288000 12.788461538461538 0.6875
290000 12.846153846153847 0.65625
292000 12.807692307692308 0.71875
294000 12.711538461538462 0.703125
296000 12.807692307692308 0.6875
298000 12.826923076923077 0.6875
300000 12.538461538461538 0.734375
302000 12.442307692307692 0.640625
304000 12.75 0.703125
306000 12.807692307692308 0.65625
308000 12.01923076923077 0.71875
310000 12.442307692307692 0.71875
312000 12.288461538461538 0.6875
314000 12.673076923076923 0.703125
316000 12.423076923076923 0.6875
318000 12.673076923076923 0.65625
320000 12.423076923076923 0.703125
322000 12.423076923076923 0.671875
324000 12.5 0.6875
326000 12.692307692307692 0.640625
328000 12.346153846153847 0.6875
330000 12.615384615384615 0.71875
332000 12.807692307692308 0.671875
334000 12.461538461538462 0.734375
336000 12.673076923076923 0.671875
338000 12.711538461538462 0.734375
340000 12.826923076923077 0.59375
342000 12.807692307692308 0.71875
344000 12.865384615384615 0.703125
346000 12.923076923076923 0.71875
348000 12.903846153846153 0.640625
350000 12.807692307692308 0.6875
352000 12.826923076923077 0.640625
354000 12.942307692307692 0.671875
356000 12.846153846153847 0.671875
358000 12.923076923076923 0.671875
360000 13.057692307692308 0.71875
362000 12.884615384615385 0.609375
364000 12.615384615384615 0.671875
366000 12.673076923076923 0.6875
368000 12.903846153846153 0.640625
370000 12.826923076923077 0.6875
372000 12.923076923076923 0.734375
374000 12.826923076923077 0.640625
376000 12.673076923076923 0.734375
378000 12.884615384615385 0.671875
380000 12.76923076923077 0.734375
382000 12.942307692307692 0.6875
384000 12.826923076923077 0.640625
386000 12.884615384615385 0.71875
388000 12.903846153846153 0.65625
390000 12.903846153846153 0.640625
392000 12.884615384615385 0.703125
394000 12.73076923076923 0.625
396000 12.903846153846153 0.71875
398000 12.98076923076923 0.671875
400000 12.788461538461538 0.671875
402000 12.884615384615385 0.671875
404000 12.846153846153847 0.71875
406000 12.73076923076923 0.703125
408000 12.903846153846153 0.703125
410000 12.942307692307692 0.625
412000 12.961538461538462 0.703125
414000 12.961538461538462 0.65625
416000 12.961538461538462 0.703125
418000 12.923076923076923 0.71875
420000 12.884615384615385 0.671875
422000 12.788461538461538 0.703125
424000 12.884615384615385 0.703125
426000 12.846153846153847 0.6875
428000 13.038461538461538 0.640625
430000 13.057692307692308 0.671875
432000 12.98076923076923 0.75
434000 12.942307692307692 0.6875
436000 12.865384615384615 0.640625
438000 12.846153846153847 0.703125
440000 12.807692307692308 0.671875
442000 12.826923076923077 0.71875
444000 13.01923076923077 0.75
446000 13.0 0.671875
448000 13.038461538461538 0.65625
450000 12.942307692307692 0.734375
452000 12.903846153846153 0.71875
454000 13.0 0.625
456000 13.01923076923077 0.640625
458000 13.0 0.703125
460000 12.942307692307692 0.71875
462000 12.942307692307692 0.671875
464000 13.115384615384615 0.671875
466000 13.057692307692308 0.6875
468000 13.096153846153847 0.65625
470000 13.134615384615385 0.6875
472000 13.115384615384615 0.75
474000 13.173076923076923 0.65625
476000 13.0 0.671875
478000 13.096153846153847 0.71875
480000 13.057692307692308 0.65625
482000 13.173076923076923 0.734375
484000 13.134615384615385 0.703125
486000 13.076923076923077 0.703125
488000 13.057692307692308 0.625
490000 13.076923076923077 0.671875
492000 13.038461538461538 0.671875
494000 13.038461538461538 0.65625
496000 13.096153846153847 0.6875
498000 13.115384615384615 0.71875
500000 13.115384615384615 0.390625
