2000 0.5 0.421875
4000 2.480769230769231 0.453125
6000 1.4615384615384615 0.40625
8000 1.0192307692307692 0.59375
10000 1.2307692307692308 0.5625
12000 2.25 0.578125
14000 3.5576923076923075 0.546875
16000 6.346153846153846 0.59375
18000 9.826923076923077 0.5625
20000 10.865384615384615 0.5625
22000 11.596153846153847 0.5625
24000 11.75 0.625
26000 11.76923076923077 0.59375
28000 11.865384615384615 0.578125
30000 11.903846153846153 0.65625
32000 11.788461538461538 0.625
34000 11.576923076923077 0.625
36000 11.576923076923077 0.578125
38000 11.615384615384615 0.5625
40000 11.653846153846153 0.609375
42000 11.923076923076923 0.59375
44000 11.903846153846153 0.6875
46000 11.903846153846153 0.671875
48000 11.903846153846153 0.6875
50000 11.634615384615385 0.65625
52000 11.903846153846153 0.6875
54000 11.673076923076923 0.671875
56000 11.942307692307692 0.703125
58000 11.942307692307692 0.703125
60000 11.903846153846153 0.734375
62000 11.942307692307692 0.78125
64000 11.865384615384615 0.6875
66000 11.826923076923077 0.65625
68000 11.884615384615385 0.6875
70000 11.692307692307692 0.65625
72000 11.846153846153847 0.640625
74000 11.923076923076923 0.65625
76000 11.923076923076923 0.6875
78000 11.846153846153847 0.71875
80000 11.596153846153847 0.640625
82000 11.846153846153847 0.71875
84000 11.807692307692308 0.703125
86000 11.76923076923077 0.65625
88000 11.903846153846153 0.703125
90000 11.692307692307692 0.640625
92000 11.884615384615385 0.65625
94000 11.884615384615385 0.765625
96000 11.884615384615385 0.671875
98000 11.903846153846153 0.65625
100000 11.903846153846153 0.734375
102000 11.903846153846153 0.671875
104000 11.788461538461538 0.6875
106000 11.51923076923077 0.59375
108000 11.923076923076923 0.796875
110000 11.923076923076923 0.671875
112000 11.846153846153847 0.6875
114000 11.923076923076923 0.6875
116000 11.788461538461538 0.734375
118000 11.826923076923077 0.6875
120000 11.903846153846153 0.71875
122000 11.48076923076923 0.71875
124000 11.884615384615385 0.734375
126000 11.865384615384615 0.765625
128000 11.98076923076923 0.71875
130000 11.673076923076923 0.734375
132000 11.807692307692308 0.671875
134000 11.711538461538462 0.71875
136000 11.75 0.71875
138000 11.48076923076923 0.625
140000 11.923076923076923 0.78125
142000 11.98076923076923 0.71875
144000 12.01923076923077 0.734375
146000 11.942307692307692 0.671875
148000 12.0 0.703125
150000 12.23076923076923 0.6875
152000 12.307692307692308 0.75
154000 12.557692307692308 0.671875
156000 12.557692307692308 0.640625
158000 12.615384615384615 0.65625
160000 12.576923076923077 0.6875
162000 12.73076923076923 0.671875
164000 12.461538461538462 0.703125
166000 12.711538461538462 0.703125
168000 12.634615384615385 0.671875
170000 12.538461538461538 0.703125
172000 12.634615384615385 0.71875
174000 12.576923076923077 0.734375
176000 12.442307692307692 0.703125
178000 12.48076923076923 0.734375
180000 12.423076923076923 0.734375
182000 12.461538461538462 0.6875
184000 12.51923076923077 0.6875
186000 12.73076923076923 0.703125
188000 12.73076923076923 0.765625
190000 12.615384615384615 0.671875
192000 12.26923076923077 0.703125
194000 12.51923076923077 0.6875
196000 12.442307692307692 0.671875
198000 12.461538461538462 0.671875
200000 12.288461538461538 0.65625
202000 12.384615384615385 0.703125
204000 12.442307692307692 0.671875
206000 12.442307692307692 0.671875
208000 12.365384615384615 0.59375
210000 12.673076923076923 0.625
212000 12.653846153846153 0.640625
214000 12.403846153846153 0.6875
216000 12.5 0.65625
218000 12.538461538461538 0.671875
220000 12.538461538461538 0.625
222000 12.538461538461538 0.671875
224000 12.365384615384615 0.671875
226000 12.51923076923077 0.65625
228000 12.365384615384615 0.6875
230000 12.461538461538462 0.625
232000 12.5 0.671875
234000 12.576923076923077 0.71875
236000 12.634615384615385 0.65625
238000 12.403846153846153 0.6875
240000 12.48076923076923 0.625
242000 12.596153846153847 0.734375
244000 12.346153846153847 0.703125
246000 11.903846153846153 0.671875
248000 12.096153846153847 0.65625
250000 12.442307692307692 0.796875
252000 12.403846153846153 0.71875
254000 12.5 0.796875
256000 12.423076923076923 0.671875
258000 12.557692307692308 0.6875
260000 12.48076923076923 0.6875
262000 12.461538461538462 0.75
264000 12.653846153846153 0.78125
266000 12.51923076923077 0.71875
268000 12.596153846153847 0.65625
270000 12.596153846153847 0.65625
272000 12.48076923076923 0.703125
274000 12.634615384615385 0.75
276000 12.596153846153847 0.671875
278000 12.557692307692308 0.765625
280000 12.51923076923077 0.71875
282000 12.557692307692308 0.65625
284000 12.653846153846153 0.71875
286000 12.5 0.703125
288000 12.788461538461538 0.71875
290000 12.846153846153847 0.6875
292000 12.807692307692308 0.6875
294000 12.711538461538462 0.6875
296000 12.807692307692308 0.71875
298000 12.826923076923077 0.65625
300000 12.538461538461538 0.765625
302000 12.442307692307692 0.671875
304000 12.75 0.734375
306000 12.807692307692308 0.71875
308000 12.01923076923077 0.71875
310000 12.442307692307692 0.75
312000 12.288461538461538 0.734375
314000 12.673076923076923 0.71875
316000 12.423076923076923 0.78125
318000 12.673076923076923 0.734375
320000 12.423076923076923 0.65625
322000 12.423076923076923 0.6875
324000 12.5 0.6875
326000 12.692307692307692 0.703125
328000 12.346153846153847 0.78125
330000 12.615384615384615 0.71875
332000 12.807692307692308 0.65625
334000 12.461538461538462 0.703125
336000 12.673076923076923 0.65625
338000 12.711538461538462 0.75
340000 12.826923076923077 0.734375
342000 12.807692307692308 0.65625
344000 12.865384615384615 0.703125
346000 12.923076923076923 0.703125
348000 12.903846153846153 0.71875
350000 12.807692307692308 0.703125
352000 12.826923076923077 0.75
354000 12.942307692307692 0.6875
356000 12.846153846153847 0.671875
358000 12.923076923076923 0.703125
360000 13.057692307692308 0.71875
362000 12.884615384615385 0.703125
364000 12.615384615384615 0.71875
366000 12.673076923076923 0.71875
368000 12.903846153846153 0.734375
370000 12.826923076923077 0.6875
372000 12.923076923076923 0.71875
374000 12.826923076923077 0.71875
376000 12.673076923076923 0.75
378000 12.884615384615385 0.6875
380000 12.76923076923077 0.71875
382000 12.942307692307692 0.71875
384000 12.826923076923077 0.703125
386000 12.884615384615385 0.734375
388000 12.903846153846153 0.734375
390000 12.903846153846153 0.671875
392000 12.884615384615385 0.75
394000 12.73076923076923 0.734375
396000 12.903846153846153 0.71875
398000 12.98076923076923 0.671875
400000 12.788461538461538 0.75
402000 12.884615384615385 0.703125
404000 12.846153846153847 0.671875
406000 12.73076923076923 0.75
408000 12.903846153846153 0.75
410000 12.942307692307692 0.703125
412000 12.961538461538462 0.734375
414000 12.961538461538462 0.71875
416000 12.961538461538462 0.6875
418000 12.923076923076923 0.71875
420000 12.884615384615385 0.734375
422000 12.788461538461538 0.640625
424000 12.884615384615385 0.765625
426000 12.846153846153847 0.71875
428000 13.038461538461538 0.65625
430000 13.057692307692308 0.71875
432000 12.98076923076923 0.71875
434000 12.942307692307692 0.75
436000 12.865384615384615 0.734375
438000 12.846153846153847 0.6875
440000 12.807692307692308 0.71875
442000 12.826923076923077 0.703125
444000 13.01923076923077 0.71875
446000 13.0 0.734375
448000 13.038461538461538 0.703125
450000 12.942307692307692 0.734375
452000 12.903846153846153 0.671875
454000 13.0 0.703125
456000 13.01923076923077 0.75
458000 13.0 0.734375
460000 12.942307692307692 0.71875
462000 12.942307692307692 0.734375
464000 13.115384615384615 0.65625
466000 13.057692307692308 0.703125
468000 13.096153846153847 0.75
470000 13.134615384615385 0.734375
472000 13.115384615384615 0.734375
474000 13.173076923076923 0.75
476000 13.0 0.734375
478000 13.096153846153847 0.78125
480000 13.057692307692308 0.703125
482000 13.173076923076923 0.734375
484000 13.134615384615385 0.75
486000 13.076923076923077 0.671875
488000 13.057692307692308 0.71875
490000 13.076923076923077 0.640625
492000 13.038461538461538 0.71875
494000 13.038461538461538 0.65625
496000 13.096153846153847 0.6875
498000 13.115384615384615 0.6875
500000 13.115384615384615 0.671875
