2000 3.519230769230769 0.578125
4000 8.173076923076923 0.53125
6000 9.98076923076923 0.578125
8000 9.538461538461538 0.5
10000 10.865384615384615 0.625
12000 10.865384615384615 0.578125
14000 11.596153846153847 0.59375
16000 11.596153846153847 0.578125
18000 11.596153846153847 0.609375
20000 11.692307692307692 0.609375
22000 11.596153846153847 0.625
24000 11.576923076923077 0.625
26000 11.692307692307692 0.5625
28000 11.653846153846153 0.53125
30000 11.692307692307692 0.578125
32000 11.692307692307692 0.609375
34000 11.692307692307692 0.59375
36000 11.692307692307692 0.625
38000 11.403846153846153 0.671875
40000 11.692307692307692 0.671875
42000 11.692307692307692 0.6875
44000 11.692307692307692 0.65625
46000 11.692307692307692 0.640625
48000 11.884615384615385 0.703125
50000 11.692307692307692 0.703125
52000 11.692307692307692 0.734375
54000 11.865384615384615 0.640625
56000 12.115384615384615 0.734375
58000 11.692307692307692 0.734375
60000 12.115384615384615 0.65625
62000 11.942307692307692 0.671875
64000 11.942307692307692 0.71875
66000 12.115384615384615 0.78125
68000 11.942307692307692 0.734375
70000 11.98076923076923 0.671875
72000 12.096153846153847 0.6875
74000 12.115384615384615 0.671875
76000 12.115384615384615 0.65625
78000 12.115384615384615 0.640625
80000 12.115384615384615 0.625
82000 12.076923076923077 0.640625
84000 12.096153846153847 0.71875
86000 12.115384615384615 0.703125
88000 12.115384615384615 0.609375
90000 12.115384615384615 0.71875
92000 12.057692307692308 0.6875
94000 12.076923076923077 0.65625
96000 12.115384615384615 0.671875
98000 12.038461538461538 0.609375
100000 12.134615384615385 0.765625
102000 12.115384615384615 0.703125
104000 12.115384615384615 0.734375
106000 12.115384615384615 0.734375
108000 12.134615384615385 0.671875
110000 12.057692307692308 0.703125
112000 11.961538461538462 0.75
114000 11.961538461538462 0.65625
116000 11.942307692307692 0.703125
118000 11.942307692307692 0.65625
120000 11.942307692307692 0.6875
122000 11.903846153846153 0.703125
124000 12.038461538461538 0.734375
126000 12.096153846153847 0.703125
128000 12.038461538461538 0.71875
130000 12.192307692307692 0.6875
132000 12.192307692307692 0.6875
134000 12.173076923076923 0.703125
136000 11.826923076923077 0.671875
138000 12.057692307692308 0.71875
140000 11.942307692307692 0.703125
142000 12.0 0.734375
144000 12.288461538461538 0.734375
146000 12.096153846153847 0.734375
148000 12.096153846153847 0.6875
150000 12.173076923076923 0.703125
152000 12.096153846153847 0.765625
154000 12.288461538461538 0.734375
156000 12.211538461538462 0.75
158000 11.884615384615385 0.734375
160000 12.115384615384615 0.65625
162000 12.038461538461538 0.75
164000 11.75 0.6875
166000 11.788461538461538 0.71875
168000 12.134615384615385 0.75
170000 12.038461538461538 0.703125
172000 12.115384615384615 0.671875
174000 12.173076923076923 0.734375
176000 12.26923076923077 0.6875
178000 12.096153846153847 0.71875
180000 11.75 0.71875
182000 12.0 0.640625
184000 12.038461538461538 0.703125
186000 11.942307692307692 0.703125
188000 11.923076923076923 0.671875
190000 12.0 0.734375
192000 12.153846153846153 0.640625
194000 12.211538461538462 0.59375
196000 12.153846153846153 0.65625
198000 12.153846153846153 0.6875
200000 12.134615384615385 0.640625
202000 12.076923076923077 0.609375
204000 12.26923076923077 0.71875
206000 12.01923076923077 0.6875
208000 12.076923076923077 0.640625
210000 11.98076923076923 0.671875
212000 11.923076923076923 0.640625
214000 11.923076923076923 0.6875
216000 11.923076923076923 0.65625
218000 11.846153846153847 0.6875
220000 12.096153846153847 0.71875
222000 12.288461538461538 0.59375
224000 12.26923076923077 0.703125
226000 12.096153846153847 0.6875
228000 12.192307692307692 0.703125
230000 12.23076923076923 0.65625
232000 12.134615384615385 0.65625
234000 12.038461538461538 0.78125
236000 12.307692307692308 0.6875
238000 12.192307692307692 0.71875
240000 12.192307692307692 0.6875
242000 12.423076923076923 0.671875
244000 12.288461538461538 0.703125
246000 12.326923076923077 0.6875
248000 12.23076923076923 0.71875
250000 12.192307692307692 0.6875
252000 12.173076923076923 0.71875
254000 12.211538461538462 0.703125
256000 12.23076923076923 0.734375
258000 12.038461538461538 0.65625
260000 11.942307692307692 0.671875
262000 12.192307692307692 0.671875
264000 12.365384615384615 0.75
266000 12.461538461538462 0.734375
268000 12.23076923076923 0.75
270000 11.865384615384615 0.671875
272000 12.288461538461538 0.671875
274000 12.192307692307692 0.71875
276000 12.115384615384615 0.765625
278000 11.865384615384615 0.65625
280000 12.134615384615385 0.6875
282000 12.326923076923077 0.71875
284000 12.192307692307692 0.71875
286000 11.5 0.75
288000 12.0 0.71875
290000 12.365384615384615 0.6875
292000 12.153846153846153 0.703125
294000 12.288461538461538 0.703125
296000 12.153846153846153 0.734375
298000 12.288461538461538 0.6875
300000 12.576923076923077 0.703125
302000 12.115384615384615 0.703125
304000 12.038461538461538 0.734375
306000 12.173076923076923 0.734375
308000 11.961538461538462 0.75
310000 12.365384615384615 0.6875
312000 11.634615384615385 0.703125
314000 12.192307692307692 0.703125
316000 12.403846153846153 0.671875
318000 12.211538461538462 0.65625
320000 12.288461538461538 0.75
322000 12.211538461538462 0.671875
324000 12.307692307692308 0.734375
326000 12.326923076923077 0.671875
328000 11.903846153846153 0.6875
330000 12.307692307692308 0.6875
332000 12.057692307692308 0.765625
334000 11.942307692307692 0.703125
336000 12.288461538461538 0.734375
338000 12.076923076923077 0.71875
340000 11.98076923076923 0.703125
342000 12.26923076923077 0.71875
344000 12.326923076923077 0.671875
346000 12.26923076923077 0.703125
348000 12.115384615384615 0.65625
350000 12.307692307692308 0.6875
352000 12.403846153846153 0.671875
354000 12.173076923076923 0.6875
356000 12.384615384615385 0.6875
358000 12.346153846153847 0.75
360000 12.442307692307692 0.71875
362000 12.403846153846153 0.71875
364000 12.307692307692308 0.640625
366000 12.25 0.671875
368000 12.288461538461538 0.71875
370000 12.423076923076923 0.734375
372000 12.211538461538462 0.671875
374000 12.115384615384615 0.734375
376000 12.403846153846153 0.75
378000 12.48076923076923 0.75
380000 12.134615384615385 0.65625
382000 12.442307692307692 0.703125
384000 12.26923076923077 0.703125
386000 12.461538461538462 0.703125
388000 12.307692307692308 0.703125
390000 12.365384615384615 0.703125
392000 12.461538461538462 0.75
394000 12.538461538461538 0.703125
396000 12.442307692307692 0.703125
398000 12.5 0.703125
400000 12.423076923076923 0.6875
402000 12.403846153846153 0.71875
404000 12.384615384615385 0.71875
406000 12.51923076923077 0.6875
408000 12.365384615384615 0.765625
410000 12.538461538461538 0.65625
412000 12.307692307692308 0.6875
414000 12.538461538461538 0.71875
416000 12.538461538461538 0.71875
418000 12.5 0.6875
420000 12.365384615384615 0.6875
422000 12.076923076923077 0.71875
424000 12.461538461538462 0.703125
426000 12.115384615384615 0.703125
428000 12.307692307692308 0.703125
430000 12.538461538461538 0.6875
432000 12.153846153846153 0.703125
434000 12.173076923076923 0.65625
436000 12.346153846153847 0.671875
438000 12.26923076923077 0.734375
440000 12.346153846153847 0.6875
442000 12.211538461538462 0.703125
444000 12.461538461538462 0.671875
446000 12.25 0.703125
448000 12.384615384615385 0.71875
450000 12.403846153846153 0.6875
452000 12.51923076923077 0.75
454000 12.5 0.71875
456000 12.442307692307692 0.65625
458000 12.211538461538462 0.71875
460000 12.5 0.703125
462000 12.5 0.671875
464000 12.538461538461538 0.703125
466000 12.442307692307692 0.671875
468000 12.51923076923077 0.65625
470000 12.538461538461538 0.71875
472000 12.51923076923077 0.734375
474000 12.442307692307692 0.6875
476000 12.51923076923077 0.671875
478000 12.51923076923077 0.609375
480000 12.51923076923077 0.671875
482000 12.461538461538462 0.65625
484000 12.442307692307692 0.6875
486000 12.442307692307692 0.6875
488000 12.403846153846153 0.65625
490000 12.384615384615385 0.65625
492000 12.442307692307692 0.65625
494000 12.365384615384615 0.75
496000 12.442307692307692 0.53125
498000 12.48076923076923 0.46875
500000 12.5 0.546875
