2000 3.519230769230769 0.578125
4000 8.173076923076923 0.5625
6000 9.98076923076923 0.53125
8000 9.538461538461538 0.59375
10000 10.865384615384615 0.5625
12000 10.865384615384615 0.578125
14000 11.596153846153847 0.59375
16000 11.596153846153847 0.5625
18000 11.596153846153847 0.5625
20000 11.692307692307692 0.59375
22000 11.596153846153847 0.59375
24000 11.576923076923077 0.53125
26000 11.692307692307692 0.53125
28000 11.653846153846153 0.625
30000 11.692307692307692 0.59375
32000 11.692307692307692 0.546875
34000 11.692307692307692 0.578125
36000 11.692307692307692 0.703125
38000 11.403846153846153 0.609375
40000 11.692307692307692 0.734375
42000 11.692307692307692 0.75
44000 11.692307692307692 0.609375
46000 11.692307692307692 0.65625
48000 11.884615384615385 0.6875
50000 11.692307692307692 0.640625
52000 11.692307692307692 0.75
54000 11.865384615384615 0.640625
56000 12.115384615384615 0.703125
58000 11.692307692307692 0.703125
60000 12.115384615384615 0.734375
62000 11.942307692307692 0.71875
64000 11.942307692307692 0.703125
66000 12.115384615384615 0.78125
68000 11.942307692307692 0.703125
70000 11.98076923076923 0.65625
72000 12.096153846153847 0.734375
74000 12.115384615384615 0.734375
76000 12.115384615384615 0.625
78000 12.115384615384615 0.65625
80000 12.115384615384615 0.609375
82000 12.076923076923077 0.625
84000 12.096153846153847 0.6875
86000 12.115384615384615 0.71875
88000 12.115384615384615 0.65625
90000 12.115384615384615 0.671875
92000 12.057692307692308 0.671875
94000 12.076923076923077 0.578125
96000 12.115384615384615 0.703125
98000 12.038461538461538 0.703125
100000 12.134615384615385 0.65625
102000 12.115384615384615 0.6875
104000 12.115384615384615 0.625
106000 12.115384615384615 0.671875
108000 12.134615384615385 0.671875
110000 12.057692307692308 0.6875
112000 11.961538461538462 0.71875
114000 11.961538461538462 0.65625
116000 11.942307692307692 0.609375
118000 11.942307692307692 0.671875
120000 11.942307692307692 0.65625
122000 11.903846153846153 0.703125
124000 12.038461538461538 0.65625
126000 12.096153846153847 0.640625
128000 12.038461538461538 0.65625
130000 12.192307692307692 0.71875
132000 12.192307692307692 0.609375
134000 12.173076923076923 0.65625
136000 11.826923076923077 0.71875
138000 12.057692307692308 0.6875
140000 11.942307692307692 0.71875
142000 12.0 0.703125
144000 12.288461538461538 0.671875
146000 12.096153846153847 0.640625
148000 12.096153846153847 0.671875
150000 12.173076923076923 0.703125
152000 12.096153846153847 0.71875
154000 12.288461538461538 0.671875
156000 12.211538461538462 0.640625
158000 11.884615384615385 0.703125
160000 12.115384615384615 0.65625
162000 12.038461538461538 0.71875
164000 11.75 0.6875
166000 11.788461538461538 0.703125
168000 12.134615384615385 0.671875
170000 12.038461538461538 0.734375
172000 12.115384615384615 0.640625
174000 12.173076923076923 0.75
176000 12.26923076923077 0.703125
178000 12.096153846153847 0.6875
180000 11.75 0.65625
182000 12.0 0.75
184000 12.038461538461538 0.71875
186000 11.942307692307692 0.71875
188000 11.923076923076923 0.671875
190000 12.0 0.78125
192000 12.153846153846153 0.71875
194000 12.211538461538462 0.765625
196000 12.153846153846153 0.6875
198000 12.153846153846153 0.6875
200000 12.134615384615385 0.703125
202000 12.076923076923077 0.75
204000 12.26923076923077 0.65625
206000 12.01923076923077 0.6875
208000 12.076923076923077 0.734375
210000 11.98076923076923 0.6875
212000 11.923076923076923 0.65625
214000 11.923076923076923 0.71875
216000 11.923076923076923 0.65625
218000 11.846153846153847 0.6875
220000 12.096153846153847 0.703125
222000 12.288461538461538 0.703125
224000 12.26923076923077 0.65625
226000 12.096153846153847 0.71875
228000 12.192307692307692 0.625
230000 12.23076923076923 0.625
232000 12.134615384615385 0.71875
234000 12.038461538461538 0.6875
236000 12.307692307692308 0.703125
238000 12.192307692307692 0.625
240000 12.192307692307692 0.6875
242000 12.423076923076923 0.671875
244000 12.288461538461538 0.65625
246000 12.326923076923077 0.671875
248000 12.23076923076923 0.671875
250000 12.192307692307692 0.640625
252000 12.173076923076923 0.65625
254000 12.211538461538462 0.625
256000 12.23076923076923 0.6875
258000 12.038461538461538 0.6875
260000 11.942307692307692 0.671875
262000 12.192307692307692 0.640625
264000 12.365384615384615 0.703125
266000 12.461538461538462 0.703125
268000 12.23076923076923 0.71875
270000 11.865384615384615 0.734375
272000 12.288461538461538 0.75
274000 12.192307692307692 0.75
276000 12.115384615384615 0.703125
278000 11.865384615384615 0.75
280000 12.134615384615385 0.65625
282000 12.326923076923077 0.734375
284000 12.192307692307692 0.6875
286000 11.5 0.59375
288000 12.0 0.65625
290000 12.365384615384615 0.65625
292000 12.153846153846153 0.671875
294000 12.288461538461538 0.71875
296000 12.153846153846153 0.71875
298000 12.288461538461538 0.671875
300000 12.576923076923077 0.625
302000 12.115384615384615 0.765625
304000 12.038461538461538 0.6875
306000 12.173076923076923 0.6875
308000 11.961538461538462 0.671875
310000 12.365384615384615 0.640625
312000 11.634615384615385 0.640625
314000 12.192307692307692 0.640625
316000 12.403846153846153 0.65625
318000 12.211538461538462 0.640625
320000 12.288461538461538 0.671875
322000 12.211538461538462 0.734375
324000 12.307692307692308 0.671875
326000 12.326923076923077 0.703125
328000 11.903846153846153 0.671875
330000 12.307692307692308 0.671875
332000 12.057692307692308 0.8125
334000 11.942307692307692 0.859375
336000 12.288461538461538 0.84375
338000 12.076923076923077 0.75
340000 11.98076923076923 0.859375
342000 12.26923076923077 0.734375
344000 12.326923076923077 0.796875
346000 12.26923076923077 0.71875
348000 12.115384615384615 0.75
350000 12.307692307692308 0.78125
352000 12.403846153846153 0.734375
354000 12.173076923076923 0.734375
356000 12.384615384615385 0.71875
358000 12.346153846153847 0.765625
360000 12.442307692307692 0.640625
362000 12.403846153846153 0.71875
364000 12.307692307692308 0.625
366000 12.25 0.625
368000 12.288461538461538 0.703125
370000 12.423076923076923 0.671875
372000 12.211538461538462 0.78125
374000 12.115384615384615 0.6875
376000 12.403846153846153 0.640625
378000 12.48076923076923 0.671875
380000 12.134615384615385 0.6875
382000 12.442307692307692 0.65625
384000 12.26923076923077 0.6875
386000 12.461538461538462 0.640625
388000 12.307692307692308 0.65625
390000 12.365384615384615 0.671875
392000 12.461538461538462 0.671875
394000 12.538461538461538 0.65625
396000 12.442307692307692 0.71875
398000 12.5 0.671875
400000 12.423076923076923 0.703125
402000 12.403846153846153 0.640625
404000 12.384615384615385 0.71875
406000 12.51923076923077 0.703125
408000 12.365384615384615 0.671875
410000 12.538461538461538 0.65625
412000 12.307692307692308 0.71875
414000 12.538461538461538 0.671875
416000 12.538461538461538 0.671875
418000 12.5 0.671875
420000 12.365384615384615 0.65625
422000 12.076923076923077 0.671875
424000 12.461538461538462 0.71875
426000 12.115384615384615 0.640625
428000 12.307692307692308 0.734375
430000 12.538461538461538 0.703125
432000 12.153846153846153 0.734375
434000 12.173076923076923 0.671875
436000 12.346153846153847 0.6875
438000 12.26923076923077 0.796875
440000 12.346153846153847 0.734375
442000 12.211538461538462 0.78125
444000 12.461538461538462 0.6875
446000 12.25 0.703125
448000 12.384615384615385 0.71875
450000 12.403846153846153 0.734375
452000 12.51923076923077 0.734375
454000 12.5 0.703125
456000 12.442307692307692 0.703125
458000 12.211538461538462 0.734375
460000 12.5 0.75
462000 12.5 0.71875
464000 12.538461538461538 0.71875
466000 12.442307692307692 0.734375
468000 12.51923076923077 0.734375
470000 12.538461538461538 0.671875
472000 12.51923076923077 0.6875
474000 12.442307692307692 0.40625
476000 12.51923076923077 0.453125
478000 12.51923076923077 0.453125
480000 12.51923076923077 0.46875
482000 12.461538461538462 0.453125
484000 12.442307692307692 0.453125
486000 12.442307692307692 0.453125
488000 12.403846153846153 0.4375
490000 12.384615384615385 0.4375
492000 12.442307692307692 0.40625
494000 12.365384615384615 0.390625
496000 12.442307692307692 0.421875
498000 12.48076923076923 0.40625
500000 12.5 0.359375
