2000 2.75 0.53125
4000 6.5 0.5
6000 6.846153846153846 0.5625
8000 6.980769230769231 0.625
10000 6.980769230769231 0.53125
12000 7.038461538461538 0.578125
14000 7.173076923076923 0.578125
16000 7.173076923076923 0.59375
18000 7.1923076923076925 0.53125
20000 7.3076923076923075 0.546875
22000 7.3076923076923075 0.546875
24000 7.1923076923076925 0.59375
26000 7.3076923076923075 0.484375
28000 7.3076923076923075 0.5625
30000 7.3076923076923075 0.578125
32000 7.3076923076923075 0.59375
34000 7.3076923076923075 0.546875
36000 7.3076923076923075 0.59375
38000 7.3076923076923075 0.5625
40000 7.3076923076923075 0.578125
42000 7.230769230769231 0.546875
44000 7.269230769230769 0.546875
46000 7.288461538461538 0.5625
48000 7.288461538461538 0.59375
50000 7.403846153846154 0.53125
52000 7.403846153846154 0.5625
54000 7.3076923076923075 0.5625
56000 7.288461538461538 0.546875
58000 7.4423076923076925 0.546875
60000 7.1923076923076925 0.5625
62000 7.134615384615385 0.59375
64000 7.134615384615385 0.5625
66000 7.115384615384615 0.546875
68000 7.230769230769231 0.515625
70000 7.538461538461538 0.59375
72000 7.5 0.5625
74000 7.288461538461538 0.59375
76000 6.923076923076923 0.578125
78000 7.211538461538462 0.5625
80000 7.346153846153846 0.546875
82000 7.076923076923077 0.53125
84000 7.288461538461538 0.609375
86000 7.25 0.546875
88000 7.346153846153846 0.578125
90000 7.346153846153846 0.671875
92000 7.346153846153846 0.5625
94000 7.3076923076923075 0.5625
96000 7.115384615384615 0.515625
98000 7.346153846153846 0.5625
100000 7.038461538461538 0.5625
102000 7.25 0.609375
104000 7.480769230769231 0.65625
106000 7.5 0.546875
108000 7.5 0.59375
110000 7.403846153846154 0.578125
112000 7.269230769230769 0.53125
114000 6.788461538461538 0.640625
116000 7.134615384615385 0.515625
118000 7.346153846153846 0.546875
120000 7.346153846153846 0.546875
122000 7.134615384615385 0.640625
124000 7.384615384615385 0.59375
126000 6.8076923076923075 0.609375
128000 6.980769230769231 0.609375
130000 7.576923076923077 0.5625
132000 7.384615384615385 0.515625
134000 7.423076923076923 0.515625
136000 7.115384615384615 0.609375
138000 7.288461538461538 0.5625
140000 7.519230769230769 0.546875
142000 7.5 0.578125
144000 7.365384615384615 0.546875
146000 7.480769230769231 0.59375
148000 7.4423076923076925 0.515625
150000 7.576923076923077 0.5625
152000 7.480769230769231 0.59375
154000 7.461538461538462 0.53125
156000 7.403846153846154 0.578125
158000 7.25 0.546875
160000 7.519230769230769 0.546875
162000 7.423076923076923 0.5625
164000 7.538461538461538 0.5625
166000 7.4423076923076925 0.59375
168000 7.519230769230769 0.5625
170000 7.480769230769231 0.53125
172000 7.461538461538462 0.546875
174000 7.5 0.609375
176000 7.480769230769231 0.59375
178000 7.5576923076923075 0.609375
180000 7.5576923076923075 0.515625
182000 7.538461538461538 0.625
184000 7.480769230769231 0.609375
186000 7.538461538461538 0.578125
188000 7.538461538461538 0.625
190000 7.5 0.625
192000 7.519230769230769 0.59375
194000 7.25 0.578125
196000 7.269230769230769 0.609375
198000 7.480769230769231 0.640625
200000 7.5 0.578125
202000 7.403846153846154 0.578125
204000 7.365384615384615 0.625
206000 7.4423076923076925 0.5625
208000 7.480769230769231 0.59375
210000 7.288461538461538 0.578125
212000 7.346153846153846 0.640625
214000 7.5 0.5625
216000 7.5576923076923075 0.609375
218000 7.634615384615385 0.5625
220000 7.634615384615385 0.59375
222000 7.5 0.5625
224000 7.5576923076923075 0.625
226000 7.5576923076923075 0.578125
228000 7.519230769230769 0.5625
230000 7.711538461538462 0.578125
232000 7.365384615384615 0.546875
234000 7.519230769230769 0.515625
236000 7.596153846153846 0.4375
238000 7.423076923076923 0.59375
240000 7.596153846153846 0.53125
242000 7.673076923076923 0.578125
244000 7.384615384615385 0.5625
246000 7.403846153846154 0.515625
248000 7.75 0.609375
250000 7.923076923076923 0.515625
252000 7.615384615384615 0.625
254000 7.6923076923076925 0.515625
256000 7.461538461538462 0.546875
258000 7.403846153846154 0.59375
260000 7.673076923076923 0.5625
262000 7.4423076923076925 0.609375
264000 7.4423076923076925 0.5625
266000 7.3076923076923075 0.59375
268000 7.384615384615385 0.578125
270000 7.596153846153846 0.65625
272000 7.5576923076923075 0.5625
274000 7.423076923076923 0.625
276000 7.5 0.609375
278000 7.596153846153846 0.578125
280000 7.634615384615385 0.546875
282000 7.538461538461538 0.59375
284000 7.519230769230769 0.59375
286000 7.461538461538462 0.59375
288000 7.596153846153846 0.546875
290000 7.5576923076923075 0.640625
292000 7.634615384615385 0.5
294000 7.634615384615385 0.546875
296000 7.653846153846154 0.53125
298000 7.634615384615385 0.59375
300000 7.6923076923076925 0.546875
302000 7.653846153846154 0.578125
304000 7.5576923076923075 0.546875
306000 7.673076923076923 0.53125
308000 7.615384615384615 0.53125
310000 7.576923076923077 0.5625
312000 7.5 0.578125
314000 7.576923076923077 0.59375
316000 7.615384615384615 0.546875
318000 7.75 0.5625
320000 7.711538461538462 0.5625
322000 7.538461538461538 0.5625
324000 7.673076923076923 0.484375
326000 7.6923076923076925 0.515625
328000 7.730769230769231 0.5625
330000 7.75 0.5625
332000 7.634615384615385 0.53125
334000 7.576923076923077 0.546875
336000 7.519230769230769 0.578125
338000 7.634615384615385 0.546875
340000 7.596153846153846 0.5625
342000 7.673076923076923 0.53125
344000 7.538461538461538 0.5
346000 7.826923076923077 0.59375
348000 7.865384615384615 0.5625
350000 7.673076923076923 0.5625
352000 7.634615384615385 0.5625
354000 7.8076923076923075 0.578125
356000 7.711538461538462 0.609375
358000 7.769230769230769 0.640625
360000 7.865384615384615 0.5625
362000 7.8076923076923075 0.578125
364000 7.6923076923076925 0.546875
366000 7.346153846153846 0.546875
368000 7.423076923076923 0.53125
370000 7.423076923076923 0.609375
372000 7.4423076923076925 0.515625
374000 7.423076923076923 0.59375
376000 7.4423076923076925 0.546875
378000 7.461538461538462 0.546875
380000 7.384615384615385 0.546875
382000 7.423076923076923 0.546875
384000 7.5576923076923075 0.5625
386000 7.384615384615385 0.59375
388000 7.269230769230769 0.53125
390000 7.365384615384615 0.5625
392000 7.403846153846154 0.546875
394000 7.269230769230769 0.515625
396000 7.326923076923077 0.59375
398000 7.403846153846154 0.59375
400000 7.4423076923076925 0.59375
402000 7.538461538461538 0.515625
404000 7.538461538461538 0.515625
406000 7.403846153846154 0.546875
408000 7.538461538461538 0.578125
410000 7.5 0.625
412000 7.653846153846154 0.59375
414000 7.5 0.59375
416000 7.5 0.59375
418000 7.365384615384615 0.53125
420000 7.4423076923076925 0.5625
422000 7.423076923076923 0.484375
424000 7.384615384615385 0.515625
426000 7.5576923076923075 0.578125
428000 7.5 0.546875
430000 7.480769230769231 0.53125
432000 7.5 0.609375
434000 7.519230769230769 0.515625
436000 7.5576923076923075 0.5625
438000 7.615384615384615 0.53125
440000 7.480769230769231 0.609375
442000 7.538461538461538 0.609375
444000 7.634615384615385 0.59375
446000 7.576923076923077 0.578125
448000 7.538461538461538 0.546875
450000 7.5576923076923075 0.546875
452000 7.634615384615385 0.546875
454000 7.6923076923076925 0.578125
456000 7.596153846153846 0.59375
458000 7.576923076923077 0.578125
460000 7.480769230769231 0.5625
462000 7.576923076923077 0.5625
464000 7.538461538461538 0.578125
466000 7.596153846153846 0.578125
468000 7.634615384615385 0.671875
470000 7.538461538461538 0.5625
472000 7.576923076923077 0.578125
474000 7.673076923076923 0.640625
476000 7.538461538461538 0.5625
478000 7.5 0.609375
480000 7.5 0.53125
482000 7.423076923076923 0.6875
484000 7.5 0.578125
486000 7.519230769230769 0.6875
488000 7.461538461538462 0.640625
490000 7.461538461538462 0.5625
492000 7.461538461538462 0.59375
494000 7.5 0.5625
496000 7.519230769230769 0.59375
498000 7.5576923076923075 0.59375
500000 7.576923076923077 0.59375
