2000 0.6153846153846154 0.109375
4000 0.9615384615384616 0.125
6000 2.1346153846153846 0.15625
8000 2.326923076923077 0.203125
10000 2.673076923076923 0.171875
12000 2.8461538461538463 0.171875
14000 3.019230769230769 0.1875
16000 5.576923076923077 0.203125
18000 5.923076923076923 0.203125
20000 6.25 0.21875
22000 5.9423076923076925 0.21875
24000 6.25 0.203125
26000 6.25 0.234375
28000 6.25 0.171875
30000 6.461538461538462 0.21875
32000 6.461538461538462 0.21875
34000 6.25 0.203125
36000 6.461538461538462 0.1875
38000 6.461538461538462 0.203125
40000 6.461538461538462 0.203125
42000 6.461538461538462 0.203125
44000 6.4423076923076925 0.203125
46000 6.461538461538462 0.1875
48000 6.461538461538462 0.203125
50000 6.461538461538462 0.203125
52000 6.461538461538462 0.203125
54000 6.461538461538462 0.203125
56000 6.4423076923076925 0.21875
58000 6.461538461538462 0.203125
60000 6.4423076923076925 0.1875
62000 6.461538461538462 0.21875
64000 6.4423076923076925 0.1875
66000 6.4423076923076925 0.1875
68000 6.461538461538462 0.203125
70000 6.4423076923076925 0.1875
72000 6.4423076923076925 0.203125
74000 6.461538461538462 0.203125
76000 6.461538461538462 0.21875
78000 6.461538461538462 0.21875
80000 6.461538461538462 0.1875
82000 6.4423076923076925 0.21875
84000 6.461538461538462 0.203125
86000 6.461538461538462 0.171875
88000 6.461538461538462 0.203125
90000 6.461538461538462 0.1875
92000 6.461538461538462 0.203125
94000 6.461538461538462 0.171875
96000 6.461538461538462 0.234375
98000 6.461538461538462 0.21875
100000 6.461538461538462 0.203125
102000 6.461538461538462 0.234375
104000 6.4423076923076925 0.265625
106000 6.461538461538462 0.21875
108000 6.461538461538462 0.203125
110000 6.461538461538462 0.1875
112000 6.461538461538462 0.203125
114000 6.461538461538462 0.203125
116000 6.461538461538462 0.1875
118000 6.461538461538462 0.1875
120000 6.461538461538462 0.203125
122000 6.4423076923076925 0.203125
124000 6.461538461538462 0.203125
126000 6.461538461538462 0.1875
128000 6.4423076923076925 0.203125
130000 6.461538461538462 0.1875
132000 6.461538461538462 0.21875
134000 6.461538461538462 0.171875
136000 6.461538461538462 0.203125
138000 6.4423076923076925 0.21875
140000 6.403846153846154 0.1875
142000 6.461538461538462 0.1875
144000 6.461538461538462 0.234375
146000 6.461538461538462 0.203125
148000 6.153846153846154 0.21875
150000 6.461538461538462 0.234375
152000 6.480769230769231 0.1875
154000 6.365384615384615 0.203125
156000 6.461538461538462 0.203125
158000 6.461538461538462 0.1875
160000 6.461538461538462 0.203125
162000 6.461538461538462 0.1875
164000 6.480769230769231 0.171875
166000 6.461538461538462 0.1875
168000 6.461538461538462 0.25
170000 6.461538461538462 0.203125
172000 6.384615384615385 0.203125
174000 6.365384615384615 0.234375
176000 6.461538461538462 0.203125
178000 6.4423076923076925 0.1875
180000 6.403846153846154 0.1875
182000 6.269230769230769 0.15625
184000 6.480769230769231 0.1875
186000 6.480769230769231 0.203125
188000 6.461538461538462 0.234375
190000 6.480769230769231 0.203125
192000 6.461538461538462 0.234375
194000 6.461538461538462 0.1875
196000 6.461538461538462 0.203125
198000 6.480769230769231 0.203125
200000 6.461538461538462 0.1875
202000 6.461538461538462 0.21875
204000 6.461538461538462 0.25
206000 6.461538461538462 0.234375
208000 6.461538461538462 0.203125
210000 6.403846153846154 0.21875
212000 6.461538461538462 0.1875
214000 6.461538461538462 0.1875
216000 6.865384615384615 0.203125
218000 6.884615384615385 0.21875
220000 6.769230769230769 0.1875
222000 7.019230769230769 0.21875
224000 7.019230769230769 0.203125
226000 6.673076923076923 0.21875
228000 7.0 0.21875
230000 6.884615384615385 0.21875
232000 6.923076923076923 0.203125
234000 6.884615384615385 0.203125
236000 7.019230769230769 0.25
238000 7.019230769230769 0.21875
240000 7.019230769230769 0.21875
242000 6.596153846153846 0.203125
244000 7.019230769230769 0.203125
246000 7.019230769230769 0.21875
248000 6.865384615384615 0.203125
250000 7.0 0.21875
252000 7.0 0.203125
254000 6.980769230769231 0.21875
256000 7.019230769230769 0.1875
258000 7.019230769230769 0.21875
260000 7.019230769230769 0.203125
262000 7.019230769230769 0.21875
264000 6.980769230769231 0.234375
266000 7.0 0.21875
268000 7.019230769230769 0.25
270000 7.3076923076923075 0.234375
272000 7.25 0.21875
274000 7.269230769230769 0.234375
276000 7.211538461538462 0.21875
278000 7.461538461538462 0.203125
280000 7.0 0.234375
282000 7.5 0.21875
284000 7.519230769230769 0.203125
286000 7.653846153846154 0.1875
288000 7.634615384615385 0.1875
290000 7.634615384615385 0.21875
292000 7.634615384615385 0.21875
294000 7.365384615384615 0.21875
296000 7.826923076923077 0.21875
298000 7.711538461538462 0.1875
300000 7.673076923076923 0.1875
302000 7.538461538461538 0.25
304000 7.673076923076923 0.1875
306000 7.5 0.1875
308000 7.615384615384615 0.203125
310000 7.653846153846154 0.1875
312000 7.75 0.21875
314000 7.596153846153846 0.1875
316000 7.865384615384615 0.1875
318000 8.0 0.21875
320000 7.5576923076923075 0.234375
322000 7.923076923076923 0.21875
324000 7.75 0.203125
326000 7.673076923076923 0.203125
328000 7.711538461538462 0.203125
330000 7.865384615384615 0.1875
332000 7.634615384615385 0.234375
334000 7.903846153846154 0.203125
336000 7.826923076923077 0.203125
338000 7.826923076923077 0.1875
340000 7.730769230769231 0.1875
342000 7.596153846153846 0.203125
344000 7.769230769230769 0.21875
346000 7.730769230769231 0.203125
348000 7.8076923076923075 0.1875
350000 7.730769230769231 0.234375
352000 7.634615384615385 0.203125
354000 7.615384615384615 0.21875
356000 7.8076923076923075 0.171875
358000 7.788461538461538 0.25
360000 7.75 0.1875
362000 7.8076923076923075 0.15625
364000 7.865384615384615 0.21875
366000 7.653846153846154 0.1875
368000 7.769230769230769 0.234375
370000 7.711538461538462 0.21875
372000 7.673076923076923 0.21875
374000 7.365384615384615 0.1875
376000 7.423076923076923 0.1875
378000 7.25 0.203125
380000 7.788461538461538 0.21875
382000 7.75 0.15625
384000 7.826923076923077 0.171875
386000 7.884615384615385 0.21875
388000 7.846153846153846 0.1875
390000 7.826923076923077 0.234375
392000 7.730769230769231 0.1875
394000 7.961538461538462 0.171875
396000 7.961538461538462 0.171875
398000 7.903846153846154 0.1875
400000 7.961538461538462 0.171875
402000 7.961538461538462 0.1875
404000 7.903846153846154 0.21875
406000 7.9423076923076925 0.203125
408000 8.0 0.203125
410000 7.884615384615385 0.203125
412000 7.961538461538462 0.21875
414000 7.711538461538462 0.203125
416000 7.788461538461538 0.1875
418000 7.730769230769231 0.234375
420000 7.884615384615385 0.203125
422000 7.9423076923076925 0.234375
424000 7.980769230769231 0.203125
426000 7.961538461538462 0.203125
428000 7.884615384615385 0.171875
430000 8.0 0.21875
432000 7.769230769230769 0.234375
434000 7.884615384615385 0.21875
436000 7.903846153846154 0.203125
438000 7.980769230769231 0.1875
440000 7.980769230769231 0.21875
442000 7.980769230769231 0.1875
444000 7.961538461538462 0.21875
446000 7.846153846153846 0.21875
448000 7.961538461538462 0.15625
450000 7.846153846153846 0.203125
452000 7.980769230769231 0.1875
454000 7.961538461538462 0.234375
456000 7.980769230769231 0.203125
458000 7.980769230769231 0.234375
460000 8.0 0.203125
462000 7.980769230769231 0.203125
464000 7.980769230769231 0.203125
466000 7.903846153846154 0.1875
468000 7.903846153846154 0.171875
470000 7.884615384615385 0.25
472000 7.884615384615385 0.25
474000 7.884615384615385 0.203125
476000 7.884615384615385 0.234375
478000 7.884615384615385 0.203125
480000 7.884615384615385 0.234375
482000 7.961538461538462 0.234375
484000 7.884615384615385 0.203125
486000 7.961538461538462 0.234375
488000 7.961538461538462 0.234375
490000 7.961538461538462 0.203125
492000 7.961538461538462 0.1875
494000 7.961538461538462 0.21875
496000 7.961538461538462 0.1875
498000 7.961538461538462 0.25
500000 7.826923076923077 0.203125
