2000 0.2692307692307692 0.34375
4000 1.0 0.34375
6000 0.40384615384615385 0.328125
8000 0.7307692307692307 0.328125
10000 1.4807692307692308 0.4375
12000 1.9423076923076923 0.390625
14000 2.769230769230769 0.421875
16000 5.173076923076923 0.46875
18000 6.211538461538462 0.421875
20000 7.0576923076923075 0.453125
22000 7.038461538461538 0.421875
24000 6.980769230769231 0.421875
26000 7.038461538461538 0.4375
28000 7.1923076923076925 0.421875
30000 7.288461538461538 0.421875
32000 7.1923076923076925 0.453125
34000 7.1923076923076925 0.484375
36000 7.1923076923076925 0.359375
38000 7.1923076923076925 0.4375
40000 7.1923076923076925 0.4375
42000 7.1923076923076925 0.4375
44000 7.1923076923076925 0.484375
46000 6.980769230769231 0.453125
48000 7.096153846153846 0.515625
50000 7.096153846153846 0.546875
52000 7.173076923076923 0.53125
54000 7.173076923076923 0.484375
56000 7.096153846153846 0.484375
58000 7.173076923076923 0.53125
60000 7.211538461538462 0.421875
62000 7.096153846153846 0.515625
64000 7.211538461538462 0.453125
66000 7.0576923076923075 0.5625
68000 7.1923076923076925 0.53125
70000 7.326923076923077 0.578125
72000 7.153846153846154 0.53125
74000 7.25 0.5625
76000 7.230769230769231 0.53125
78000 7.25 0.59375
80000 7.134615384615385 0.546875
82000 7.384615384615385 0.515625
84000 7.3076923076923075 0.53125
86000 7.211538461538462 0.609375
88000 7.211538461538462 0.53125
90000 7.153846153846154 0.515625
92000 7.4423076923076925 0.5625
94000 7.403846153846154 0.546875
96000 7.173076923076923 0.515625
98000 7.096153846153846 0.578125
100000 7.096153846153846 0.5625
102000 7.365384615384615 0.53125
104000 7.115384615384615 0.5625
106000 7.384615384615385 0.5625
108000 7.269230769230769 0.5
110000 7.75 0.546875
112000 8.038461538461538 0.546875
114000 7.884615384615385 0.5625
116000 7.673076923076923 0.5
118000 7.884615384615385 0.5625
120000 7.461538461538462 0.59375
122000 7.211538461538462 0.46875
124000 7.5576923076923075 0.515625
126000 7.653846153846154 0.546875
128000 8.01923076923077 0.484375
130000 7.8076923076923075 0.5
132000 8.134615384615385 0.5
134000 7.673076923076923 0.5
136000 7.711538461538462 0.53125
138000 7.9423076923076925 0.4375
140000 7.826923076923077 0.515625
142000 7.711538461538462 0.515625
144000 7.711538461538462 0.5625
146000 7.923076923076923 0.46875
148000 7.826923076923077 0.515625
150000 7.980769230769231 0.53125
152000 7.788461538461538 0.46875
154000 7.75 0.53125
156000 7.6923076923076925 0.53125
158000 7.826923076923077 0.578125
160000 7.923076923076923 0.53125
162000 7.596153846153846 0.515625
164000 7.615384615384615 0.53125
166000 7.980769230769231 0.5
168000 7.903846153846154 0.5
170000 8.134615384615385 0.625
172000 7.788461538461538 0.578125
174000 8.173076923076923 0.53125
176000 8.01923076923077 0.5
178000 7.980769230769231 0.546875
180000 8.134615384615385 0.53125
182000 8.01923076923077 0.5625
184000 7.9423076923076925 0.53125
186000 7.961538461538462 0.515625
188000 8.096153846153847 0.53125
190000 8.134615384615385 0.5
192000 8.01923076923077 0.515625
194000 8.192307692307692 0.53125
196000 8.153846153846153 0.53125
198000 8.326923076923077 0.5625
200000 8.25 0.5
202000 8.096153846153847 0.453125
204000 8.153846153846153 0.53125
206000 8.0 0.53125
208000 7.980769230769231 0.53125
210000 8.057692307692308 0.53125
212000 8.192307692307692 0.546875
214000 8.211538461538462 0.53125
216000 8.192307692307692 0.453125
218000 8.057692307692308 0.53125
220000 8.23076923076923 0.515625
222000 8.26923076923077 0.46875
224000 8.153846153846153 0.546875
226000 7.9423076923076925 0.515625
228000 8.134615384615385 0.515625
230000 8.057692307692308 0.484375
232000 8.096153846153847 0.546875
234000 8.076923076923077 0.5
236000 8.0 0.4375
238000 8.192307692307692 0.53125
240000 8.192307692307692 0.578125
242000 8.076923076923077 0.53125
244000 7.576923076923077 0.5
246000 8.134615384615385 0.46875
248000 8.173076923076923 0.5625
250000 8.0 0.515625
252000 8.211538461538462 0.53125
254000 8.192307692307692 0.546875
256000 7.5 0.5
258000 8.0 0.5625
260000 8.307692307692308 0.5
262000 8.288461538461538 0.5625
264000 8.307692307692308 0.53125
266000 8.192307692307692 0.546875
268000 8.192307692307692 0.609375
270000 8.25 0.53125
272000 8.211538461538462 0.546875
274000 8.326923076923077 0.546875
276000 8.26923076923077 0.578125
278000 8.307692307692308 0.5625
280000 8.096153846153847 0.5625
282000 8.365384615384615 0.53125
284000 8.288461538461538 0.5625
286000 7.903846153846154 0.546875
288000 8.057692307692308 0.53125
290000 8.096153846153847 0.546875
292000 8.01923076923077 0.5625
294000 8.096153846153847 0.53125
296000 8.23076923076923 0.609375
298000 8.26923076923077 0.546875
300000 8.25 0.5625
302000 8.23076923076923 0.578125
304000 8.23076923076923 0.578125
306000 8.26923076923077 0.578125
308000 8.192307692307692 0.59375
310000 8.307692307692308 0.609375
312000 8.326923076923077 0.5625
314000 8.326923076923077 0.515625
316000 8.384615384615385 0.5625
318000 8.384615384615385 0.515625
320000 8.423076923076923 0.5625
322000 8.51923076923077 0.578125
324000 8.307692307692308 0.546875
326000 8.307692307692308 0.53125
328000 8.26923076923077 0.5625
330000 8.115384615384615 0.59375
332000 8.01923076923077 0.578125
334000 8.365384615384615 0.53125
336000 7.923076923076923 0.53125
338000 8.134615384615385 0.53125
340000 8.211538461538462 0.53125
342000 8.115384615384615 0.578125
344000 8.153846153846153 0.5625
346000 8.23076923076923 0.578125
348000 7.980769230769231 0.546875
350000 8.25 0.609375
352000 8.211538461538462 0.578125
354000 8.192307692307692 0.578125
356000 8.038461538461538 0.546875
358000 8.096153846153847 0.5
360000 8.192307692307692 0.578125
362000 8.153846153846153 0.578125
364000 8.326923076923077 0.578125
366000 8.076923076923077 0.53125
368000 8.115384615384615 0.5625
370000 8.288461538461538 0.53125
372000 8.5 0.59375
374000 8.403846153846153 0.578125
376000 8.288461538461538 0.546875
378000 8.326923076923077 0.515625
380000 8.057692307692308 0.53125
382000 8.25 0.515625
384000 8.307692307692308 0.5625
386000 8.173076923076923 0.546875
388000 8.365384615384615 0.578125
390000 8.365384615384615 0.5625
392000 8.365384615384615 0.59375
394000 7.9423076923076925 0.546875
396000 8.346153846153847 0.5625
398000 8.192307692307692 0.5625
400000 8.23076923076923 0.515625
402000 8.326923076923077 0.5625
404000 8.23076923076923 0.53125
406000 8.288461538461538 0.578125
408000 8.307692307692308 0.515625
410000 8.384615384615385 0.578125
412000 8.461538461538462 0.578125
414000 8.26923076923077 0.53125
416000 8.461538461538462 0.578125
418000 8.5 0.59375
420000 8.346153846153847 0.5625
422000 8.442307692307692 0.59375
424000 8.384615384615385 0.609375
426000 8.307692307692308 0.609375
428000 8.23076923076923 0.5625
430000 8.384615384615385 0.609375
432000 8.384615384615385 0.53125
434000 8.461538461538462 0.5625
436000 8.442307692307692 0.546875
438000 8.461538461538462 0.59375
440000 8.596153846153847 0.5625
442000 8.461538461538462 0.53125
444000 8.346153846153847 0.59375
446000 8.326923076923077 0.546875
448000 8.134615384615385 0.578125
450000 8.25 0.59375
452000 8.288461538461538 0.578125
454000 8.173076923076923 0.59375
456000 8.307692307692308 0.5625
458000 8.134615384615385 0.5625
460000 8.23076923076923 0.5625
462000 8.211538461538462 0.5625
464000 8.211538461538462 0.53125
466000 8.23076923076923 0.59375
468000 8.25 0.546875
470000 8.115384615384615 0.578125
472000 8.173076923076923 0.59375
474000 8.076923076923077 0.53125
476000 8.134615384615385 0.5625
478000 8.173076923076923 0.578125
480000 8.173076923076923 0.578125
482000 8.211538461538462 0.609375
484000 8.211538461538462 0.609375
486000 8.153846153846153 0.578125
488000 8.288461538461538 0.515625
490000 8.173076923076923 0.5
492000 8.153846153846153 0.546875
494000 8.153846153846153 0.515625
496000 8.153846153846153 0.578125
498000 8.076923076923077 0.5
500000 8.211538461538462 0.53125
