2000 0.2692307692307692 0.09375
4000 0.34615384615384615 0.09375
6000 1.0769230769230769 0.078125
8000 1.0576923076923077 0.15625
10000 1.0961538461538463 0.15625
12000 1.3076923076923077 0.140625
14000 2.0384615384615383 0.15625
16000 1.7307692307692308 0.15625
18000 2.5961538461538463 0.28125
20000 2.519230769230769 0.1875
22000 2.6923076923076925 0.171875
24000 2.769230769230769 0.203125
26000 2.6153846153846154 0.21875
28000 2.6153846153846154 0.1875
30000 3.0576923076923075 0.1875
32000 3.6153846153846154 0.078125
34000 3.5961538461538463 0.1875
36000 3.6346153846153846 0.1875
38000 3.75 0.171875
40000 3.75 0.25
42000 3.6346153846153846 0.21875
44000 3.8076923076923075 0.140625
46000 3.7884615384615383 0.140625
48000 4.538461538461538 0.15625
50000 4.019230769230769 0.21875
52000 4.173076923076923 0.21875
54000 4.423076923076923 0.125
56000 4.596153846153846 0.140625
58000 3.673076923076923 0.1875
60000 4.403846153846154 0.25
62000 4.134615384615385 0.28125
64000 4.826923076923077 0.109375
66000 4.8076923076923075 0.140625
68000 4.846153846153846 0.203125
70000 4.788461538461538 0.234375
72000 5.153846153846154 0.234375
74000 5.0576923076923075 0.3125
76000 5.326923076923077 0.109375
78000 5.596153846153846 0.125
80000 5.519230769230769 0.203125
82000 5.788461538461538 0.25
84000 6.134615384615385 0.28125
86000 6.038461538461538 0.140625
88000 6.038461538461538 0.1875
90000 5.884615384615385 0.21875
92000 5.884615384615385 0.1875
94000 5.769230769230769 0.21875
96000 5.788461538461538 0.125
98000 5.923076923076923 0.125
100000 5.980769230769231 0.203125
102000 5.923076923076923 0.234375
104000 5.923076923076923 0.296875
106000 5.923076923076923 0.296875
108000 5.923076923076923 0.140625
110000 5.923076923076923 0.15625
112000 5.865384615384615 0.203125
114000 5.923076923076923 0.25
116000 5.923076923076923 0.171875
118000 6.134615384615385 0.125
120000 5.923076923076923 0.125
122000 5.865384615384615 0.21875
124000 5.923076923076923 0.25
126000 5.923076923076923 0.296875
128000 5.923076923076923 0.140625
130000 5.923076923076923 0.140625
132000 5.884615384615385 0.203125
134000 5.884615384615385 0.25
136000 5.653846153846154 0.15625
138000 5.653846153846154 0.28125
140000 5.884615384615385 0.15625
142000 5.826923076923077 0.171875
144000 5.634615384615385 0.234375
146000 6.0576923076923075 0.25
148000 6.096153846153846 0.3125
150000 5.711538461538462 0.109375
152000 5.673076923076923 0.140625
154000 5.673076923076923 0.1875
156000 5.615384615384615 0.203125
158000 5.903846153846154 0.28125
160000 5.884615384615385 0.171875
162000 5.903846153846154 0.1875
164000 5.9423076923076925 0.203125
166000 5.75 0.25
168000 6.0576923076923075 0.25
170000 5.653846153846154 0.296875
172000 5.903846153846154 0.140625
174000 5.923076923076923 0.140625
176000 5.9423076923076925 0.234375
178000 5.9423076923076925 0.25
180000 5.9423076923076925 0.3125
182000 5.9423076923076925 0.15625
184000 5.9423076923076925 0.15625
186000 5.923076923076923 0.21875
188000 6.0 0.234375
190000 5.923076923076923 0.265625
192000 5.9423076923076925 0.1875
194000 5.961538461538462 0.15625
196000 5.923076923076923 0.1875
198000 6.096153846153846 0.25
200000 6.1923076923076925 0.1875
202000 5.961538461538462 0.28125
204000 6.0 0.15625
206000 5.961538461538462 0.1875
208000 6.115384615384615 0.203125
210000 6.211538461538462 0.25
212000 6.134615384615385 0.296875
214000 6.134615384615385 0.109375
216000 6.134615384615385 0.140625
218000 6.096153846153846 0.171875
220000 6.173076923076923 0.265625
222000 6.096153846153846 0.28125
224000 6.076923076923077 0.140625
226000 6.0576923076923075 0.15625
228000 6.230769230769231 0.1875
230000 6.115384615384615 0.234375
232000 5.826923076923077 0.28125
234000 6.153846153846154 0.3125
236000 6.134615384615385 0.125
238000 6.153846153846154 0.15625
240000 6.211538461538462 0.234375
242000 6.288461538461538 0.265625
244000 6.1923076923076925 0.296875
246000 6.153846153846154 0.140625
248000 6.211538461538462 0.15625
250000 6.230769230769231 0.203125
252000 6.5 0.171875
254000 5.9423076923076925 0.3125
256000 6.230769230769231 0.140625
258000 6.25 0.140625
260000 5.923076923076923 0.171875
262000 6.1923076923076925 0.234375
264000 5.961538461538462 0.21875
266000 6.019230769230769 0.28125
268000 6.211538461538462 0.09375
270000 6.384615384615385 0.171875
272000 6.230769230769231 0.21875
274000 6.346153846153846 0.234375
276000 6.211538461538462 0.203125
278000 5.9423076923076925 0.15625
280000 6.288461538461538 0.125
282000 6.211538461538462 0.203125
284000 6.326923076923077 0.1875
286000 6.480769230769231 0.3125
288000 6.346153846153846 0.09375
290000 6.3076923076923075 0.15625
292000 6.346153846153846 0.171875
294000 6.326923076923077 0.21875
296000 6.173076923076923 0.296875
298000 6.461538461538462 0.3125
300000 6.346153846153846 0.15625
302000 6.173076923076923 0.171875
304000 6.576923076923077 0.203125
306000 6.365384615384615 0.25
308000 6.423076923076923 0.296875
310000 6.461538461538462 0.140625
312000 6.538461538461538 0.15625
314000 6.25 0.203125
316000 6.346153846153846 0.265625
318000 6.653846153846154 0.296875
320000 6.288461538461538 0.15625
322000 6.153846153846154 0.203125
324000 6.115384615384615 0.171875
326000 6.4423076923076925 0.21875
328000 6.538461538461538 0.296875
330000 6.519230769230769 0.25
332000 6.423076923076923 0.09375
334000 6.423076923076923 0.171875
336000 6.4423076923076925 0.21875
338000 6.461538461538462 0.25
340000 6.230769230769231 0.28125
342000 6.269230769230769 0.15625
344000 6.288461538461538 0.203125
346000 6.480769230769231 0.203125
348000 6.596153846153846 0.1875
350000 6.615384615384615 0.25
352000 6.519230769230769 0.140625
354000 6.4423076923076925 0.140625
356000 6.230769230769231 0.203125
358000 6.230769230769231 0.234375
360000 6.288461538461538 0.296875
362000 6.4423076923076925 0.25
364000 6.25 0.15625
366000 6.230769230769231 0.15625
368000 6.25 0.171875
370000 6.269230769230769 0.234375
372000 6.403846153846154 0.265625
374000 6.153846153846154 0.109375
376000 6.1923076923076925 0.171875
378000 6.211538461538462 0.203125
380000 6.173076923076923 0.25
382000 6.423076923076923 0.25
384000 5.961538461538462 0.109375
386000 6.153846153846154 0.140625
388000 6.4423076923076925 0.140625
390000 6.403846153846154 0.234375
392000 6.461538461538462 0.21875
394000 6.576923076923077 0.265625
396000 6.4423076923076925 0.125
398000 6.461538461538462 0.171875
400000 6.480769230769231 0.234375
402000 6.288461538461538 0.265625
404000 6.269230769230769 0.25
406000 6.384615384615385 0.140625
408000 6.326923076923077 0.140625
410000 6.326923076923077 0.21875
412000 6.230769230769231 0.265625
414000 6.288461538461538 0.203125
416000 6.230769230769231 0.15625
418000 6.3076923076923075 0.125
420000 6.326923076923077 0.203125
422000 6.269230769230769 0.203125
424000 6.230769230769231 0.3125
426000 6.211538461538462 0.28125
428000 6.173076923076923 0.140625
430000 6.25 0.1875
432000 6.519230769230769 0.234375
434000 6.288461538461538 0.265625
436000 6.480769230769231 0.28125
438000 6.538461538461538 0.140625
440000 6.365384615384615 0.15625
442000 6.25 0.171875
444000 6.326923076923077 0.25
446000 6.5 0.296875
448000 6.480769230769231 0.125
450000 6.5 0.125
452000 6.519230769230769 0.1875
454000 6.519230769230769 0.1875
456000 6.5 0.21875
458000 6.480769230769231 0.15625
460000 6.480769230769231 0.140625
462000 6.538461538461538 0.15625
464000 6.3076923076923075 0.21875
466000 6.538461538461538 0.28125
468000 6.461538461538462 0.296875
470000 6.5 0.140625
472000 6.5 0.171875
474000 6.5 0.1875
476000 6.519230769230769 0.21875
478000 6.519230769230769 0.265625
480000 6.461538461538462 0.109375
482000 6.4423076923076925 0.15625
484000 6.423076923076923 0.203125
486000 6.4423076923076925 0.25
488000 6.480769230769231 0.21875
490000 6.519230769230769 0.3125
492000 6.423076923076923 0.15625
494000 6.5 0.15625
496000 6.423076923076923 0.234375
498000 6.480769230769231 0.171875
500000 6.461538461538462 0.234375
