2000 0.19230769230769232 0.078125
4000 0.15384615384615385 0.0625
6000 0.5 0.09375
8000 0.75 0.09375
10000 0.7307692307692307 0.078125
12000 1.0 0.109375
14000 0.9807692307692307 0.109375
16000 0.9423076923076923 0.109375
18000 0.9230769230769231 0.0625
20000 1.0192307692307692 0.0625
22000 1.0961538461538463 0.109375
24000 1.0961538461538463 0.09375
26000 1.0961538461538463 0.140625
28000 1.1538461538461537 0.140625
30000 1.1730769230769231 0.171875
32000 1.3461538461538463 0.15625
34000 2.0 0.15625
36000 2.173076923076923 0.15625
38000 2.019230769230769 0.109375
40000 2.480769230769231 0.125
42000 2.8076923076923075 0.140625
44000 3.1346153846153846 0.140625
46000 3.4423076923076925 0.140625
48000 3.4038461538461537 0.140625
50000 3.673076923076923 0.15625
52000 3.9615384615384617 0.15625
54000 4.826923076923077 0.15625
56000 5.211538461538462 0.125
58000 5.038461538461538 0.234375
60000 5.384615384615385 0.15625
62000 5.615384615384615 0.15625
64000 5.730769230769231 0.15625
66000 6.0 0.15625
68000 7.0576923076923075 0.171875
70000 7.653846153846154 0.21875
72000 8.173076923076923 0.15625
74000 8.25 0.15625
76000 8.903846153846153 0.15625
78000 9.48076923076923 0.171875
80000 9.75 0.21875
82000 9.884615384615385 0.203125
84000 9.961538461538462 0.25
86000 9.961538461538462 0.1875
88000 10.01923076923077 0.171875
90000 9.923076923076923 0.15625
92000 9.923076923076923 0.171875
94000 10.0 0.15625
96000 10.0 0.15625
98000 10.0 0.171875
100000 10.038461538461538 0.171875
102000 10.076923076923077 0.140625
104000 10.057692307692308 0.171875
106000 10.057692307692308 0.15625
108000 10.038461538461538 0.171875
110000 10.076923076923077 0.15625
112000 10.134615384615385 0.203125
114000 10.134615384615385 0.15625
116000 10.076923076923077 0.140625
118000 10.134615384615385 0.15625
120000 10.115384615384615 0.15625
122000 10.153846153846153 0.140625
124000 10.01923076923077 0.171875
126000 10.211538461538462 0.140625
128000 10.115384615384615 0.203125
130000 10.096153846153847 0.171875
132000 10.076923076923077 0.15625
134000 10.076923076923077 0.171875
136000 10.038461538461538 0.1875
138000 10.096153846153847 0.15625
140000 10.096153846153847 0.171875
142000 10.096153846153847 0.1875
144000 10.211538461538462 0.140625
146000 10.23076923076923 0.140625
148000 10.211538461538462 0.203125
150000 10.173076923076923 0.15625
152000 10.153846153846153 0.140625
154000 10.211538461538462 0.140625
156000 10.153846153846153 0.140625
158000 10.134615384615385 0.125
160000 10.153846153846153 0.109375
162000 10.173076923076923 0.140625
164000 10.173076923076923 0.171875
166000 10.134615384615385 0.234375
168000 10.192307692307692 0.28125
170000 10.192307692307692 0.265625
172000 10.192307692307692 0.15625
174000 10.288461538461538 0.1875
176000 10.307692307692308 0.171875
178000 10.307692307692308 0.140625
180000 10.26923076923077 0.15625
182000 10.346153846153847 0.15625
184000 10.288461538461538 0.15625
186000 10.26923076923077 0.140625
188000 10.307692307692308 0.140625
190000 10.326923076923077 0.171875
192000 10.346153846153847 0.203125
194000 10.346153846153847 0.140625
196000 10.26923076923077 0.15625
198000 10.346153846153847 0.15625
200000 10.26923076923077 0.171875
202000 10.192307692307692 0.15625
204000 10.192307692307692 0.15625
206000 10.26923076923077 0.15625
208000 10.25 0.125
210000 10.23076923076923 0.140625
212000 10.26923076923077 0.125
214000 10.26923076923077 0.125
216000 10.26923076923077 0.140625
218000 10.26923076923077 0.171875
220000 10.326923076923077 0.15625
222000 10.307692307692308 0.140625
224000 10.346153846153847 0.1875
226000 10.346153846153847 0.140625
228000 10.346153846153847 0.140625
230000 10.326923076923077 0.15625
232000 10.326923076923077 0.140625
234000 10.096153846153847 0.140625
236000 10.326923076923077 0.109375
238000 10.134615384615385 0.140625
240000 10.23076923076923 0.171875
242000 10.23076923076923 0.125
244000 10.23076923076923 0.125
246000 10.326923076923077 0.109375
248000 10.326923076923077 0.125
250000 9.98076923076923 0.1875
252000 10.326923076923077 0.28125
254000 10.326923076923077 0.3125
256000 10.326923076923077 0.15625
258000 10.326923076923077 0.140625
260000 10.326923076923077 0.15625
262000 10.423076923076923 0.15625
264000 10.384615384615385 0.140625
266000 10.365384615384615 0.15625
268000 10.326923076923077 0.140625
270000 10.384615384615385 0.140625
272000 10.423076923076923 0.15625
274000 10.384615384615385 0.140625
276000 10.384615384615385 0.15625
278000 10.326923076923077 0.140625
280000 10.384615384615385 0.140625
282000 10.384615384615385 0.140625
284000 10.26923076923077 0.140625
286000 10.096153846153847 0.140625
288000 10.096153846153847 0.171875
290000 10.326923076923077 0.1875
292000 10.384615384615385 0.140625
294000 10.384615384615385 0.140625
296000 10.384615384615385 0.140625
298000 10.384615384615385 0.15625
300000 10.384615384615385 0.1875
302000 10.384615384615385 0.140625
304000 10.384615384615385 0.140625
306000 10.326923076923077 0.15625
308000 10.384615384615385 0.15625
310000 10.384615384615385 0.140625
312000 10.384615384615385 0.15625
314000 10.365384615384615 0.171875
316000 10.326923076923077 0.15625
318000 10.384615384615385 0.15625
320000 10.384615384615385 0.15625
322000 10.423076923076923 0.15625
324000 10.365384615384615 0.171875
326000 10.384615384615385 0.15625
328000 10.384615384615385 0.140625
330000 10.423076923076923 0.15625
332000 10.038461538461538 0.15625
334000 10.365384615384615 0.171875
336000 9.826923076923077 0.21875
338000 10.288461538461538 0.1875
340000 10.423076923076923 0.3125
342000 10.423076923076923 0.171875
344000 10.365384615384615 0.109375
346000 10.365384615384615 0.125
348000 10.25 0.125
350000 10.25 0.125
352000 10.25 0.140625
354000 10.384615384615385 0.15625
356000 10.384615384615385 0.171875
358000 10.326923076923077 0.171875
360000 10.346153846153847 0.140625
362000 10.384615384615385 0.15625
364000 10.384615384615385 0.140625
366000 10.384615384615385 0.15625
368000 10.384615384615385 0.140625
370000 10.384615384615385 0.203125
372000 10.403846153846153 0.15625
374000 10.403846153846153 0.15625
376000 10.403846153846153 0.140625
378000 10.403846153846153 0.15625
380000 10.442307692307692 0.15625
382000 10.384615384615385 0.15625
384000 10.326923076923077 0.171875
386000 10.442307692307692 0.171875
388000 10.461538461538462 0.140625
390000 10.461538461538462 0.15625
392000 10.403846153846153 0.15625
394000 10.461538461538462 0.15625
396000 10.442307692307692 0.15625
398000 10.403846153846153 0.15625
400000 10.384615384615385 0.15625
402000 10.384615384615385 0.140625
404000 10.384615384615385 0.140625
406000 10.403846153846153 0.171875
408000 10.442307692307692 0.125
410000 10.442307692307692 0.125
412000 10.442307692307692 0.109375
414000 10.442307692307692 0.171875
416000 10.134615384615385 0.1875
418000 10.384615384615385 0.203125
420000 10.384615384615385 0.171875
422000 10.384615384615385 0.25
424000 10.384615384615385 0.28125
426000 10.384615384615385 0.28125
428000 10.384615384615385 0.203125
430000 10.423076923076923 0.1875
432000 10.403846153846153 0.15625
434000 10.365384615384615 0.15625
436000 10.423076923076923 0.15625
438000 10.365384615384615 0.171875
440000 10.365384615384615 0.15625
442000 10.384615384615385 0.171875
444000 10.384615384615385 0.15625
446000 10.384615384615385 0.21875
448000 10.384615384615385 0.171875
450000 10.423076923076923 0.1875
452000 10.384615384615385 0.15625
454000 10.423076923076923 0.15625
456000 10.384615384615385 0.15625
458000 10.384615384615385 0.140625
460000 10.384615384615385 0.15625
462000 10.384615384615385 0.140625
464000 10.384615384615385 0.21875
466000 10.384615384615385 0.109375
468000 10.365384615384615 0.078125
470000 10.365384615384615 0.09375
472000 10.365384615384615 0.078125
474000 10.423076923076923 0.09375
476000 10.25 0.078125
478000 10.423076923076923 0.09375
480000 10.403846153846153 0.078125
482000 10.403846153846153 0.09375
484000 10.423076923076923 0.09375
486000 10.423076923076923 0.125
488000 10.365384615384615 0.078125
490000 10.365384615384615 0.078125
492000 10.365384615384615 0.09375
494000 10.365384615384615 0.078125
496000 10.403846153846153 0.109375
498000 10.403846153846153 0.125
500000 10.403846153846153 0.09375
