2000 1.7692307692307692 0.265625
4000 1.9615384615384615 0.28125
6000 4.211538461538462 0.28125
8000 4.634615384615385 0.296875
10000 4.788461538461538 0.328125
12000 5.5576923076923075 0.3125
14000 5.9423076923076925 0.28125
16000 6.576923076923077 0.328125
18000 7.25 0.34375
20000 7.596153846153846 0.28125
22000 7.730769230769231 0.34375
24000 8.51923076923077 0.359375
26000 8.692307692307692 0.359375
28000 8.634615384615385 0.328125
30000 8.461538461538462 0.328125
32000 8.403846153846153 0.328125
34000 8.538461538461538 0.328125
36000 8.48076923076923 0.28125
38000 8.48076923076923 0.3125
40000 8.596153846153847 0.34375
42000 9.057692307692308 0.34375
44000 9.442307692307692 0.34375
46000 9.826923076923077 0.34375
48000 10.01923076923077 0.328125
50000 10.076923076923077 0.5
52000 10.115384615384615 0.421875
54000 10.057692307692308 0.296875
56000 10.134615384615385 0.328125
58000 10.076923076923077 0.265625
60000 10.25 0.28125
62000 10.288461538461538 0.28125
64000 10.307692307692308 0.265625
66000 10.442307692307692 0.28125
68000 10.461538461538462 0.28125
70000 10.326923076923077 0.3125
72000 10.346153846153847 0.296875
74000 10.365384615384615 0.265625
76000 10.346153846153847 0.28125
78000 10.192307692307692 0.296875
80000 10.307692307692308 0.359375
82000 10.288461538461538 0.453125
84000 10.288461538461538 0.4375
86000 10.288461538461538 0.328125
88000 10.288461538461538 0.328125
90000 10.288461538461538 0.40625
92000 10.288461538461538 0.328125
94000 10.365384615384615 0.34375
96000 10.423076923076923 0.328125
98000 10.307692307692308 0.328125
100000 10.423076923076923 0.328125
102000 10.384615384615385 0.390625
104000 10.365384615384615 0.328125
106000 10.307692307692308 0.34375
108000 10.403846153846153 0.3125
110000 10.461538461538462 0.328125
112000 10.48076923076923 0.3125
114000 10.48076923076923 0.328125
116000 10.48076923076923 0.328125
118000 10.596153846153847 0.359375
120000 10.865384615384615 0.40625
122000 11.173076923076923 0.296875
124000 11.26923076923077 0.28125
126000 11.26923076923077 0.3125
128000 11.403846153846153 0.4375
130000 11.442307692307692 0.265625
132000 11.557692307692308 0.4375
134000 11.576923076923077 0.28125
136000 11.48076923076923 0.265625
138000 11.5 0.28125
140000 11.557692307692308 0.28125
142000 11.538461538461538 0.28125
144000 11.692307692307692 0.3125
146000 11.576923076923077 0.453125
148000 11.557692307692308 0.28125
150000 11.673076923076923 0.265625
152000 11.576923076923077 0.28125
154000 11.615384615384615 0.328125
156000 11.634615384615385 0.3125
158000 11.76923076923077 0.265625
160000 11.711538461538462 0.296875
162000 11.711538461538462 0.28125
164000 11.634615384615385 0.265625
166000 11.51923076923077 0.296875
168000 11.51923076923077 0.390625
170000 11.442307692307692 0.484375
172000 11.442307692307692 0.296875
174000 11.538461538461538 0.28125
176000 11.576923076923077 0.296875
178000 11.538461538461538 0.28125
180000 11.5 0.265625
182000 11.5 0.328125
184000 11.557692307692308 0.25
186000 11.653846153846153 0.28125
188000 11.76923076923077 0.265625
190000 11.75 0.25
192000 11.75 0.296875
194000 11.75 0.265625
196000 11.73076923076923 0.296875
198000 11.73076923076923 0.265625
200000 11.76923076923077 0.28125
202000 11.73076923076923 0.265625
204000 11.826923076923077 0.28125
206000 11.73076923076923 0.296875
208000 11.75 0.484375
210000 11.788461538461538 0.265625
212000 11.76923076923077 0.296875
214000 11.826923076923077 0.265625
216000 11.807692307692308 0.28125
218000 11.807692307692308 0.28125
220000 11.76923076923077 0.265625
222000 11.826923076923077 0.25
224000 11.788461538461538 0.265625
226000 11.807692307692308 0.375
228000 11.788461538461538 0.359375
230000 11.692307692307692 0.3125
232000 11.692307692307692 0.28125
234000 11.75 0.296875
236000 11.75 0.28125
238000 11.75 0.375
240000 11.692307692307692 0.265625
242000 11.76923076923077 0.28125
244000 11.75 0.28125
246000 11.73076923076923 0.25
248000 11.807692307692308 0.28125
250000 11.903846153846153 0.296875
252000 11.903846153846153 0.34375
254000 11.711538461538462 0.484375
256000 11.711538461538462 0.265625
258000 11.903846153846153 0.28125
260000 11.76923076923077 0.234375
262000 11.846153846153847 0.25
264000 11.807692307692308 0.265625
266000 11.826923076923077 0.328125
268000 11.884615384615385 0.28125
270000 11.903846153846153 0.265625
272000 11.942307692307692 0.296875
274000 11.942307692307692 0.46875
276000 11.903846153846153 0.4375
278000 11.903846153846153 0.421875
280000 11.807692307692308 0.28125
282000 11.865384615384615 0.25
284000 11.903846153846153 0.421875
286000 11.826923076923077 0.3125
288000 11.826923076923077 0.265625
290000 11.76923076923077 0.28125
292000 11.76923076923077 0.296875
294000 11.807692307692308 0.265625
296000 11.711538461538462 0.265625
298000 11.76923076923077 0.296875
300000 11.846153846153847 0.265625
302000 11.826923076923077 0.296875
304000 11.846153846153847 0.265625
306000 11.903846153846153 0.28125
308000 11.76923076923077 0.296875
310000 11.75 0.296875
312000 11.711538461538462 0.265625
314000 11.692307692307692 0.25
316000 11.75 0.421875
318000 11.788461538461538 0.296875
320000 11.807692307692308 0.265625
322000 11.807692307692308 0.3125
324000 11.76923076923077 0.28125
326000 11.75 0.265625
328000 11.75 0.28125
330000 11.788461538461538 0.4375
332000 11.673076923076923 0.328125
334000 11.76923076923077 0.28125
336000 11.73076923076923 0.265625
338000 11.788461538461538 0.359375
340000 11.73076923076923 0.4375
342000 11.73076923076923 0.28125
344000 11.73076923076923 0.265625
346000 11.788461538461538 0.234375
348000 11.807692307692308 0.28125
350000 11.788461538461538 0.265625
352000 11.846153846153847 0.296875
354000 11.884615384615385 0.28125
356000 11.865384615384615 0.28125
358000 11.826923076923077 0.28125
360000 11.846153846153847 0.296875
362000 11.76923076923077 0.328125
364000 11.788461538461538 0.34375
366000 11.76923076923077 0.328125
368000 11.788461538461538 0.3125
370000 11.788461538461538 0.375
372000 11.826923076923077 0.296875
374000 11.76923076923077 0.328125
376000 11.73076923076923 0.296875
378000 11.807692307692308 0.328125
380000 11.788461538461538 0.328125
382000 11.826923076923077 0.359375
384000 11.788461538461538 0.328125
386000 11.788461538461538 0.34375
388000 11.788461538461538 0.328125
390000 11.903846153846153 0.328125
392000 11.903846153846153 0.328125
394000 11.923076923076923 0.328125
396000 11.942307692307692 0.34375
398000 11.903846153846153 0.359375
400000 11.961538461538462 0.34375
402000 11.942307692307692 0.3125
404000 11.942307692307692 0.28125
406000 11.942307692307692 0.28125
408000 11.865384615384615 0.28125
410000 11.903846153846153 0.28125
412000 11.961538461538462 0.25
414000 11.865384615384615 0.28125
416000 11.923076923076923 0.296875
418000 11.961538461538462 0.296875
420000 11.903846153846153 0.28125
422000 11.884615384615385 0.3125
424000 11.865384615384615 0.390625
426000 11.923076923076923 0.484375
428000 11.923076923076923 0.296875
430000 11.884615384615385 0.3125
432000 11.884615384615385 0.3125
434000 11.846153846153847 0.34375
436000 11.923076923076923 0.328125
438000 11.826923076923077 0.34375
440000 11.846153846153847 0.328125
442000 11.846153846153847 0.34375
444000 11.826923076923077 0.296875
446000 11.903846153846153 0.28125
448000 11.75 0.34375
450000 11.846153846153847 0.34375
452000 11.76923076923077 0.34375
454000 11.865384615384615 0.328125
456000 11.846153846153847 0.328125
458000 11.903846153846153 0.328125
460000 11.903846153846153 0.328125
462000 11.788461538461538 0.34375
464000 11.826923076923077 0.328125
466000 11.884615384615385 0.359375
468000 11.903846153846153 0.328125
470000 12.0 0.328125
472000 11.98076923076923 0.28125
474000 11.942307692307692 0.328125
476000 11.942307692307692 0.296875
478000 11.903846153846153 0.296875
480000 11.961538461538462 0.3125
482000 11.788461538461538 0.359375
484000 11.865384615384615 0.25
486000 11.903846153846153 0.328125
488000 11.865384615384615 0.296875
490000 11.865384615384615 0.265625
492000 11.942307692307692 0.359375
494000 11.961538461538462 0.3125
496000 11.942307692307692 0.328125
498000 11.98076923076923 0.1875
500000 11.942307692307692 0.1875
