2000 6.0 0.34375
4000 8.346153846153847 0.3125
6000 9.807692307692308 0.421875
8000 10.865384615384615 0.390625
10000 10.865384615384615 0.515625
12000 10.865384615384615 0.328125
14000 10.865384615384615 0.28125
16000 11.538461538461538 0.28125
18000 11.538461538461538 0.359375
20000 11.596153846153847 0.4375
22000 11.596153846153847 0.3125
24000 11.596153846153847 0.296875
26000 11.596153846153847 0.3125
28000 11.596153846153847 0.328125
30000 11.596153846153847 0.375
32000 11.596153846153847 0.28125
34000 11.596153846153847 0.28125
36000 11.596153846153847 0.328125
38000 11.596153846153847 0.3125
40000 11.596153846153847 0.390625
42000 11.596153846153847 0.46875
44000 11.596153846153847 0.296875
46000 11.51923076923077 0.3125
48000 11.692307692307692 0.296875
50000 11.692307692307692 0.328125
52000 11.692307692307692 0.453125
54000 11.692307692307692 0.296875
56000 11.75 0.296875
58000 11.903846153846153 0.296875
60000 11.75 0.296875
62000 11.903846153846153 0.4375
64000 11.846153846153847 0.25
66000 11.903846153846153 0.28125
68000 11.884615384615385 0.40625
70000 11.884615384615385 0.359375
72000 11.903846153846153 0.484375
74000 11.884615384615385 0.453125
76000 11.884615384615385 0.40625
78000 11.884615384615385 0.296875
80000 11.903846153846153 0.28125
82000 11.884615384615385 0.390625
84000 11.884615384615385 0.484375
86000 11.884615384615385 0.421875
88000 11.884615384615385 0.28125
90000 11.884615384615385 0.28125
92000 11.903846153846153 0.3125
94000 11.846153846153847 0.421875
96000 11.903846153846153 0.125
98000 11.884615384615385 0.34375
100000 11.692307692307692 0.28125
102000 11.884615384615385 0.296875
104000 11.865384615384615 0.4375
106000 11.903846153846153 0.484375
108000 11.807692307692308 0.296875
110000 11.903846153846153 0.296875
112000 11.884615384615385 0.3125
114000 11.846153846153847 0.359375
116000 11.884615384615385 0.4375
118000 11.884615384615385 0.28125
120000 11.75 0.28125
122000 11.923076923076923 0.28125
124000 11.865384615384615 0.328125
126000 11.903846153846153 0.453125
128000 11.75 0.296875
130000 11.788461538461538 0.296875
132000 11.615384615384615 0.359375
134000 11.615384615384615 0.328125
136000 11.326923076923077 0.4375
138000 11.403846153846153 0.421875
140000 11.461538461538462 0.28125
142000 11.75 0.28125
144000 11.923076923076923 0.296875
146000 11.692307692307692 0.4375
148000 11.884615384615385 0.421875
150000 11.961538461538462 0.265625
152000 11.923076923076923 0.265625
154000 11.711538461538462 0.328125
156000 11.711538461538462 0.328125
158000 11.807692307692308 0.4375
160000 11.75 0.28125
162000 11.826923076923077 0.3125
164000 11.5 0.296875
166000 11.653846153846153 0.296875
168000 11.884615384615385 0.5
170000 11.653846153846153 0.484375
172000 11.846153846153847 0.3125
174000 11.76923076923077 0.28125
176000 11.903846153846153 0.3125
178000 11.884615384615385 0.3125
180000 11.788461538461538 0.453125
182000 11.884615384615385 0.296875
184000 11.942307692307692 0.328125
186000 11.788461538461538 0.28125
188000 11.615384615384615 0.328125
190000 11.653846153846153 0.421875
192000 11.692307692307692 0.296875
194000 12.076923076923077 0.28125
196000 11.711538461538462 0.296875
198000 11.826923076923077 0.3125
200000 11.923076923076923 0.375
202000 11.788461538461538 0.453125
204000 11.846153846153847 0.296875
206000 11.942307692307692 0.28125
208000 11.673076923076923 0.3125
210000 11.903846153846153 0.328125
212000 12.01923076923077 0.453125
214000 11.634615384615385 0.296875
216000 11.461538461538462 0.265625
218000 11.826923076923077 0.265625
220000 11.846153846153847 0.3125
222000 11.807692307692308 0.46875
224000 11.98076923076923 0.34375
226000 12.115384615384615 0.296875
228000 12.153846153846153 0.28125
230000 12.153846153846153 0.453125
232000 12.038461538461538 0.40625
234000 12.211538461538462 0.484375
236000 12.211538461538462 0.4375
238000 12.134615384615385 0.328125
240000 12.26923076923077 0.328125
242000 12.153846153846153 0.34375
244000 12.192307692307692 0.5
246000 12.0 0.296875
248000 12.076923076923077 0.375
250000 12.26923076923077 0.3125
252000 12.26923076923077 0.296875
254000 12.48076923076923 0.4375
256000 12.48076923076923 0.28125
258000 12.134615384615385 0.28125
260000 12.134615384615385 0.328125
262000 12.25 0.359375
264000 12.26923076923077 0.375
266000 12.134615384615385 0.46875
268000 12.346153846153847 0.265625
270000 12.346153846153847 0.296875
272000 12.365384615384615 0.3125
274000 12.403846153846153 0.296875
276000 12.48076923076923 0.46875
278000 12.403846153846153 0.28125
280000 12.25 0.3125
282000 12.288461538461538 0.28125
284000 12.326923076923077 0.296875
286000 12.307692307692308 0.40625
288000 12.153846153846153 0.296875
290000 12.346153846153847 0.265625
292000 12.153846153846153 0.34375
294000 12.346153846153847 0.296875
296000 12.211538461538462 0.390625
298000 12.365384615384615 0.328125
300000 12.153846153846153 0.265625
302000 12.134615384615385 0.328125
304000 12.076923076923077 0.34375
306000 12.211538461538462 0.34375
308000 12.26923076923077 0.46875
310000 12.173076923076923 0.34375
312000 12.096153846153847 0.375
314000 12.192307692307692 0.3125
316000 12.192307692307692 0.3125
318000 12.192307692307692 0.4375
320000 12.115384615384615 0.453125
322000 11.865384615384615 0.28125
324000 11.807692307692308 0.40625
326000 12.326923076923077 0.34375
328000 12.326923076923077 0.40625
330000 12.403846153846153 0.484375
332000 12.211538461538462 0.3125
334000 12.307692307692308 0.296875
336000 12.096153846153847 0.328125
338000 12.211538461538462 0.4375
340000 12.346153846153847 0.453125
342000 12.134615384615385 0.328125
344000 12.038461538461538 0.328125
346000 12.211538461538462 0.359375
348000 12.173076923076923 0.34375
350000 12.26923076923077 0.484375
352000 12.307692307692308 0.46875
354000 11.846153846153847 0.359375
356000 12.192307692307692 0.453125
358000 11.51923076923077 0.40625
360000 12.038461538461538 0.484375
362000 12.153846153846153 0.484375
364000 12.115384615384615 0.328125
366000 12.26923076923077 0.3125
368000 12.096153846153847 0.296875
370000 11.903846153846153 0.34375
372000 12.076923076923077 0.40625
374000 12.211538461538462 0.4375
376000 12.307692307692308 0.21875
378000 12.26923076923077 0.203125
380000 12.211538461538462 0.40625
382000 12.25 0.375
384000 12.211538461538462 0.203125
386000 12.26923076923077 0.21875
388000 12.173076923076923 0.203125
390000 12.134615384615385 0.3125
392000 12.096153846153847 0.359375
394000 12.23076923076923 0.375
396000 11.884615384615385 0.234375
398000 12.192307692307692 0.234375
400000 12.23076923076923 0.265625
402000 12.307692307692308 0.3125
404000 12.211538461538462 0.40625
406000 12.365384615384615 0.25
408000 12.307692307692308 0.234375
410000 12.211538461538462 0.25
412000 12.23076923076923 0.390625
414000 12.25 0.359375
416000 12.25 0.21875
418000 12.384615384615385 0.203125
420000 12.23076923076923 0.234375
422000 12.076923076923077 0.28125
424000 11.961538461538462 0.328125
426000 12.057692307692308 0.421875
428000 11.826923076923077 0.234375
430000 11.884615384615385 0.3125
432000 12.173076923076923 0.328125
434000 12.096153846153847 0.359375
436000 12.26923076923077 0.421875
438000 12.057692307692308 0.203125
440000 12.173076923076923 0.21875
442000 12.23076923076923 0.25
444000 12.288461538461538 0.234375
446000 12.288461538461538 0.34375
448000 12.23076923076923 0.234375
450000 12.211538461538462 0.234375
452000 12.23076923076923 0.21875
454000 12.25 0.28125
456000 12.23076923076923 0.359375
458000 12.326923076923077 0.421875
460000 12.26923076923077 0.21875
462000 12.26923076923077 0.234375
464000 12.326923076923077 0.25
466000 12.26923076923077 0.328125
468000 12.26923076923077 0.53125
470000 12.25 0.234375
472000 12.26923076923077 0.203125
474000 12.26923076923077 0.234375
476000 12.26923076923077 0.28125
478000 12.25 0.34375
480000 12.25 0.234375
482000 12.25 0.234375
484000 12.288461538461538 0.28125
486000 12.288461538461538 0.25
488000 12.288461538461538 0.375
490000 12.288461538461538 0.375
492000 12.26923076923077 0.234375
494000 12.288461538461538 0.203125
496000 12.25 0.296875
498000 12.26923076923077 0.34375
500000 12.26923076923077 0.5625
