2000 0.34615384615384615 0.890625
4000 1.0192307692307692 0.71875
6000 1.0769230769230769 0.90625
8000 1.6538461538461537 0.703125
10000 1.8461538461538463 0.734375
12000 5.980769230769231 0.671875
14000 8.23076923076923 0.75
16000 8.442307692307692 0.546875
18000 8.403846153846153 0.734375
20000 8.26923076923077 1.21875
22000 8.865384615384615 0.875
24000 9.096153846153847 0.84375
26000 9.596153846153847 1.0625
28000 9.538461538461538 0.84375
30000 9.23076923076923 0.859375
32000 9.288461538461538 1.109375
34000 9.403846153846153 1.0625
36000 9.23076923076923 1.015625
38000 9.403846153846153 1.09375
40000 9.5 0.890625
42000 9.5 1.0625
44000 9.5 1.0
46000 9.596153846153847 0.875
48000 9.538461538461538 0.84375
50000 9.442307692307692 1.0625
52000 9.634615384615385 0.890625
54000 9.538461538461538 0.890625
56000 9.538461538461538 0.84375
58000 9.5 0.890625
60000 9.538461538461538 0.90625
62000 9.538461538461538 1.125
64000 9.538461538461538 1.328125
66000 9.538461538461538 0.875
68000 9.538461538461538 1.15625
70000 9.5 0.890625
72000 9.615384615384615 0.875
74000 9.826923076923077 1.359375
76000 9.73076923076923 0.90625
78000 9.48076923076923 0.921875
80000 9.442307692307692 1.0625
82000 9.26923076923077 0.875
84000 9.615384615384615 1.125
86000 9.711538461538462 1.375
88000 9.442307692307692 1.453125
90000 9.653846153846153 1.40625
92000 9.826923076923077 1.484375
94000 9.711538461538462 1.046875
96000 9.711538461538462 1.0
98000 9.673076923076923 1.5
100000 9.653846153846153 1.46875
102000 9.711538461538462 1.140625
104000 9.51923076923077 0.890625
106000 9.711538461538462 1.1875
108000 9.865384615384615 0.875
110000 9.826923076923077 1.109375
112000 9.826923076923077 1.109375
114000 9.711538461538462 1.03125
116000 9.826923076923077 0.953125
118000 9.826923076923077 0.90625
120000 9.711538461538462 0.890625
122000 9.596153846153847 1.1875
124000 9.51923076923077 0.875
126000 9.73076923076923 1.15625
128000 10.461538461538462 1.203125
130000 11.788461538461538 1.171875
132000 11.51923076923077 0.859375
134000 12.038461538461538 1.15625
136000 12.0 0.953125
138000 11.846153846153847 0.921875
140000 11.942307692307692 0.859375
142000 12.038461538461538 1.140625
144000 12.057692307692308 0.90625
146000 12.0 0.859375
148000 12.057692307692308 0.96875
150000 12.23076923076923 0.875
152000 12.038461538461538 0.9375
154000 11.923076923076923 0.921875
156000 12.01923076923077 0.890625
158000 11.961538461538462 0.890625
160000 11.942307692307692 0.890625
162000 11.98076923076923 0.890625
164000 11.76923076923077 0.828125
166000 11.576923076923077 0.890625
168000 11.942307692307692 0.890625
170000 11.692307692307692 1.03125
172000 11.826923076923077 0.875
174000 12.0 1.140625
176000 11.865384615384615 0.859375
178000 11.961538461538462 0.859375
180000 11.961538461538462 0.90625
182000 11.884615384615385 1.109375
184000 12.076923076923077 0.90625
186000 11.961538461538462 0.90625
188000 12.01923076923077 0.890625
190000 12.01923076923077 0.84375
192000 11.846153846153847 0.96875
194000 11.865384615384615 1.03125
196000 11.692307692307692 0.890625
198000 11.634615384615385 0.859375
200000 11.961538461538462 0.90625
202000 11.961538461538462 1.046875
204000 12.038461538461538 0.890625
206000 11.942307692307692 0.859375
208000 12.01923076923077 1.359375
210000 11.711538461538462 1.40625
212000 11.846153846153847 1.078125
214000 11.403846153846153 0.828125
216000 11.884615384615385 0.828125
218000 11.865384615384615 1.1875
220000 11.903846153846153 0.921875
222000 11.576923076923077 0.84375
224000 12.153846153846153 0.8125
226000 12.076923076923077 0.828125
228000 11.865384615384615 0.8125
230000 11.653846153846153 0.84375
232000 10.75 1.140625
234000 11.923076923076923 0.9375
236000 11.961538461538462 0.828125
238000 11.846153846153847 0.921875
240000 11.634615384615385 0.875
242000 11.961538461538462 0.984375
244000 12.0 0.90625
246000 12.0 0.96875
248000 12.057692307692308 0.828125
250000 11.903846153846153 0.84375
252000 12.057692307692308 1.375
254000 12.057692307692308 1.03125
256000 12.153846153846153 0.84375
258000 12.23076923076923 0.8125
260000 11.884615384615385 1.25
262000 11.826923076923077 0.828125
264000 11.961538461538462 1.0
266000 12.192307692307692 1.03125
268000 12.25 0.859375
270000 12.115384615384615 1.03125
272000 12.211538461538462 1.109375
274000 12.115384615384615 1.171875
276000 12.096153846153847 0.96875
278000 11.73076923076923 1.203125
280000 12.01923076923077 0.84375
282000 12.25 0.859375
284000 11.903846153846153 1.265625
286000 12.115384615384615 0.90625
288000 12.076923076923077 0.90625
290000 11.942307692307692 1.046875
292000 12.26923076923077 1.28125
294000 12.288461538461538 1.1875
296000 12.326923076923077 0.828125
298000 12.26923076923077 1.0625
300000 12.346153846153847 0.84375
302000 12.25 0.921875
304000 12.038461538461538 1.15625
306000 12.01923076923077 0.921875
308000 11.596153846153847 0.90625
310000 12.153846153846153 0.875
312000 12.01923076923077 0.875
314000 11.326923076923077 0.90625
316000 12.288461538461538 0.921875
318000 12.211538461538462 1.078125
320000 12.211538461538462 1.234375
322000 12.076923076923077 0.875
324000 11.846153846153847 1.125
326000 11.73076923076923 0.984375
328000 11.942307692307692 1.140625
330000 12.01923076923077 1.21875
332000 12.096153846153847 0.875
334000 11.903846153846153 1.09375
336000 11.98076923076923 0.90625
338000 12.23076923076923 0.859375
340000 12.25 0.96875
342000 12.288461538461538 0.859375
344000 12.173076923076923 1.140625
346000 12.057692307692308 1.078125
348000 12.096153846153847 0.90625
350000 12.134615384615385 1.203125
352000 11.903846153846153 0.921875
354000 12.076923076923077 0.90625
356000 12.096153846153847 0.953125
358000 12.23076923076923 0.921875
360000 12.26923076923077 0.921875
362000 12.076923076923077 1.09375
364000 12.23076923076923 0.875
366000 12.26923076923077 0.875
368000 12.153846153846153 0.875
370000 11.942307692307692 1.203125
372000 12.096153846153847 0.953125
374000 12.26923076923077 0.9375
376000 12.288461538461538 1.1875
378000 12.403846153846153 0.890625
380000 12.153846153846153 0.875
382000 12.038461538461538 0.921875
384000 12.25 1.140625
386000 12.173076923076923 0.890625
388000 11.846153846153847 0.9375
390000 12.0 0.9375
392000 12.23076923076923 0.875
394000 11.73076923076923 1.03125
396000 12.096153846153847 0.90625
398000 11.903846153846153 0.859375
400000 11.923076923076923 0.96875
402000 12.134615384615385 0.890625
404000 12.153846153846153 0.875
406000 12.096153846153847 1.171875
408000 12.211538461538462 0.875
410000 12.115384615384615 0.90625
412000 12.0 0.96875
414000 12.01923076923077 0.90625
416000 12.076923076923077 0.90625
418000 12.038461538461538 0.875
420000 11.903846153846153 1.09375
422000 12.134615384615385 0.875
424000 12.26923076923077 0.84375
426000 12.26923076923077 1.203125
428000 12.153846153846153 0.90625
430000 12.173076923076923 0.90625
432000 12.288461538461538 1.203125
434000 12.173076923076923 1.359375
436000 12.134615384615385 0.96875
438000 12.076923076923077 1.25
440000 12.038461538461538 0.9375
442000 12.038461538461538 0.890625
444000 12.038461538461538 0.90625
446000 12.038461538461538 0.96875
448000 12.153846153846153 0.90625
450000 12.01923076923077 1.203125
452000 12.134615384615385 0.953125
454000 12.25 1.03125
456000 11.98076923076923 0.9375
458000 12.153846153846153 1.09375
460000 12.192307692307692 0.9375
462000 12.23076923076923 0.859375
464000 12.326923076923077 0.875
466000 12.326923076923077 0.875
468000 12.365384615384615 0.90625
470000 12.346153846153847 1.09375
472000 12.326923076923077 1.140625
474000 12.26923076923077 1.09375
476000 12.26923076923077 1.125
478000 12.192307692307692 0.828125
480000 12.192307692307692 1.1875
482000 12.26923076923077 1.0625
484000 12.096153846153847 0.921875
486000 12.115384615384615 0.921875
488000 12.134615384615385 1.1875
490000 12.038461538461538 1.0625
492000 12.134615384615385 0.921875
494000 12.057692307692308 0.9375
496000 12.115384615384615 0.921875
498000 12.192307692307692 1.265625
500000 12.288461538461538 0.96875
