2000 0.4807692307692308 0.21875
4000 1.1346153846153846 0.265625
6000 1.9038461538461537 0.359375
8000 2.9423076923076925 0.484375
10000 3.5 0.578125
12000 7.673076923076923 0.578125
14000 9.173076923076923 0.4375
16000 9.673076923076923 0.375
18000 9.615384615384615 0.546875
20000 9.961538461538462 0.5625
22000 11.403846153846153 0.34375
24000 11.692307692307692 0.484375
26000 11.73076923076923 0.390625
28000 11.73076923076923 0.375
30000 11.788461538461538 0.40625
32000 11.365384615384615 0.40625
34000 11.596153846153847 0.46875
36000 11.596153846153847 0.40625
38000 11.461538461538462 0.5
40000 11.5 0.5
42000 11.596153846153847 0.59375
44000 11.673076923076923 0.40625
46000 11.884615384615385 0.40625
48000 11.923076923076923 0.640625
50000 11.76923076923077 0.484375
52000 11.557692307692308 0.5625
54000 11.576923076923077 0.4375
56000 11.884615384615385 0.390625
58000 11.942307692307692 0.4375
60000 11.576923076923077 0.453125
62000 11.884615384615385 0.5
64000 11.903846153846153 0.453125
66000 11.75 0.359375
68000 11.788461538461538 0.390625
70000 11.711538461538462 0.421875
72000 11.865384615384615 0.578125
74000 11.788461538461538 0.609375
76000 11.711538461538462 0.421875
78000 11.653846153846153 0.4375
80000 11.692307692307692 0.421875
82000 11.846153846153847 0.53125
84000 11.865384615384615 0.5625
86000 11.865384615384615 0.328125
88000 11.76923076923077 0.421875
90000 11.961538461538462 0.421875
92000 11.98076923076923 0.4375
94000 11.807692307692308 0.546875
96000 11.576923076923077 0.40625
98000 11.365384615384615 0.359375
100000 11.615384615384615 0.359375
102000 11.942307692307692 0.421875
104000 11.923076923076923 0.578125
106000 11.807692307692308 0.59375
108000 11.75 0.34375
110000 11.76923076923077 0.421875
112000 11.865384615384615 0.578125
114000 11.634615384615385 0.421875
116000 11.903846153846153 0.484375
118000 11.884615384615385 0.625
120000 11.903846153846153 0.375
122000 11.942307692307692 0.421875
124000 11.865384615384615 0.5625
126000 11.903846153846153 0.515625
128000 11.75 0.484375
130000 11.788461538461538 0.40625
132000 11.846153846153847 0.40625
134000 11.788461538461538 0.5625
136000 11.826923076923077 0.453125
138000 11.692307692307692 0.546875
140000 11.788461538461538 0.421875
142000 11.961538461538462 0.390625
144000 11.923076923076923 0.5
146000 11.884615384615385 0.546875
148000 12.076923076923077 0.546875
150000 11.942307692307692 0.390625
152000 12.076923076923077 0.40625
154000 11.903846153846153 0.40625
156000 12.038461538461538 0.5
158000 12.134615384615385 0.46875
160000 11.865384615384615 0.40625
162000 11.846153846153847 0.40625
164000 12.057692307692308 0.40625
166000 11.711538461538462 0.53125
168000 11.923076923076923 0.484375
170000 12.076923076923077 0.59375
172000 12.076923076923077 0.375
174000 11.884615384615385 0.390625
176000 11.807692307692308 0.4375
178000 11.884615384615385 0.4375
180000 11.884615384615385 0.53125
182000 12.038461538461538 0.375
184000 12.01923076923077 0.484375
186000 12.038461538461538 0.390625
188000 12.115384615384615 0.40625
190000 12.096153846153847 0.484375
192000 12.134615384615385 0.40625
194000 12.096153846153847 0.421875
196000 12.134615384615385 0.484375
198000 12.192307692307692 0.328125
200000 11.942307692307692 0.40625
202000 12.096153846153847 0.5625
204000 12.038461538461538 0.390625
206000 12.115384615384615 0.359375
208000 11.942307692307692 0.5
210000 12.01923076923077 0.375
212000 12.057692307692308 0.546875
214000 12.01923076923077 0.390625
216000 12.076923076923077 0.375
218000 12.134615384615385 0.34375
220000 12.01923076923077 0.515625
222000 12.038461538461538 0.46875
224000 12.076923076923077 0.40625
226000 12.0 0.40625
228000 11.942307692307692 0.390625
230000 11.942307692307692 0.453125
232000 12.076923076923077 0.46875
234000 12.038461538461538 0.578125
236000 11.826923076923077 0.390625
238000 12.01923076923077 0.359375
240000 11.903846153846153 0.40625
242000 11.807692307692308 0.390625
244000 12.057692307692308 0.5625
246000 12.076923076923077 0.375
248000 12.076923076923077 0.359375
250000 11.846153846153847 0.375
252000 11.98076923076923 0.40625
254000 11.942307692307692 0.53125
256000 12.01923076923077 0.453125
258000 12.0 0.375
260000 12.076923076923077 0.390625
262000 12.01923076923077 0.390625
264000 12.076923076923077 0.484375
266000 12.057692307692308 0.578125
268000 11.903846153846153 0.4375
270000 11.865384615384615 0.390625
272000 12.096153846153847 0.40625
274000 12.096153846153847 0.4375
276000 11.98076923076923 0.5
278000 11.865384615384615 0.40625
280000 11.634615384615385 0.5
282000 11.942307692307692 0.375
284000 11.865384615384615 0.390625
286000 12.01923076923077 0.4375
288000 12.057692307692308 0.4375
290000 11.98076923076923 0.359375
292000 12.0 0.359375
294000 12.0 0.5
296000 12.134615384615385 0.453125
298000 11.961538461538462 0.546875
300000 12.096153846153847 0.359375
302000 12.153846153846153 0.375
304000 12.01923076923077 0.359375
306000 12.057692307692308 0.515625
308000 12.115384615384615 0.53125
310000 12.211538461538462 0.40625
312000 11.923076923076923 0.421875
314000 11.942307692307692 0.40625
316000 12.26923076923077 0.421875
318000 12.134615384615385 0.625
320000 12.038461538461538 0.375
322000 11.884615384615385 0.40625
324000 11.865384615384615 0.390625
326000 11.826923076923077 0.40625
328000 11.865384615384615 0.4375
330000 12.01923076923077 0.609375
332000 12.0 0.53125
334000 12.23076923076923 0.390625
336000 12.096153846153847 0.359375
338000 12.25 0.375
340000 12.173076923076923 0.484375
342000 12.096153846153847 0.375
344000 12.288461538461538 0.375
346000 12.25 0.375
348000 12.211538461538462 0.390625
350000 12.01923076923077 0.578125
352000 12.076923076923077 0.375
354000 11.903846153846153 0.34375
356000 12.01923076923077 0.3125
358000 11.923076923076923 0.34375
360000 11.615384615384615 0.453125
362000 12.0 0.53125
364000 12.01923076923077 0.375
366000 12.134615384615385 0.3125
368000 12.153846153846153 0.328125
370000 12.115384615384615 0.375
372000 12.153846153846153 0.5625
374000 11.923076923076923 0.4375
376000 12.25 0.390625
378000 12.153846153846153 0.359375
380000 12.211538461538462 0.34375
382000 12.23076923076923 0.453125
384000 12.26923076923077 0.390625
386000 12.211538461538462 0.40625
388000 12.134615384615385 0.4375
390000 12.038461538461538 0.5
392000 12.173076923076923 0.40625
394000 12.211538461538462 0.546875
396000 12.211538461538462 0.4375
398000 12.173076923076923 0.46875
400000 12.096153846153847 0.34375
402000 12.096153846153847 0.53125
404000 12.115384615384615 0.421875
406000 12.288461538461538 0.421875
408000 12.26923076923077 0.421875
410000 12.25 0.40625
412000 12.211538461538462 0.59375
414000 12.173076923076923 0.453125
416000 12.173076923076923 0.375
418000 12.153846153846153 0.421875
420000 12.25 0.421875
422000 12.173076923076923 0.375
424000 12.23076923076923 0.546875
426000 12.26923076923077 0.609375
428000 12.211538461538462 0.46875
430000 12.26923076923077 0.375
432000 12.192307692307692 0.390625
434000 12.211538461538462 0.46875
436000 12.23076923076923 0.59375
438000 12.25 0.484375
440000 12.115384615384615 0.375
442000 12.211538461538462 0.375
444000 12.192307692307692 0.4375
446000 12.26923076923077 0.484375
448000 12.25 0.5
450000 12.25 0.453125
452000 12.288461538461538 0.40625
454000 12.23076923076923 0.390625
456000 12.211538461538462 0.40625
458000 12.211538461538462 0.578125
460000 12.134615384615385 0.5
462000 12.134615384615385 0.40625
464000 12.115384615384615 0.46875
466000 12.26923076923077 0.421875
468000 12.211538461538462 0.546875
470000 12.211538461538462 0.515625
472000 12.23076923076923 0.390625
474000 12.192307692307692 0.375
476000 12.23076923076923 0.40625
478000 12.23076923076923 0.453125
480000 12.211538461538462 0.40625
482000 12.211538461538462 0.453125
484000 12.076923076923077 0.375
486000 12.076923076923077 0.375
488000 12.076923076923077 0.421875
490000 12.096153846153847 0.53125
492000 12.096153846153847 0.53125
494000 12.153846153846153 0.40625
496000 12.115384615384615 0.421875
498000 12.115384615384615 0.4375
500000 12.115384615384615 0.53125
