2000 0.5192307692307693 0.203125
4000 1.5769230769230769 0.265625
6000 2.4038461538461537 0.203125
8000 2.3076923076923075 0.328125
10000 2.326923076923077 0.453125
12000 2.3076923076923075 0.359375
14000 7.788461538461538 0.296875
16000 7.9423076923076925 0.296875
18000 9.576923076923077 0.453125
20000 10.173076923076923 0.453125
22000 10.076923076923077 0.34375
24000 10.01923076923077 0.265625
26000 11.634615384615385 0.359375
28000 11.884615384615385 0.34375
30000 11.903846153846153 0.453125
32000 11.846153846153847 0.265625
34000 11.73076923076923 0.28125
36000 11.826923076923077 0.296875
38000 11.51923076923077 0.25
40000 11.826923076923077 0.375
42000 11.846153846153847 0.5
44000 11.846153846153847 0.3125
46000 11.903846153846153 0.265625
48000 11.884615384615385 0.265625
50000 11.884615384615385 0.40625
52000 11.846153846153847 0.453125
54000 11.51923076923077 0.34375
56000 11.711538461538462 0.328125
58000 11.846153846153847 0.28125
60000 11.826923076923077 0.375
62000 11.903846153846153 0.421875
64000 11.826923076923077 0.296875
66000 11.903846153846153 0.28125
68000 11.903846153846153 0.328125
70000 11.903846153846153 0.328125
72000 11.903846153846153 0.390625
74000 11.865384615384615 0.4375
76000 11.865384615384615 0.265625
78000 11.903846153846153 0.328125
80000 11.788461538461538 0.28125
82000 11.711538461538462 0.421875
84000 11.76923076923077 0.453125
86000 11.692307692307692 0.34375
88000 11.826923076923077 0.328125
90000 11.884615384615385 0.40625
92000 11.788461538461538 0.421875
94000 11.826923076923077 0.359375
96000 11.98076923076923 0.328125
98000 11.865384615384615 0.28125
100000 11.961538461538462 0.28125
102000 11.75 0.28125
104000 11.884615384615385 0.375
106000 11.711538461538462 0.46875
108000 12.01923076923077 0.28125
110000 12.307692307692308 0.5
112000 12.288461538461538 0.328125
114000 12.26923076923077 0.328125
116000 12.307692307692308 0.46875
118000 12.288461538461538 0.296875
120000 12.153846153846153 0.296875
122000 12.326923076923077 0.296875
124000 12.346153846153847 0.328125
126000 12.096153846153847 0.40625
128000 12.326923076923077 0.296875
130000 12.326923076923077 0.28125
132000 12.288461538461538 0.453125
134000 12.288461538461538 0.3125
136000 12.038461538461538 0.421875
138000 12.26923076923077 0.484375
140000 12.23076923076923 0.296875
142000 12.211538461538462 0.3125
144000 12.307692307692308 0.28125
146000 12.615384615384615 0.375
148000 12.346153846153847 0.453125
150000 12.557692307692308 0.28125
152000 12.51923076923077 0.296875
154000 12.442307692307692 0.296875
156000 12.576923076923077 0.328125
158000 12.403846153846153 0.375
160000 12.557692307692308 0.265625
162000 12.538461538461538 0.296875
164000 12.26923076923077 0.28125
166000 12.557692307692308 0.328125
168000 12.615384615384615 0.359375
170000 12.346153846153847 0.515625
172000 12.615384615384615 0.296875
174000 12.538461538461538 0.296875
176000 12.461538461538462 0.34375
178000 12.5 0.375
180000 12.5 0.453125
182000 12.5 0.296875
184000 12.26923076923077 0.265625
186000 12.557692307692308 0.34375
188000 12.423076923076923 0.28125
190000 12.384615384615385 0.453125
192000 12.557692307692308 0.34375
194000 12.51923076923077 0.296875
196000 12.076923076923077 0.328125
198000 12.51923076923077 0.3125
200000 12.5 0.390625
202000 12.653846153846153 0.390625
204000 12.73076923076923 0.265625
206000 12.576923076923077 0.40625
208000 12.51923076923077 0.34375
210000 12.403846153846153 0.421875
212000 12.51923076923077 0.46875
214000 12.538461538461538 0.453125
216000 12.48076923076923 0.3125
218000 12.692307692307692 0.296875
220000 12.403846153846153 0.34375
222000 12.403846153846153 0.421875
224000 12.365384615384615 0.296875
226000 12.346153846153847 0.296875
228000 12.26923076923077 0.28125
230000 12.25 0.328125
232000 12.653846153846153 0.359375
234000 12.538461538461538 0.5
236000 12.326923076923077 0.296875
238000 12.211538461538462 0.3125
240000 12.596153846153847 0.3125
242000 12.442307692307692 0.390625
244000 12.403846153846153 0.46875
246000 12.307692307692308 0.296875
248000 12.5 0.296875
250000 12.615384615384615 0.28125
252000 12.26923076923077 0.359375
254000 12.576923076923077 0.4375
256000 12.134615384615385 0.421875
258000 12.326923076923077 0.40625
260000 12.538461538461538 0.40625
262000 12.557692307692308 0.375
264000 12.538461538461538 0.40625
266000 12.538461538461538 0.484375
268000 12.5 0.3125
270000 12.576923076923077 0.34375
272000 12.634615384615385 0.28125
274000 12.51923076923077 0.390625
276000 12.73076923076923 0.4375
278000 12.653846153846153 0.28125
280000 12.5 0.3125
282000 12.288461538461538 0.28125
284000 12.615384615384615 0.390625
286000 12.576923076923077 0.34375
288000 12.48076923076923 0.28125
290000 12.346153846153847 0.328125
292000 12.403846153846153 0.28125
294000 12.5 0.3125
296000 12.673076923076923 0.390625
298000 12.51923076923077 0.5
300000 12.538461538461538 0.3125
302000 12.653846153846153 0.3125
304000 12.576923076923077 0.296875
306000 12.442307692307692 0.34375
308000 12.557692307692308 0.46875
310000 12.461538461538462 0.328125
312000 12.634615384615385 0.296875
314000 12.384615384615385 0.34375
316000 12.576923076923077 0.3125
318000 12.48076923076923 0.40625
320000 11.98076923076923 0.28125
322000 12.576923076923077 0.28125
324000 12.461538461538462 0.296875
326000 12.461538461538462 0.296875
328000 12.442307692307692 0.40625
330000 12.576923076923077 0.5
332000 12.5 0.28125
334000 12.5 0.359375
336000 12.615384615384615 0.296875
338000 12.615384615384615 0.375
340000 12.48076923076923 0.46875
342000 12.634615384615385 0.296875
344000 12.557692307692308 0.296875
346000 12.576923076923077 0.296875
348000 12.461538461538462 0.328125
350000 12.384615384615385 0.46875
352000 12.48076923076923 0.453125
354000 12.538461538461538 0.28125
356000 12.557692307692308 0.296875
358000 12.384615384615385 0.296875
360000 12.461538461538462 0.359375
362000 12.423076923076923 0.53125
364000 12.307692307692308 0.296875
366000 12.326923076923077 0.34375
368000 12.346153846153847 0.3125
370000 12.076923076923077 0.359375
372000 12.288461538461538 0.453125
374000 12.25 0.296875
376000 12.326923076923077 0.359375
378000 12.346153846153847 0.328125
380000 12.365384615384615 0.34375
382000 12.346153846153847 0.421875
384000 12.5 0.421875
386000 12.461538461538462 0.328125
388000 12.48076923076923 0.375
390000 12.51923076923077 0.3125
392000 12.576923076923077 0.390625
394000 12.538461538461538 0.515625
396000 12.51923076923077 0.375
398000 12.538461538461538 0.296875
400000 12.48076923076923 0.3125
402000 12.653846153846153 0.359375
404000 12.403846153846153 0.46875
406000 12.384615384615385 0.296875
408000 12.423076923076923 0.390625
410000 12.442307692307692 0.328125
412000 12.596153846153847 0.28125
414000 12.307692307692308 0.5
416000 12.634615384615385 0.28125
418000 12.634615384615385 0.34375
420000 12.634615384615385 0.28125
422000 12.423076923076923 0.359375
424000 12.615384615384615 0.375
426000 12.538461538461538 0.46875
428000 12.615384615384615 0.265625
430000 12.73076923076923 0.296875
432000 12.634615384615385 0.328125
434000 12.711538461538462 0.34375
436000 12.692307692307692 0.515625
438000 12.788461538461538 0.28125
440000 12.788461538461538 0.34375
442000 12.75 0.28125
444000 12.73076923076923 0.328125
446000 12.711538461538462 0.40625
448000 12.634615384615385 0.3125
450000 12.653846153846153 0.328125
452000 12.711538461538462 0.296875
454000 12.653846153846153 0.328125
456000 12.596153846153847 0.390625
458000 12.576923076923077 0.5
460000 12.51923076923077 0.296875
462000 12.653846153846153 0.28125
464000 12.576923076923077 0.296875
466000 12.673076923076923 0.375
468000 12.673076923076923 0.484375
470000 12.634615384615385 0.296875
472000 12.692307692307692 0.328125
474000 12.634615384615385 0.3125
476000 12.692307692307692 0.390625
478000 12.634615384615385 0.453125
480000 12.615384615384615 0.34375
482000 12.5 0.296875
484000 12.596153846153847 0.28125
486000 12.692307692307692 0.34375
488000 12.615384615384615 0.4375
490000 12.615384615384615 0.546875
492000 12.673076923076923 0.296875
494000 12.673076923076923 0.34375
496000 12.673076923076923 0.296875
498000 12.673076923076923 0.328125
500000 12.673076923076923 0.453125
