2000 0.4423076923076923 0.84375
4000 0.7307692307692307 0.765625
6000 0.6923076923076923 0.765625
8000 1.6153846153846154 0.75
10000 1.4423076923076923 0.953125
12000 3.25 0.78125
14000 4.269230769230769 0.78125
16000 6.673076923076923 0.8125
18000 8.403846153846153 0.796875
20000 9.23076923076923 0.8125
22000 9.192307692307692 0.8125
24000 9.557692307692308 0.765625
26000 9.596153846153847 0.828125
28000 9.596153846153847 0.8125
30000 9.307692307692308 0.828125
32000 9.596153846153847 0.796875
34000 9.576923076923077 0.78125
36000 9.596153846153847 0.75
38000 9.596153846153847 0.796875
40000 9.403846153846153 0.875
42000 11.557692307692308 0.875
44000 11.51923076923077 0.765625
46000 11.903846153846153 0.75
48000 11.442307692307692 0.78125
50000 11.923076923076923 0.78125
52000 11.596153846153847 0.8125
54000 11.653846153846153 0.796875
56000 11.576923076923077 0.765625
58000 11.634615384615385 0.875
60000 11.942307692307692 0.84375
62000 11.846153846153847 0.796875
64000 11.942307692307692 0.8125
66000 11.673076923076923 0.8125
68000 11.923076923076923 0.75
70000 11.788461538461538 0.84375
72000 11.884615384615385 0.8125
74000 11.576923076923077 0.90625
76000 11.942307692307692 0.84375
78000 11.634615384615385 0.78125
80000 11.961538461538462 0.828125
82000 11.923076923076923 0.8125
84000 11.73076923076923 0.875
86000 11.673076923076923 0.8125
88000 11.673076923076923 0.8125
90000 11.807692307692308 0.84375
92000 12.26923076923077 0.8125
94000 12.25 0.875
96000 12.307692307692308 0.78125
98000 12.134615384615385 0.828125
100000 12.307692307692308 0.765625
102000 11.75 0.8125
104000 12.057692307692308 0.828125
106000 12.01923076923077 0.9375
108000 12.307692307692308 0.8125
110000 12.211538461538462 0.765625
112000 12.5 0.8125
114000 12.557692307692308 0.75
116000 12.346153846153847 0.84375
118000 12.25 0.796875
120000 12.307692307692308 0.78125
122000 12.288461538461538 1.078125
124000 12.307692307692308 1.0
126000 12.346153846153847 0.953125
128000 12.25 0.84375
130000 11.98076923076923 0.796875
132000 11.942307692307692 0.796875
134000 12.076923076923077 0.765625
136000 12.48076923076923 0.8125
138000 12.365384615384615 0.859375
140000 12.423076923076923 0.765625
142000 12.346153846153847 0.78125
144000 12.173076923076923 0.78125
146000 12.326923076923077 0.765625
148000 12.307692307692308 0.859375
150000 12.346153846153847 0.796875
152000 12.23076923076923 0.78125
154000 12.115384615384615 0.71875
156000 12.403846153846153 0.8125
158000 12.288461538461538 0.765625
160000 12.26923076923077 0.734375
162000 12.5 0.75
164000 12.384615384615385 0.828125
166000 12.365384615384615 0.78125
168000 12.211538461538462 0.765625
170000 12.307692307692308 1.1875
172000 12.307692307692308 0.84375
174000 12.326923076923077 0.84375
176000 12.5 0.796875
178000 12.5 0.84375
180000 12.365384615384615 1.234375
182000 12.557692307692308 0.828125
184000 12.51923076923077 0.8125
186000 12.173076923076923 0.84375
188000 12.25 1.0625
190000 12.461538461538462 0.890625
192000 12.326923076923077 0.859375
194000 12.307692307692308 0.921875
196000 12.173076923076923 1.109375
198000 12.384615384615385 0.8125
200000 12.134615384615385 1.0625
202000 12.211538461538462 1.015625
204000 12.173076923076923 0.875
206000 12.384615384615385 0.8125
208000 12.5 0.765625
210000 12.346153846153847 0.875
212000 11.923076923076923 0.90625
214000 12.288461538461538 0.8125
216000 12.173076923076923 0.765625
218000 12.26923076923077 0.796875
220000 12.403846153846153 0.828125
222000 12.288461538461538 0.78125
224000 12.365384615384615 0.8125
226000 12.211538461538462 0.8125
228000 12.25 0.84375
230000 12.26923076923077 0.828125
232000 12.115384615384615 0.84375
234000 11.942307692307692 0.859375
236000 12.23076923076923 0.875
238000 12.461538461538462 0.90625
240000 12.01923076923077 0.796875
242000 12.057692307692308 0.78125
244000 12.0 0.875
246000 11.365384615384615 0.8125
248000 12.057692307692308 0.484375
250000 12.25 0.484375
252000 12.326923076923077 0.625
254000 12.134615384615385 0.59375
256000 12.288461538461538 0.5
258000 12.0 0.5625
260000 11.923076923076923 0.53125
262000 12.057692307692308 0.515625
264000 12.115384615384615 0.609375
266000 12.26923076923077 0.96875
268000 11.884615384615385 0.828125
270000 12.038461538461538 0.84375
272000 12.461538461538462 0.796875
274000 12.346153846153847 0.921875
276000 12.365384615384615 0.8125
278000 12.288461538461538 0.828125
280000 12.48076923076923 0.828125
282000 11.884615384615385 0.765625
284000 12.134615384615385 0.90625
286000 12.365384615384615 0.828125
288000 12.5 0.765625
290000 12.48076923076923 0.828125
292000 12.442307692307692 0.796875
294000 11.846153846153847 0.796875
296000 11.865384615384615 0.796875
298000 12.23076923076923 0.9375
300000 12.211538461538462 0.75
302000 11.73076923076923 0.8125
304000 12.307692307692308 0.8125
306000 12.288461538461538 0.765625
308000 12.423076923076923 0.84375
310000 12.48076923076923 0.859375
312000 12.403846153846153 0.828125
314000 12.576923076923077 0.828125
316000 12.5 0.734375
318000 12.211538461538462 1.109375
320000 12.192307692307692 0.9375
322000 12.576923076923077 0.765625
324000 12.576923076923077 0.8125
326000 12.538461538461538 0.875
328000 12.596153846153847 0.890625
330000 12.5 1.296875
332000 11.903846153846153 1.125
334000 12.576923076923077 1.40625
336000 12.634615384615385 0.859375
338000 12.596153846153847 0.8125
340000 12.403846153846153 0.96875
342000 12.153846153846153 0.96875
344000 12.01923076923077 0.921875
346000 12.173076923076923 1.125
348000 11.903846153846153 1.1875
350000 11.557692307692308 1.078125
352000 12.326923076923077 1.0
354000 12.25 0.921875
356000 12.211538461538462 0.84375
358000 12.365384615384615 0.84375
360000 12.51923076923077 0.953125
362000 12.25 1.140625
364000 12.0 1.21875
366000 12.346153846153847 0.90625
368000 12.326923076923077 0.875
370000 11.942307692307692 0.875
372000 11.807692307692308 1.0625
374000 11.98076923076923 0.9375
376000 12.038461538461538 0.796875
378000 11.961538461538462 0.890625
380000 12.596153846153847 0.953125
382000 12.557692307692308 1.03125
384000 12.403846153846153 1.09375
386000 12.25 0.921875
388000 12.096153846153847 1.140625
390000 12.576923076923077 0.890625
392000 12.711538461538462 1.046875
394000 12.711538461538462 1.125
396000 12.692307692307692 0.984375
398000 12.653846153846153 0.96875
400000 12.346153846153847 0.953125
402000 12.596153846153847 0.921875
404000 12.48076923076923 1.078125
406000 12.75 0.75
408000 12.75 0.953125
410000 12.461538461538462 1.0625
412000 12.826923076923077 0.921875
414000 12.384615384615385 0.9375
416000 12.576923076923077 0.96875
418000 12.48076923076923 0.953125
420000 12.346153846153847 1.0
422000 12.423076923076923 0.875
424000 12.865384615384615 0.96875
426000 12.807692307692308 1.09375
428000 12.75 1.15625
430000 13.0 0.796875
432000 12.75 1.09375
434000 12.826923076923077 1.015625
436000 12.692307692307692 0.984375
438000 12.615384615384615 0.890625
440000 12.634615384615385 0.90625
442000 12.673076923076923 0.984375
444000 12.653846153846153 0.9375
446000 12.692307692307692 0.921875
448000 12.653846153846153 0.90625
450000 12.76923076923077 0.953125
452000 12.692307692307692 0.90625
454000 12.48076923076923 0.921875
456000 12.576923076923077 0.921875
458000 12.653846153846153 1.046875
460000 12.615384615384615 0.890625
462000 12.673076923076923 1.046875
464000 12.807692307692308 0.953125
466000 12.788461538461538 1.015625
468000 12.807692307692308 1.078125
470000 12.711538461538462 0.875
472000 12.76923076923077 0.828125
474000 12.76923076923077 1.0
476000 12.461538461538462 1.03125
478000 12.673076923076923 0.796875
480000 12.673076923076923 0.90625
482000 12.48076923076923 1.03125
484000 12.653846153846153 0.84375
486000 12.653846153846153 1.234375
488000 12.653846153846153 0.96875
490000 12.634615384615385 1.15625
492000 12.846153846153847 1.03125
494000 12.403846153846153 1.03125
496000 12.423076923076923 0.953125
498000 12.442307692307692 0.859375
500000 12.5 0.984375
