2000 2.8461538461538463 0.796875
4000 8.288461538461538 0.796875
6000 9.673076923076923 0.796875
8000 10.211538461538462 0.765625
10000 10.211538461538462 0.921875
12000 10.211538461538462 0.75
14000 11.538461538461538 0.765625
16000 11.5 0.765625
18000 11.48076923076923 0.765625
20000 11.653846153846153 0.796875
22000 11.596153846153847 0.734375
24000 11.692307692307692 0.796875
26000 11.692307692307692 0.796875
28000 11.634615384615385 0.8125
30000 11.76923076923077 0.796875
32000 11.884615384615385 0.796875
34000 11.884615384615385 0.796875
36000 11.884615384615385 1.1875
38000 11.692307692307692 0.828125
40000 11.788461538461538 0.765625
42000 11.884615384615385 0.9375
44000 11.788461538461538 0.75
46000 11.788461538461538 0.78125
48000 11.711538461538462 1.078125
50000 11.788461538461538 0.796875
52000 11.961538461538462 0.9375
54000 11.807692307692308 0.890625
56000 11.76923076923077 0.859375
58000 11.807692307692308 0.828125
60000 11.788461538461538 0.859375
62000 11.807692307692308 0.78125
64000 11.807692307692308 1.328125
66000 11.807692307692308 0.828125
68000 11.692307692307692 0.8125
70000 11.692307692307692 1.109375
72000 11.673076923076923 1.234375
74000 11.673076923076923 1.046875
76000 11.807692307692308 0.875
78000 11.788461538461538 1.09375
80000 11.788461538461538 1.140625
82000 11.788461538461538 0.921875
84000 11.903846153846153 0.984375
86000 11.98076923076923 0.828125
88000 11.98076923076923 0.96875
90000 11.961538461538462 0.859375
92000 11.98076923076923 0.921875
94000 12.115384615384615 0.96875
96000 12.057692307692308 0.984375
98000 12.057692307692308 0.90625
100000 12.096153846153847 1.03125
102000 12.076923076923077 0.875
104000 12.115384615384615 0.984375
106000 12.23076923076923 0.890625
108000 12.076923076923077 0.875
110000 12.01923076923077 0.875
112000 12.0 0.921875
114000 12.192307692307692 0.984375
116000 12.211538461538462 1.0625
118000 12.192307692307692 0.890625
120000 12.115384615384615 0.890625
122000 12.25 0.890625
124000 12.057692307692308 0.859375
126000 12.076923076923077 1.015625
128000 12.096153846153847 0.875
130000 12.173076923076923 1.015625
132000 12.23076923076923 0.875
134000 12.115384615384615 0.953125
136000 12.153846153846153 0.984375
138000 12.115384615384615 1.140625
140000 12.096153846153847 1.1875
142000 12.115384615384615 1.171875
144000 11.98076923076923 0.875
146000 11.846153846153847 0.9375
148000 12.192307692307692 1.015625
150000 12.25 0.984375
152000 11.961538461538462 0.921875
154000 12.134615384615385 0.90625
156000 12.25 1.109375
158000 12.211538461538462 1.046875
160000 11.98076923076923 1.015625
162000 12.192307692307692 0.9375
164000 12.01923076923077 0.96875
166000 12.173076923076923 0.8125
168000 12.038461538461538 0.921875
170000 11.807692307692308 1.015625
172000 12.153846153846153 1.203125
174000 12.115384615384615 0.921875
176000 12.01923076923077 0.796875
178000 12.192307692307692 1.0
180000 12.134615384615385 1.375
182000 12.153846153846153 0.875
184000 12.153846153846153 0.921875
186000 12.038461538461538 0.875
188000 12.076923076923077 0.796875
190000 12.26923076923077 1.015625
192000 11.923076923076923 1.25
194000 12.26923076923077 1.0625
196000 12.115384615384615 0.828125
198000 12.211538461538462 1.03125
200000 12.115384615384615 0.953125
202000 12.346153846153847 0.984375
204000 12.25 0.90625
206000 12.326923076923077 0.9375
208000 12.307692307692308 1.0625
210000 12.326923076923077 1.03125
212000 12.26923076923077 0.921875
214000 11.98076923076923 0.8125
216000 12.192307692307692 0.8125
218000 12.115384615384615 1.28125
220000 12.0 0.953125
222000 12.115384615384615 0.96875
224000 12.115384615384615 1.125
226000 12.096153846153847 1.078125
228000 12.057692307692308 1.015625
230000 12.134615384615385 0.921875
232000 12.365384615384615 1.0
234000 12.384615384615385 0.828125
236000 12.346153846153847 0.703125
238000 12.0 0.625
240000 12.192307692307692 0.78125
242000 12.442307692307692 0.796875
244000 12.403846153846153 0.75
246000 12.288461538461538 0.578125
248000 12.26923076923077 0.71875
250000 12.5 0.65625
252000 12.673076923076923 0.6875
254000 12.538461538461538 0.71875
256000 12.615384615384615 0.671875
258000 12.442307692307692 0.609375
260000 12.326923076923077 0.765625
262000 12.326923076923077 0.703125
264000 12.48076923076923 0.609375
266000 12.403846153846153 0.828125
268000 12.596153846153847 0.5625
270000 12.461538461538462 0.71875
272000 12.538461538461538 0.65625
274000 12.461538461538462 0.6875
276000 12.326923076923077 0.75
278000 12.692307692307692 0.625
280000 12.73076923076923 0.609375
282000 12.461538461538462 0.90625
284000 12.153846153846153 0.71875
286000 12.096153846153847 1.0625
288000 12.403846153846153 0.578125
290000 11.98076923076923 0.59375
292000 12.115384615384615 0.5625
294000 11.903846153846153 0.59375
296000 12.25 0.59375
298000 12.115384615384615 0.75
300000 12.115384615384615 0.671875
302000 12.403846153846153 0.5625
304000 12.307692307692308 0.65625
306000 12.326923076923077 0.65625
308000 12.403846153846153 0.78125
310000 12.346153846153847 0.625
312000 12.576923076923077 0.640625
314000 12.25 0.640625
316000 12.134615384615385 0.59375
318000 12.576923076923077 0.828125
320000 12.403846153846153 0.875
322000 12.48076923076923 0.859375
324000 12.442307692307692 0.84375
326000 12.307692307692308 0.875
328000 12.51923076923077 0.84375
330000 12.596153846153847 0.953125
332000 12.365384615384615 0.828125
334000 12.288461538461538 0.765625
336000 12.346153846153847 0.84375
338000 12.5 0.90625
340000 12.48076923076923 0.890625
342000 12.038461538461538 0.828125
344000 12.153846153846153 0.828125
346000 12.25 0.828125
348000 12.326923076923077 0.84375
350000 12.346153846153847 0.84375
352000 12.307692307692308 0.84375
354000 12.403846153846153 1.046875
356000 12.48076923076923 0.9375
358000 12.0 0.921875
360000 12.096153846153847 0.921875
362000 12.25 0.953125
364000 12.096153846153847 0.828125
366000 12.173076923076923 0.84375
368000 12.346153846153847 0.84375
370000 12.384615384615385 0.890625
372000 12.346153846153847 0.90625
374000 12.442307692307692 0.84375
376000 12.48076923076923 0.859375
378000 12.038461538461538 0.859375
380000 12.153846153846153 0.84375
382000 12.173076923076923 0.828125
384000 12.192307692307692 0.796875
386000 12.48076923076923 0.84375
388000 12.442307692307692 0.828125
390000 12.557692307692308 0.828125
392000 12.576923076923077 0.828125
394000 12.576923076923077 0.96875
396000 12.596153846153847 0.75
398000 12.576923076923077 0.859375
400000 12.346153846153847 0.875
402000 12.538461538461538 0.921875
404000 12.384615384615385 0.953125
406000 12.365384615384615 0.796875
408000 12.51923076923077 0.84375
410000 12.423076923076923 0.84375
412000 12.23076923076923 0.84375
414000 12.5 0.9375
416000 12.442307692307692 0.875
418000 12.461538461538462 0.8125
420000 12.442307692307692 0.796875
422000 12.538461538461538 0.796875
424000 12.576923076923077 0.8125
426000 12.576923076923077 1.015625
428000 12.442307692307692 0.84375
430000 12.48076923076923 0.84375
432000 12.5 1.265625
434000 12.288461538461538 0.859375
436000 12.5 0.921875
438000 12.538461538461538 1.109375
440000 12.615384615384615 0.84375
442000 12.461538461538462 0.953125
444000 12.615384615384615 0.84375
446000 12.557692307692308 0.875
448000 12.538461538461538 0.859375
450000 12.442307692307692 0.796875
452000 12.48076923076923 0.796875
454000 12.576923076923077 0.84375
456000 12.48076923076923 0.90625
458000 12.461538461538462 1.03125
460000 12.51923076923077 1.015625
462000 12.403846153846153 0.890625
464000 12.461538461538462 1.078125
466000 12.51923076923077 0.921875
468000 12.51923076923077 1.015625
470000 12.615384615384615 0.890625
472000 12.615384615384615 1.0625
474000 12.51923076923077 0.921875
476000 12.538461538461538 0.859375
478000 12.576923076923077 0.875
480000 12.538461538461538 0.796875
482000 12.576923076923077 0.9375
484000 12.596153846153847 0.9375
486000 12.596153846153847 0.953125
488000 12.576923076923077 0.96875
490000 12.576923076923077 1.171875
492000 12.576923076923077 1.3125
494000 12.596153846153847 1.28125
496000 12.576923076923077 1.28125
498000 12.576923076923077 0.84375
500000 12.576923076923077 0.9375
