2000 2.980769230769231 0.484375
4000 9.076923076923077 0.34375
6000 8.865384615384615 0.515625
8000 8.557692307692308 0.40625
10000 9.115384615384615 0.453125
12000 9.23076923076923 0.296875
14000 9.307692307692308 0.296875
16000 9.557692307692308 0.28125
18000 9.557692307692308 0.53125
20000 9.576923076923077 0.4375
22000 9.307692307692308 0.40625
24000 9.596153846153847 0.3125
26000 9.596153846153847 0.34375
28000 9.596153846153847 0.390625
30000 9.307692307692308 0.421875
32000 9.307692307692308 0.296875
34000 9.48076923076923 0.3125
36000 11.288461538461538 0.375
38000 11.692307692307692 0.3125
40000 11.903846153846153 0.53125
42000 11.942307692307692 0.5
44000 11.884615384615385 0.296875
46000 11.903846153846153 0.328125
48000 11.51923076923077 0.296875
50000 11.26923076923077 0.359375
52000 11.51923076923077 0.515625
54000 11.51923076923077 0.40625
56000 11.73076923076923 0.328125
58000 11.807692307692308 0.328125
60000 11.903846153846153 0.296875
62000 11.75 0.390625
64000 11.865384615384615 0.265625
66000 11.923076923076923 0.296875
68000 11.903846153846153 0.265625
70000 11.884615384615385 0.3125
72000 11.75 0.375
74000 11.942307692307692 0.53125
76000 11.942307692307692 0.3125
78000 11.923076923076923 0.453125
80000 11.961538461538462 0.46875
82000 11.807692307692308 0.34375
84000 11.48076923076923 0.453125
86000 11.73076923076923 0.28125
88000 11.403846153846153 0.265625
90000 11.673076923076923 0.3125
92000 12.01923076923077 0.3125
94000 11.961538461538462 0.453125
96000 11.653846153846153 0.328125
98000 11.692307692307692 0.296875
100000 11.942307692307692 0.296875
102000 11.653846153846153 0.265625
104000 11.903846153846153 0.484375
106000 11.903846153846153 0.484375
108000 12.0 0.328125
110000 12.0 0.296875
112000 11.884615384615385 0.328125
114000 12.0 0.390625
116000 11.903846153846153 0.46875
118000 11.865384615384615 0.328125
120000 11.903846153846153 0.28125
122000 11.903846153846153 0.3125
124000 11.903846153846153 0.296875
126000 11.903846153846153 0.484375
128000 12.0 0.3125
130000 11.923076923076923 0.296875
132000 11.98076923076923 0.4375
134000 11.884615384615385 0.328125
136000 11.98076923076923 0.4375
138000 12.153846153846153 0.46875
140000 12.153846153846153 0.40625
142000 12.153846153846153 0.296875
144000 12.057692307692308 0.296875
146000 11.51923076923077 0.3125
148000 12.0 0.625
150000 11.923076923076923 0.296875
152000 12.057692307692308 0.296875
154000 12.096153846153847 0.328125
156000 12.076923076923077 0.328125
158000 12.076923076923077 0.4375
160000 12.192307692307692 0.28125
162000 12.038461538461538 0.28125
164000 12.134615384615385 0.28125
166000 11.923076923076923 0.296875
168000 12.01923076923077 0.390625
170000 11.923076923076923 0.390625
172000 11.75 0.28125
174000 11.788461538461538 0.328125
176000 11.692307692307692 0.296875
178000 11.98076923076923 0.359375
180000 11.923076923076923 0.46875
182000 11.673076923076923 0.296875
184000 11.76923076923077 0.3125
186000 11.884615384615385 0.28125
188000 12.01923076923077 0.390625
190000 11.788461538461538 0.421875
192000 11.923076923076923 0.34375
194000 11.923076923076923 0.359375
196000 12.076923076923077 0.34375
198000 11.903846153846153 0.328125
200000 12.057692307692308 0.421875
202000 11.903846153846153 0.53125
204000 12.153846153846153 0.3125
206000 11.98076923076923 0.3125
208000 12.057692307692308 0.3125
210000 12.096153846153847 0.4375
212000 11.884615384615385 0.40625
214000 11.942307692307692 0.28125
216000 12.057692307692308 0.3125
218000 11.865384615384615 0.28125
220000 12.038461538461538 0.296875
222000 11.884615384615385 0.453125
224000 12.153846153846153 0.34375
226000 11.903846153846153 0.28125
228000 12.096153846153847 0.328125
230000 12.057692307692308 0.296875
232000 12.115384615384615 0.390625
234000 12.192307692307692 0.453125
236000 12.038461538461538 0.296875
238000 12.057692307692308 0.296875
240000 11.98076923076923 0.28125
242000 11.98076923076923 0.359375
244000 11.98076923076923 0.484375
246000 12.038461538461538 0.3125
248000 12.0 0.296875
250000 12.25 0.34375
252000 11.98076923076923 0.328125
254000 12.0 0.421875
256000 12.057692307692308 0.421875
258000 11.673076923076923 0.3125
260000 12.192307692307692 0.28125
262000 12.076923076923077 0.3125
264000 12.134615384615385 0.46875
266000 12.076923076923077 0.484375
268000 12.134615384615385 0.359375
270000 11.51923076923077 0.359375
272000 12.096153846153847 0.34375
274000 11.5 0.375
276000 11.923076923076923 0.453125
278000 12.0 0.296875
280000 11.942307692307692 0.359375
282000 12.25 0.28125
284000 12.134615384615385 0.390625
286000 12.153846153846153 0.4375
288000 12.0 0.265625
290000 12.134615384615385 0.34375
292000 12.038461538461538 0.34375
294000 12.057692307692308 0.328125
296000 12.076923076923077 0.421875
298000 12.23076923076923 0.53125
300000 12.173076923076923 0.328125
302000 11.923076923076923 0.3125
304000 12.134615384615385 0.28125
306000 11.51923076923077 0.328125
308000 12.23076923076923 0.46875
310000 12.26923076923077 0.265625
312000 12.038461538461538 0.296875
314000 12.25 0.296875
316000 11.826923076923077 0.3125
318000 12.057692307692308 0.40625
320000 12.25 0.34375
322000 12.153846153846153 0.34375
324000 11.942307692307692 0.328125
326000 12.01923076923077 0.34375
328000 12.26923076923077 0.421875
330000 12.01923076923077 0.53125
332000 12.26923076923077 0.296875
334000 12.192307692307692 0.296875
336000 12.326923076923077 0.296875
338000 12.192307692307692 0.390625
340000 12.057692307692308 0.453125
342000 12.192307692307692 0.328125
344000 12.26923076923077 0.390625
346000 11.26923076923077 0.328125
348000 12.307692307692308 0.375
350000 12.26923076923077 0.453125
352000 12.076923076923077 0.28125
354000 12.096153846153847 0.28125
356000 12.115384615384615 0.328125
358000 12.26923076923077 0.3125
360000 12.153846153846153 0.390625
362000 12.23076923076923 0.546875
364000 12.153846153846153 0.3125
366000 11.98076923076923 0.34375
368000 11.442307692307692 0.28125
370000 12.096153846153847 0.375
372000 12.115384615384615 0.484375
374000 12.23076923076923 0.21875
376000 12.134615384615385 0.21875
378000 12.096153846153847 0.265625
380000 12.096153846153847 0.28125
382000 12.192307692307692 0.40625
384000 12.211538461538462 0.234375
386000 12.173076923076923 0.234375
388000 12.288461538461538 0.1875
390000 12.26923076923077 0.28125
392000 12.26923076923077 0.328125
394000 12.307692307692308 0.40625
396000 12.307692307692308 0.203125
398000 12.326923076923077 0.421875
400000 11.634615384615385 0.28125
402000 11.596153846153847 0.34375
404000 11.76923076923077 0.4375
406000 11.846153846153847 0.203125
408000 12.153846153846153 0.203125
410000 11.865384615384615 0.25
412000 12.23076923076923 0.28125
414000 12.307692307692308 0.359375
416000 12.384615384615385 0.171875
418000 12.346153846153847 0.15625
420000 12.384615384615385 0.203125
422000 12.384615384615385 0.234375
424000 12.26923076923077 0.359375
426000 12.288461538461538 0.4375
428000 12.192307692307692 0.203125
430000 12.346153846153847 0.234375
432000 12.134615384615385 0.25
434000 12.192307692307692 0.328125
436000 12.211538461538462 0.40625
438000 12.153846153846153 0.1875
440000 12.211538461538462 0.1875
442000 12.173076923076923 0.1875
444000 12.134615384615385 0.25
446000 12.192307692307692 0.359375
448000 12.192307692307692 0.234375
450000 12.192307692307692 0.1875
452000 12.115384615384615 0.1875
454000 11.942307692307692 0.265625
456000 12.076923076923077 0.359375
458000 12.23076923076923 0.40625
460000 11.942307692307692 0.1875
462000 12.038461538461538 0.1875
464000 12.153846153846153 0.25
466000 12.461538461538462 0.3125
468000 12.5 0.40625
470000 12.5 0.171875
472000 12.48076923076923 0.203125
474000 12.365384615384615 0.25
476000 12.461538461538462 0.28125
478000 12.461538461538462 0.359375
480000 12.5 0.203125
482000 12.51923076923077 0.203125
484000 12.51923076923077 0.203125
486000 12.403846153846153 0.25
488000 12.384615384615385 0.328125
490000 12.403846153846153 0.421875
492000 12.403846153846153 0.203125
494000 12.403846153846153 0.171875
496000 12.384615384615385 0.234375
498000 12.346153846153847 0.359375
500000 12.346153846153847 0.390625
