2000 0.11538461538461539 0.109375
4000 0.6346153846153846 0.109375
6000 1.0769230769230769 0.140625
8000 1.0576923076923077 0.125
10000 1.0961538461538463 0.140625
12000 1.0 0.140625
14000 1.1346153846153846 0.109375
16000 1.1346153846153846 0.125
18000 1.0961538461538463 0.140625
20000 1.1153846153846154 0.15625
22000 1.6538461538461537 0.125
24000 1.4615384615384615 0.125
26000 2.25 0.15625
28000 2.5384615384615383 0.15625
30000 2.6153846153846154 0.109375
32000 2.5961538461538463 0.125
34000 2.6153846153846154 0.125
36000 2.6153846153846154 0.140625
38000 2.6153846153846154 0.140625
40000 2.5 0.140625
42000 2.6153846153846154 0.140625
44000 2.480769230769231 0.125
46000 2.4615384615384617 0.125
48000 2.480769230769231 0.15625
50000 2.576923076923077 0.125
52000 2.4038461538461537 0.125
54000 2.480769230769231 0.140625
56000 2.576923076923077 0.125
58000 2.673076923076923 0.140625
60000 2.5576923076923075 0.140625
62000 2.6923076923076925 0.109375
64000 2.4615384615384617 0.171875
66000 2.5961538461538463 0.171875
68000 2.4423076923076925 0.140625
70000 2.730769230769231 0.15625
72000 2.7115384615384617 0.15625
74000 2.6538461538461537 0.1875
76000 2.730769230769231 0.171875
78000 2.6153846153846154 0.15625
80000 2.3461538461538463 0.15625
82000 2.6346153846153846 0.171875
84000 2.5384615384615383 0.125
86000 2.6346153846153846 0.140625
88000 2.519230769230769 0.140625
90000 2.576923076923077 0.1875
92000 2.5576923076923075 0.171875
94000 2.730769230769231 0.171875
96000 2.730769230769231 0.171875
98000 2.5961538461538463 0.15625
100000 2.576923076923077 0.171875
102000 2.4423076923076925 0.171875
104000 2.3653846153846154 0.171875
106000 2.576923076923077 0.171875
108000 2.576923076923077 0.15625
110000 2.6538461538461537 0.1875
112000 2.769230769230769 0.171875
114000 2.769230769230769 0.1875
116000 2.5384615384615383 0.171875
118000 2.519230769230769 0.203125
120000 2.6538461538461537 0.1875
122000 2.769230769230769 0.1875
124000 2.6923076923076925 0.1875
126000 2.673076923076923 0.171875
128000 2.769230769230769 0.1875
130000 2.5576923076923075 0.171875
132000 2.6153846153846154 0.171875
134000 2.673076923076923 0.171875
136000 2.673076923076923 0.171875
138000 2.673076923076923 0.1875
140000 2.6923076923076925 0.15625
142000 2.673076923076923 0.171875
144000 2.6153846153846154 0.1875
146000 2.673076923076923 0.1875
148000 2.673076923076923 0.171875
150000 2.730769230769231 0.171875
152000 2.7115384615384617 0.171875
154000 2.1538461538461537 0.171875
156000 2.230769230769231 0.140625
158000 2.4038461538461537 0.15625
160000 2.4615384615384617 0.1875
162000 2.25 0.203125
164000 2.326923076923077 0.171875
166000 2.269230769230769 0.171875
168000 2.5576923076923075 0.203125
170000 2.5384615384615383 0.171875
172000 2.576923076923077 0.21875
174000 2.5961538461538463 0.1875
176000 2.6346153846153846 0.171875
178000 2.5576923076923075 0.1875
180000 2.673076923076923 0.1875
182000 2.6538461538461537 0.15625
184000 2.673076923076923 0.171875
186000 2.6538461538461537 0.15625
188000 2.673076923076923 0.171875
190000 2.3846153846153846 0.171875
192000 2.3846153846153846 0.15625
194000 2.576923076923077 0.1875
196000 2.730769230769231 0.171875
198000 2.5576923076923075 0.171875
200000 2.730769230769231 0.171875
202000 2.7115384615384617 0.1875
204000 2.5384615384615383 0.171875
206000 2.8653846153846154 0.1875
208000 2.7115384615384617 0.1875
210000 2.75 0.171875
212000 2.8653846153846154 0.15625
214000 2.730769230769231 0.1875
216000 2.6538461538461537 0.171875
218000 2.4615384615384617 0.171875
220000 2.5961538461538463 0.171875
222000 2.673076923076923 0.1875
224000 2.673076923076923 0.171875
226000 2.7115384615384617 0.1875
228000 2.826923076923077 0.171875
230000 2.75 0.15625
232000 2.673076923076923 0.171875
234000 2.6346153846153846 0.171875
236000 2.269230769230769 0.15625
238000 2.7115384615384617 0.171875
240000 2.6153846153846154 0.171875
242000 2.826923076923077 0.15625
244000 2.6923076923076925 0.171875
246000 2.7115384615384617 0.1875
248000 2.6346153846153846 0.171875
250000 2.75 0.1875
252000 2.75 0.15625
254000 2.730769230769231 0.1875
256000 2.673076923076923 0.171875
258000 2.4615384615384617 0.1875
260000 2.7115384615384617 0.203125
262000 2.8461538461538463 0.15625
264000 2.576923076923077 0.1875
266000 2.769230769230769 0.140625
268000 2.673076923076923 0.203125
270000 2.5961538461538463 0.1875
272000 2.8846153846153846 0.1875
274000 2.730769230769231 0.203125
276000 2.7115384615384617 0.171875
278000 2.730769230769231 0.203125
280000 2.8846153846153846 0.1875
282000 2.5961538461538463 0.1875
284000 2.8653846153846154 0.203125
286000 2.5961538461538463 0.140625
288000 2.7884615384615383 0.171875
290000 2.8653846153846154 0.1875
292000 2.8653846153846154 0.15625
294000 2.8653846153846154 0.1875
296000 2.6153846153846154 0.1875
298000 2.9038461538461537 0.171875
300000 2.8846153846153846 0.171875
302000 2.7884615384615383 0.1875
304000 2.6346153846153846 0.203125
306000 2.75 0.1875
308000 2.7884615384615383 0.171875
310000 2.9038461538461537 0.1875
312000 2.769230769230769 0.171875
314000 2.6923076923076925 0.171875
316000 2.8653846153846154 0.1875
318000 2.8653846153846154 0.140625
320000 2.8653846153846154 0.171875
322000 2.673076923076923 0.1875
324000 2.5384615384615383 0.171875
326000 2.7115384615384617 0.171875
328000 2.6538461538461537 0.171875
330000 2.3076923076923075 0.1875
332000 2.076923076923077 0.1875
334000 2.4038461538461537 0.171875
336000 2.576923076923077 0.15625
338000 2.6346153846153846 0.1875
340000 2.3846153846153846 0.171875
342000 2.5576923076923075 0.1875
344000 2.3846153846153846 0.15625
346000 2.5384615384615383 0.15625
348000 2.5 0.15625
350000 2.2884615384615383 0.125
352000 2.5 0.1875
354000 2.2884615384615383 0.171875
356000 2.4038461538461537 0.1875
358000 2.5384615384615383 0.171875
360000 2.423076923076923 0.1875
362000 2.7115384615384617 0.140625
364000 2.8461538461538463 0.171875
366000 2.7884615384615383 0.171875
368000 2.6923076923076925 0.203125
370000 2.7115384615384617 0.15625
372000 2.730769230769231 0.203125
374000 2.673076923076923 0.1875
376000 2.576923076923077 0.171875
378000 2.8846153846153846 0.203125
380000 2.730769230769231 0.171875
382000 2.8076923076923075 0.171875
384000 2.7884615384615383 0.203125
386000 2.8076923076923075 0.1875
388000 2.769230769230769 0.171875
390000 2.730769230769231 0.1875
392000 2.769230769230769 0.1875
394000 2.6923076923076925 0.171875
396000 2.5961538461538463 0.171875
398000 2.75 0.171875
400000 2.576923076923077 0.171875
402000 2.5384615384615383 0.171875
404000 2.6346153846153846 0.21875
406000 2.6923076923076925 0.1875
408000 2.730769230769231 0.203125
410000 2.7884615384615383 0.171875
412000 2.6538461538461537 0.203125
414000 2.769230769230769 0.203125
416000 2.730769230769231 0.203125
418000 2.6923076923076925 0.15625
420000 2.826923076923077 0.1875
422000 2.730769230769231 0.171875
424000 2.673076923076923 0.21875
426000 2.7884615384615383 0.171875
428000 2.8461538461538463 0.1875
430000 2.75 0.171875
432000 2.8076923076923075 0.171875
434000 2.730769230769231 0.1875
436000 2.730769230769231 0.171875
438000 2.730769230769231 0.1875
440000 2.8461538461538463 0.171875
442000 2.8076923076923075 0.1875
444000 2.8846153846153846 0.171875
446000 2.7115384615384617 0.1875
448000 2.75 0.171875
450000 2.769230769230769 0.171875
452000 2.7884615384615383 0.1875
454000 2.923076923076923 0.1875
456000 2.8461538461538463 0.171875
458000 2.7884615384615383 0.171875
460000 3.0 0.1875
462000 2.7115384615384617 0.203125
464000 2.8461538461538463 0.1875
466000 2.8653846153846154 0.15625
468000 2.7115384615384617 0.171875
470000 2.5961538461538463 0.140625
472000 2.519230769230769 0.15625
474000 2.480769230769231 0.171875
476000 2.5384615384615383 0.171875
478000 2.6538461538461537 0.171875
480000 2.730769230769231 0.1875
482000 2.730769230769231 0.171875
484000 2.75 0.140625
486000 2.730769230769231 0.140625
488000 2.730769230769231 0.171875
490000 2.826923076923077 0.109375
492000 2.769230769230769 0.109375
494000 2.8076923076923075 0.109375
496000 2.8076923076923075 0.125
498000 2.8653846153846154 0.109375
500000 2.8461538461538463 0.109375
