2000 0.4423076923076923 0.359375
4000 1.3269230769230769 0.421875
6000 1.5192307692307692 0.359375
8000 1.3461538461538463 0.359375
10000 1.7884615384615385 0.34375
12000 1.8846153846153846 0.375
14000 2.1346153846153846 0.34375
16000 3.326923076923077 0.34375
18000 3.5576923076923075 0.328125
20000 3.75 0.375
22000 3.8461538461538463 0.375
24000 4.0 0.359375
26000 4.096153846153846 0.359375
28000 4.173076923076923 0.359375
30000 4.173076923076923 0.359375
32000 4.1923076923076925 0.375
34000 4.288461538461538 0.375
36000 4.365384615384615 0.40625
38000 4.365384615384615 0.421875
40000 4.5 0.4375
42000 4.5 0.421875
44000 4.5 0.4375
46000 4.5 0.4375
48000 4.5 0.40625
50000 4.5576923076923075 0.40625
52000 4.5 0.40625
54000 4.5576923076923075 0.421875
56000 4.5 0.421875
58000 4.5576923076923075 0.4375
60000 4.5576923076923075 0.390625
62000 4.5576923076923075 0.421875
64000 4.5576923076923075 0.375
66000 4.5576923076923075 0.46875
68000 4.596153846153846 0.4375
70000 4.5576923076923075 0.4375
72000 4.5 0.375
74000 4.519230769230769 0.40625
76000 4.538461538461538 0.421875
78000 4.615384615384615 0.390625
80000 4.519230769230769 0.421875
82000 4.615384615384615 0.421875
84000 4.634615384615385 0.4375
86000 4.634615384615385 0.421875
88000 4.596153846153846 0.453125
90000 4.596153846153846 0.484375
92000 4.634615384615385 0.40625
94000 4.576923076923077 0.5
96000 4.5576923076923075 0.40625
98000 4.5576923076923075 0.4375
100000 4.538461538461538 0.421875
102000 4.634615384615385 0.40625
104000 4.538461538461538 0.40625
106000 4.538461538461538 0.40625
108000 4.5576923076923075 0.421875
110000 4.576923076923077 0.4375
112000 4.596153846153846 0.4375
114000 4.596153846153846 0.4375
116000 4.576923076923077 0.46875
118000 4.576923076923077 0.421875
120000 4.576923076923077 0.40625
122000 4.519230769230769 0.375
124000 4.519230769230769 0.390625
126000 4.480769230769231 0.453125
128000 4.519230769230769 0.4375
130000 4.519230769230769 0.40625
132000 4.480769230769231 0.4375
134000 4.5576923076923075 0.421875
136000 4.5576923076923075 0.421875
138000 4.538461538461538 0.421875
140000 4.5576923076923075 0.40625
142000 4.538461538461538 0.4375
144000 4.538461538461538 0.453125
146000 4.576923076923077 0.390625
148000 4.538461538461538 0.40625
150000 4.5576923076923075 0.421875
152000 4.5576923076923075 0.421875
154000 4.576923076923077 0.390625
156000 4.576923076923077 0.40625
158000 4.596153846153846 0.390625
160000 4.519230769230769 0.421875
162000 4.615384615384615 0.453125
164000 4.596153846153846 0.40625
166000 4.5576923076923075 0.40625
168000 4.576923076923077 0.421875
170000 4.538461538461538 0.421875
172000 4.538461538461538 0.421875
174000 4.576923076923077 0.46875
176000 4.596153846153846 0.375
178000 4.596153846153846 0.40625
180000 4.576923076923077 0.453125
182000 4.596153846153846 0.453125
184000 4.596153846153846 0.484375
186000 4.596153846153846 0.390625
188000 4.634615384615385 0.421875
190000 4.615384615384615 0.421875
192000 4.615384615384615 0.421875
194000 4.596153846153846 0.390625
196000 4.538461538461538 0.40625
198000 4.5576923076923075 0.453125
200000 4.596153846153846 0.4375
202000 4.596153846153846 0.421875
204000 4.615384615384615 0.390625
206000 4.596153846153846 0.4375
208000 4.596153846153846 0.40625
210000 4.596153846153846 0.40625
212000 4.615384615384615 0.40625
214000 4.615384615384615 0.40625
216000 4.596153846153846 0.421875
218000 4.615384615384615 0.421875
220000 4.634615384615385 0.4375
222000 4.596153846153846 0.40625
224000 4.615384615384615 0.40625
226000 4.634615384615385 0.390625
228000 4.634615384615385 0.453125
230000 4.653846153846154 0.4375
232000 4.615384615384615 0.421875
234000 4.596153846153846 0.421875
236000 4.5576923076923075 0.453125
238000 4.634615384615385 0.421875
240000 4.576923076923077 0.40625
242000 4.653846153846154 0.453125
244000 4.596153846153846 0.421875
246000 4.634615384615385 0.40625
248000 4.634615384615385 0.4375
250000 4.615384615384615 0.4375
252000 4.634615384615385 0.390625
254000 4.634615384615385 0.359375
256000 4.634615384615385 0.4375
258000 4.634615384615385 0.40625
260000 4.634615384615385 0.4375
262000 4.653846153846154 0.4375
264000 4.653846153846154 0.421875
266000 4.615384615384615 0.40625
268000 4.673076923076923 0.421875
270000 4.615384615384615 0.4375
272000 4.653846153846154 0.421875
274000 4.653846153846154 0.484375
276000 4.634615384615385 0.46875
278000 4.634615384615385 0.5
280000 4.634615384615385 0.453125
282000 4.615384615384615 0.4375
284000 4.615384615384615 0.453125
286000 4.653846153846154 0.4375
288000 4.653846153846154 0.421875
290000 4.596153846153846 0.421875
292000 4.634615384615385 0.4375
294000 4.596153846153846 0.40625
296000 4.596153846153846 0.390625
298000 4.576923076923077 0.421875
300000 4.538461538461538 0.421875
302000 4.538461538461538 0.40625
304000 4.538461538461538 0.421875
306000 4.538461538461538 0.4375
308000 4.423076923076923 0.421875
310000 4.423076923076923 0.4375
312000 4.5576923076923075 0.4375
314000 4.634615384615385 0.453125
316000 4.615384615384615 0.46875
318000 4.615384615384615 0.4375
320000 4.615384615384615 0.453125
322000 4.596153846153846 0.421875
324000 4.615384615384615 0.453125
326000 4.615384615384615 0.375
328000 4.596153846153846 0.390625
330000 4.596153846153846 0.421875
332000 4.615384615384615 0.390625
334000 4.596153846153846 0.453125
336000 4.634615384615385 0.4375
338000 4.634615384615385 0.40625
340000 4.634615384615385 0.46875
342000 4.634615384615385 0.390625
344000 4.634615384615385 0.453125
346000 4.634615384615385 0.359375
348000 4.634615384615385 0.390625
350000 4.634615384615385 0.4375
352000 4.615384615384615 0.4375
354000 4.653846153846154 0.40625
356000 4.596153846153846 0.453125
358000 4.596153846153846 0.421875
360000 4.596153846153846 0.453125
362000 4.596153846153846 0.40625
364000 4.653846153846154 0.46875
366000 4.634615384615385 0.453125
368000 4.634615384615385 0.484375
370000 4.634615384615385 0.5
372000 4.615384615384615 0.421875
374000 4.634615384615385 0.4375
376000 4.615384615384615 0.453125
378000 4.615384615384615 0.40625
380000 4.634615384615385 0.4375
382000 4.615384615384615 0.421875
384000 4.615384615384615 0.40625
386000 4.615384615384615 0.46875
388000 4.596153846153846 0.421875
390000 4.576923076923077 0.40625
392000 4.615384615384615 0.453125
394000 4.576923076923077 0.421875
396000 4.596153846153846 0.390625
398000 4.596153846153846 0.453125
400000 4.615384615384615 0.40625
402000 4.615384615384615 0.34375
404000 4.596153846153846 0.375
406000 4.596153846153846 0.4375
408000 4.596153846153846 0.390625
410000 4.634615384615385 0.40625
412000 4.615384615384615 0.40625
414000 4.615384615384615 0.453125
416000 4.634615384615385 0.421875
418000 4.596153846153846 0.40625
420000 4.615384615384615 0.421875
422000 4.576923076923077 0.421875
424000 4.615384615384615 0.40625
426000 4.615384615384615 0.4375
428000 4.615384615384615 0.375
430000 4.596153846153846 0.4375
432000 4.596153846153846 0.46875
434000 4.615384615384615 0.4375
436000 4.615384615384615 0.4375
438000 4.596153846153846 0.4375
440000 4.596153846153846 0.46875
442000 4.615384615384615 0.421875
444000 4.538461538461538 0.453125
446000 4.576923076923077 0.421875
448000 4.576923076923077 0.390625
450000 4.596153846153846 0.390625
452000 4.576923076923077 0.453125
454000 4.615384615384615 0.40625
456000 4.576923076923077 0.390625
458000 4.596153846153846 0.453125
460000 4.576923076923077 0.421875
462000 4.576923076923077 0.4375
464000 4.596153846153846 0.4375
466000 4.576923076923077 0.40625
468000 4.576923076923077 0.390625
470000 4.576923076923077 0.4375
472000 4.576923076923077 0.390625
474000 4.576923076923077 0.40625
476000 4.5576923076923075 0.4375
478000 4.576923076923077 0.40625
480000 4.576923076923077 0.390625
482000 4.576923076923077 0.421875
484000 4.576923076923077 0.421875
486000 4.596153846153846 0.390625
488000 4.576923076923077 0.4375
490000 4.596153846153846 0.4375
492000 4.596153846153846 0.453125
494000 4.615384615384615 0.4375
496000 4.615384615384615 0.265625
498000 4.615384615384615 0.28125
500000 4.653846153846154 0.28125
