2000 0.19230769230769232 0.046875
4000 0.17307692307692307 0.078125
6000 0.28846153846153844 0.125
8000 0.36538461538461536 0.125
10000 0.4230769230769231 0.109375
12000 0.5769230769230769 0.109375
14000 0.6346153846153846 0.109375
16000 0.6538461538461539 0.109375
18000 0.9423076923076923 0.125
20000 0.9615384615384616 0.125
22000 1.0384615384615385 0.125
24000 1.0576923076923077 0.125
26000 1.0769230769230769 0.15625
28000 1.0769230769230769 0.140625
30000 1.1538461538461537 0.125
32000 1.1730769230769231 0.15625
34000 1.2884615384615385 0.140625
36000 1.2884615384615385 0.140625
38000 1.3653846153846154 0.15625
40000 1.5576923076923077 0.140625
42000 1.6153846153846154 0.140625
44000 1.5961538461538463 0.15625
46000 1.6923076923076923 0.140625
48000 1.8076923076923077 0.109375
50000 1.9615384615384615 0.140625
52000 2.4038461538461537 0.1875
54000 2.6153846153846154 0.171875
56000 2.673076923076923 0.15625
58000 2.8846153846153846 0.15625
60000 2.9423076923076925 0.203125
62000 2.9038461538461537 0.15625
64000 2.9423076923076925 0.15625
66000 2.9423076923076925 0.15625
68000 3.0576923076923075 0.1875
70000 3.076923076923077 0.171875
72000 3.076923076923077 0.171875
74000 3.0576923076923075 0.1875
76000 3.0576923076923075 0.15625
78000 3.0384615384615383 0.171875
80000 2.980769230769231 0.171875
82000 2.9615384615384617 0.1875
84000 2.9423076923076925 0.171875
86000 2.9423076923076925 0.15625
88000 2.9423076923076925 0.21875
90000 3.0 0.171875
92000 3.1153846153846154 0.203125
94000 3.0961538461538463 0.203125
96000 3.1153846153846154 0.1875
98000 3.076923076923077 0.171875
100000 3.1153846153846154 0.1875
102000 3.1346153846153846 0.15625
104000 3.173076923076923 0.1875
106000 3.173076923076923 0.171875
108000 3.1923076923076925 0.1875
110000 3.1923076923076925 0.15625
112000 3.1923076923076925 0.1875
114000 3.1923076923076925 0.203125
116000 3.1923076923076925 0.1875
118000 3.1923076923076925 0.171875
120000 3.2115384615384617 0.15625
122000 3.2115384615384617 0.1875
124000 3.1923076923076925 0.171875
126000 3.2115384615384617 0.1875
128000 3.230769230769231 0.15625
130000 3.1923076923076925 0.1875
132000 3.230769230769231 0.171875
134000 3.2115384615384617 0.1875
136000 3.2115384615384617 0.21875
138000 3.230769230769231 0.15625
140000 3.230769230769231 0.1875
142000 3.2115384615384617 0.1875
144000 3.173076923076923 0.140625
146000 3.230769230769231 0.15625
148000 3.230769230769231 0.171875
150000 3.230769230769231 0.203125
152000 3.25 0.1875
154000 3.230769230769231 0.171875
156000 3.173076923076923 0.203125
158000 3.230769230769231 0.15625
160000 3.2115384615384617 0.171875
162000 3.1923076923076925 0.15625
164000 3.230769230769231 0.171875
166000 3.230769230769231 0.1875
168000 3.230769230769231 0.1875
170000 3.2115384615384617 0.1875
172000 3.2115384615384617 0.1875
174000 3.2115384615384617 0.203125
176000 3.2115384615384617 0.171875
178000 3.2115384615384617 0.203125
180000 3.1923076923076925 0.203125
182000 3.230769230769231 0.203125
184000 3.2115384615384617 0.21875
186000 3.230769230769231 0.203125
188000 3.230769230769231 0.171875
190000 3.230769230769231 0.15625
192000 3.1923076923076925 0.1875
194000 3.1923076923076925 0.1875
196000 3.230769230769231 0.171875
198000 3.2115384615384617 0.1875
200000 3.230769230769231 0.140625
202000 3.1923076923076925 0.1875
204000 3.1923076923076925 0.1875
206000 3.2115384615384617 0.1875
208000 3.2115384615384617 0.171875
210000 3.1923076923076925 0.15625
212000 3.230769230769231 0.1875
214000 3.2115384615384617 0.171875
216000 3.25 0.171875
218000 3.2115384615384617 0.203125
220000 3.2115384615384617 0.1875
222000 3.230769230769231 0.1875
224000 3.230769230769231 0.1875
226000 3.173076923076923 0.1875
228000 3.1538461538461537 0.15625
230000 3.173076923076923 0.1875
232000 3.1923076923076925 0.1875
234000 3.1538461538461537 0.21875
236000 3.1538461538461537 0.171875
238000 3.173076923076923 0.1875
240000 3.173076923076923 0.15625
242000 3.326923076923077 0.171875
244000 3.173076923076923 0.1875
246000 3.173076923076923 0.1875
248000 3.1923076923076925 0.1875
250000 3.2115384615384617 0.171875
252000 3.3076923076923075 0.15625
254000 3.3461538461538463 0.15625
256000 3.3461538461538463 0.1875
258000 3.1923076923076925 0.15625
260000 3.2115384615384617 0.171875
262000 3.1923076923076925 0.171875
264000 3.2115384615384617 0.171875
266000 3.1923076923076925 0.1875
268000 3.2115384615384617 0.1875
270000 3.2115384615384617 0.15625
272000 3.2115384615384617 0.171875
274000 3.2115384615384617 0.1875
276000 3.2115384615384617 0.171875
278000 3.230769230769231 0.1875
280000 3.230769230769231 0.15625
282000 3.2115384615384617 0.15625
284000 3.2115384615384617 0.171875
286000 3.2115384615384617 0.171875
288000 3.230769230769231 0.1875
290000 3.230769230769231 0.171875
292000 3.2115384615384617 0.1875
294000 3.230769230769231 0.125
296000 3.2115384615384617 0.1875
298000 3.230769230769231 0.171875
300000 3.230769230769231 0.171875
302000 3.2115384615384617 0.171875
304000 3.2115384615384617 0.171875
306000 3.1923076923076925 0.171875
308000 3.230769230769231 0.203125
310000 3.2115384615384617 0.171875
312000 3.2115384615384617 0.140625
314000 3.1923076923076925 0.1875
316000 3.173076923076923 0.171875
318000 3.173076923076923 0.15625
320000 3.173076923076923 0.21875
322000 3.2884615384615383 0.171875
324000 3.2884615384615383 0.171875
326000 3.3076923076923075 0.171875
328000 3.3076923076923075 0.171875
330000 3.3076923076923075 0.171875
332000 3.3076923076923075 0.171875
334000 3.326923076923077 0.140625
336000 3.3076923076923075 0.171875
338000 3.1923076923076925 0.203125
340000 3.2115384615384617 0.203125
342000 3.2115384615384617 0.171875
344000 3.2115384615384617 0.15625
346000 3.230769230769231 0.203125
348000 3.2115384615384617 0.1875
350000 3.3461538461538463 0.1875
352000 3.269230769230769 0.171875
354000 3.2884615384615383 0.15625
356000 3.3653846153846154 0.203125
358000 3.3653846153846154 0.1875
360000 3.3653846153846154 0.15625
362000 3.3461538461538463 0.1875
364000 3.3461538461538463 0.1875
366000 3.326923076923077 0.171875
368000 3.230769230769231 0.1875
370000 3.230769230769231 0.1875
372000 3.3076923076923075 0.203125
374000 3.2884615384615383 0.1875
376000 3.3076923076923075 0.15625
378000 3.3076923076923075 0.171875
380000 3.3076923076923075 0.171875
382000 3.326923076923077 0.203125
384000 3.326923076923077 0.1875
386000 3.3461538461538463 0.15625
388000 3.3461538461538463 0.171875
390000 3.269230769230769 0.171875
392000 3.25 0.15625
394000 3.3653846153846154 0.1875
396000 3.2884615384615383 0.171875
398000 3.3653846153846154 0.171875
400000 3.1538461538461537 0.171875
402000 3.3653846153846154 0.1875
404000 3.326923076923077 0.171875
406000 3.326923076923077 0.203125
408000 3.326923076923077 0.171875
410000 3.269230769230769 0.203125
412000 3.423076923076923 0.1875
414000 3.423076923076923 0.1875
416000 3.326923076923077 0.171875
418000 3.4038461538461537 0.1875
420000 3.3846153846153846 0.1875
422000 3.3076923076923075 0.171875
424000 3.423076923076923 0.203125
426000 3.326923076923077 0.171875
428000 3.326923076923077 0.203125
430000 3.326923076923077 0.171875
432000 3.25 0.171875
434000 3.3076923076923075 0.171875
436000 3.25 0.171875
438000 3.25 0.1875
440000 3.25 0.171875
442000 3.25 0.171875
444000 3.4038461538461537 0.171875
446000 3.230769230769231 0.140625
448000 3.25 0.171875
450000 3.1346153846153846 0.1875
452000 3.1346153846153846 0.171875
454000 3.230769230769231 0.203125
456000 3.230769230769231 0.171875
458000 3.1538461538461537 0.171875
460000 3.1538461538461537 0.171875
462000 3.230769230769231 0.1875
464000 3.230769230769231 0.171875
466000 3.4038461538461537 0.15625
468000 3.326923076923077 0.171875
470000 3.25 0.15625
472000 3.1538461538461537 0.171875
474000 3.1538461538461537 0.1875
476000 3.1538461538461537 0.171875
478000 3.1538461538461537 0.1875
480000 3.1346153846153846 0.1875
482000 3.1346153846153846 0.171875
484000 3.1346153846153846 0.171875
486000 3.1538461538461537 0.171875
488000 3.2115384615384617 0.1875
490000 3.230769230769231 0.171875
492000 3.25 0.171875
494000 3.25 0.125
496000 3.3846153846153846 0.125
498000 3.2115384615384617 0.109375
500000 3.3653846153846154 0.125
