2000 2.673076923076923 0.3125
4000 3.8076923076923075 0.3125
6000 4.403846153846154 0.34375
8000 4.519230769230769 0.328125
10000 4.519230769230769 0.328125
12000 4.519230769230769 0.3125
14000 4.519230769230769 0.328125
16000 4.538461538461538 0.28125
18000 4.519230769230769 0.328125
20000 4.519230769230769 0.359375
22000 4.538461538461538 0.28125
24000 4.538461538461538 0.34375
26000 4.538461538461538 0.375
28000 4.519230769230769 0.3125
30000 4.519230769230769 0.34375
32000 4.6923076923076925 0.3125
34000 4.6923076923076925 0.328125
36000 4.75 0.4375
38000 4.596153846153846 0.390625
40000 4.538461538461538 0.421875
42000 4.769230769230769 0.40625
44000 4.6923076923076925 0.359375
46000 4.75 0.40625
48000 4.6923076923076925 0.359375
50000 4.75 0.4375
52000 4.8076923076923075 0.390625
54000 4.826923076923077 0.4375
56000 4.769230769230769 0.46875
58000 4.826923076923077 0.484375
60000 4.826923076923077 0.390625
62000 4.769230769230769 0.421875
64000 4.769230769230769 0.390625
66000 4.826923076923077 0.390625
68000 4.788461538461538 0.390625
70000 4.769230769230769 0.4375
72000 4.788461538461538 0.421875
74000 4.788461538461538 0.375
76000 4.8076923076923075 0.421875
78000 4.8076923076923075 0.390625
80000 4.884615384615385 0.390625
82000 4.903846153846154 0.4375
84000 4.903846153846154 0.390625
86000 4.903846153846154 0.390625
88000 4.8076923076923075 0.421875
90000 4.8076923076923075 0.375
92000 4.788461538461538 0.390625
94000 4.8076923076923075 0.390625
96000 4.769230769230769 0.40625
98000 4.8076923076923075 0.375
100000 4.8076923076923075 0.40625
102000 4.788461538461538 0.40625
104000 4.788461538461538 0.34375
106000 4.788461538461538 0.359375
108000 4.865384615384615 0.40625
110000 4.8076923076923075 0.359375
112000 4.769230769230769 0.421875
114000 4.75 0.359375
116000 4.75 0.421875
118000 4.75 0.421875
120000 4.6923076923076925 0.359375
122000 4.4423076923076925 0.359375
124000 4.8076923076923075 0.4375
126000 4.865384615384615 0.4375
128000 4.75 0.40625
130000 4.884615384615385 0.390625
132000 4.846153846153846 0.4375
134000 4.846153846153846 0.390625
136000 4.884615384615385 0.40625
138000 4.865384615384615 0.390625
140000 4.846153846153846 0.421875
142000 4.865384615384615 0.359375
144000 4.884615384615385 0.40625
146000 4.846153846153846 0.40625
148000 4.788461538461538 0.421875
150000 4.903846153846154 0.421875
152000 4.865384615384615 0.4375
154000 4.884615384615385 0.40625
156000 4.884615384615385 0.421875
158000 4.865384615384615 0.40625
160000 4.673076923076923 0.40625
162000 4.865384615384615 0.421875
164000 4.8076923076923075 0.40625
166000 4.8076923076923075 0.40625
168000 4.769230769230769 0.359375
170000 4.788461538461538 0.40625
172000 4.826923076923077 0.375
174000 4.884615384615385 0.4375
176000 4.8076923076923075 0.390625
178000 4.865384615384615 0.4375
180000 4.846153846153846 0.390625
182000 4.846153846153846 0.375
184000 4.826923076923077 0.390625
186000 4.884615384615385 0.40625
188000 4.6923076923076925 0.390625
190000 4.865384615384615 0.4375
192000 4.8076923076923075 0.484375
194000 4.846153846153846 0.453125
196000 4.788461538461538 0.421875
198000 4.865384615384615 0.40625
200000 4.865384615384615 0.40625
202000 4.846153846153846 0.4375
204000 4.865384615384615 0.46875
206000 4.865384615384615 0.4375
208000 4.769230769230769 0.4375
210000 4.884615384615385 0.390625
212000 4.75 0.421875
214000 4.730769230769231 0.375
216000 4.788461538461538 0.375
218000 4.730769230769231 0.40625
220000 4.788461538461538 0.40625
222000 4.769230769230769 0.4375
224000 4.769230769230769 0.40625
226000 4.865384615384615 0.421875
228000 4.788461538461538 0.40625
230000 4.5576923076923075 0.4375
232000 4.769230769230769 0.4375
234000 4.730769230769231 0.4375
236000 4.711538461538462 0.453125
238000 4.826923076923077 0.375
240000 4.865384615384615 0.390625
242000 4.846153846153846 0.390625
244000 4.865384615384615 0.40625
246000 4.730769230769231 0.40625
248000 4.788461538461538 0.421875
250000 4.75 0.359375
252000 4.8076923076923075 0.4375
254000 4.865384615384615 0.421875
256000 4.846153846153846 0.390625
258000 4.865384615384615 0.421875
260000 4.711538461538462 0.46875
262000 4.865384615384615 0.421875
264000 4.865384615384615 0.421875
266000 4.903846153846154 0.421875
268000 4.8076923076923075 0.40625
270000 4.769230769230769 0.453125
272000 4.8076923076923075 0.359375
274000 4.846153846153846 0.421875
276000 4.865384615384615 0.421875
278000 4.865384615384615 0.40625
280000 4.884615384615385 0.40625
282000 4.884615384615385 0.4375
284000 4.826923076923077 0.390625
286000 4.846153846153846 0.4375
288000 4.884615384615385 0.421875
290000 4.846153846153846 0.390625
292000 4.826923076923077 0.390625
294000 4.884615384615385 0.421875
296000 4.884615384615385 0.375
298000 4.769230769230769 0.421875
300000 4.75 0.4375
302000 4.8076923076923075 0.4375
304000 4.865384615384615 0.40625
306000 4.903846153846154 0.40625
308000 4.865384615384615 0.390625
310000 4.865384615384615 0.390625
312000 4.884615384615385 0.46875
314000 4.846153846153846 0.375
316000 4.75 0.359375
318000 4.75 0.359375
320000 4.788461538461538 0.4375
322000 4.653846153846154 0.40625
324000 4.865384615384615 0.375
326000 4.903846153846154 0.34375
328000 4.884615384615385 0.40625
330000 4.826923076923077 0.40625
332000 4.826923076923077 0.390625
334000 4.903846153846154 0.453125
336000 4.576923076923077 0.40625
338000 4.75 0.421875
340000 4.826923076923077 0.390625
342000 4.826923076923077 0.34375
344000 4.8076923076923075 0.390625
346000 4.826923076923077 0.4375
348000 4.788461538461538 0.40625
350000 4.769230769230769 0.390625
352000 4.8076923076923075 0.40625
354000 4.769230769230769 0.453125
356000 4.8076923076923075 0.375
358000 4.788461538461538 0.4375
360000 4.826923076923077 0.40625
362000 4.8076923076923075 0.40625
364000 4.826923076923077 0.453125
366000 4.846153846153846 0.453125
368000 4.865384615384615 0.453125
370000 4.884615384615385 0.453125
372000 4.884615384615385 0.484375
374000 4.826923076923077 0.4375
376000 4.884615384615385 0.40625
378000 4.865384615384615 0.4375
380000 4.884615384615385 0.421875
382000 4.884615384615385 0.390625
384000 4.884615384615385 0.453125
386000 4.826923076923077 0.421875
388000 4.903846153846154 0.421875
390000 4.846153846153846 0.40625
392000 4.961538461538462 0.390625
394000 4.884615384615385 0.4375
396000 4.8076923076923075 0.40625
398000 4.788461538461538 0.421875
400000 4.846153846153846 0.421875
402000 4.903846153846154 0.46875
404000 4.865384615384615 0.46875
406000 4.884615384615385 0.46875
408000 4.903846153846154 0.4375
410000 4.980769230769231 0.40625
412000 4.980769230769231 0.4375
414000 4.884615384615385 0.421875
416000 4.961538461538462 0.390625
418000 4.865384615384615 0.390625
420000 4.884615384615385 0.421875
422000 4.865384615384615 0.375
424000 4.846153846153846 0.4375
426000 4.846153846153846 0.40625
428000 4.788461538461538 0.421875
430000 4.8076923076923075 0.421875
432000 4.788461538461538 0.375
434000 4.8076923076923075 0.421875
436000 4.8076923076923075 0.421875
438000 4.8076923076923075 0.40625
440000 4.75 0.453125
442000 4.884615384615385 0.453125
444000 4.865384615384615 0.453125
446000 4.8076923076923075 0.4375
448000 4.8076923076923075 0.453125
450000 4.865384615384615 0.4375
452000 4.865384615384615 0.4375
454000 4.865384615384615 0.421875
456000 4.826923076923077 0.421875
458000 4.826923076923077 0.46875
460000 4.865384615384615 0.4375
462000 4.865384615384615 0.375
464000 4.865384615384615 0.390625
466000 4.865384615384615 0.453125
468000 4.884615384615385 0.421875
470000 4.884615384615385 0.421875
472000 4.884615384615385 0.46875
474000 4.884615384615385 0.4375
476000 4.884615384615385 0.421875
478000 4.8076923076923075 0.4375
480000 4.884615384615385 0.40625
482000 4.884615384615385 0.421875
484000 4.884615384615385 0.421875
486000 4.884615384615385 0.359375
488000 4.826923076923077 0.375
490000 4.884615384615385 0.390625
492000 4.884615384615385 0.421875
494000 4.865384615384615 0.234375
496000 4.884615384615385 0.265625
498000 4.884615384615385 0.28125
500000 4.865384615384615 0.265625
