2000 0.46153846153846156 0.421875
4000 0.4423076923076923 0.328125
6000 0.6538461538461539 0.453125
8000 1.0384615384615385 0.578125
10000 1.1346153846153846 0.65625
12000 1.3846153846153846 0.53125
14000 1.4615384615384615 0.515625
16000 1.3461538461538463 0.5625
18000 1.3846153846153846 0.734375
20000 2.1153846153846154 0.59375
22000 2.769230769230769 0.484375
24000 2.9423076923076925 0.703125
26000 3.8076923076923075 0.515625
28000 4.211538461538462 0.53125
30000 4.403846153846154 0.53125
32000 4.519230769230769 0.53125
34000 4.519230769230769 0.703125
36000 4.519230769230769 0.59375
38000 4.519230769230769 0.625
40000 4.519230769230769 0.625
42000 4.519230769230769 0.8125
44000 4.576923076923077 0.5
46000 4.519230769230769 0.53125
48000 4.519230769230769 0.734375
50000 4.519230769230769 0.59375
52000 4.519230769230769 0.671875
54000 4.519230769230769 0.734375
56000 4.576923076923077 0.578125
58000 4.576923076923077 0.609375
60000 4.576923076923077 0.75
62000 4.576923076923077 0.609375
64000 4.576923076923077 0.734375
66000 4.576923076923077 0.71875
68000 4.576923076923077 0.53125
70000 4.519230769230769 0.5625
72000 4.3076923076923075 0.875
74000 4.519230769230769 0.671875
76000 4.153846153846154 0.578125
78000 4.576923076923077 0.671875
80000 4.576923076923077 0.546875
82000 4.4423076923076925 0.59375
84000 4.326923076923077 0.609375
86000 4.615384615384615 0.5
88000 4.269230769230769 0.546875
90000 4.4423076923076925 0.765625
92000 4.519230769230769 0.5625
94000 4.480769230769231 0.609375
96000 4.596153846153846 0.5625
98000 4.538461538461538 0.546875
100000 4.519230769230769 0.53125
102000 4.596153846153846 0.71875
104000 4.576923076923077 0.546875
106000 4.634615384615385 0.6875
108000 4.634615384615385 0.6875
110000 4.653846153846154 0.640625
112000 4.4423076923076925 0.78125
114000 4.25 0.5625
116000 4.615384615384615 0.765625
118000 4.4423076923076925 0.578125
120000 4.615384615384615 0.578125
122000 4.269230769230769 0.53125
124000 4.288461538461538 0.53125
126000 4.25 0.578125
128000 4.269230769230769 0.484375
130000 4.230769230769231 0.578125
132000 4.230769230769231 0.515625
134000 4.615384615384615 0.53125
136000 4.615384615384615 0.609375
138000 4.576923076923077 0.734375
140000 4.615384615384615 0.515625
142000 4.576923076923077 0.5625
144000 4.615384615384615 0.53125
146000 4.5576923076923075 0.53125
148000 4.5576923076923075 0.734375
150000 4.596153846153846 0.53125
152000 4.519230769230769 0.703125
154000 4.576923076923077 0.78125
156000 4.5576923076923075 0.65625
158000 4.5576923076923075 0.578125
160000 4.673076923076923 0.84375
162000 4.4423076923076925 0.53125
164000 4.576923076923077 0.53125
166000 4.519230769230769 0.78125
168000 4.538461538461538 0.609375
170000 4.5576923076923075 0.75
172000 4.538461538461538 0.796875
174000 4.538461538461538 0.75
176000 4.538461538461538 0.765625
178000 4.5576923076923075 0.65625
180000 4.538461538461538 0.765625
182000 4.596153846153846 0.65625
184000 4.711538461538462 0.78125
186000 4.711538461538462 0.671875
188000 4.673076923076923 0.515625
190000 4.5 0.71875
192000 4.5576923076923075 0.515625
194000 4.576923076923077 0.578125
196000 4.576923076923077 0.53125
198000 4.6923076923076925 0.625
200000 4.634615384615385 0.609375
202000 4.634615384615385 0.734375
204000 4.634615384615385 0.734375
206000 4.576923076923077 0.5625
208000 4.711538461538462 0.65625
210000 4.4423076923076925 0.765625
212000 4.576923076923077 0.625
214000 4.634615384615385 0.671875
216000 4.615384615384615 0.515625
218000 4.615384615384615 0.75
220000 4.711538461538462 0.734375
222000 4.711538461538462 0.6875
224000 4.711538461538462 0.671875
226000 4.596153846153846 0.578125
228000 4.615384615384615 0.6875
230000 4.596153846153846 0.640625
232000 4.615384615384615 0.53125
234000 4.634615384615385 0.6875
236000 4.615384615384615 0.609375
238000 4.730769230769231 0.65625
240000 4.5576923076923075 0.796875
242000 4.615384615384615 0.59375
244000 4.673076923076923 0.59375
246000 4.730769230769231 0.53125
248000 4.653846153846154 0.53125
250000 4.653846153846154 0.5625
252000 4.673076923076923 0.625
254000 4.615384615384615 0.875
256000 4.615384615384615 0.546875
258000 4.615384615384615 0.609375
260000 4.519230769230769 0.9375
262000 4.576923076923077 0.578125
264000 4.5576923076923075 0.65625
266000 4.596153846153846 0.8125
268000 4.615384615384615 0.625
270000 4.615384615384615 0.625
272000 4.634615384615385 0.8125
274000 4.673076923076923 0.5625
276000 4.596153846153846 0.59375
278000 4.576923076923077 0.734375
280000 4.519230769230769 0.765625
282000 4.596153846153846 0.625
284000 4.615384615384615 0.671875
286000 4.5576923076923075 0.53125
288000 4.5576923076923075 0.765625
290000 4.461538461538462 0.5625
292000 4.5576923076923075 0.796875
294000 4.576923076923077 0.734375
296000 4.538461538461538 0.671875
298000 4.576923076923077 0.8125
300000 4.5576923076923075 0.625
302000 4.538461538461538 0.59375
304000 4.596153846153846 0.578125
306000 4.5 0.59375
308000 4.5 0.578125
310000 4.538461538461538 0.734375
312000 4.596153846153846 0.640625
314000 4.519230769230769 0.671875
316000 4.519230769230769 0.78125
318000 4.6923076923076925 0.53125
320000 4.596153846153846 0.796875
322000 4.423076923076923 0.625
324000 4.615384615384615 0.546875
326000 4.75 0.75
328000 4.6923076923076925 0.78125
330000 4.769230769230769 0.65625
332000 4.769230769230769 0.8125
334000 4.75 0.609375
336000 4.634615384615385 0.5625
338000 4.730769230769231 0.765625
340000 4.711538461538462 0.734375
342000 4.75 0.734375
344000 4.75 0.796875
346000 4.75 0.578125
348000 4.730769230769231 0.578125
350000 4.6923076923076925 0.796875
352000 4.5 0.53125
354000 4.673076923076923 0.53125
356000 4.634615384615385 0.78125
358000 4.711538461538462 0.609375
360000 4.615384615384615 0.59375
362000 4.711538461538462 0.890625
364000 4.6923076923076925 0.65625
366000 4.769230769230769 0.609375
368000 4.769230769230769 0.8125
370000 4.769230769230769 0.578125
372000 4.730769230769231 0.59375
374000 4.653846153846154 0.671875
376000 4.615384615384615 0.5625
378000 4.75 0.625
380000 4.711538461538462 0.921875
382000 4.6923076923076925 0.625
384000 4.653846153846154 0.546875
386000 4.6923076923076925 0.546875
388000 4.673076923076923 0.9375
390000 4.615384615384615 0.5625
392000 4.653846153846154 0.796875
394000 4.596153846153846 0.890625
396000 4.576923076923077 0.640625
398000 4.634615384615385 0.640625
400000 4.673076923076923 0.5625
402000 4.653846153846154 0.5
404000 4.615384615384615 0.828125
406000 4.634615384615385 0.578125
408000 4.634615384615385 0.640625
410000 4.653846153846154 0.84375
412000 4.711538461538462 0.5625
414000 4.730769230769231 0.578125
416000 4.711538461538462 0.828125
418000 4.730769230769231 0.578125
420000 4.711538461538462 0.609375
422000 4.711538461538462 0.546875
424000 4.75 0.515625
426000 4.653846153846154 0.6875
428000 4.730769230769231 0.765625
430000 4.6923076923076925 0.65625
432000 4.75 0.609375
434000 4.711538461538462 0.546875
436000 4.769230769230769 0.5625
438000 4.653846153846154 0.515625
440000 4.8076923076923075 0.84375
442000 4.730769230769231 0.609375
444000 4.730769230769231 0.640625
446000 4.769230769230769 0.75
448000 4.730769230769231 0.734375
450000 4.75 0.5625
452000 4.788461538461538 0.78125
454000 4.75 0.609375
456000 4.769230769230769 0.71875
458000 4.75 0.859375
460000 4.75 0.625
462000 4.769230769230769 0.578125
464000 4.711538461538462 0.828125
466000 4.711538461538462 0.625
468000 4.75 0.609375
470000 4.769230769230769 0.71875
472000 4.75 0.609375
474000 4.769230769230769 0.609375
476000 4.788461538461538 0.703125
478000 4.788461538461538 0.5625
480000 4.826923076923077 0.5625
482000 4.826923076923077 0.671875
484000 4.826923076923077 0.640625
486000 4.75 0.59375
488000 4.75 0.640625
490000 4.75 0.625
492000 4.730769230769231 0.5625
494000 4.730769230769231 0.546875
496000 4.75 0.8125
498000 4.788461538461538 0.8125
500000 4.769230769230769 0.765625
