2000 0.4230769230769231 0.140625
4000 0.38461538461538464 0.125
6000 0.8846153846153846 0.109375
8000 1.0384615384615385 0.28125
10000 1.0769230769230769 0.484375
12000 1.1730769230769231 0.328125
14000 1.1730769230769231 0.296875
16000 1.8076923076923077 0.359375
18000 3.6538461538461537 0.421875
20000 4.519230769230769 0.40625
22000 4.519230769230769 0.25
24000 4.519230769230769 0.296875
26000 4.576923076923077 0.265625
28000 4.519230769230769 0.421875
30000 4.519230769230769 0.375
32000 4.596153846153846 0.15625
34000 4.538461538461538 0.265625
36000 4.538461538461538 0.328125
38000 4.519230769230769 0.28125
40000 4.519230769230769 0.328125
42000 4.519230769230769 0.359375
44000 4.519230769230769 0.296875
46000 4.519230769230769 0.234375
48000 4.576923076923077 0.3125
50000 4.596153846153846 0.234375
52000 4.596153846153846 0.375
54000 4.576923076923077 0.265625
56000 4.538461538461538 0.25
58000 4.596153846153846 0.28125
60000 4.538461538461538 0.234375
62000 4.596153846153846 0.34375
64000 4.596153846153846 0.34375
66000 4.596153846153846 0.21875
68000 4.576923076923077 0.25
70000 4.596153846153846 0.265625
72000 4.5576923076923075 0.3125
74000 4.596153846153846 0.40625
76000 4.596153846153846 0.25
78000 4.615384615384615 0.203125
80000 4.5576923076923075 0.234375
82000 4.615384615384615 0.296875
84000 4.615384615384615 0.34375
86000 4.596153846153846 0.34375
88000 4.538461538461538 0.296875
90000 4.576923076923077 0.234375
92000 4.5576923076923075 0.25
94000 4.596153846153846 0.3125
96000 4.5576923076923075 0.296875
98000 4.5576923076923075 0.25
100000 4.538461538461538 0.21875
102000 4.596153846153846 0.28125
104000 4.576923076923077 0.328125
106000 4.615384615384615 0.453125
108000 4.615384615384615 0.28125
110000 4.576923076923077 0.265625
112000 4.384615384615385 0.265625
114000 4.403846153846154 0.25
116000 4.423076923076923 0.390625
118000 4.596153846153846 0.34375
120000 4.480769230769231 0.265625
122000 4.538461538461538 0.28125
124000 4.5576923076923075 0.234375
126000 4.596153846153846 0.328125
128000 4.538461538461538 0.25
130000 4.576923076923077 0.28125
132000 4.596153846153846 0.265625
134000 4.538461538461538 0.359375
136000 4.480769230769231 0.296875
138000 4.5576923076923075 0.46875
140000 4.538461538461538 0.3125
142000 4.5576923076923075 0.28125
144000 4.519230769230769 0.3125
146000 4.269230769230769 0.28125
148000 4.5 0.34375
150000 4.596153846153846 0.296875
152000 4.615384615384615 0.265625
154000 4.576923076923077 0.25
156000 4.5576923076923075 0.28125
158000 4.480769230769231 0.359375
160000 4.4423076923076925 0.359375
162000 4.653846153846154 0.296875
164000 4.403846153846154 0.28125
166000 4.346153846153846 0.296875
168000 4.346153846153846 0.328125
170000 4.384615384615385 0.46875
172000 4.346153846153846 0.28125
174000 4.346153846153846 0.390625
176000 4.480769230769231 0.25
178000 4.634615384615385 0.234375
180000 4.6923076923076925 0.375
182000 4.6923076923076925 0.265625
184000 4.596153846153846 0.234375
186000 4.519230769230769 0.265625
188000 4.615384615384615 0.3125
190000 4.596153846153846 0.390625
192000 4.653846153846154 0.3125
194000 4.634615384615385 0.28125
196000 4.634615384615385 0.21875
198000 4.634615384615385 0.234375
200000 4.653846153846154 0.3125
202000 4.615384615384615 0.3125
204000 4.653846153846154 0.34375
206000 4.673076923076923 0.21875
208000 4.5 0.3125
210000 4.75 0.28125
212000 4.653846153846154 0.40625
214000 4.634615384615385 0.296875
216000 4.615384615384615 0.25
218000 4.634615384615385 0.25
220000 4.615384615384615 0.296875
222000 4.634615384615385 0.328125
224000 4.634615384615385 0.25
226000 4.5576923076923075 0.3125
228000 4.634615384615385 0.28125
230000 4.711538461538462 0.359375
232000 4.653846153846154 0.28125
234000 4.634615384615385 0.4375
236000 4.634615384615385 0.234375
238000 4.576923076923077 0.25
240000 4.615384615384615 0.25
242000 4.615384615384615 0.25
244000 4.6923076923076925 0.40625
246000 4.634615384615385 0.265625
248000 4.653846153846154 0.28125
250000 4.634615384615385 0.25
252000 4.596153846153846 0.25
254000 4.596153846153846 0.3125
256000 4.5576923076923075 0.390625
258000 4.596153846153846 0.359375
260000 4.519230769230769 0.390625
262000 4.5576923076923075 0.265625
264000 4.5576923076923075 0.296875
266000 4.673076923076923 0.546875
268000 4.653846153846154 0.390625
270000 4.653846153846154 0.296875
272000 4.576923076923077 0.296875
274000 4.634615384615385 0.3125
276000 4.711538461538462 0.375
278000 4.653846153846154 0.296875
280000 4.75 0.234375
282000 4.75 0.328125
284000 4.634615384615385 0.390625
286000 4.769230769230769 0.515625
288000 4.673076923076923 0.390625
290000 4.596153846153846 0.296875
292000 4.730769230769231 0.25
294000 4.5 0.265625
296000 4.519230769230769 0.21875
298000 4.634615384615385 0.453125
300000 4.6923076923076925 0.265625
302000 4.653846153846154 0.34375
304000 4.730769230769231 0.265625
306000 4.75 0.265625
308000 4.634615384615385 0.375
310000 4.634615384615385 0.265625
312000 4.615384615384615 0.296875
314000 4.634615384615385 0.296875
316000 4.596153846153846 0.265625
318000 4.788461538461538 0.390625
320000 4.730769230769231 0.3125
322000 4.730769230769231 0.328125
324000 4.673076923076923 0.234375
326000 4.673076923076923 0.28125
328000 4.653846153846154 0.28125
330000 4.769230769230769 0.46875
332000 4.673076923076923 0.375
334000 4.711538461538462 0.25
336000 4.865384615384615 0.265625
338000 4.846153846153846 0.390625
340000 4.8076923076923075 0.40625
342000 4.769230769230769 0.25
344000 4.673076923076923 0.265625
346000 4.615384615384615 0.28125
348000 4.596153846153846 0.265625
350000 4.634615384615385 0.359375
352000 4.615384615384615 0.25
354000 4.75 0.203125
356000 4.788461538461538 0.3125
358000 4.75 0.28125
360000 4.75 0.296875
362000 4.846153846153846 0.421875
364000 4.673076923076923 0.234375
366000 4.730769230769231 0.203125
368000 4.6923076923076925 0.265625
370000 4.8076923076923075 0.21875
372000 4.576923076923077 0.375
374000 4.634615384615385 0.3125
376000 4.5576923076923075 0.21875
378000 4.615384615384615 0.21875
380000 4.634615384615385 0.234375
382000 4.6923076923076925 0.328125
384000 4.634615384615385 0.328125
386000 4.615384615384615 0.21875
388000 4.6923076923076925 0.203125
390000 4.653846153846154 0.203125
392000 4.673076923076923 0.28125
394000 4.634615384615385 0.40625
396000 4.615384615384615 0.234375
398000 4.576923076923077 0.265625
400000 4.653846153846154 0.21875
402000 4.634615384615385 0.234375
404000 4.615384615384615 0.390625
406000 4.673076923076923 0.328125
408000 4.673076923076923 0.234375
410000 4.673076923076923 0.21875
412000 4.576923076923077 0.203125
414000 4.673076923076923 0.328125
416000 4.730769230769231 0.25
418000 4.730769230769231 0.234375
420000 4.769230769230769 0.21875
422000 4.673076923076923 0.21875
424000 4.711538461538462 0.28125
426000 4.75 0.40625
428000 4.711538461538462 0.359375
430000 4.6923076923076925 0.375
432000 4.8076923076923075 0.34375
434000 4.730769230769231 0.34375
436000 4.8076923076923075 0.328125
438000 4.653846153846154 0.390625
440000 4.653846153846154 0.390625
442000 4.730769230769231 0.359375
444000 4.711538461538462 0.390625
446000 4.6923076923076925 0.390625
448000 4.6923076923076925 0.359375
450000 4.6923076923076925 0.34375
452000 4.711538461538462 0.375
454000 4.673076923076923 0.3125
456000 4.634615384615385 0.34375
458000 4.634615384615385 0.421875
460000 4.653846153846154 0.390625
462000 4.769230769230769 0.34375
464000 4.6923076923076925 0.3125
466000 4.653846153846154 0.359375
468000 4.634615384615385 0.40625
470000 4.653846153846154 0.21875
472000 4.634615384615385 0.296875
474000 4.634615384615385 0.21875
476000 4.653846153846154 0.296875
478000 4.653846153846154 0.3125
480000 4.673076923076923 0.25
482000 4.673076923076923 0.21875
484000 4.6923076923076925 0.328125
486000 4.673076923076923 0.3125
488000 4.673076923076923 0.3125
490000 4.711538461538462 0.40625
492000 4.673076923076923 0.21875
494000 4.673076923076923 0.34375
496000 4.653846153846154 0.25
498000 4.673076923076923 0.3125
500000 4.673076923076923 0.375
