2000 0.28846153846153844 0.484375
4000 0.46153846153846156 0.421875
6000 0.6346153846153846 0.4375
8000 0.9423076923076923 0.46875
10000 0.5192307692307693 0.453125
12000 1.2307692307692308 0.5
14000 1.5 0.46875
16000 2.269230769230769 0.5625
18000 3.980769230769231 0.5625
20000 4.519230769230769 0.59375
22000 4.519230769230769 0.5
24000 4.519230769230769 0.578125
26000 4.519230769230769 0.5625
28000 4.519230769230769 0.53125
30000 4.519230769230769 0.53125
32000 4.519230769230769 0.578125
34000 4.519230769230769 0.53125
36000 4.519230769230769 0.546875
38000 4.538461538461538 0.578125
40000 4.538461538461538 0.515625
42000 4.538461538461538 0.65625
44000 4.519230769230769 0.578125
46000 4.6923076923076925 0.546875
48000 4.6923076923076925 0.59375
50000 4.538461538461538 0.5625
52000 4.6923076923076925 0.609375
54000 4.6923076923076925 0.640625
56000 4.6923076923076925 0.609375
58000 4.576923076923077 0.578125
60000 4.461538461538462 0.59375
62000 4.461538461538462 0.59375
64000 4.576923076923077 0.546875
66000 4.5 0.609375
68000 4.5 0.546875
70000 4.519230769230769 0.5625
72000 4.576923076923077 0.65625
74000 4.346153846153846 0.5625
76000 4.673076923076923 0.625
78000 4.653846153846154 0.625
80000 4.5576923076923075 0.578125
82000 4.538461538461538 0.578125
84000 4.673076923076923 0.59375
86000 4.519230769230769 0.640625
88000 4.480769230769231 0.609375
90000 4.5576923076923075 0.59375
92000 4.576923076923077 0.625
94000 4.519230769230769 0.640625
96000 4.673076923076923 0.671875
98000 4.673076923076923 0.578125
100000 4.6923076923076925 0.5625
102000 4.576923076923077 0.578125
104000 4.673076923076923 0.578125
106000 4.673076923076923 0.609375
108000 4.673076923076923 0.609375
110000 4.6923076923076925 0.53125
112000 4.4423076923076925 0.59375
114000 4.5 0.546875
116000 4.596153846153846 0.578125
118000 4.538461538461538 0.578125
120000 4.576923076923077 0.609375
122000 4.538461538461538 0.53125
124000 4.538461538461538 0.6875
126000 4.538461538461538 0.625
128000 4.538461538461538 0.578125
130000 4.519230769230769 0.609375
132000 4.653846153846154 0.671875
134000 4.5 0.640625
136000 4.653846153846154 0.59375
138000 4.423076923076923 0.546875
140000 4.711538461538462 0.59375
142000 4.480769230769231 0.5625
144000 4.673076923076923 0.609375
146000 4.576923076923077 0.578125
148000 4.461538461538462 0.5625
150000 4.711538461538462 0.625
152000 4.596153846153846 0.640625
154000 4.576923076923077 0.609375
156000 4.538461538461538 0.5625
158000 4.538461538461538 0.625
160000 4.653846153846154 0.59375
162000 4.673076923076923 0.640625
164000 4.519230769230769 0.53125
166000 4.5576923076923075 0.59375
168000 4.6923076923076925 0.609375
170000 4.653846153846154 0.59375
172000 4.711538461538462 0.640625
174000 4.653846153846154 0.578125
176000 4.730769230769231 0.609375
178000 4.711538461538462 0.578125
180000 4.711538461538462 0.625
182000 4.673076923076923 0.59375
184000 4.615384615384615 0.640625
186000 4.673076923076923 0.578125
188000 4.711538461538462 0.625
190000 4.730769230769231 0.59375
192000 4.75 0.59375
194000 4.75 0.609375
196000 4.730769230769231 0.625
198000 4.769230769230769 0.578125
200000 4.846153846153846 0.546875
202000 4.769230769230769 0.578125
204000 4.538461538461538 0.625
206000 4.634615384615385 0.5625
208000 4.769230769230769 0.59375
210000 4.730769230769231 0.59375
212000 4.538461538461538 0.625
214000 4.769230769230769 0.59375
216000 4.884615384615385 0.5625
218000 4.75 0.578125
220000 4.826923076923077 0.546875
222000 4.711538461538462 0.609375
224000 4.730769230769231 0.609375
226000 4.846153846153846 0.59375
228000 4.846153846153846 0.625
230000 4.846153846153846 0.5625
232000 4.865384615384615 0.578125
234000 4.846153846153846 0.59375
236000 4.865384615384615 0.515625
238000 4.826923076923077 0.625
240000 4.788461538461538 0.578125
242000 4.788461538461538 0.59375
244000 4.865384615384615 0.59375
246000 4.865384615384615 0.609375
248000 4.884615384615385 0.5625
250000 4.865384615384615 0.53125
252000 4.903846153846154 0.578125
254000 4.8076923076923075 0.59375
256000 4.884615384615385 0.640625
258000 4.884615384615385 0.578125
260000 4.634615384615385 0.59375
262000 4.903846153846154 0.65625
264000 4.826923076923077 0.609375
266000 4.903846153846154 0.609375
268000 4.884615384615385 0.59375
270000 4.884615384615385 0.65625
272000 4.711538461538462 0.546875
274000 4.711538461538462 0.609375
276000 4.730769230769231 0.609375
278000 4.903846153846154 0.578125
280000 4.903846153846154 0.625
282000 4.884615384615385 0.640625
284000 4.846153846153846 0.609375
286000 4.769230769230769 0.609375
288000 4.826923076923077 0.609375
290000 4.826923076923077 0.578125
292000 4.788461538461538 0.59375
294000 4.6923076923076925 0.5625
296000 4.826923076923077 0.59375
298000 4.9423076923076925 0.59375
300000 4.903846153846154 0.59375
302000 4.846153846153846 0.5625
304000 4.8076923076923075 0.578125
306000 4.903846153846154 0.578125
308000 4.923076923076923 0.609375
310000 4.903846153846154 0.703125
312000 4.6923076923076925 0.609375
314000 4.788461538461538 0.59375
316000 4.788461538461538 0.609375
318000 4.711538461538462 0.609375
320000 4.75 0.609375
322000 4.8076923076923075 0.59375
324000 4.826923076923077 0.546875
326000 4.8076923076923075 0.546875
328000 4.788461538461538 0.578125
330000 4.826923076923077 0.546875
332000 4.826923076923077 0.5625
334000 4.903846153846154 0.59375
336000 4.865384615384615 0.578125
338000 4.8076923076923075 0.59375
340000 4.826923076923077 0.5625
342000 4.730769230769231 0.578125
344000 4.846153846153846 0.625
346000 4.884615384615385 0.625
348000 4.923076923076923 0.59375
350000 4.903846153846154 0.515625
352000 4.653846153846154 0.578125
354000 4.826923076923077 0.59375
356000 4.75 0.625
358000 4.769230769230769 0.609375
360000 4.923076923076923 0.671875
362000 4.8076923076923075 0.625
364000 4.903846153846154 0.578125
366000 4.9423076923076925 0.640625
368000 4.826923076923077 0.59375
370000 4.826923076923077 0.578125
372000 4.865384615384615 0.5625
374000 4.884615384615385 0.546875
376000 4.884615384615385 0.5625
378000 4.846153846153846 0.59375
380000 4.8076923076923075 0.546875
382000 4.788461538461538 0.5625
384000 4.846153846153846 0.609375
386000 4.788461538461538 0.640625
388000 4.826923076923077 0.546875
390000 4.788461538461538 0.625
392000 4.8076923076923075 0.578125
394000 4.826923076923077 0.59375
396000 4.865384615384615 0.625
398000 4.769230769230769 0.578125
400000 4.75 0.578125
402000 4.788461538461538 0.640625
404000 4.769230769230769 0.609375
406000 4.769230769230769 0.59375
408000 4.865384615384615 0.5625
410000 4.826923076923077 0.546875
412000 4.788461538461538 0.625
414000 4.884615384615385 0.5625
416000 4.826923076923077 0.609375
418000 4.9423076923076925 0.5625
420000 4.865384615384615 0.546875
422000 4.923076923076923 0.5625
424000 4.923076923076923 0.546875
426000 4.923076923076923 0.578125
428000 4.903846153846154 0.59375
430000 4.865384615384615 0.578125
432000 4.865384615384615 0.625
434000 4.884615384615385 0.65625
436000 4.9423076923076925 0.546875
438000 4.923076923076923 0.625
440000 4.788461538461538 0.578125
442000 4.788461538461538 0.59375
444000 4.903846153846154 0.640625
446000 4.923076923076923 0.640625
448000 4.923076923076923 0.546875
450000 4.826923076923077 0.609375
452000 4.923076923076923 0.640625
454000 4.903846153846154 0.546875
456000 4.903846153846154 0.609375
458000 4.903846153846154 0.5625
460000 4.923076923076923 0.546875
462000 4.923076923076923 0.609375
464000 4.923076923076923 0.640625
466000 4.9423076923076925 0.59375
468000 4.788461538461538 0.609375
470000 4.903846153846154 0.609375
472000 4.9423076923076925 0.5625
474000 4.923076923076923 0.609375
476000 4.923076923076923 0.625
478000 4.923076923076923 0.5625
480000 4.923076923076923 0.59375
482000 4.9423076923076925 0.609375
484000 4.9423076923076925 0.59375
486000 4.826923076923077 0.578125
488000 4.9423076923076925 0.609375
490000 4.903846153846154 0.59375
492000 4.923076923076923 0.59375
494000 4.9423076923076925 0.5625
496000 4.9423076923076925 0.453125
498000 4.9423076923076925 0.4375
500000 4.923076923076923 0.40625
