2000 0.28846153846153844 0.328125
4000 0.3269230769230769 0.328125
6000 0.6730769230769231 0.34375
8000 1.4038461538461537 0.40625
10000 1.4423076923076923 0.34375
12000 1.3461538461538463 0.34375
14000 2.3653846153846154 0.328125
16000 2.8461538461538463 0.328125
18000 4.634615384615385 0.28125
20000 4.519230769230769 0.359375
22000 4.519230769230769 0.328125
24000 4.673076923076923 0.3125
26000 4.615384615384615 0.34375
28000 4.461538461538462 0.34375
30000 4.538461538461538 0.3125
32000 4.538461538461538 0.359375
34000 4.634615384615385 0.421875
36000 4.538461538461538 0.40625
38000 4.384615384615385 0.421875
40000 4.461538461538462 0.4375
42000 4.615384615384615 0.4375
44000 4.423076923076923 0.390625
46000 4.480769230769231 0.390625
48000 4.269230769230769 0.359375
50000 4.519230769230769 0.40625
52000 4.423076923076923 0.40625
54000 4.538461538461538 0.421875
56000 4.346153846153846 0.421875
58000 4.5576923076923075 0.40625
60000 4.5576923076923075 0.4375
62000 4.5 0.40625
64000 4.538461538461538 0.421875
66000 4.519230769230769 0.375
68000 4.5576923076923075 0.375
70000 4.576923076923077 0.421875
72000 4.423076923076923 0.46875
74000 4.596153846153846 0.390625
76000 4.653846153846154 0.390625
78000 4.634615384615385 0.421875
80000 4.634615384615385 0.421875
82000 4.615384615384615 0.390625
84000 4.615384615384615 0.421875
86000 4.634615384615385 0.40625
88000 4.615384615384615 0.4375
90000 4.576923076923077 0.4375
92000 4.634615384615385 0.46875
94000 4.615384615384615 0.40625
96000 4.634615384615385 0.375
98000 4.5 0.4375
100000 4.480769230769231 0.40625
102000 4.365384615384615 0.421875
104000 4.288461538461538 0.40625
106000 4.538461538461538 0.4375
108000 4.4423076923076925 0.4375
110000 4.384615384615385 0.375
112000 4.596153846153846 0.4375
114000 4.6923076923076925 0.390625
116000 4.653846153846154 0.40625
118000 4.5 0.40625
120000 4.75 0.4375
122000 4.6923076923076925 0.453125
124000 4.6923076923076925 0.40625
126000 4.711538461538462 0.421875
128000 4.75 0.46875
130000 4.730769230769231 0.4375
132000 4.903846153846154 0.40625
134000 4.788461538461538 0.4375
136000 4.8076923076923075 0.4375
138000 4.3076923076923075 0.390625
140000 4.346153846153846 0.40625
142000 4.615384615384615 0.40625
144000 4.653846153846154 0.421875
146000 4.6923076923076925 0.390625
148000 4.788461538461538 0.453125
150000 4.673076923076923 0.4375
152000 4.730769230769231 0.40625
154000 4.615384615384615 0.40625
156000 4.634615384615385 0.4375
158000 4.673076923076923 0.390625
160000 4.673076923076923 0.4375
162000 4.653846153846154 0.40625
164000 4.884615384615385 0.421875
166000 4.903846153846154 0.421875
168000 4.730769230769231 0.453125
170000 4.769230769230769 0.421875
172000 4.884615384615385 0.421875
174000 4.673076923076923 0.453125
176000 4.538461538461538 0.453125
178000 4.75 0.375
180000 4.8076923076923075 0.390625
182000 4.8076923076923075 0.421875
184000 4.730769230769231 0.421875
186000 4.673076923076923 0.484375
188000 4.711538461538462 0.40625
190000 4.711538461538462 0.390625
192000 4.6923076923076925 0.4375
194000 4.6923076923076925 0.40625
196000 4.653846153846154 0.40625
198000 4.769230769230769 0.453125
200000 4.6923076923076925 0.375
202000 4.826923076923077 0.421875
204000 4.711538461538462 0.421875
206000 4.75 0.46875
208000 4.75 0.421875
210000 4.653846153846154 0.40625
212000 4.711538461538462 0.46875
214000 4.730769230769231 0.4375
216000 4.653846153846154 0.359375
218000 4.788461538461538 0.40625
220000 4.769230769230769 0.46875
222000 4.730769230769231 0.40625
224000 4.730769230769231 0.421875
226000 4.730769230769231 0.421875
228000 4.769230769230769 0.421875
230000 4.653846153846154 0.40625
232000 4.846153846153846 0.421875
234000 4.826923076923077 0.390625
236000 4.673076923076923 0.421875
238000 4.711538461538462 0.359375
240000 4.826923076923077 0.34375
242000 4.769230769230769 0.421875
244000 4.923076923076923 0.40625
246000 4.923076923076923 0.4375
248000 4.769230769230769 0.390625
250000 4.846153846153846 0.421875
252000 4.846153846153846 0.40625
254000 4.788461538461538 0.390625
256000 4.846153846153846 0.421875
258000 4.826923076923077 0.484375
260000 4.75 0.453125
262000 4.75 0.359375
264000 4.6923076923076925 0.390625
266000 4.653846153846154 0.4375
268000 4.884615384615385 0.40625
270000 4.769230769230769 0.390625
272000 4.846153846153846 0.40625
274000 4.769230769230769 0.375
276000 4.730769230769231 0.375
278000 4.673076923076923 0.40625
280000 4.865384615384615 0.421875
282000 4.711538461538462 0.34375
284000 4.6923076923076925 0.484375
286000 4.634615384615385 0.421875
288000 4.730769230769231 0.40625
290000 4.730769230769231 0.390625
292000 4.711538461538462 0.453125
294000 4.846153846153846 0.40625
296000 4.9423076923076925 0.46875
298000 4.826923076923077 0.484375
300000 4.730769230769231 0.390625
302000 4.826923076923077 0.453125
304000 4.826923076923077 0.4375
306000 4.826923076923077 0.421875
308000 4.884615384615385 0.453125
310000 4.769230769230769 0.4375
312000 4.673076923076923 0.421875
314000 4.826923076923077 0.4375
316000 4.5576923076923075 0.4375
318000 4.711538461538462 0.40625
320000 4.75 0.4375
322000 4.826923076923077 0.453125
324000 4.730769230769231 0.4375
326000 4.769230769230769 0.390625
328000 4.711538461538462 0.375
330000 4.9423076923076925 0.40625
332000 4.75 0.390625
334000 4.769230769230769 0.453125
336000 4.788461538461538 0.421875
338000 4.865384615384615 0.453125
340000 4.788461538461538 0.4375
342000 4.865384615384615 0.4375
344000 4.596153846153846 0.484375
346000 4.826923076923077 0.421875
348000 4.846153846153846 0.390625
350000 4.884615384615385 0.4375
352000 4.788461538461538 0.40625
354000 4.75 0.484375
356000 4.923076923076923 0.421875
358000 4.865384615384615 0.421875
360000 4.846153846153846 0.453125
362000 5.0 0.421875
364000 4.903846153846154 0.421875
366000 4.6923076923076925 0.46875
368000 4.711538461538462 0.484375
370000 4.6923076923076925 0.4375
372000 4.923076923076923 0.4375
374000 5.0 0.453125
376000 4.8076923076923075 0.375
378000 4.884615384615385 0.4375
380000 4.75 0.4375
382000 4.961538461538462 0.453125
384000 4.826923076923077 0.46875
386000 4.9423076923076925 0.421875
388000 4.9423076923076925 0.421875
390000 4.884615384615385 0.4375
392000 5.019230769230769 0.453125
394000 4.9423076923076925 0.4375
396000 4.884615384615385 0.4375
398000 4.8076923076923075 0.421875
400000 4.865384615384615 0.40625
402000 4.903846153846154 0.421875
404000 4.865384615384615 0.484375
406000 4.884615384615385 0.390625
408000 4.884615384615385 0.453125
410000 4.903846153846154 0.390625
412000 4.846153846153846 0.4375
414000 4.903846153846154 0.453125
416000 4.846153846153846 0.421875
418000 4.923076923076923 0.40625
420000 5.0 0.40625
422000 4.846153846153846 0.484375
424000 4.865384615384615 0.453125
426000 4.788461538461538 0.4375
428000 4.826923076923077 0.4375
430000 4.903846153846154 0.484375
432000 4.884615384615385 0.4375
434000 4.884615384615385 0.4375
436000 4.903846153846154 0.46875
438000 4.903846153846154 0.4375
440000 4.846153846153846 0.453125
442000 4.903846153846154 0.421875
444000 4.884615384615385 0.453125
446000 4.865384615384615 0.453125
448000 4.865384615384615 0.46875
450000 4.8076923076923075 0.421875
452000 4.884615384615385 0.40625
454000 4.923076923076923 0.453125
456000 4.903846153846154 0.421875
458000 4.865384615384615 0.40625
460000 4.865384615384615 0.421875
462000 4.788461538461538 0.40625
464000 4.846153846153846 0.421875
466000 4.846153846153846 0.421875
468000 4.826923076923077 0.4375
470000 4.826923076923077 0.40625
472000 4.826923076923077 0.4375
474000 4.846153846153846 0.421875
476000 4.846153846153846 0.421875
478000 4.846153846153846 0.4375
480000 4.826923076923077 0.4375
482000 4.903846153846154 0.4375
484000 4.903846153846154 0.421875
486000 4.903846153846154 0.46875
488000 4.903846153846154 0.453125
490000 4.846153846153846 0.46875
492000 4.865384615384615 0.421875
494000 4.903846153846154 0.28125
496000 4.884615384615385 0.28125
498000 4.903846153846154 0.265625
500000 4.884615384615385 0.265625
