2000 1.0192307692307692 0.5
4000 1.4615384615384615 0.5
6000 3.8076923076923075 0.46875
8000 4.519230769230769 0.40625
10000 4.519230769230769 0.5
12000 4.519230769230769 0.484375
14000 4.519230769230769 0.5
16000 4.519230769230769 0.515625
18000 4.519230769230769 0.515625
20000 4.519230769230769 0.5625
22000 4.519230769230769 0.5
24000 4.519230769230769 0.53125
26000 4.576923076923077 0.5625
28000 4.615384615384615 0.515625
30000 4.615384615384615 0.546875
32000 4.634615384615385 0.5
34000 4.634615384615385 0.515625
36000 4.538461538461538 0.546875
38000 4.576923076923077 0.625
40000 4.615384615384615 0.515625
42000 4.576923076923077 0.53125
44000 4.576923076923077 0.546875
46000 4.615384615384615 0.609375
48000 4.615384615384615 0.59375
50000 4.519230769230769 0.609375
52000 4.596153846153846 0.59375
54000 4.538461538461538 0.59375
56000 4.596153846153846 0.609375
58000 4.538461538461538 0.609375
60000 4.25 0.578125
62000 4.596153846153846 0.640625
64000 4.615384615384615 0.546875
66000 4.615384615384615 0.640625
68000 4.615384615384615 0.640625
70000 4.615384615384615 0.578125
72000 4.615384615384615 0.640625
74000 4.615384615384615 0.609375
76000 4.596153846153846 0.515625
78000 4.596153846153846 0.5625
80000 4.576923076923077 0.578125
82000 4.615384615384615 0.546875
84000 4.615384615384615 0.625
86000 4.615384615384615 0.609375
88000 4.653846153846154 0.609375
90000 4.769230769230769 0.640625
92000 4.769230769230769 0.609375
94000 4.826923076923077 0.609375
96000 4.75 0.5625
98000 4.8076923076923075 0.59375
100000 4.8076923076923075 0.640625
102000 4.826923076923077 0.625
104000 4.846153846153846 0.609375
106000 4.846153846153846 0.640625
108000 4.865384615384615 0.578125
110000 4.884615384615385 0.59375
112000 4.769230769230769 0.625
114000 4.846153846153846 0.640625
116000 4.769230769230769 0.59375
118000 4.865384615384615 0.625
120000 4.826923076923077 0.59375
122000 4.884615384615385 0.609375
124000 4.884615384615385 0.578125
126000 4.865384615384615 0.578125
128000 4.826923076923077 0.609375
130000 4.846153846153846 0.5625
132000 4.75 0.625
134000 4.788461538461538 0.609375
136000 4.884615384615385 0.625
138000 4.865384615384615 0.6875
140000 4.884615384615385 0.546875
142000 4.884615384615385 0.546875
144000 4.8076923076923075 0.546875
146000 4.865384615384615 0.59375
148000 4.75 0.578125
150000 4.884615384615385 0.546875
152000 4.8076923076923075 0.609375
154000 4.730769230769231 0.53125
156000 4.769230769230769 0.609375
158000 4.769230769230769 0.625
160000 4.769230769230769 0.609375
162000 4.673076923076923 0.59375
164000 4.576923076923077 0.5625
166000 4.653846153846154 0.59375
168000 4.596153846153846 0.625
170000 4.596153846153846 0.59375
172000 4.711538461538462 0.625
174000 4.730769230769231 0.59375
176000 4.730769230769231 0.578125
178000 4.711538461538462 0.59375
180000 4.730769230769231 0.578125
182000 4.788461538461538 0.59375
184000 4.75 0.578125
186000 4.6923076923076925 0.65625
188000 4.75 0.578125
190000 4.5576923076923075 0.640625
192000 4.5576923076923075 0.5625
194000 4.6923076923076925 0.546875
196000 4.653846153846154 0.609375
198000 4.5 0.625
200000 4.5576923076923075 0.640625
202000 4.5 0.578125
204000 4.538461538461538 0.5625
206000 4.538461538461538 0.5625
208000 4.5576923076923075 0.625
210000 4.634615384615385 0.609375
212000 4.634615384615385 0.625
214000 4.5576923076923075 0.578125
216000 4.653846153846154 0.609375
218000 4.730769230769231 0.609375
220000 4.653846153846154 0.546875
222000 4.711538461538462 0.609375
224000 4.75 0.5625
226000 4.615384615384615 0.5625
228000 4.75 0.578125
230000 4.5576923076923075 0.578125
232000 4.576923076923077 0.578125
234000 4.634615384615385 0.515625
236000 4.4423076923076925 0.578125
238000 4.538461538461538 0.5625
240000 4.6923076923076925 0.5625
242000 4.5576923076923075 0.515625
244000 4.634615384615385 0.578125
246000 4.634615384615385 0.578125
248000 4.730769230769231 0.546875
250000 4.865384615384615 0.59375
252000 4.615384615384615 0.5
254000 4.769230769230769 0.578125
256000 4.711538461538462 0.578125
258000 4.788461538461538 0.515625
260000 4.711538461538462 0.625
262000 4.634615384615385 0.578125
264000 4.711538461538462 0.609375
266000 4.576923076923077 0.578125
268000 4.519230769230769 0.578125
270000 4.384615384615385 0.609375
272000 4.346153846153846 0.65625
274000 4.634615384615385 0.5625
276000 4.730769230769231 0.53125
278000 4.769230769230769 0.609375
280000 4.634615384615385 0.609375
282000 4.8076923076923075 0.578125
284000 4.788461538461538 0.546875
286000 4.5576923076923075 0.65625
288000 4.596153846153846 0.625
290000 4.673076923076923 0.625
292000 4.75 0.65625
294000 4.634615384615385 0.59375
296000 4.5576923076923075 0.609375
298000 4.75 0.5625
300000 4.673076923076923 0.609375
302000 4.6923076923076925 0.609375
304000 4.884615384615385 0.625
306000 4.846153846153846 0.640625
308000 4.8076923076923075 0.578125
310000 4.8076923076923075 0.578125
312000 4.826923076923077 0.59375
314000 4.75 0.59375
316000 4.865384615384615 0.5625
318000 4.846153846153846 0.640625
320000 4.788461538461538 0.5625
322000 4.75 0.609375
324000 4.634615384615385 0.625
326000 4.576923076923077 0.578125
328000 4.634615384615385 0.640625
330000 4.788461538461538 0.640625
332000 4.711538461538462 0.625
334000 4.615384615384615 0.609375
336000 4.6923076923076925 0.609375
338000 4.596153846153846 0.546875
340000 4.6923076923076925 0.578125
342000 4.596153846153846 0.609375
344000 4.711538461538462 0.625
346000 4.5 0.625
348000 4.5 0.546875
350000 4.653846153846154 0.59375
352000 4.788461538461538 0.625
354000 4.653846153846154 0.578125
356000 4.596153846153846 0.546875
358000 4.6923076923076925 0.546875
360000 4.615384615384615 0.609375
362000 4.615384615384615 0.59375
364000 4.6923076923076925 0.609375
366000 4.730769230769231 0.640625
368000 4.615384615384615 0.578125
370000 4.5576923076923075 0.609375
372000 4.6923076923076925 0.609375
374000 4.653846153846154 0.5625
376000 4.480769230769231 0.5625
378000 4.711538461538462 0.609375
380000 4.75 0.625
382000 4.5576923076923075 0.609375
384000 4.711538461538462 0.625
386000 4.75 0.640625
388000 4.596153846153846 0.53125
390000 4.730769230769231 0.640625
392000 4.769230769230769 0.546875
394000 4.730769230769231 0.59375
396000 4.788461538461538 0.609375
398000 4.75 0.59375
400000 4.769230769230769 0.625
402000 4.8076923076923075 0.609375
404000 4.769230769230769 0.625
406000 4.788461538461538 0.59375
408000 4.75 0.59375
410000 4.75 0.59375
412000 4.8076923076923075 0.640625
414000 4.75 0.59375
416000 4.730769230769231 0.578125
418000 4.711538461538462 0.609375
420000 4.75 0.625
422000 4.769230769230769 0.640625
424000 4.8076923076923075 0.65625
426000 4.8076923076923075 0.578125
428000 4.711538461538462 0.578125
430000 4.730769230769231 0.5625
432000 4.8076923076923075 0.609375
434000 4.8076923076923075 0.609375
436000 4.75 0.5625
438000 4.730769230769231 0.546875
440000 4.653846153846154 0.515625
442000 4.634615384615385 0.609375
444000 4.730769230769231 0.5625
446000 4.711538461538462 0.546875
448000 4.730769230769231 0.5625
450000 4.653846153846154 0.5625
452000 4.615384615384615 0.578125
454000 4.788461538461538 0.578125
456000 4.730769230769231 0.53125
458000 4.711538461538462 0.5
460000 4.6923076923076925 0.53125
462000 4.730769230769231 0.53125
464000 4.769230769230769 0.546875
466000 4.769230769230769 0.625
468000 4.769230769230769 0.515625
470000 4.730769230769231 0.546875
472000 4.75 0.546875
474000 4.769230769230769 0.546875
476000 4.75 0.53125
478000 4.75 0.5625
480000 4.769230769230769 0.578125
482000 4.788461538461538 0.53125
484000 4.769230769230769 0.546875
486000 4.769230769230769 0.5625
488000 4.75 0.5
490000 4.769230769230769 0.5625
492000 4.769230769230769 0.625
494000 4.826923076923077 0.484375
496000 4.826923076923077 0.484375
498000 4.75 0.390625
500000 4.75 0.390625
