2000 0.8846153846153846 0.34375
4000 1.25 0.296875
6000 4.211538461538462 0.34375
8000 4.519230769230769 0.34375
10000 4.519230769230769 0.328125
12000 4.519230769230769 0.375
14000 4.519230769230769 0.328125
16000 4.519230769230769 0.359375
18000 4.519230769230769 0.390625
20000 4.596153846153846 0.3125
22000 4.538461538461538 0.375
24000 4.519230769230769 0.359375
26000 4.615384615384615 0.359375
28000 4.615384615384615 0.328125
30000 4.576923076923077 0.390625
32000 4.519230769230769 0.390625
34000 4.519230769230769 0.375
36000 4.519230769230769 0.40625
38000 4.5576923076923075 0.390625
40000 4.519230769230769 0.359375
42000 4.596153846153846 0.40625
44000 4.519230769230769 0.4375
46000 4.5576923076923075 0.390625
48000 4.596153846153846 0.40625
50000 4.576923076923077 0.4375
52000 4.576923076923077 0.453125
54000 4.576923076923077 0.4375
56000 4.576923076923077 0.4375
58000 4.615384615384615 0.4375
60000 4.615384615384615 0.453125
62000 4.615384615384615 0.4375
64000 4.596153846153846 0.46875
66000 4.596153846153846 0.40625
68000 4.615384615384615 0.453125
70000 4.615384615384615 0.421875
72000 4.596153846153846 0.5
74000 4.576923076923077 0.40625
76000 4.596153846153846 0.359375
78000 4.5576923076923075 0.359375
80000 4.615384615384615 0.453125
82000 4.596153846153846 0.4375
84000 4.615384615384615 0.453125
86000 4.576923076923077 0.453125
88000 4.615384615384615 0.40625
90000 4.615384615384615 0.40625
92000 4.615384615384615 0.421875
94000 4.288461538461538 0.421875
96000 4.480769230769231 0.421875
98000 4.596153846153846 0.421875
100000 4.4423076923076925 0.421875
102000 4.326923076923077 0.453125
104000 4.326923076923077 0.453125
106000 4.326923076923077 0.453125
108000 4.4423076923076925 0.390625
110000 4.6923076923076925 0.5
112000 4.288461538461538 0.421875
114000 4.634615384615385 0.421875
116000 4.461538461538462 0.40625
118000 4.576923076923077 0.40625
120000 4.711538461538462 0.484375
122000 4.673076923076923 0.390625
124000 4.615384615384615 0.4375
126000 4.6923076923076925 0.4375
128000 4.596153846153846 0.421875
130000 4.538461538461538 0.390625
132000 4.576923076923077 0.4375
134000 4.461538461538462 0.4375
136000 4.538461538461538 0.484375
138000 4.596153846153846 0.390625
140000 4.673076923076923 0.4375
142000 4.6923076923076925 0.4375
144000 4.711538461538462 0.46875
146000 4.576923076923077 0.4375
148000 4.615384615384615 0.4375
150000 4.519230769230769 0.421875
152000 4.596153846153846 0.4375
154000 4.653846153846154 0.4375
156000 4.461538461538462 0.421875
158000 4.596153846153846 0.453125
160000 4.538461538461538 0.421875
162000 4.5576923076923075 0.421875
164000 4.5 0.421875
166000 4.596153846153846 0.390625
168000 4.519230769230769 0.4375
170000 4.5 0.4375
172000 4.5576923076923075 0.4375
174000 4.5576923076923075 0.421875
176000 4.711538461538462 0.46875
178000 4.615384615384615 0.4375
180000 4.711538461538462 0.4375
182000 4.711538461538462 0.453125
184000 4.653846153846154 0.390625
186000 4.615384615384615 0.40625
188000 4.461538461538462 0.421875
190000 4.519230769230769 0.4375
192000 4.5 0.421875
194000 4.576923076923077 0.4375
196000 4.615384615384615 0.421875
198000 4.576923076923077 0.390625
200000 4.519230769230769 0.453125
202000 4.5576923076923075 0.375
204000 4.5 0.453125
206000 4.519230769230769 0.4375
208000 4.5576923076923075 0.40625
210000 4.673076923076923 0.46875
212000 4.653846153846154 0.40625
214000 4.5 0.453125
216000 4.653846153846154 0.453125
218000 4.6923076923076925 0.390625
220000 4.673076923076923 0.46875
222000 4.615384615384615 0.421875
224000 4.673076923076923 0.484375
226000 4.653846153846154 0.453125
228000 4.730769230769231 0.421875
230000 4.711538461538462 0.453125
232000 4.653846153846154 0.421875
234000 4.653846153846154 0.453125
236000 4.576923076923077 0.421875
238000 4.615384615384615 0.453125
240000 4.615384615384615 0.40625
242000 4.615384615384615 0.4375
244000 4.5576923076923075 0.4375
246000 4.538461538461538 0.375
248000 4.576923076923077 0.375
250000 4.653846153846154 0.46875
252000 4.653846153846154 0.375
254000 4.711538461538462 0.421875
256000 4.711538461538462 0.453125
258000 4.711538461538462 0.421875
260000 4.6923076923076925 0.40625
262000 4.730769230769231 0.40625
264000 4.711538461538462 0.4375
266000 4.615384615384615 0.421875
268000 4.596153846153846 0.453125
270000 4.596153846153846 0.421875
272000 4.653846153846154 0.390625
274000 4.6923076923076925 0.40625
276000 4.673076923076923 0.4375
278000 4.653846153846154 0.421875
280000 4.596153846153846 0.40625
282000 4.634615384615385 0.4375
284000 4.596153846153846 0.4375
286000 4.634615384615385 0.421875
288000 4.615384615384615 0.4375
290000 4.615384615384615 0.4375
292000 4.5576923076923075 0.46875
294000 4.615384615384615 0.421875
296000 4.653846153846154 0.484375
298000 4.615384615384615 0.4375
300000 4.711538461538462 0.4375
302000 4.634615384615385 0.375
304000 4.673076923076923 0.4375
306000 4.615384615384615 0.421875
308000 4.6923076923076925 0.375
310000 4.769230769230769 0.484375
312000 4.711538461538462 0.40625
314000 4.730769230769231 0.453125
316000 4.711538461538462 0.421875
318000 4.75 0.390625
320000 4.673076923076923 0.5
322000 4.673076923076923 0.453125
324000 4.653846153846154 0.4375
326000 4.673076923076923 0.390625
328000 4.730769230769231 0.46875
330000 4.730769230769231 0.4375
332000 4.865384615384615 0.453125
334000 4.75 0.4375
336000 4.730769230769231 0.453125
338000 4.8076923076923075 0.46875
340000 4.711538461538462 0.390625
342000 4.711538461538462 0.453125
344000 4.730769230769231 0.453125
346000 4.846153846153846 0.421875
348000 4.75 0.421875
350000 4.711538461538462 0.4375
352000 4.6923076923076925 0.4375
354000 4.653846153846154 0.421875
356000 4.673076923076923 0.4375
358000 4.673076923076923 0.4375
360000 4.519230769230769 0.46875
362000 4.673076923076923 0.4375
364000 4.653846153846154 0.46875
366000 4.730769230769231 0.46875
368000 4.730769230769231 0.390625
370000 4.615384615384615 0.46875
372000 4.653846153846154 0.375
374000 4.730769230769231 0.4375
376000 4.788461538461538 0.421875
378000 4.769230769230769 0.4375
380000 4.769230769230769 0.40625
382000 4.788461538461538 0.46875
384000 4.673076923076923 0.40625
386000 4.769230769230769 0.40625
388000 4.788461538461538 0.453125
390000 4.75 0.4375
392000 4.75 0.390625
394000 4.711538461538462 0.421875
396000 4.730769230769231 0.421875
398000 4.788461538461538 0.453125
400000 4.8076923076923075 0.4375
402000 4.769230769230769 0.4375
404000 4.711538461538462 0.4375
406000 4.769230769230769 0.421875
408000 4.903846153846154 0.453125
410000 4.788461538461538 0.453125
412000 4.6923076923076925 0.390625
414000 4.615384615384615 0.453125
416000 4.653846153846154 0.390625
418000 4.673076923076923 0.4375
420000 4.711538461538462 0.4375
422000 4.788461538461538 0.375
424000 4.75 0.40625
426000 4.788461538461538 0.40625
428000 4.788461538461538 0.453125
430000 4.788461538461538 0.4375
432000 4.788461538461538 0.453125
434000 4.788461538461538 0.4375
436000 4.865384615384615 0.421875
438000 4.9423076923076925 0.390625
440000 4.730769230769231 0.390625
442000 4.711538461538462 0.390625
444000 4.730769230769231 0.421875
446000 4.75 0.40625
448000 4.730769230769231 0.46875
450000 4.75 0.4375
452000 4.788461538461538 0.40625
454000 4.653846153846154 0.421875
456000 4.75 0.453125
458000 4.75 0.4375
460000 4.730769230769231 0.453125
462000 4.730769230769231 0.40625
464000 4.75 0.421875
466000 4.75 0.46875
468000 4.75 0.390625
470000 4.730769230769231 0.421875
472000 4.75 0.421875
474000 4.769230769230769 0.4375
476000 4.8076923076923075 0.421875
478000 4.826923076923077 0.453125
480000 4.826923076923077 0.4375
482000 4.826923076923077 0.421875
484000 4.826923076923077 0.453125
486000 4.826923076923077 0.421875
488000 4.826923076923077 0.40625
490000 4.826923076923077 0.421875
492000 4.826923076923077 0.40625
494000 4.8076923076923075 0.40625
496000 4.788461538461538 0.421875
498000 4.788461538461538 0.28125
500000 4.826923076923077 0.265625
