2000 0.019230769230769232 0.203125
4000 0.019230769230769232 0.171875
6000 0.11538461538461539 0.25
8000 0.17307692307692307 0.328125
10000 0.34615384615384615 0.40625
12000 0.5192307692307693 0.375
14000 0.7692307692307693 0.453125
16000 0.9038461538461539 0.453125
18000 0.8653846153846154 0.46875
20000 0.9423076923076923 0.46875
22000 1.0576923076923077 0.453125
24000 0.9807692307692307 0.453125
26000 1.0 0.703125
28000 1.0 0.46875
30000 1.0384615384615385 0.5
32000 1.0384615384615385 0.578125
34000 1.0 0.484375
36000 1.0961538461538463 0.515625
38000 1.0384615384615385 0.5
40000 1.1346153846153846 0.59375
42000 1.0769230769230769 0.53125
44000 1.0961538461538463 0.625
46000 1.1923076923076923 0.9375
48000 1.0384615384615385 0.5625
50000 1.1538461538461537 0.65625
52000 1.3461538461538463 0.703125
54000 1.3653846153846154 0.78125
56000 1.4423076923076923 0.796875
58000 1.3653846153846154 0.59375
60000 1.8461538461538463 0.578125
62000 1.75 0.703125
64000 2.25 0.5625
66000 2.173076923076923 0.53125
68000 2.1346153846153846 0.53125
70000 2.6153846153846154 0.53125
72000 2.5961538461538463 0.5625
74000 2.423076923076923 0.515625
76000 2.1923076923076925 0.515625
78000 2.6923076923076925 0.625
80000 2.980769230769231 0.71875
82000 3.0961538461538463 0.609375
84000 2.923076923076923 0.890625
86000 2.673076923076923 0.796875
88000 2.4615384615384617 0.875
90000 2.673076923076923 0.671875
92000 2.7884615384615383 0.5625
94000 2.8461538461538463 0.625
96000 2.6346153846153846 0.609375
98000 2.5576923076923075 0.515625
100000 2.5576923076923075 0.578125
102000 2.673076923076923 0.578125
104000 2.923076923076923 0.546875
106000 2.826923076923077 0.546875
108000 2.8846153846153846 0.546875
110000 2.6346153846153846 0.515625
112000 2.6923076923076925 0.53125
114000 2.7115384615384617 0.546875
116000 3.1538461538461537 0.578125
118000 2.730769230769231 0.5625
120000 2.8076923076923075 0.515625
122000 2.8461538461538463 0.578125
124000 2.7115384615384617 0.53125
126000 2.7115384615384617 0.53125
128000 2.673076923076923 0.59375
130000 2.480769230769231 0.5625
132000 2.8461538461538463 0.609375
134000 2.6153846153846154 0.625
136000 2.5384615384615383 0.6875
138000 2.8461538461538463 0.578125
140000 2.4423076923076925 0.515625
142000 2.769230769230769 0.5625
144000 2.6153846153846154 0.59375
146000 2.6346153846153846 0.5625
148000 2.7115384615384617 0.53125
150000 2.8076923076923075 0.578125
152000 2.6923076923076925 0.578125
154000 2.75 0.53125
156000 2.6346153846153846 0.65625
158000 2.75 0.59375
160000 2.7115384615384617 0.734375
162000 2.923076923076923 0.609375
164000 2.6923076923076925 0.5625
166000 2.8076923076923075 0.578125
168000 2.730769230769231 0.578125
170000 2.75 1.4375
172000 2.8461538461538463 0.59375
174000 2.8076923076923075 0.59375
176000 2.576923076923077 0.59375
178000 2.9615384615384617 0.75
180000 2.6923076923076925 0.6875
182000 3.019230769230769 0.546875
184000 2.8461538461538463 0.640625
186000 2.6923076923076925 0.59375
188000 2.576923076923077 0.5625
190000 2.6538461538461537 0.609375
192000 2.7115384615384617 0.5625
194000 2.9615384615384617 0.53125
196000 2.826923076923077 0.546875
198000 2.8461538461538463 0.578125
200000 2.7115384615384617 0.546875
202000 2.75 0.5625
204000 2.6538461538461537 0.578125
206000 2.9038461538461537 0.640625
208000 2.6346153846153846 0.578125
210000 2.769230769230769 0.546875
212000 2.8846153846153846 0.53125
214000 2.730769230769231 0.578125
216000 2.8653846153846154 0.578125
218000 2.519230769230769 0.5625
220000 2.8846153846153846 0.578125
222000 2.8076923076923075 0.578125
224000 2.8653846153846154 0.546875
226000 2.7115384615384617 0.5625
228000 2.673076923076923 0.59375
230000 2.75 0.5625
232000 2.5576923076923075 0.5625
234000 3.076923076923077 0.640625
236000 2.9038461538461537 0.546875
238000 2.75 0.59375
240000 2.8461538461538463 0.5625
242000 2.5961538461538463 0.5625
244000 2.6538461538461537 0.609375
246000 2.8846153846153846 0.84375
248000 2.6923076923076925 0.78125
250000 2.8461538461538463 0.625
252000 2.673076923076923 0.75
254000 2.5 0.671875
256000 2.8461538461538463 0.6875
258000 2.5961538461538463 0.59375
260000 2.730769230769231 0.53125
262000 2.9038461538461537 0.578125
264000 2.673076923076923 0.5625
266000 2.7884615384615383 0.546875
268000 2.826923076923077 0.5
270000 3.0384615384615383 0.5625
272000 2.5576923076923075 0.609375
274000 2.673076923076923 0.59375
276000 2.6346153846153846 0.59375
278000 2.8846153846153846 0.75
280000 2.8461538461538463 0.859375
282000 2.6923076923076925 0.8125
284000 2.7115384615384617 0.671875
286000 2.980769230769231 0.578125
288000 2.8653846153846154 0.5625
290000 2.980769230769231 0.5625
292000 2.7115384615384617 0.5625
294000 2.75 0.609375
296000 2.6923076923076925 0.53125
298000 2.8653846153846154 0.546875
300000 2.7884615384615383 0.546875
302000 2.6346153846153846 0.546875
304000 2.7115384615384617 0.546875
306000 3.0 0.5625
308000 2.8461538461538463 0.546875
310000 2.6346153846153846 0.5625
312000 2.7884615384615383 0.515625
314000 2.730769230769231 0.59375
316000 2.673076923076923 0.53125
318000 2.673076923076923 0.609375
320000 2.6153846153846154 0.671875
322000 2.576923076923077 0.671875
324000 2.6346153846153846 0.578125
326000 2.5961538461538463 0.578125
328000 2.576923076923077 0.578125
330000 2.8653846153846154 0.5625
332000 2.6923076923076925 0.546875
334000 2.8653846153846154 0.5625
336000 2.9038461538461537 0.59375
338000 2.8076923076923075 0.609375
340000 2.769230769230769 1.046875
342000 2.769230769230769 0.578125
344000 2.769230769230769 0.59375
346000 2.8461538461538463 0.703125
348000 2.9038461538461537 0.609375
350000 2.826923076923077 0.546875
352000 2.8076923076923075 0.546875
354000 2.6923076923076925 0.625
356000 2.5576923076923075 0.65625
358000 2.769230769230769 0.578125
360000 2.8846153846153846 0.59375
362000 2.769230769230769 0.53125
364000 2.826923076923077 0.59375
366000 2.7115384615384617 0.59375
368000 2.730769230769231 0.625
370000 2.576923076923077 0.515625
372000 2.9423076923076925 0.578125
374000 2.980769230769231 0.578125
376000 2.826923076923077 0.5625
378000 2.6346153846153846 0.75
380000 2.826923076923077 0.765625
382000 2.519230769230769 0.703125
384000 2.8846153846153846 0.625
386000 2.826923076923077 0.65625
388000 2.673076923076923 0.734375
390000 2.576923076923077 0.578125
392000 2.5384615384615383 0.953125
394000 2.8653846153846154 0.734375
396000 2.6923076923076925 0.59375
398000 2.9038461538461537 0.765625
400000 2.826923076923077 0.859375
402000 2.6923076923076925 0.90625
404000 3.0 0.84375
406000 2.7884615384615383 0.734375
408000 2.9038461538461537 0.734375
410000 2.673076923076923 0.65625
412000 2.826923076923077 0.546875
414000 3.076923076923077 0.5625
416000 2.6346153846153846 0.53125
418000 2.9038461538461537 0.53125
420000 2.7884615384615383 0.578125
422000 2.9038461538461537 0.5625
424000 2.769230769230769 0.546875
426000 2.6346153846153846 1.234375
428000 2.6538461538461537 0.609375
430000 2.5 0.734375
432000 2.7884615384615383 0.765625
434000 2.7115384615384617 0.53125
436000 2.8076923076923075 0.578125
438000 2.730769230769231 0.5625
440000 2.8076923076923075 0.53125
442000 2.7884615384615383 0.53125
444000 2.730769230769231 0.59375
446000 2.6346153846153846 0.578125
448000 2.769230769230769 0.609375
450000 2.6538461538461537 0.53125
452000 2.8461538461538463 0.546875
454000 2.730769230769231 0.578125
456000 3.1538461538461537 0.546875
458000 2.923076923076923 0.515625
460000 2.826923076923077 0.5625
462000 2.7115384615384617 0.6875
464000 2.8653846153846154 0.6875
466000 2.8846153846153846 0.5625
468000 2.423076923076923 0.53125
470000 3.1153846153846154 0.59375
472000 2.75 0.6875
474000 2.7884615384615383 0.671875
476000 2.576923076923077 0.515625
478000 2.7115384615384617 0.578125
480000 2.673076923076923 0.59375
482000 2.673076923076923 0.53125
484000 2.730769230769231 0.578125
486000 3.0 0.53125
488000 2.5961538461538463 0.53125
490000 2.6153846153846154 0.59375
492000 2.7115384615384617 0.546875
494000 2.673076923076923 0.546875
496000 2.6346153846153846 0.59375
498000 2.673076923076923 0.734375
500000 2.826923076923077 0.59375
