2000 4.148148148148148 3.1481481481481484 128.07407407407408 0.11111111111111109 135.5185185185185 45.333333333333336 0.0 45.333333333333336 0.5708457995206118
4000 2.6666666666666665 1.6666666666666667 128.4814814814815 0.05246913580246913 135.5185185185185 45.333333333333336 0.0 45.333333333333336 0.5001649996265769
6000 2.1296296296296298 0.24074074074074073 128.7037037037037 0.029320987654320986 135.5185185185185 45.333333333333336 0.0 45.333333333333336 0.5741821005940437
8000 8.148148148148149 7.777777777777778 126.87037037037037 0.10648148148148148 135.5185185185185 45.333333333333336 0.0 45.333333333333336 0.6571441004052758
10000 6.574074074074074 6.574074074074074 125.61111111111111 0.16049382716049382 135.5185185185185 45.333333333333336 0.0 45.333333333333336 0.6348275998607278
12000 6.685185185185185 6.685185185185185 125.57407407407408 0.16666666666666663 135.5185185185185 45.333333333333336 0.0 45.333333333333336 0.6426988001912832
14000 6.685185185185185 6.685185185185185 125.57407407407408 0.16666666666666663 135.5185185185185 45.333333333333336 0.0 45.333333333333336 0.6803759997710586
16000 18.796296296296298 18.796296296296298 122.96296296296296 0.279320987654321 135.5185185185185 45.333333333333336 0.0 45.333333333333336 0.7055599000304937
18000 18.796296296296298 18.796296296296298 122.96296296296296 0.279320987654321 135.5185185185185 45.333333333333336 0.0 45.333333333333336 0.6457777991890907
20000 18.796296296296298 18.796296296296298 122.96296296296296 0.279320987654321 135.5185185185185 45.333333333333336 0.0 45.333333333333336 0.6589149003848433
22000 18.74074074074074 18.74074074074074 123.03703703703704 0.2962962962962963 135.5185185185185 45.333333333333336 0.0 45.333333333333336 0.6942427000030875
24000 18.74074074074074 18.74074074074074 123.03703703703704 0.2962962962962963 135.5185185185185 45.333333333333336 0.0 45.333333333333336 0.7446034997701645
26000 18.74074074074074 18.74074074074074 123.03703703703704 0.2962962962962963 135.5185185185185 45.333333333333336 0.0 45.333333333333336 0.7066453006118536
28000 18.74074074074074 18.74074074074074 123.03703703703704 0.2962962962962963 135.5185185185185 45.333333333333336 0.0 45.333333333333336 0.8344310000538826
30000 18.74074074074074 18.74074074074074 123.03703703703704 0.2962962962962963 135.5185185185185 45.333333333333336 0.0 45.333333333333336 0.7572296001017094
32000 76.37037037037037 76.37037037037037 118.88888888888889 0.4367283950617283 135.5185185185185 45.333333333333336 0.0 45.333333333333336 0.9520033998414874
34000 76.37037037037037 76.37037037037037 118.88888888888889 0.4367283950617283 135.5185185185185 45.333333333333336 0.0 45.333333333333336 0.7391788000240922
36000 76.37037037037037 76.37037037037037 118.88888888888889 0.4367283950617283 135.5185185185185 45.333333333333336 0.0 45.333333333333336 0.7962010996416211
38000 76.37037037037037 76.37037037037037 118.88888888888889 0.4367283950617283 135.5185185185185 45.333333333333336 0.0 45.333333333333336 0.7971922997385263
40000 76.37037037037037 76.37037037037037 118.88888888888889 0.4367283950617283 135.5185185185185 45.333333333333336 0.0 45.333333333333336 0.7673179004341364
42000 76.37037037037037 76.37037037037037 118.88888888888889 0.4367283950617283 135.5185185185185 45.333333333333336 0.0 45.333333333333336 0.760835399851203
44000 76.37037037037037 76.37037037037037 118.88888888888889 0.4367283950617283 135.5185185185185 45.333333333333336 0.0 45.333333333333336 0.7639589002355933
46000 76.37037037037037 76.37037037037037 118.88888888888889 0.4367283950617283 135.5185185185185 45.333333333333336 0.0 45.333333333333336 0.7846841001883149
48000 76.37037037037037 76.37037037037037 118.88888888888889 0.4367283950617283 135.5185185185185 45.333333333333336 0.0 45.333333333333336 0.8045076997950673
50000 76.37037037037037 76.37037037037037 118.88888888888889 0.4367283950617283 135.5185185185185 45.333333333333336 0.0 45.333333333333336 0.8082978008314967
52000 76.37037037037037 76.37037037037037 118.88888888888889 0.4367283950617283 135.5185185185185 45.333333333333336 0.0 45.333333333333336 0.7822364000603557
54000 76.37037037037037 76.37037037037037 118.88888888888889 0.4367283950617283 135.5185185185185 45.333333333333336 0.0 45.333333333333336 0.7040218999609351
56000 76.37037037037037 76.37037037037037 118.88888888888889 0.4367283950617283 135.5185185185185 45.333333333333336 0.0 45.333333333333336 0.8238511001691222
58000 76.37037037037037 76.37037037037037 118.88888888888889 0.4367283950617283 135.5185185185185 45.333333333333336 0.0 45.333333333333336 0.7525579994544387
60000 76.37037037037037 76.37037037037037 118.88888888888889 0.4367283950617283 135.5185185185185 45.333333333333336 0.0 45.333333333333336 0.7685177000239491
62000 76.37037037037037 76.37037037037037 118.88888888888889 0.4367283950617283 135.5185185185185 45.333333333333336 0.0 45.333333333333336 0.8127613002434373
64000 76.37037037037037 76.37037037037037 118.88888888888889 0.4367283950617283 135.5185185185185 45.333333333333336 0.0 45.333333333333336 0.836531400680542
66000 76.37037037037037 76.37037037037037 118.88888888888889 0.4367283950617283 135.5185185185185 45.333333333333336 0.0 45.333333333333336 0.8013685997575521
68000 76.37037037037037 76.37037037037037 118.88888888888889 0.4367283950617283 135.5185185185185 45.333333333333336 0.0 45.333333333333336 0.7310807006433606
70000 76.37037037037037 76.37037037037037 118.88888888888889 0.4367283950617283 135.5185185185185 45.333333333333336 0.0 45.333333333333336 0.7443130994215608
72000 76.37037037037037 76.37037037037037 118.88888888888889 0.4367283950617283 135.5185185185185 45.333333333333336 0.0 45.333333333333336 0.799053399823606
74000 76.37037037037037 76.37037037037037 118.88888888888889 0.4367283950617283 135.5185185185185 45.333333333333336 0.0 45.333333333333336 0.750259299762547
76000 76.37037037037037 76.37037037037037 118.88888888888889 0.4367283950617283 135.5185185185185 45.333333333333336 0.0 45.333333333333336 0.7548532001674175
78000 76.37037037037037 76.37037037037037 118.88888888888889 0.4367283950617283 135.5185185185185 45.333333333333336 0.0 45.333333333333336 0.7971244994550943
80000 76.37037037037037 76.37037037037037 118.88888888888889 0.4367283950617283 135.5185185185185 45.333333333333336 0.0 45.333333333333336 0.8111388999968767
82000 76.37037037037037 76.37037037037037 118.88888888888889 0.4367283950617283 135.5185185185185 45.333333333333336 0.0 45.333333333333336 0.8030807999894023
84000 76.37037037037037 76.37037037037037 118.88888888888889 0.4367283950617283 135.5185185185185 45.333333333333336 0.0 45.333333333333336 0.8497384004294872
86000 76.37037037037037 76.37037037037037 118.88888888888889 0.4367283950617283 135.5185185185185 45.333333333333336 0.0 45.333333333333336 0.7261115005239844
88000 76.37037037037037 76.37037037037037 118.88888888888889 0.4367283950617283 135.5185185185185 45.333333333333336 0.0 45.333333333333336 0.7324470998719335
90000 76.37037037037037 76.37037037037037 118.88888888888889 0.4367283950617283 135.5185185185185 45.333333333333336 0.0 45.333333333333336 0.7556431004777551
92000 76.37037037037037 76.37037037037037 118.88888888888889 0.4367283950617283 135.5185185185185 45.333333333333336 0.0 45.333333333333336 0.7064604992046952
94000 76.37037037037037 76.37037037037037 118.88888888888889 0.4367283950617283 135.5185185185185 45.333333333333336 0.0 45.333333333333336 0.7554427003487945
96000 76.37037037037037 76.37037037037037 118.88888888888889 0.4367283950617283 135.5185185185185 45.333333333333336 0.0 45.333333333333336 0.7310330998152494
98000 76.37037037037037 76.37037037037037 118.88888888888889 0.4367283950617283 135.5185185185185 45.333333333333336 0.0 45.333333333333336 0.7581179002299905
100000 76.37037037037037 76.37037037037037 118.88888888888889 0.4367283950617283 135.5185185185185 45.333333333333336 0.0 45.333333333333336 0.7409881995990872
102000 76.37037037037037 76.37037037037037 118.88888888888889 0.4367283950617283 135.5185185185185 45.333333333333336 0.0 45.333333333333336 0.7598419999703765
104000 76.37037037037037 76.37037037037037 118.88888888888889 0.4367283950617283 135.5185185185185 45.333333333333336 0.0 45.333333333333336 0.8214433006942272
106000 76.37037037037037 76.37037037037037 118.88888888888889 0.4367283950617283 135.5185185185185 45.333333333333336 0.0 45.333333333333336 0.6883394997566938
108000 76.37037037037037 76.37037037037037 118.88888888888889 0.4367283950617283 135.5185185185185 45.333333333333336 0.0 45.333333333333336 0.7649294994771481
110000 76.37037037037037 76.37037037037037 118.88888888888889 0.4367283950617283 135.5185185185185 45.333333333333336 0.0 45.333333333333336 0.75830930005759
112000 76.37037037037037 76.37037037037037 118.88888888888889 0.4367283950617283 135.5185185185185 45.333333333333336 0.0 45.333333333333336 0.7390820002183318
114000 76.37037037037037 76.37037037037037 118.88888888888889 0.4367283950617283 135.5185185185185 45.333333333333336 0.0 45.333333333333336 0.8204215997830033
116000 76.37037037037037 76.37037037037037 118.88888888888889 0.4367283950617283 135.5185185185185 45.333333333333336 0.0 45.333333333333336 0.7737563997507095
118000 76.37037037037037 76.37037037037037 118.88888888888889 0.4367283950617283 135.5185185185185 45.333333333333336 0.0 45.333333333333336 0.7329341005533934
120000 76.37037037037037 76.37037037037037 118.88888888888889 0.4367283950617283 135.5185185185185 45.333333333333336 0.0 45.333333333333336 0.7141146995127201
122000 76.37037037037037 76.37037037037037 118.88888888888889 0.4367283950617283 135.5185185185185 45.333333333333336 0.0 45.333333333333336 0.7366986004635692
124000 76.37037037037037 76.37037037037037 118.88888888888889 0.4367283950617283 135.5185185185185 45.333333333333336 0.0 45.333333333333336 0.715604200027883
126000 76.37037037037037 76.37037037037037 118.88888888888889 0.4367283950617283 135.5185185185185 45.333333333333336 0.0 45.333333333333336 0.7253255993127823
128000 76.37037037037037 76.37037037037037 118.88888888888889 0.4367283950617283 135.5185185185185 45.333333333333336 0.0 45.333333333333336 0.7253296002745628
130000 76.37037037037037 76.37037037037037 118.88888888888889 0.4367283950617283 135.5185185185185 45.333333333333336 0.0 45.333333333333336 0.8208125000819564
132000 76.37037037037037 76.37037037037037 118.88888888888889 0.4367283950617283 135.5185185185185 45.333333333333336 0.0 45.333333333333336 0.7830133000388741
134000 76.37037037037037 76.37037037037037 118.88888888888889 0.4367283950617283 135.5185185185185 45.333333333333336 0.0 45.333333333333336 0.7151327999308705
136000 76.37037037037037 76.37037037037037 118.88888888888889 0.4367283950617283 135.5185185185185 45.333333333333336 0.0 45.333333333333336 0.7003330001607537
138000 76.37037037037037 76.37037037037037 118.88888888888889 0.4367283950617283 135.5185185185185 45.333333333333336 0.0 45.333333333333336 0.7750131003558636
140000 76.37037037037037 76.37037037037037 118.88888888888889 0.4367283950617283 135.5185185185185 45.333333333333336 0.0 45.333333333333336 0.7168886996805668
142000 76.37037037037037 76.37037037037037 118.88888888888889 0.4367283950617283 135.5185185185185 45.333333333333336 0.0 45.333333333333336 0.725402900017798
144000 76.37037037037037 76.37037037037037 118.88888888888889 0.4367283950617283 135.5185185185185 45.333333333333336 0.0 45.333333333333336 0.7057889001443982
146000 76.37037037037037 76.37037037037037 118.88888888888889 0.4367283950617283 135.5185185185185 45.333333333333336 0.0 45.333333333333336 0.7800517994910479
148000 76.37037037037037 76.37037037037037 118.88888888888889 0.4367283950617283 135.5185185185185 45.333333333333336 0.0 45.333333333333336 0.7257264005020261
150000 76.37037037037037 76.37037037037037 118.88888888888889 0.4367283950617283 135.5185185185185 45.333333333333336 0.0 45.333333333333336 0.7728604003787041
152000 76.37037037037037 76.37037037037037 118.88888888888889 0.4367283950617283 135.5185185185185 45.333333333333336 0.0 45.333333333333336 0.8461370998993516
154000 76.37037037037037 76.37037037037037 118.88888888888889 0.4367283950617283 135.5185185185185 45.333333333333336 0.0 45.333333333333336 0.8242360996082425
156000 76.37037037037037 76.37037037037037 118.88888888888889 0.4367283950617283 135.5185185185185 45.333333333333336 0.0 45.333333333333336 0.8190633999183774
158000 76.37037037037037 76.37037037037037 118.88888888888889 0.4367283950617283 135.5185185185185 45.333333333333336 0.0 45.333333333333336 0.7309722006320953
160000 76.37037037037037 76.37037037037037 118.88888888888889 0.4367283950617283 135.5185185185185 45.333333333333336 0.0 45.333333333333336 0.8161526005715132
162000 76.37037037037037 76.37037037037037 118.88888888888889 0.4367283950617283 135.5185185185185 45.333333333333336 0.0 45.333333333333336 0.7640759004279971
164000 76.37037037037037 76.37037037037037 118.88888888888889 0.4367283950617283 135.5185185185185 45.333333333333336 0.0 45.333333333333336 0.7676141001284122
166000 76.37037037037037 76.37037037037037 118.88888888888889 0.4367283950617283 135.5185185185185 45.333333333333336 0.0 45.333333333333336 0.725539400242269
168000 76.37037037037037 76.37037037037037 118.88888888888889 0.4367283950617283 135.5185185185185 45.333333333333336 0.0 45.333333333333336 0.7286244994029403
170000 76.37037037037037 76.37037037037037 118.88888888888889 0.4367283950617283 135.5185185185185 45.333333333333336 0.0 45.333333333333336 0.7043535998091102
172000 76.37037037037037 76.37037037037037 118.88888888888889 0.4367283950617283 135.5185185185185 45.333333333333336 0.0 45.333333333333336 0.8104015998542309
174000 76.37037037037037 76.37037037037037 118.88888888888889 0.4367283950617283 135.5185185185185 45.333333333333336 0.0 45.333333333333336 0.7723258007317781
176000 76.37037037037037 76.37037037037037 118.88888888888889 0.4367283950617283 135.5185185185185 45.333333333333336 0.0 45.333333333333336 0.7863020999357104
178000 76.37037037037037 76.37037037037037 118.88888888888889 0.4367283950617283 135.5185185185185 45.333333333333336 0.0 45.333333333333336 0.7887768000364304
180000 76.37037037037037 76.37037037037037 118.88888888888889 0.4367283950617283 135.5185185185185 45.333333333333336 0.0 45.333333333333336 0.7688635997474194
182000 76.37037037037037 76.37037037037037 118.88888888888889 0.4367283950617283 135.5185185185185 45.333333333333336 0.0 45.333333333333336 0.7823649998754263
184000 76.37037037037037 76.37037037037037 118.88888888888889 0.4367283950617283 135.5185185185185 45.333333333333336 0.0 45.333333333333336 0.7238165996968746
186000 76.37037037037037 76.37037037037037 118.88888888888889 0.4367283950617283 135.5185185185185 45.333333333333336 0.0 45.333333333333336 0.7485301000997424
188000 76.37037037037037 76.37037037037037 118.88888888888889 0.4367283950617283 135.5185185185185 45.333333333333336 0.0 45.333333333333336 0.8126122001558542
190000 76.37037037037037 76.37037037037037 118.88888888888889 0.4367283950617283 135.5185185185185 45.333333333333336 0.0 45.333333333333336 0.8338259002193809
192000 76.37037037037037 76.37037037037037 118.88888888888889 0.4367283950617283 135.5185185185185 45.333333333333336 0.0 45.333333333333336 0.7351599996909499
194000 76.37037037037037 76.37037037037037 118.88888888888889 0.4367283950617283 135.5185185185185 45.333333333333336 0.0 45.333333333333336 0.7613490000367165
196000 76.37037037037037 76.37037037037037 118.88888888888889 0.4367283950617283 135.5185185185185 45.333333333333336 0.0 45.333333333333336 0.7014653999358416
198000 76.37037037037037 76.37037037037037 118.88888888888889 0.4367283950617283 135.5185185185185 45.333333333333336 0.0 45.333333333333336 0.7872574999928474
200000 76.37037037037037 76.37037037037037 118.88888888888889 0.4367283950617283 135.5185185185185 45.333333333333336 0.0 45.333333333333336 0.7494398998096585
202000 76.37037037037037 76.37037037037037 118.88888888888889 0.4367283950617283 135.5185185185185 45.333333333333336 0.0 45.333333333333336 0.6957719000056386
204000 76.37037037037037 76.37037037037037 118.88888888888889 0.4367283950617283 135.5185185185185 45.333333333333336 0.0 45.333333333333336 0.7113064993172884
206000 76.37037037037037 76.37037037037037 118.88888888888889 0.4367283950617283 135.5185185185185 45.333333333333336 0.0 45.333333333333336 0.7692112997174263
208000 76.37037037037037 76.37037037037037 118.88888888888889 0.4367283950617283 135.5185185185185 45.333333333333336 0.0 45.333333333333336 0.7300997003912926
210000 76.37037037037037 76.37037037037037 118.88888888888889 0.4367283950617283 135.5185185185185 45.333333333333336 0.0 45.333333333333336 0.7509602000936866
212000 76.37037037037037 76.37037037037037 118.88888888888889 0.4367283950617283 135.5185185185185 45.333333333333336 0.0 45.333333333333336 0.7578737996518612
214000 76.37037037037037 76.37037037037037 118.88888888888889 0.4367283950617283 135.5185185185185 45.333333333333336 0.0 45.333333333333336 0.7362679997459054
216000 76.37037037037037 76.37037037037037 118.88888888888889 0.4367283950617283 135.5185185185185 45.333333333333336 0.0 45.333333333333336 0.6972453994676471
218000 76.37037037037037 76.37037037037037 118.88888888888889 0.4367283950617283 135.5185185185185 45.333333333333336 0.0 45.333333333333336 0.7584437001496553
220000 76.37037037037037 76.37037037037037 118.88888888888889 0.4367283950617283 135.5185185185185 45.333333333333336 0.0 45.333333333333336 0.7411287995055318
222000 76.37037037037037 76.37037037037037 118.88888888888889 0.4367283950617283 135.5185185185185 45.333333333333336 0.0 45.333333333333336 0.7369714993983507
224000 76.37037037037037 76.37037037037037 118.88888888888889 0.4367283950617283 135.5185185185185 45.333333333333336 0.0 45.333333333333336 0.7630168003961444
226000 76.37037037037037 76.37037037037037 118.88888888888889 0.4367283950617283 135.5185185185185 45.333333333333336 0.0 45.333333333333336 0.7354349996894598
228000 76.37037037037037 76.37037037037037 118.88888888888889 0.4367283950617283 135.5185185185185 45.333333333333336 0.0 45.333333333333336 0.790570099838078
230000 76.37037037037037 76.37037037037037 118.88888888888889 0.4367283950617283 135.5185185185185 45.333333333333336 0.0 45.333333333333336 0.7444281000643969
232000 76.37037037037037 76.37037037037037 118.88888888888889 0.4367283950617283 135.5185185185185 45.333333333333336 0.0 45.333333333333336 0.763905699364841
234000 76.37037037037037 76.37037037037037 118.88888888888889 0.4367283950617283 135.5185185185185 45.333333333333336 0.0 45.333333333333336 0.7555005000904202
236000 76.37037037037037 76.37037037037037 118.88888888888889 0.4367283950617283 135.5185185185185 45.333333333333336 0.0 45.333333333333336 0.8325419994071126
238000 76.37037037037037 76.37037037037037 118.88888888888889 0.4367283950617283 135.5185185185185 45.333333333333336 0.0 45.333333333333336 0.836570099927485
240000 76.37037037037037 76.37037037037037 118.88888888888889 0.4367283950617283 135.5185185185185 45.333333333333336 0.0 45.333333333333336 0.8101717997342348
242000 76.37037037037037 76.37037037037037 118.88888888888889 0.4367283950617283 135.5185185185185 45.333333333333336 0.0 45.333333333333336 0.784951800480485
244000 76.37037037037037 76.37037037037037 118.88888888888889 0.4367283950617283 135.5185185185185 45.333333333333336 0.0 45.333333333333336 0.7919100001454353
246000 76.37037037037037 76.37037037037037 118.88888888888889 0.4367283950617283 135.5185185185185 45.333333333333336 0.0 45.333333333333336 0.7039196994155645
248000 76.37037037037037 76.37037037037037 118.88888888888889 0.4367283950617283 135.5185185185185 45.333333333333336 0.0 45.333333333333336 0.7453894000500441
250000 76.37037037037037 76.37037037037037 118.88888888888889 0.4367283950617283 135.5185185185185 45.333333333333336 0.0 45.333333333333336 0.7584469998255372
252000 76.37037037037037 76.37037037037037 118.88888888888889 0.4367283950617283 135.5185185185185 45.333333333333336 0.0 45.333333333333336 0.7128907004371285
254000 76.37037037037037 76.37037037037037 118.88888888888889 0.4367283950617283 135.5185185185185 45.333333333333336 0.0 45.333333333333336 0.8352719005197287
256000 76.37037037037037 76.37037037037037 118.88888888888889 0.4367283950617283 135.5185185185185 45.333333333333336 0.0 45.333333333333336 0.814720599912107
258000 76.37037037037037 76.37037037037037 118.88888888888889 0.4367283950617283 135.5185185185185 45.333333333333336 0.0 45.333333333333336 0.7780689001083374
260000 76.37037037037037 76.37037037037037 118.88888888888889 0.4367283950617283 135.5185185185185 45.333333333333336 0.0 45.333333333333336 0.8730979999527335
262000 76.37037037037037 76.37037037037037 118.88888888888889 0.4367283950617283 135.5185185185185 45.333333333333336 0.0 45.333333333333336 0.8452801005914807
264000 76.37037037037037 76.37037037037037 118.88888888888889 0.4367283950617283 135.5185185185185 45.333333333333336 0.0 45.333333333333336 0.8404991999268532
266000 76.37037037037037 76.37037037037037 118.88888888888889 0.4367283950617283 135.5185185185185 45.333333333333336 0.0 45.333333333333336 0.7841890994459391
268000 76.37037037037037 76.37037037037037 118.88888888888889 0.4367283950617283 135.5185185185185 45.333333333333336 0.0 45.333333333333336 0.7499914998188615
270000 76.37037037037037 76.37037037037037 118.88888888888889 0.4367283950617283 135.5185185185185 45.333333333333336 0.0 45.333333333333336 0.7502020001411438
272000 76.37037037037037 76.37037037037037 118.88888888888889 0.4367283950617283 135.5185185185185 45.333333333333336 0.0 45.333333333333336 0.7269887002184987
274000 76.37037037037037 76.37037037037037 118.88888888888889 0.4367283950617283 135.5185185185185 45.333333333333336 0.0 45.333333333333336 0.7431687992066145
276000 76.37037037037037 76.37037037037037 118.88888888888889 0.4367283950617283 135.5185185185185 45.333333333333336 0.0 45.333333333333336 0.7591777993366122
278000 76.37037037037037 76.37037037037037 118.88888888888889 0.4367283950617283 135.5185185185185 45.333333333333336 0.0 45.333333333333336 0.7301409002393484
280000 76.37037037037037 76.37037037037037 118.88888888888889 0.4367283950617283 135.5185185185185 45.333333333333336 0.0 45.333333333333336 0.7984368996694684
282000 76.37037037037037 76.37037037037037 118.88888888888889 0.4367283950617283 135.5185185185185 45.333333333333336 0.0 45.333333333333336 0.7869080007076263
284000 76.37037037037037 76.37037037037037 118.88888888888889 0.4367283950617283 135.5185185185185 45.333333333333336 0.0 45.333333333333336 0.8155412003397942
286000 76.37037037037037 76.37037037037037 118.88888888888889 0.4367283950617283 135.5185185185185 45.333333333333336 0.0 45.333333333333336 0.7344583002850413
288000 76.37037037037037 76.37037037037037 118.88888888888889 0.4367283950617283 135.5185185185185 45.333333333333336 0.0 45.333333333333336 0.8047406002879143
290000 76.37037037037037 76.37037037037037 118.88888888888889 0.4367283950617283 135.5185185185185 45.333333333333336 0.0 45.333333333333336 0.7773672994226217
292000 76.37037037037037 76.37037037037037 118.88888888888889 0.4367283950617283 135.5185185185185 45.333333333333336 0.0 45.333333333333336 0.7955503994598985
294000 76.37037037037037 76.37037037037037 118.88888888888889 0.4367283950617283 135.5185185185185 45.333333333333336 0.0 45.333333333333336 0.8262395998463035
296000 76.37037037037037 76.37037037037037 118.88888888888889 0.4367283950617283 135.5185185185185 45.333333333333336 0.0 45.333333333333336 0.8353445995599031
298000 76.37037037037037 76.37037037037037 118.88888888888889 0.4367283950617283 135.5185185185185 45.333333333333336 0.0 45.333333333333336 0.8248689007014036
300000 76.37037037037037 76.37037037037037 118.88888888888889 0.4367283950617283 135.5185185185185 45.333333333333336 0.0 45.333333333333336 0.7354827001690865
302000 76.37037037037037 76.37037037037037 118.88888888888889 0.4367283950617283 135.5185185185185 45.333333333333336 0.0 45.333333333333336 0.7315800003707409
304000 76.37037037037037 76.37037037037037 118.88888888888889 0.4367283950617283 135.5185185185185 45.333333333333336 0.0 45.333333333333336 0.7623098995536566
306000 76.37037037037037 76.37037037037037 118.88888888888889 0.4367283950617283 135.5185185185185 45.333333333333336 0.0 45.333333333333336 0.7636432992294431
308000 76.37037037037037 76.37037037037037 118.88888888888889 0.4367283950617283 135.5185185185185 45.333333333333336 0.0 45.333333333333336 0.7806986002251506
310000 76.37037037037037 76.37037037037037 118.88888888888889 0.4367283950617283 135.5185185185185 45.333333333333336 0.0 45.333333333333336 0.7285516997799277
312000 76.37037037037037 76.37037037037037 118.88888888888889 0.4367283950617283 135.5185185185185 45.333333333333336 0.0 45.333333333333336 0.8373819002881646
314000 76.37037037037037 76.37037037037037 118.88888888888889 0.4367283950617283 135.5185185185185 45.333333333333336 0.0 45.333333333333336 0.7612664001062512
316000 76.37037037037037 76.37037037037037 118.88888888888889 0.4367283950617283 135.5185185185185 45.333333333333336 0.0 45.333333333333336 0.75501439999789
318000 76.37037037037037 76.37037037037037 118.88888888888889 0.4367283950617283 135.5185185185185 45.333333333333336 0.0 45.333333333333336 0.7346132006496191
320000 76.37037037037037 76.37037037037037 118.88888888888889 0.4367283950617283 135.5185185185185 45.333333333333336 0.0 45.333333333333336 0.7707025995478034
322000 76.37037037037037 76.37037037037037 118.88888888888889 0.4367283950617283 135.5185185185185 45.333333333333336 0.0 45.333333333333336 0.7277269996702671
324000 76.37037037037037 76.37037037037037 118.88888888888889 0.4367283950617283 135.5185185185185 45.333333333333336 0.0 45.333333333333336 0.7100655995309353
326000 76.37037037037037 76.37037037037037 118.88888888888889 0.4367283950617283 135.5185185185185 45.333333333333336 0.0 45.333333333333336 0.7586425999179482
328000 76.37037037037037 76.37037037037037 118.88888888888889 0.4367283950617283 135.5185185185185 45.333333333333336 0.0 45.333333333333336 0.7670045997947454
330000 76.37037037037037 76.37037037037037 118.88888888888889 0.4367283950617283 135.5185185185185 45.333333333333336 0.0 45.333333333333336 0.7259846003726125
332000 76.37037037037037 76.37037037037037 118.88888888888889 0.4367283950617283 135.5185185185185 45.333333333333336 0.0 45.333333333333336 0.742166600190103
334000 76.37037037037037 76.37037037037037 118.88888888888889 0.4367283950617283 135.5185185185185 45.333333333333336 0.0 45.333333333333336 0.7456307001411915
336000 76.37037037037037 76.37037037037037 118.88888888888889 0.4367283950617283 135.5185185185185 45.333333333333336 0.0 45.333333333333336 0.7485710997134447
338000 76.37037037037037 76.37037037037037 118.88888888888889 0.4367283950617283 135.5185185185185 45.333333333333336 0.0 45.333333333333336 0.7901705000549555
340000 76.37037037037037 76.37037037037037 118.88888888888889 0.4367283950617283 135.5185185185185 45.333333333333336 0.0 45.333333333333336 0.8155354000627995
342000 76.37037037037037 76.37037037037037 118.88888888888889 0.4367283950617283 135.5185185185185 45.333333333333336 0.0 45.333333333333336 0.7778674997389317
344000 76.37037037037037 76.37037037037037 118.88888888888889 0.4367283950617283 135.5185185185185 45.333333333333336 0.0 45.333333333333336 0.7229464994743466
346000 76.37037037037037 76.37037037037037 118.88888888888889 0.4367283950617283 135.5185185185185 45.333333333333336 0.0 45.333333333333336 0.8316281996667385
348000 76.37037037037037 76.37037037037037 118.88888888888889 0.4367283950617283 135.5185185185185 45.333333333333336 0.0 45.333333333333336 0.7008400997146964
350000 76.37037037037037 76.37037037037037 118.88888888888889 0.4367283950617283 135.5185185185185 45.333333333333336 0.0 45.333333333333336 0.74169069994241
352000 76.37037037037037 76.37037037037037 118.88888888888889 0.4367283950617283 135.5185185185185 45.333333333333336 0.0 45.333333333333336 0.824218699708581
354000 76.37037037037037 76.37037037037037 118.88888888888889 0.4367283950617283 135.5185185185185 45.333333333333336 0.0 45.333333333333336 0.7874461999163032
356000 76.37037037037037 76.37037037037037 118.88888888888889 0.4367283950617283 135.5185185185185 45.333333333333336 0.0 45.333333333333336 0.8088997006416321
358000 76.37037037037037 76.37037037037037 118.88888888888889 0.4367283950617283 135.5185185185185 45.333333333333336 0.0 45.333333333333336 0.7644234001636505
360000 76.37037037037037 76.37037037037037 118.88888888888889 0.4367283950617283 135.5185185185185 45.333333333333336 0.0 45.333333333333336 0.8120736004784703
362000 76.37037037037037 76.37037037037037 118.88888888888889 0.4367283950617283 135.5185185185185 45.333333333333336 0.0 45.333333333333336 0.7301880000159144
364000 76.37037037037037 76.37037037037037 118.88888888888889 0.4367283950617283 135.5185185185185 45.333333333333336 0.0 45.333333333333336 0.7749193999916315
366000 76.37037037037037 76.37037037037037 118.88888888888889 0.4367283950617283 135.5185185185185 45.333333333333336 0.0 45.333333333333336 0.7778033996000886
368000 76.37037037037037 76.37037037037037 118.88888888888889 0.4367283950617283 135.5185185185185 45.333333333333336 0.0 45.333333333333336 0.7888448005542159
370000 76.37037037037037 76.37037037037037 118.88888888888889 0.4367283950617283 135.5185185185185 45.333333333333336 0.0 45.333333333333336 0.7373187001794577
372000 76.37037037037037 76.37037037037037 118.88888888888889 0.4367283950617283 135.5185185185185 45.333333333333336 0.0 45.333333333333336 0.749002699740231
374000 76.37037037037037 76.37037037037037 118.88888888888889 0.4367283950617283 135.5185185185185 45.333333333333336 0.0 45.333333333333336 0.7232435997575521
376000 76.37037037037037 76.37037037037037 118.88888888888889 0.4367283950617283 135.5185185185185 45.333333333333336 0.0 45.333333333333336 0.8816096000373363
378000 76.37037037037037 76.37037037037037 118.88888888888889 0.4367283950617283 135.5185185185185 45.333333333333336 0.0 45.333333333333336 0.7712988993152976
380000 76.37037037037037 76.37037037037037 118.88888888888889 0.4367283950617283 135.5185185185185 45.333333333333336 0.0 45.333333333333336 0.7394628003239632
382000 76.37037037037037 76.37037037037037 118.88888888888889 0.4367283950617283 135.5185185185185 45.333333333333336 0.0 45.333333333333336 0.7898571006953716
384000 76.37037037037037 76.37037037037037 118.88888888888889 0.4367283950617283 135.5185185185185 45.333333333333336 0.0 45.333333333333336 0.6861560000106692
386000 76.37037037037037 76.37037037037037 118.88888888888889 0.4367283950617283 135.5185185185185 45.333333333333336 0.0 45.333333333333336 0.7534763002768159
388000 76.37037037037037 76.37037037037037 118.88888888888889 0.4367283950617283 135.5185185185185 45.333333333333336 0.0 45.333333333333336 0.7545795999467373
390000 76.37037037037037 76.37037037037037 118.88888888888889 0.4367283950617283 135.5185185185185 45.333333333333336 0.0 45.333333333333336 0.8463099002838135
392000 76.37037037037037 76.37037037037037 118.88888888888889 0.4367283950617283 135.5185185185185 45.333333333333336 0.0 45.333333333333336 0.7666066996753216
394000 76.37037037037037 76.37037037037037 118.88888888888889 0.4367283950617283 135.5185185185185 45.333333333333336 0.0 45.333333333333336 0.8408423000946641
396000 76.37037037037037 76.37037037037037 118.88888888888889 0.4367283950617283 135.5185185185185 45.333333333333336 0.0 45.333333333333336 0.8326662005856633
398000 76.37037037037037 76.37037037037037 118.88888888888889 0.4367283950617283 135.5185185185185 45.333333333333336 0.0 45.333333333333336 0.7118902001529932
400000 76.37037037037037 76.37037037037037 118.88888888888889 0.4367283950617283 135.5185185185185 45.333333333333336 0.0 45.333333333333336 0.7043544994667172
402000 76.37037037037037 76.37037037037037 118.88888888888889 0.4367283950617283 135.5185185185185 45.333333333333336 0.0 45.333333333333336 0.7292752005159855
404000 76.37037037037037 76.37037037037037 118.88888888888889 0.4367283950617283 135.5185185185185 45.333333333333336 0.0 45.333333333333336 0.8004548996686935
406000 76.37037037037037 76.37037037037037 118.88888888888889 0.4367283950617283 135.5185185185185 45.333333333333336 0.0 45.333333333333336 0.7944406000897288
408000 76.37037037037037 76.37037037037037 118.88888888888889 0.4367283950617283 135.5185185185185 45.333333333333336 0.0 45.333333333333336 0.7776520000770688
410000 76.37037037037037 76.37037037037037 118.88888888888889 0.4367283950617283 135.5185185185185 45.333333333333336 0.0 45.333333333333336 0.763077000156045
412000 76.37037037037037 76.37037037037037 118.88888888888889 0.4367283950617283 135.5185185185185 45.333333333333336 0.0 45.333333333333336 0.7250477001070976
414000 76.37037037037037 76.37037037037037 118.88888888888889 0.4367283950617283 135.5185185185185 45.333333333333336 0.0 45.333333333333336 0.7094389004632831
416000 76.37037037037037 76.37037037037037 118.88888888888889 0.4367283950617283 135.5185185185185 45.333333333333336 0.0 45.333333333333336 0.7095892000943422
418000 76.37037037037037 76.37037037037037 118.88888888888889 0.4367283950617283 135.5185185185185 45.333333333333336 0.0 45.333333333333336 0.7775242002680898
420000 76.37037037037037 76.37037037037037 118.88888888888889 0.4367283950617283 135.5185185185185 45.333333333333336 0.0 45.333333333333336 0.7300788993015885
422000 76.37037037037037 76.37037037037037 118.88888888888889 0.4367283950617283 135.5185185185185 45.333333333333336 0.0 45.333333333333336 0.8566918997094035
424000 76.37037037037037 76.37037037037037 118.88888888888889 0.4367283950617283 135.5185185185185 45.333333333333336 0.0 45.333333333333336 0.7862082002684474
426000 76.37037037037037 76.37037037037037 118.88888888888889 0.4367283950617283 135.5185185185185 45.333333333333336 0.0 45.333333333333336 0.7363346004858613
428000 76.37037037037037 76.37037037037037 118.88888888888889 0.4367283950617283 135.5185185185185 45.333333333333336 0.0 45.333333333333336 0.940140999853611
430000 76.37037037037037 76.37037037037037 118.88888888888889 0.4367283950617283 135.5185185185185 45.333333333333336 0.0 45.333333333333336 0.7609746996313334
432000 76.37037037037037 76.37037037037037 118.88888888888889 0.4367283950617283 135.5185185185185 45.333333333333336 0.0 45.333333333333336 0.7555869994685054
434000 76.37037037037037 76.37037037037037 118.88888888888889 0.4367283950617283 135.5185185185185 45.333333333333336 0.0 45.333333333333336 0.7504792995750904
436000 76.37037037037037 76.37037037037037 118.88888888888889 0.4367283950617283 135.5185185185185 45.333333333333336 0.0 45.333333333333336 0.7338180998340249
438000 76.37037037037037 76.37037037037037 118.88888888888889 0.4367283950617283 135.5185185185185 45.333333333333336 0.0 45.333333333333336 0.7623263001441956
440000 76.37037037037037 76.37037037037037 118.88888888888889 0.4367283950617283 135.5185185185185 45.333333333333336 0.0 45.333333333333336 0.7642051000148058
442000 76.37037037037037 76.37037037037037 118.88888888888889 0.4367283950617283 135.5185185185185 45.333333333333336 0.0 45.333333333333336 0.7224334003403783
444000 76.37037037037037 76.37037037037037 118.88888888888889 0.4367283950617283 135.5185185185185 45.333333333333336 0.0 45.333333333333336 0.7709656003862619
446000 76.37037037037037 76.37037037037037 118.88888888888889 0.4367283950617283 135.5185185185185 45.333333333333336 0.0 45.333333333333336 0.8903096001595259
448000 76.37037037037037 76.37037037037037 118.88888888888889 0.4367283950617283 135.5185185185185 45.333333333333336 0.0 45.333333333333336 0.7271474003791809
450000 76.37037037037037 76.37037037037037 118.88888888888889 0.4367283950617283 135.5185185185185 45.333333333333336 0.0 45.333333333333336 0.8067196002230048
452000 76.37037037037037 76.37037037037037 118.88888888888889 0.4367283950617283 135.5185185185185 45.333333333333336 0.0 45.333333333333336 0.8666039006784558
454000 76.37037037037037 76.37037037037037 118.88888888888889 0.4367283950617283 135.5185185185185 45.333333333333336 0.0 45.333333333333336 0.7981876004487276
456000 76.37037037037037 76.37037037037037 118.88888888888889 0.4367283950617283 135.5185185185185 45.333333333333336 0.0 45.333333333333336 0.7408095002174377
458000 76.37037037037037 76.37037037037037 118.88888888888889 0.4367283950617283 135.5185185185185 45.333333333333336 0.0 45.333333333333336 0.7670291997492313
460000 76.37037037037037 76.37037037037037 118.88888888888889 0.4367283950617283 135.5185185185185 45.333333333333336 0.0 45.333333333333336 0.7827081996947527
462000 76.37037037037037 76.37037037037037 118.88888888888889 0.4367283950617283 135.5185185185185 45.333333333333336 0.0 45.333333333333336 0.8390001999214292
464000 76.37037037037037 76.37037037037037 118.88888888888889 0.4367283950617283 135.5185185185185 45.333333333333336 0.0 45.333333333333336 0.8144557001069188
466000 76.37037037037037 76.37037037037037 118.88888888888889 0.4367283950617283 135.5185185185185 45.333333333333336 0.0 45.333333333333336 0.8093181001022458
468000 76.37037037037037 76.37037037037037 118.88888888888889 0.4367283950617283 135.5185185185185 45.333333333333336 0.0 45.333333333333336 0.8288102997466922
470000 76.37037037037037 76.37037037037037 118.88888888888889 0.4367283950617283 135.5185185185185 45.333333333333336 0.0 45.333333333333336 0.7608936000615358
472000 76.37037037037037 76.37037037037037 118.88888888888889 0.4367283950617283 135.5185185185185 45.333333333333336 0.0 45.333333333333336 0.7808365998789668
474000 76.37037037037037 76.37037037037037 118.88888888888889 0.4367283950617283 135.5185185185185 45.333333333333336 0.0 45.333333333333336 0.7096757991239429
476000 76.37037037037037 76.37037037037037 118.88888888888889 0.4367283950617283 135.5185185185185 45.333333333333336 0.0 45.333333333333336 0.7649346999824047
478000 76.37037037037037 76.37037037037037 118.88888888888889 0.4367283950617283 135.5185185185185 45.333333333333336 0.0 45.333333333333336 0.8032504003494978
480000 76.37037037037037 76.37037037037037 118.88888888888889 0.4367283950617283 135.5185185185185 45.333333333333336 0.0 45.333333333333336 0.7236248999834061
482000 76.37037037037037 76.37037037037037 118.88888888888889 0.4367283950617283 135.5185185185185 45.333333333333336 0.0 45.333333333333336 0.746399000287056
484000 76.37037037037037 76.37037037037037 118.88888888888889 0.4367283950617283 135.5185185185185 45.333333333333336 0.0 45.333333333333336 0.8525415007025003
486000 76.37037037037037 76.37037037037037 118.88888888888889 0.4367283950617283 135.5185185185185 45.333333333333336 0.0 45.333333333333336 0.85489990003407
488000 76.37037037037037 76.37037037037037 118.88888888888889 0.4367283950617283 135.5185185185185 45.333333333333336 0.0 45.333333333333336 0.9033123999834061
490000 76.37037037037037 76.37037037037037 118.88888888888889 0.4367283950617283 135.5185185185185 45.333333333333336 0.0 45.333333333333336 0.7155719995498657
492000 76.37037037037037 76.37037037037037 118.88888888888889 0.4367283950617283 135.5185185185185 45.333333333333336 0.0 45.333333333333336 0.7815070999786258
494000 76.37037037037037 76.37037037037037 118.88888888888889 0.4367283950617283 135.5185185185185 45.333333333333336 0.0 45.333333333333336 0.7243358995765448
496000 76.37037037037037 76.37037037037037 118.88888888888889 0.4367283950617283 135.5185185185185 45.333333333333336 0.0 45.333333333333336 0.7360247001051903
498000 76.37037037037037 76.37037037037037 118.88888888888889 0.4367283950617283 135.5185185185185 45.333333333333336 0.0 45.333333333333336 0.7115212995558977
500000 76.37037037037037 76.37037037037037 118.88888888888889 0.4367283950617283 135.5185185185185 45.333333333333336 0.0 45.333333333333336 0.7235350999981165
