2000 2.6481481481481484 1.8888888888888888 128.6851851851852 0.12037037037037035 135.5185185185185 45.333333333333336 0.0 45.333333333333336 0.6243078000843525
4000 1.3888888888888888 0.6296296296296297 129.2037037037037 0.047839506172839504 135.5185185185185 45.333333333333336 0.0 45.333333333333336 0.608071899972856
6000 1.0555555555555556 -0.07407407407407407 129.33333333333334 0.029320987654320986 135.5185185185185 45.333333333333336 0.0 45.333333333333336 0.6255390997976065
8000 5.666666666666667 5.333333333333333 127.48148148148148 0.12962962962962962 135.5185185185185 45.333333333333336 0.0 45.333333333333336 0.6229934999719262
10000 4.37037037037037 4.37037037037037 126.22222222222223 0.18364197530864196 135.5185185185185 45.333333333333336 0.0 45.333333333333336 0.5990784000605345
12000 4.481481481481482 4.481481481481482 126.16666666666667 0.18981481481481477 135.5185185185185 45.333333333333336 0.0 45.333333333333336 0.7640215996652842
14000 4.481481481481482 4.481481481481482 126.16666666666667 0.18981481481481477 135.5185185185185 45.333333333333336 0.0 45.333333333333336 0.6455981004983187
16000 12.407407407407407 12.407407407407407 123.44444444444444 0.32098765432098764 135.5185185185185 45.333333333333336 0.0 45.333333333333336 0.694977399893105
18000 12.407407407407407 12.407407407407407 123.44444444444444 0.32098765432098764 135.5185185185185 45.333333333333336 0.0 45.333333333333336 0.6769029004499316
20000 12.407407407407407 12.407407407407407 123.44444444444444 0.32098765432098764 135.5185185185185 45.333333333333336 0.0 45.333333333333336 0.7705311998724937
22000 12.685185185185185 12.685185185185185 123.55555555555556 0.33796296296296297 135.5185185185185 45.333333333333336 0.0 45.333333333333336 0.878867500461638
24000 12.685185185185185 12.685185185185185 123.55555555555556 0.33796296296296297 135.5185185185185 45.333333333333336 0.0 45.333333333333336 0.7851503994315863
26000 12.685185185185185 12.685185185185185 123.55555555555556 0.33796296296296297 135.5185185185185 45.333333333333336 0.0 45.333333333333336 0.9001221004873514
28000 12.685185185185185 12.685185185185185 123.55555555555556 0.33796296296296297 135.5185185185185 45.333333333333336 0.0 45.333333333333336 0.7809664998203516
30000 12.685185185185185 12.685185185185185 123.55555555555556 0.33796296296296297 135.5185185185185 45.333333333333336 0.0 45.333333333333336 0.7559871003031731
32000 54.129629629629626 54.129629629629626 119.51851851851852 0.4969135802469135 135.5185185185185 45.333333333333336 0.0 45.333333333333336 0.8193089999258518
34000 54.129629629629626 54.129629629629626 119.51851851851852 0.4969135802469135 135.5185185185185 45.333333333333336 0.0 45.333333333333336 0.7614249996840954
36000 54.129629629629626 54.129629629629626 119.51851851851852 0.4969135802469135 135.5185185185185 45.333333333333336 0.0 45.333333333333336 0.7324364008381963
38000 54.129629629629626 54.129629629629626 119.51851851851852 0.4969135802469135 135.5185185185185 45.333333333333336 0.0 45.333333333333336 0.8204036997631192
40000 54.129629629629626 54.129629629629626 119.51851851851852 0.4969135802469135 135.5185185185185 45.333333333333336 0.0 45.333333333333336 0.7894657999277115
42000 54.129629629629626 54.129629629629626 119.51851851851852 0.4969135802469135 135.5185185185185 45.333333333333336 0.0 45.333333333333336 0.735572500154376
44000 54.129629629629626 54.129629629629626 119.51851851851852 0.4969135802469135 135.5185185185185 45.333333333333336 0.0 45.333333333333336 0.7094690008088946
46000 54.129629629629626 54.129629629629626 119.51851851851852 0.4969135802469135 135.5185185185185 45.333333333333336 0.0 45.333333333333336 0.7341083995997906
48000 54.129629629629626 54.129629629629626 119.51851851851852 0.4969135802469135 135.5185185185185 45.333333333333336 0.0 45.333333333333336 0.8220247002318501
50000 54.129629629629626 54.129629629629626 119.51851851851852 0.4969135802469135 135.5185185185185 45.333333333333336 0.0 45.333333333333336 0.731457999907434
52000 54.129629629629626 54.129629629629626 119.51851851851852 0.4969135802469135 135.5185185185185 45.333333333333336 0.0 45.333333333333336 0.813824899494648
54000 54.129629629629626 54.129629629629626 119.51851851851852 0.4969135802469135 135.5185185185185 45.333333333333336 0.0 45.333333333333336 0.7466592993587255
56000 54.129629629629626 54.129629629629626 119.51851851851852 0.4969135802469135 135.5185185185185 45.333333333333336 0.0 45.333333333333336 0.7330229002982378
58000 54.129629629629626 54.129629629629626 119.51851851851852 0.4969135802469135 135.5185185185185 45.333333333333336 0.0 45.333333333333336 0.7839099997654557
60000 54.129629629629626 54.129629629629626 119.51851851851852 0.4969135802469135 135.5185185185185 45.333333333333336 0.0 45.333333333333336 0.7573317997157574
62000 54.129629629629626 54.129629629629626 119.51851851851852 0.4969135802469135 135.5185185185185 45.333333333333336 0.0 45.333333333333336 0.7396443001925945
64000 54.129629629629626 54.129629629629626 119.51851851851852 0.4969135802469135 135.5185185185185 45.333333333333336 0.0 45.333333333333336 0.8504013996571302
66000 54.129629629629626 54.129629629629626 119.51851851851852 0.4969135802469135 135.5185185185185 45.333333333333336 0.0 45.333333333333336 0.8111911006271839
68000 54.129629629629626 54.129629629629626 119.51851851851852 0.4969135802469135 135.5185185185185 45.333333333333336 0.0 45.333333333333336 0.7461550002917647
70000 54.129629629629626 54.129629629629626 119.51851851851852 0.4969135802469135 135.5185185185185 45.333333333333336 0.0 45.333333333333336 0.7500803992152214
72000 54.129629629629626 54.129629629629626 119.51851851851852 0.4969135802469135 135.5185185185185 45.333333333333336 0.0 45.333333333333336 0.8390448000282049
74000 54.129629629629626 54.129629629629626 119.51851851851852 0.4969135802469135 135.5185185185185 45.333333333333336 0.0 45.333333333333336 0.739513099193573
76000 54.129629629629626 54.129629629629626 119.51851851851852 0.4969135802469135 135.5185185185185 45.333333333333336 0.0 45.333333333333336 0.7847318006679416
78000 54.129629629629626 54.129629629629626 119.51851851851852 0.4969135802469135 135.5185185185185 45.333333333333336 0.0 45.333333333333336 0.7109422003850341
80000 54.129629629629626 54.129629629629626 119.51851851851852 0.4969135802469135 135.5185185185185 45.333333333333336 0.0 45.333333333333336 0.7805879004299641
82000 54.129629629629626 54.129629629629626 119.51851851851852 0.4969135802469135 135.5185185185185 45.333333333333336 0.0 45.333333333333336 0.7378233997151256
84000 54.129629629629626 54.129629629629626 119.51851851851852 0.4969135802469135 135.5185185185185 45.333333333333336 0.0 45.333333333333336 0.7884302996098995
86000 54.129629629629626 54.129629629629626 119.51851851851852 0.4969135802469135 135.5185185185185 45.333333333333336 0.0 45.333333333333336 0.8617534004151821
88000 54.129629629629626 54.129629629629626 119.51851851851852 0.4969135802469135 135.5185185185185 45.333333333333336 0.0 45.333333333333336 0.8018286004662514
90000 54.129629629629626 54.129629629629626 119.51851851851852 0.4969135802469135 135.5185185185185 45.333333333333336 0.0 45.333333333333336 0.7620240999385715
92000 54.129629629629626 54.129629629629626 119.51851851851852 0.4969135802469135 135.5185185185185 45.333333333333336 0.0 45.333333333333336 0.8167949998751283
94000 54.129629629629626 54.129629629629626 119.51851851851852 0.4969135802469135 135.5185185185185 45.333333333333336 0.0 45.333333333333336 0.8464943999424577
96000 54.129629629629626 54.129629629629626 119.51851851851852 0.4969135802469135 135.5185185185185 45.333333333333336 0.0 45.333333333333336 0.7624367997050285
98000 54.129629629629626 54.129629629629626 119.51851851851852 0.4969135802469135 135.5185185185185 45.333333333333336 0.0 45.333333333333336 0.8279946995899081
100000 54.129629629629626 54.129629629629626 119.51851851851852 0.4969135802469135 135.5185185185185 45.333333333333336 0.0 45.333333333333336 0.8269302006810904
102000 54.129629629629626 54.129629629629626 119.51851851851852 0.4969135802469135 135.5185185185185 45.333333333333336 0.0 45.333333333333336 0.7617619000375271
104000 54.129629629629626 54.129629629629626 119.51851851851852 0.4969135802469135 135.5185185185185 45.333333333333336 0.0 45.333333333333336 0.7639570003375411
106000 54.129629629629626 54.129629629629626 119.51851851851852 0.4969135802469135 135.5185185185185 45.333333333333336 0.0 45.333333333333336 0.7177697997540236
108000 54.129629629629626 54.129629629629626 119.51851851851852 0.4969135802469135 135.5185185185185 45.333333333333336 0.0 45.333333333333336 0.7981185000389814
110000 54.129629629629626 54.129629629629626 119.51851851851852 0.4969135802469135 135.5185185185185 45.333333333333336 0.0 45.333333333333336 0.7944708997383714
112000 54.129629629629626 54.129629629629626 119.51851851851852 0.4969135802469135 135.5185185185185 45.333333333333336 0.0 45.333333333333336 0.7618913995102048
114000 54.129629629629626 54.129629629629626 119.51851851851852 0.4969135802469135 135.5185185185185 45.333333333333336 0.0 45.333333333333336 0.7132117003202438
116000 54.129629629629626 54.129629629629626 119.51851851851852 0.4969135802469135 135.5185185185185 45.333333333333336 0.0 45.333333333333336 0.7227818993851542
118000 54.129629629629626 54.129629629629626 119.51851851851852 0.4969135802469135 135.5185185185185 45.333333333333336 0.0 45.333333333333336 0.7908274997025728
120000 54.129629629629626 54.129629629629626 119.51851851851852 0.4969135802469135 135.5185185185185 45.333333333333336 0.0 45.333333333333336 0.7722806008532643
122000 54.129629629629626 54.129629629629626 119.51851851851852 0.4969135802469135 135.5185185185185 45.333333333333336 0.0 45.333333333333336 0.7180383000522852
124000 54.129629629629626 54.129629629629626 119.51851851851852 0.4969135802469135 135.5185185185185 45.333333333333336 0.0 45.333333333333336 0.791070899926126
126000 54.129629629629626 54.129629629629626 119.51851851851852 0.4969135802469135 135.5185185185185 45.333333333333336 0.0 45.333333333333336 0.814207099378109
128000 54.129629629629626 54.129629629629626 119.51851851851852 0.4969135802469135 135.5185185185185 45.333333333333336 0.0 45.333333333333336 0.7982140993699431
130000 54.129629629629626 54.129629629629626 119.51851851851852 0.4969135802469135 135.5185185185185 45.333333333333336 0.0 45.333333333333336 0.789406199939549
132000 54.129629629629626 54.129629629629626 119.51851851851852 0.4969135802469135 135.5185185185185 45.333333333333336 0.0 45.333333333333336 0.7304002000018954
134000 54.129629629629626 54.129629629629626 119.51851851851852 0.4969135802469135 135.5185185185185 45.333333333333336 0.0 45.333333333333336 0.6943949004635215
136000 54.129629629629626 54.129629629629626 119.51851851851852 0.4969135802469135 135.5185185185185 45.333333333333336 0.0 45.333333333333336 0.8285372005775571
138000 54.129629629629626 54.129629629629626 119.51851851851852 0.4969135802469135 135.5185185185185 45.333333333333336 0.0 45.333333333333336 0.7277873996645212
140000 54.129629629629626 54.129629629629626 119.51851851851852 0.4969135802469135 135.5185185185185 45.333333333333336 0.0 45.333333333333336 0.7443504007533193
142000 54.129629629629626 54.129629629629626 119.51851851851852 0.4969135802469135 135.5185185185185 45.333333333333336 0.0 45.333333333333336 0.7183584999293089
144000 54.129629629629626 54.129629629629626 119.51851851851852 0.4969135802469135 135.5185185185185 45.333333333333336 0.0 45.333333333333336 0.7685794997960329
146000 54.129629629629626 54.129629629629626 119.51851851851852 0.4969135802469135 135.5185185185185 45.333333333333336 0.0 45.333333333333336 0.7339011998847127
148000 54.129629629629626 54.129629629629626 119.51851851851852 0.4969135802469135 135.5185185185185 45.333333333333336 0.0 45.333333333333336 0.7194736003875732
150000 54.129629629629626 54.129629629629626 119.51851851851852 0.4969135802469135 135.5185185185185 45.333333333333336 0.0 45.333333333333336 0.7698002001270652
152000 54.129629629629626 54.129629629629626 119.51851851851852 0.4969135802469135 135.5185185185185 45.333333333333336 0.0 45.333333333333336 0.84978779964149
154000 54.129629629629626 54.129629629629626 119.51851851851852 0.4969135802469135 135.5185185185185 45.333333333333336 0.0 45.333333333333336 0.8016801001504064
156000 54.129629629629626 54.129629629629626 119.51851851851852 0.4969135802469135 135.5185185185185 45.333333333333336 0.0 45.333333333333336 0.8099515000358224
158000 54.129629629629626 54.129629629629626 119.51851851851852 0.4969135802469135 135.5185185185185 45.333333333333336 0.0 45.333333333333336 0.7869891999289393
160000 54.129629629629626 54.129629629629626 119.51851851851852 0.4969135802469135 135.5185185185185 45.333333333333336 0.0 45.333333333333336 0.7386818993836641
162000 54.129629629629626 54.129629629629626 119.51851851851852 0.4969135802469135 135.5185185185185 45.333333333333336 0.0 45.333333333333336 0.7262543002143502
164000 54.129629629629626 54.129629629629626 119.51851851851852 0.4969135802469135 135.5185185185185 45.333333333333336 0.0 45.333333333333336 0.7341471994295716
166000 54.129629629629626 54.129629629629626 119.51851851851852 0.4969135802469135 135.5185185185185 45.333333333333336 0.0 45.333333333333336 0.756212099455297
168000 54.129629629629626 54.129629629629626 119.51851851851852 0.4969135802469135 135.5185185185185 45.333333333333336 0.0 45.333333333333336 0.721025699749589
170000 54.129629629629626 54.129629629629626 119.51851851851852 0.4969135802469135 135.5185185185185 45.333333333333336 0.0 45.333333333333336 0.8228534003719687
172000 54.129629629629626 54.129629629629626 119.51851851851852 0.4969135802469135 135.5185185185185 45.333333333333336 0.0 45.333333333333336 0.7956422008574009
174000 54.129629629629626 54.129629629629626 119.51851851851852 0.4969135802469135 135.5185185185185 45.333333333333336 0.0 45.333333333333336 0.7969433004036546
176000 54.129629629629626 54.129629629629626 119.51851851851852 0.4969135802469135 135.5185185185185 45.333333333333336 0.0 45.333333333333336 0.76433390006423
178000 54.129629629629626 54.129629629629626 119.51851851851852 0.4969135802469135 135.5185185185185 45.333333333333336 0.0 45.333333333333336 0.745402199216187
180000 54.129629629629626 54.129629629629626 119.51851851851852 0.4969135802469135 135.5185185185185 45.333333333333336 0.0 45.333333333333336 0.7698769001290202
182000 54.129629629629626 54.129629629629626 119.51851851851852 0.4969135802469135 135.5185185185185 45.333333333333336 0.0 45.333333333333336 0.800415899604559
184000 54.129629629629626 54.129629629629626 119.51851851851852 0.4969135802469135 135.5185185185185 45.333333333333336 0.0 45.333333333333336 0.7777326004579663
186000 54.129629629629626 54.129629629629626 119.51851851851852 0.4969135802469135 135.5185185185185 45.333333333333336 0.0 45.333333333333336 0.826672900468111
188000 54.129629629629626 54.129629629629626 119.51851851851852 0.4969135802469135 135.5185185185185 45.333333333333336 0.0 45.333333333333336 0.6987201999872923
190000 54.129629629629626 54.129629629629626 119.51851851851852 0.4969135802469135 135.5185185185185 45.333333333333336 0.0 45.333333333333336 0.7043197005987167
192000 54.129629629629626 54.129629629629626 119.51851851851852 0.4969135802469135 135.5185185185185 45.333333333333336 0.0 45.333333333333336 0.7255468005314469
194000 54.129629629629626 54.129629629629626 119.51851851851852 0.4969135802469135 135.5185185185185 45.333333333333336 0.0 45.333333333333336 0.7438100995495915
196000 54.129629629629626 54.129629629629626 119.51851851851852 0.4969135802469135 135.5185185185185 45.333333333333336 0.0 45.333333333333336 0.7135550994426012
198000 54.129629629629626 54.129629629629626 119.51851851851852 0.4969135802469135 135.5185185185185 45.333333333333336 0.0 45.333333333333336 0.7357691004872322
200000 54.129629629629626 54.129629629629626 119.51851851851852 0.4969135802469135 135.5185185185185 45.333333333333336 0.0 45.333333333333336 0.7514410000294447
202000 54.129629629629626 54.129629629629626 119.51851851851852 0.4969135802469135 135.5185185185185 45.333333333333336 0.0 45.333333333333336 0.7210211995989084
204000 54.129629629629626 54.129629629629626 119.51851851851852 0.4969135802469135 135.5185185185185 45.333333333333336 0.0 45.333333333333336 0.8379052998498082
206000 54.129629629629626 54.129629629629626 119.51851851851852 0.4969135802469135 135.5185185185185 45.333333333333336 0.0 45.333333333333336 0.7880728002637625
208000 54.129629629629626 54.129629629629626 119.51851851851852 0.4969135802469135 135.5185185185185 45.333333333333336 0.0 45.333333333333336 0.852279799990356
210000 54.129629629629626 54.129629629629626 119.51851851851852 0.4969135802469135 135.5185185185185 45.333333333333336 0.0 45.333333333333336 0.7450989000499249
212000 54.129629629629626 54.129629629629626 119.51851851851852 0.4969135802469135 135.5185185185185 45.333333333333336 0.0 45.333333333333336 0.7631747992709279
214000 54.129629629629626 54.129629629629626 119.51851851851852 0.4969135802469135 135.5185185185185 45.333333333333336 0.0 45.333333333333336 0.7159738000482321
216000 54.129629629629626 54.129629629629626 119.51851851851852 0.4969135802469135 135.5185185185185 45.333333333333336 0.0 45.333333333333336 0.7801316995173693
218000 54.129629629629626 54.129629629629626 119.51851851851852 0.4969135802469135 135.5185185185185 45.333333333333336 0.0 45.333333333333336 0.7629925003275275
220000 54.129629629629626 54.129629629629626 119.51851851851852 0.4969135802469135 135.5185185185185 45.333333333333336 0.0 45.333333333333336 0.7250052997842431
222000 54.129629629629626 54.129629629629626 119.51851851851852 0.4969135802469135 135.5185185185185 45.333333333333336 0.0 45.333333333333336 0.7093367008492351
224000 54.129629629629626 54.129629629629626 119.51851851851852 0.4969135802469135 135.5185185185185 45.333333333333336 0.0 45.333333333333336 0.8319525001570582
226000 54.129629629629626 54.129629629629626 119.51851851851852 0.4969135802469135 135.5185185185185 45.333333333333336 0.0 45.333333333333336 0.8126863995566964
228000 54.129629629629626 54.129629629629626 119.51851851851852 0.4969135802469135 135.5185185185185 45.333333333333336 0.0 45.333333333333336 0.7682305006310344
230000 54.129629629629626 54.129629629629626 119.51851851851852 0.4969135802469135 135.5185185185185 45.333333333333336 0.0 45.333333333333336 0.8033619998022914
232000 54.129629629629626 54.129629629629626 119.51851851851852 0.4969135802469135 135.5185185185185 45.333333333333336 0.0 45.333333333333336 0.7216280000284314
234000 54.129629629629626 54.129629629629626 119.51851851851852 0.4969135802469135 135.5185185185185 45.333333333333336 0.0 45.333333333333336 0.697779300622642
236000 54.129629629629626 54.129629629629626 119.51851851851852 0.4969135802469135 135.5185185185185 45.333333333333336 0.0 45.333333333333336 0.7349135996773839
238000 54.129629629629626 54.129629629629626 119.51851851851852 0.4969135802469135 135.5185185185185 45.333333333333336 0.0 45.333333333333336 0.7929873997345567
240000 54.129629629629626 54.129629629629626 119.51851851851852 0.4969135802469135 135.5185185185185 45.333333333333336 0.0 45.333333333333336 0.7670050002634525
242000 54.129629629629626 54.129629629629626 119.51851851851852 0.4969135802469135 135.5185185185185 45.333333333333336 0.0 45.333333333333336 0.8850661003962159
244000 54.129629629629626 54.129629629629626 119.51851851851852 0.4969135802469135 135.5185185185185 45.333333333333336 0.0 45.333333333333336 0.8032199004665017
246000 54.129629629629626 54.129629629629626 119.51851851851852 0.4969135802469135 135.5185185185185 45.333333333333336 0.0 45.333333333333336 0.759010000154376
248000 54.129629629629626 54.129629629629626 119.51851851851852 0.4969135802469135 135.5185185185185 45.333333333333336 0.0 45.333333333333336 0.740671799518168
250000 54.129629629629626 54.129629629629626 119.51851851851852 0.4969135802469135 135.5185185185185 45.333333333333336 0.0 45.333333333333336 0.735020300373435
252000 54.129629629629626 54.129629629629626 119.51851851851852 0.4969135802469135 135.5185185185185 45.333333333333336 0.0 45.333333333333336 0.8299331003800035
254000 54.129629629629626 54.129629629629626 119.51851851851852 0.4969135802469135 135.5185185185185 45.333333333333336 0.0 45.333333333333336 0.7554418006911874
256000 54.129629629629626 54.129629629629626 119.51851851851852 0.4969135802469135 135.5185185185185 45.333333333333336 0.0 45.333333333333336 0.771837200038135
258000 54.129629629629626 54.129629629629626 119.51851851851852 0.4969135802469135 135.5185185185185 45.333333333333336 0.0 45.333333333333336 0.7525243004783988
260000 54.129629629629626 54.129629629629626 119.51851851851852 0.4969135802469135 135.5185185185185 45.333333333333336 0.0 45.333333333333336 0.7405924005433917
262000 54.129629629629626 54.129629629629626 119.51851851851852 0.4969135802469135 135.5185185185185 45.333333333333336 0.0 45.333333333333336 0.7303702998906374
264000 54.129629629629626 54.129629629629626 119.51851851851852 0.4969135802469135 135.5185185185185 45.333333333333336 0.0 45.333333333333336 0.8020726004615426
266000 54.129629629629626 54.129629629629626 119.51851851851852 0.4969135802469135 135.5185185185185 45.333333333333336 0.0 45.333333333333336 0.7880281005054712
268000 54.129629629629626 54.129629629629626 119.51851851851852 0.4969135802469135 135.5185185185185 45.333333333333336 0.0 45.333333333333336 0.7693643998354673
270000 54.129629629629626 54.129629629629626 119.51851851851852 0.4969135802469135 135.5185185185185 45.333333333333336 0.0 45.333333333333336 0.7530196001753211
272000 54.129629629629626 54.129629629629626 119.51851851851852 0.4969135802469135 135.5185185185185 45.333333333333336 0.0 45.333333333333336 0.8110103001818061
274000 54.129629629629626 54.129629629629626 119.51851851851852 0.4969135802469135 135.5185185185185 45.333333333333336 0.0 45.333333333333336 0.8032986996695399
276000 54.129629629629626 54.129629629629626 119.51851851851852 0.4969135802469135 135.5185185185185 45.333333333333336 0.0 45.333333333333336 0.7215009005740285
278000 54.129629629629626 54.129629629629626 119.51851851851852 0.4969135802469135 135.5185185185185 45.333333333333336 0.0 45.333333333333336 0.7832167996093631
280000 54.129629629629626 54.129629629629626 119.51851851851852 0.4969135802469135 135.5185185185185 45.333333333333336 0.0 45.333333333333336 0.7509918995201588
282000 54.129629629629626 54.129629629629626 119.51851851851852 0.4969135802469135 135.5185185185185 45.333333333333336 0.0 45.333333333333336 0.755443099886179
284000 54.129629629629626 54.129629629629626 119.51851851851852 0.4969135802469135 135.5185185185185 45.333333333333336 0.0 45.333333333333336 0.7451232001185417
286000 54.129629629629626 54.129629629629626 119.51851851851852 0.4969135802469135 135.5185185185185 45.333333333333336 0.0 45.333333333333336 0.776516399346292
288000 54.129629629629626 54.129629629629626 119.51851851851852 0.4969135802469135 135.5185185185185 45.333333333333336 0.0 45.333333333333336 0.7944912007078528
290000 54.129629629629626 54.129629629629626 119.51851851851852 0.4969135802469135 135.5185185185185 45.333333333333336 0.0 45.333333333333336 0.8207136001437902
292000 54.129629629629626 54.129629629629626 119.51851851851852 0.4969135802469135 135.5185185185185 45.333333333333336 0.0 45.333333333333336 0.7613708004355431
294000 54.129629629629626 54.129629629629626 119.51851851851852 0.4969135802469135 135.5185185185185 45.333333333333336 0.0 45.333333333333336 0.7603775998577476
296000 54.129629629629626 54.129629629629626 119.51851851851852 0.4969135802469135 135.5185185185185 45.333333333333336 0.0 45.333333333333336 0.7631383994594216
298000 54.129629629629626 54.129629629629626 119.51851851851852 0.4969135802469135 135.5185185185185 45.333333333333336 0.0 45.333333333333336 0.7610414996743202
300000 54.129629629629626 54.129629629629626 119.51851851851852 0.4969135802469135 135.5185185185185 45.333333333333336 0.0 45.333333333333336 0.7993870005011559
302000 54.129629629629626 54.129629629629626 119.51851851851852 0.4969135802469135 135.5185185185185 45.333333333333336 0.0 45.333333333333336 0.7624774994328618
304000 54.129629629629626 54.129629629629626 119.51851851851852 0.4969135802469135 135.5185185185185 45.333333333333336 0.0 45.333333333333336 0.7008086005225778
306000 54.129629629629626 54.129629629629626 119.51851851851852 0.4969135802469135 135.5185185185185 45.333333333333336 0.0 45.333333333333336 0.775989199988544
308000 54.129629629629626 54.129629629629626 119.51851851851852 0.4969135802469135 135.5185185185185 45.333333333333336 0.0 45.333333333333336 0.7707807999104261
310000 54.129629629629626 54.129629629629626 119.51851851851852 0.4969135802469135 135.5185185185185 45.333333333333336 0.0 45.333333333333336 0.8014462003484368
312000 54.129629629629626 54.129629629629626 119.51851851851852 0.4969135802469135 135.5185185185185 45.333333333333336 0.0 45.333333333333336 0.7589880004525185
314000 54.129629629629626 54.129629629629626 119.51851851851852 0.4969135802469135 135.5185185185185 45.333333333333336 0.0 45.333333333333336 0.7871614005416632
316000 54.129629629629626 54.129629629629626 119.51851851851852 0.4969135802469135 135.5185185185185 45.333333333333336 0.0 45.333333333333336 0.7009653998538852
318000 54.129629629629626 54.129629629629626 119.51851851851852 0.4969135802469135 135.5185185185185 45.333333333333336 0.0 45.333333333333336 0.7370862998068333
320000 54.129629629629626 54.129629629629626 119.51851851851852 0.4969135802469135 135.5185185185185 45.333333333333336 0.0 45.333333333333336 0.7277339994907379
322000 54.129629629629626 54.129629629629626 119.51851851851852 0.4969135802469135 135.5185185185185 45.333333333333336 0.0 45.333333333333336 0.7680040001869202
324000 54.129629629629626 54.129629629629626 119.51851851851852 0.4969135802469135 135.5185185185185 45.333333333333336 0.0 45.333333333333336 0.79498599935323
326000 54.129629629629626 54.129629629629626 119.51851851851852 0.4969135802469135 135.5185185185185 45.333333333333336 0.0 45.333333333333336 0.6992841996252537
328000 54.129629629629626 54.129629629629626 119.51851851851852 0.4969135802469135 135.5185185185185 45.333333333333336 0.0 45.333333333333336 0.7187198996543884
330000 54.129629629629626 54.129629629629626 119.51851851851852 0.4969135802469135 135.5185185185185 45.333333333333336 0.0 45.333333333333336 0.8645011000335217
332000 54.129629629629626 54.129629629629626 119.51851851851852 0.4969135802469135 135.5185185185185 45.333333333333336 0.0 45.333333333333336 0.742548500187695
334000 54.129629629629626 54.129629629629626 119.51851851851852 0.4969135802469135 135.5185185185185 45.333333333333336 0.0 45.333333333333336 0.7854995997622609
336000 54.129629629629626 54.129629629629626 119.51851851851852 0.4969135802469135 135.5185185185185 45.333333333333336 0.0 45.333333333333336 0.8326665004715323
338000 54.129629629629626 54.129629629629626 119.51851851851852 0.4969135802469135 135.5185185185185 45.333333333333336 0.0 45.333333333333336 0.8669459000229836
340000 54.129629629629626 54.129629629629626 119.51851851851852 0.4969135802469135 135.5185185185185 45.333333333333336 0.0 45.333333333333336 0.8046597996726632
342000 54.129629629629626 54.129629629629626 119.51851851851852 0.4969135802469135 135.5185185185185 45.333333333333336 0.0 45.333333333333336 0.8294791001826525
344000 54.129629629629626 54.129629629629626 119.51851851851852 0.4969135802469135 135.5185185185185 45.333333333333336 0.0 45.333333333333336 0.7808113005012274
346000 54.129629629629626 54.129629629629626 119.51851851851852 0.4969135802469135 135.5185185185185 45.333333333333336 0.0 45.333333333333336 0.9384356001392007
348000 54.129629629629626 54.129629629629626 119.51851851851852 0.4969135802469135 135.5185185185185 45.333333333333336 0.0 45.333333333333336 0.8101535001769662
350000 54.129629629629626 54.129629629629626 119.51851851851852 0.4969135802469135 135.5185185185185 45.333333333333336 0.0 45.333333333333336 0.6959869004786015
352000 54.129629629629626 54.129629629629626 119.51851851851852 0.4969135802469135 135.5185185185185 45.333333333333336 0.0 45.333333333333336 0.7503585005179048
354000 54.129629629629626 54.129629629629626 119.51851851851852 0.4969135802469135 135.5185185185185 45.333333333333336 0.0 45.333333333333336 0.7161485003307462
356000 54.129629629629626 54.129629629629626 119.51851851851852 0.4969135802469135 135.5185185185185 45.333333333333336 0.0 45.333333333333336 0.7572492994368076
358000 54.129629629629626 54.129629629629626 119.51851851851852 0.4969135802469135 135.5185185185185 45.333333333333336 0.0 45.333333333333336 0.7215811004862189
360000 54.129629629629626 54.129629629629626 119.51851851851852 0.4969135802469135 135.5185185185185 45.333333333333336 0.0 45.333333333333336 0.7438941998407245
362000 54.129629629629626 54.129629629629626 119.51851851851852 0.4969135802469135 135.5185185185185 45.333333333333336 0.0 45.333333333333336 0.7487126002088189
364000 54.129629629629626 54.129629629629626 119.51851851851852 0.4969135802469135 135.5185185185185 45.333333333333336 0.0 45.333333333333336 0.7559412000700831
366000 54.129629629629626 54.129629629629626 119.51851851851852 0.4969135802469135 135.5185185185185 45.333333333333336 0.0 45.333333333333336 0.7456347001716495
368000 54.129629629629626 54.129629629629626 119.51851851851852 0.4969135802469135 135.5185185185185 45.333333333333336 0.0 45.333333333333336 0.7507707001641393
370000 54.129629629629626 54.129629629629626 119.51851851851852 0.4969135802469135 135.5185185185185 45.333333333333336 0.0 45.333333333333336 0.7417517993599176
372000 54.129629629629626 54.129629629629626 119.51851851851852 0.4969135802469135 135.5185185185185 45.333333333333336 0.0 45.333333333333336 0.8117578998208046
374000 54.129629629629626 54.129629629629626 119.51851851851852 0.4969135802469135 135.5185185185185 45.333333333333336 0.0 45.333333333333336 0.809392100200057
376000 54.129629629629626 54.129629629629626 119.51851851851852 0.4969135802469135 135.5185185185185 45.333333333333336 0.0 45.333333333333336 0.749180800281465
378000 54.129629629629626 54.129629629629626 119.51851851851852 0.4969135802469135 135.5185185185185 45.333333333333336 0.0 45.333333333333336 0.7609179001301527
380000 54.129629629629626 54.129629629629626 119.51851851851852 0.4969135802469135 135.5185185185185 45.333333333333336 0.0 45.333333333333336 0.7582991998642683
382000 54.129629629629626 54.129629629629626 119.51851851851852 0.4969135802469135 135.5185185185185 45.333333333333336 0.0 45.333333333333336 0.8662229003384709
384000 54.129629629629626 54.129629629629626 119.51851851851852 0.4969135802469135 135.5185185185185 45.333333333333336 0.0 45.333333333333336 0.7233584001660347
386000 54.129629629629626 54.129629629629626 119.51851851851852 0.4969135802469135 135.5185185185185 45.333333333333336 0.0 45.333333333333336 0.7769806999713182
388000 54.129629629629626 54.129629629629626 119.51851851851852 0.4969135802469135 135.5185185185185 45.333333333333336 0.0 45.333333333333336 0.7285663997754455
390000 54.129629629629626 54.129629629629626 119.51851851851852 0.4969135802469135 135.5185185185185 45.333333333333336 0.0 45.333333333333336 0.7381009999662638
392000 54.129629629629626 54.129629629629626 119.51851851851852 0.4969135802469135 135.5185185185185 45.333333333333336 0.0 45.333333333333336 0.7670051995664835
394000 54.129629629629626 54.129629629629626 119.51851851851852 0.4969135802469135 135.5185185185185 45.333333333333336 0.0 45.333333333333336 0.7522566001862288
396000 54.129629629629626 54.129629629629626 119.51851851851852 0.4969135802469135 135.5185185185185 45.333333333333336 0.0 45.333333333333336 0.7898716004565358
398000 54.129629629629626 54.129629629629626 119.51851851851852 0.4969135802469135 135.5185185185185 45.333333333333336 0.0 45.333333333333336 0.8805312998592854
400000 54.129629629629626 54.129629629629626 119.51851851851852 0.4969135802469135 135.5185185185185 45.333333333333336 0.0 45.333333333333336 0.7910188995301723
402000 54.129629629629626 54.129629629629626 119.51851851851852 0.4969135802469135 135.5185185185185 45.333333333333336 0.0 45.333333333333336 0.810232000425458
404000 54.129629629629626 54.129629629629626 119.51851851851852 0.4969135802469135 135.5185185185185 45.333333333333336 0.0 45.333333333333336 0.723573500290513
406000 54.129629629629626 54.129629629629626 119.51851851851852 0.4969135802469135 135.5185185185185 45.333333333333336 0.0 45.333333333333336 0.805578799918294
408000 54.129629629629626 54.129629629629626 119.51851851851852 0.4969135802469135 135.5185185185185 45.333333333333336 0.0 45.333333333333336 0.7235263995826244
410000 54.129629629629626 54.129629629629626 119.51851851851852 0.4969135802469135 135.5185185185185 45.333333333333336 0.0 45.333333333333336 0.73694400023669
412000 54.129629629629626 54.129629629629626 119.51851851851852 0.4969135802469135 135.5185185185185 45.333333333333336 0.0 45.333333333333336 0.8247611001133919
414000 54.129629629629626 54.129629629629626 119.51851851851852 0.4969135802469135 135.5185185185185 45.333333333333336 0.0 45.333333333333336 0.7402839995920658
416000 54.129629629629626 54.129629629629626 119.51851851851852 0.4969135802469135 135.5185185185185 45.333333333333336 0.0 45.333333333333336 0.8502218006178737
418000 54.129629629629626 54.129629629629626 119.51851851851852 0.4969135802469135 135.5185185185185 45.333333333333336 0.0 45.333333333333336 0.7739364998415112
420000 54.129629629629626 54.129629629629626 119.51851851851852 0.4969135802469135 135.5185185185185 45.333333333333336 0.0 45.333333333333336 0.716495300643146
422000 54.129629629629626 54.129629629629626 119.51851851851852 0.4969135802469135 135.5185185185185 45.333333333333336 0.0 45.333333333333336 0.7440232997760177
424000 54.129629629629626 54.129629629629626 119.51851851851852 0.4969135802469135 135.5185185185185 45.333333333333336 0.0 45.333333333333336 0.7530859000980854
426000 54.129629629629626 54.129629629629626 119.51851851851852 0.4969135802469135 135.5185185185185 45.333333333333336 0.0 45.333333333333336 0.7889315998181701
428000 54.129629629629626 54.129629629629626 119.51851851851852 0.4969135802469135 135.5185185185185 45.333333333333336 0.0 45.333333333333336 0.8651063004508615
430000 54.129629629629626 54.129629629629626 119.51851851851852 0.4969135802469135 135.5185185185185 45.333333333333336 0.0 45.333333333333336 0.787822900339961
432000 54.129629629629626 54.129629629629626 119.51851851851852 0.4969135802469135 135.5185185185185 45.333333333333336 0.0 45.333333333333336 0.7375411996617913
434000 54.129629629629626 54.129629629629626 119.51851851851852 0.4969135802469135 135.5185185185185 45.333333333333336 0.0 45.333333333333336 0.7653505997732282
436000 54.129629629629626 54.129629629629626 119.51851851851852 0.4969135802469135 135.5185185185185 45.333333333333336 0.0 45.333333333333336 0.8015476996079087
438000 54.129629629629626 54.129629629629626 119.51851851851852 0.4969135802469135 135.5185185185185 45.333333333333336 0.0 45.333333333333336 0.7193042999133468
440000 54.129629629629626 54.129629629629626 119.51851851851852 0.4969135802469135 135.5185185185185 45.333333333333336 0.0 45.333333333333336 0.7513678995892406
442000 54.129629629629626 54.129629629629626 119.51851851851852 0.4969135802469135 135.5185185185185 45.333333333333336 0.0 45.333333333333336 0.84711670037359
444000 54.129629629629626 54.129629629629626 119.51851851851852 0.4969135802469135 135.5185185185185 45.333333333333336 0.0 45.333333333333336 0.7825597003102303
446000 54.129629629629626 54.129629629629626 119.51851851851852 0.4969135802469135 135.5185185185185 45.333333333333336 0.0 45.333333333333336 0.8253616997972131
448000 54.129629629629626 54.129629629629626 119.51851851851852 0.4969135802469135 135.5185185185185 45.333333333333336 0.0 45.333333333333336 0.7941386997699738
450000 54.129629629629626 54.129629629629626 119.51851851851852 0.4969135802469135 135.5185185185185 45.333333333333336 0.0 45.333333333333336 0.762130199931562
452000 54.129629629629626 54.129629629629626 119.51851851851852 0.4969135802469135 135.5185185185185 45.333333333333336 0.0 45.333333333333336 0.7515083001926541
454000 54.129629629629626 54.129629629629626 119.51851851851852 0.4969135802469135 135.5185185185185 45.333333333333336 0.0 45.333333333333336 0.7806783001869917
456000 54.129629629629626 54.129629629629626 119.51851851851852 0.4969135802469135 135.5185185185185 45.333333333333336 0.0 45.333333333333336 0.734094500541687
458000 54.129629629629626 54.129629629629626 119.51851851851852 0.4969135802469135 135.5185185185185 45.333333333333336 0.0 45.333333333333336 0.7493945006281137
460000 54.129629629629626 54.129629629629626 119.51851851851852 0.4969135802469135 135.5185185185185 45.333333333333336 0.0 45.333333333333336 0.751681599766016
462000 54.129629629629626 54.129629629629626 119.51851851851852 0.4969135802469135 135.5185185185185 45.333333333333336 0.0 45.333333333333336 0.812928800471127
464000 54.129629629629626 54.129629629629626 119.51851851851852 0.4969135802469135 135.5185185185185 45.333333333333336 0.0 45.333333333333336 0.767217599786818
466000 54.129629629629626 54.129629629629626 119.51851851851852 0.4969135802469135 135.5185185185185 45.333333333333336 0.0 45.333333333333336 0.7520072003826499
468000 54.129629629629626 54.129629629629626 119.51851851851852 0.4969135802469135 135.5185185185185 45.333333333333336 0.0 45.333333333333336 0.8716095006093383
470000 54.129629629629626 54.129629629629626 119.51851851851852 0.4969135802469135 135.5185185185185 45.333333333333336 0.0 45.333333333333336 0.8438861994072795
472000 54.129629629629626 54.129629629629626 119.51851851851852 0.4969135802469135 135.5185185185185 45.333333333333336 0.0 45.333333333333336 0.8684962000697851
474000 54.129629629629626 54.129629629629626 119.51851851851852 0.4969135802469135 135.5185185185185 45.333333333333336 0.0 45.333333333333336 0.7729698000475764
476000 54.129629629629626 54.129629629629626 119.51851851851852 0.4969135802469135 135.5185185185185 45.333333333333336 0.0 45.333333333333336 0.8090645996853709
478000 54.129629629629626 54.129629629629626 119.51851851851852 0.4969135802469135 135.5185185185185 45.333333333333336 0.0 45.333333333333336 0.8456367999315262
480000 54.129629629629626 54.129629629629626 119.51851851851852 0.4969135802469135 135.5185185185185 45.333333333333336 0.0 45.333333333333336 0.9385987995192409
482000 54.129629629629626 54.129629629629626 119.51851851851852 0.4969135802469135 135.5185185185185 45.333333333333336 0.0 45.333333333333336 0.9533886993303895
484000 54.129629629629626 54.129629629629626 119.51851851851852 0.4969135802469135 135.5185185185185 45.333333333333336 0.0 45.333333333333336 0.9714013999328017
486000 54.129629629629626 54.129629629629626 119.51851851851852 0.4969135802469135 135.5185185185185 45.333333333333336 0.0 45.333333333333336 0.7330759996548295
488000 54.129629629629626 54.129629629629626 119.51851851851852 0.4969135802469135 135.5185185185185 45.333333333333336 0.0 45.333333333333336 0.717548799701035
490000 54.129629629629626 54.129629629629626 119.51851851851852 0.4969135802469135 135.5185185185185 45.333333333333336 0.0 45.333333333333336 0.7489716000854969
492000 54.129629629629626 54.129629629629626 119.51851851851852 0.4969135802469135 135.5185185185185 45.333333333333336 0.0 45.333333333333336 0.6785506997257471
494000 54.129629629629626 54.129629629629626 119.51851851851852 0.4969135802469135 135.5185185185185 45.333333333333336 0.0 45.333333333333336 0.7281970996409655
496000 54.129629629629626 54.129629629629626 119.51851851851852 0.4969135802469135 135.5185185185185 45.333333333333336 0.0 45.333333333333336 0.6887184996157885
498000 54.129629629629626 54.129629629629626 119.51851851851852 0.4969135802469135 135.5185185185185 45.333333333333336 0.0 45.333333333333336 0.6151927998289466
500000 54.129629629629626 54.129629629629626 119.51851851851852 0.4969135802469135 135.5185185185185 45.333333333333336 0.0 45.333333333333336 0.6736415000632405
