2000 0.8846153846153846 0.5769230769230769 129.28846153846155 0.04647435897435897 135.46153846153845 45.30769230769231 0.0 45.30769230769231 0.4541784003376961
4000 2.173076923076923 1.8461538461538463 128.57692307692307 0.07692307692307693 135.46153846153845 45.30769230769231 0.0 45.30769230769231 0.43288150057196617
6000 5.865384615384615 5.769230769230769 126.1923076923077 0.18589743589743588 135.46153846153845 45.30769230769231 0.0 45.30769230769231 0.5006104996427894
8000 5.5576923076923075 5.538461538461538 126.32692307692308 0.18108974358974358 135.46153846153845 45.30769230769231 0.0 45.30769230769231 0.5033529000356793
10000 7.211538461538462 7.173076923076923 125.42307692307692 0.21794871794871792 135.46153846153845 45.30769230769231 0.0 45.30769230769231 0.5675177993252873
12000 8.461538461538462 8.461538461538462 125.34615384615384 0.23557692307692304 135.46153846153845 45.30769230769231 0.0 45.30769230769231 0.6191357998177409
14000 8.461538461538462 8.461538461538462 125.34615384615384 0.23557692307692304 135.46153846153845 45.30769230769231 0.0 45.30769230769231 0.6428188001736999
16000 11.76923076923077 11.75 123.82692307692308 0.2980769230769231 135.46153846153845 45.30769230769231 0.0 45.30769230769231 0.5945533998310566
18000 11.76923076923077 11.75 123.82692307692308 0.2980769230769231 135.46153846153845 45.30769230769231 0.0 45.30769230769231 0.6191678997129202
20000 11.76923076923077 11.75 123.82692307692308 0.2980769230769231 135.46153846153845 45.30769230769231 0.0 45.30769230769231 0.573276299983263
22000 12.01923076923077 12.01923076923077 123.71153846153847 0.2980769230769231 135.46153846153845 45.30769230769231 0.0 45.30769230769231 0.6827686000615358
24000 12.01923076923077 12.01923076923077 123.71153846153847 0.2980769230769231 135.46153846153845 45.30769230769231 0.0 45.30769230769231 0.6039582993835211
26000 12.01923076923077 12.01923076923077 123.71153846153847 0.2980769230769231 135.46153846153845 45.30769230769231 0.0 45.30769230769231 0.6679669003933668
28000 19.73076923076923 19.73076923076923 121.57692307692308 0.35737179487179493 135.46153846153845 45.30769230769231 0.019230769230769232 45.28846153846154 0.7413598001003265
30000 19.73076923076923 19.73076923076923 121.57692307692308 0.35737179487179493 135.46153846153845 45.30769230769231 0.019230769230769232 45.28846153846154 0.746573000214994
32000 19.73076923076923 19.73076923076923 121.57692307692308 0.35737179487179493 135.46153846153845 45.30769230769231 0.019230769230769232 45.28846153846154 0.8564623007550836
34000 19.73076923076923 19.73076923076923 121.57692307692308 0.35737179487179493 135.46153846153845 45.30769230769231 0.019230769230769232 45.28846153846154 0.7686884999275208
36000 19.73076923076923 19.73076923076923 121.57692307692308 0.35737179487179493 135.46153846153845 45.30769230769231 0.019230769230769232 45.28846153846154 0.8168402994051576
38000 19.73076923076923 19.73076923076923 121.57692307692308 0.35737179487179493 135.46153846153845 45.30769230769231 0.019230769230769232 45.28846153846154 0.688514600507915
40000 19.73076923076923 19.73076923076923 121.57692307692308 0.35737179487179493 135.46153846153845 45.30769230769231 0.019230769230769232 45.28846153846154 0.7383252000436187
42000 19.73076923076923 19.73076923076923 121.57692307692308 0.35737179487179493 135.46153846153845 45.30769230769231 0.019230769230769232 45.28846153846154 0.7678957004100084
44000 19.73076923076923 19.73076923076923 121.57692307692308 0.35737179487179493 135.46153846153845 45.30769230769231 0.019230769230769232 45.28846153846154 0.7426728997379541
46000 19.73076923076923 19.73076923076923 121.57692307692308 0.35737179487179493 135.46153846153845 45.30769230769231 0.019230769230769232 45.28846153846154 0.7336447993293405
48000 19.73076923076923 19.73076923076923 121.57692307692308 0.35737179487179493 135.46153846153845 45.30769230769231 0.019230769230769232 45.28846153846154 0.7383302003145218
50000 19.73076923076923 19.73076923076923 121.57692307692308 0.35737179487179493 135.46153846153845 45.30769230769231 0.019230769230769232 45.28846153846154 0.8009842000901699
52000 19.73076923076923 19.73076923076923 121.57692307692308 0.35737179487179493 135.46153846153845 45.30769230769231 0.019230769230769232 45.28846153846154 0.6913187997415662
54000 19.73076923076923 19.73076923076923 121.57692307692308 0.35737179487179493 135.46153846153845 45.30769230769231 0.019230769230769232 45.28846153846154 0.7041768003255129
56000 19.73076923076923 19.73076923076923 121.57692307692308 0.35737179487179493 135.46153846153845 45.30769230769231 0.019230769230769232 45.28846153846154 0.7413013000041246
58000 19.73076923076923 19.73076923076923 121.57692307692308 0.35737179487179493 135.46153846153845 45.30769230769231 0.019230769230769232 45.28846153846154 0.7398022999987006
60000 19.73076923076923 19.73076923076923 121.57692307692308 0.35737179487179493 135.46153846153845 45.30769230769231 0.019230769230769232 45.28846153846154 0.7925821002572775
62000 19.73076923076923 19.73076923076923 121.57692307692308 0.35737179487179493 135.46153846153845 45.30769230769231 0.019230769230769232 45.28846153846154 0.7455222001299262
64000 19.73076923076923 19.73076923076923 121.57692307692308 0.35737179487179493 135.46153846153845 45.30769230769231 0.019230769230769232 45.28846153846154 0.7217969000339508
66000 19.73076923076923 19.73076923076923 121.57692307692308 0.35737179487179493 135.46153846153845 45.30769230769231 0.019230769230769232 45.28846153846154 0.7834967002272606
68000 19.73076923076923 19.73076923076923 121.57692307692308 0.35737179487179493 135.46153846153845 45.30769230769231 0.019230769230769232 45.28846153846154 0.7433922998607159
70000 19.73076923076923 19.73076923076923 121.57692307692308 0.35737179487179493 135.46153846153845 45.30769230769231 0.019230769230769232 45.28846153846154 0.7303972998633981
72000 19.73076923076923 19.73076923076923 121.57692307692308 0.35737179487179493 135.46153846153845 45.30769230769231 0.019230769230769232 45.28846153846154 0.7940333001315594
74000 19.73076923076923 19.73076923076923 121.57692307692308 0.35737179487179493 135.46153846153845 45.30769230769231 0.019230769230769232 45.28846153846154 0.7026865007355809
76000 19.73076923076923 19.73076923076923 121.57692307692308 0.35737179487179493 135.46153846153845 45.30769230769231 0.019230769230769232 45.28846153846154 0.678057499229908
78000 19.73076923076923 19.73076923076923 121.57692307692308 0.35737179487179493 135.46153846153845 45.30769230769231 0.019230769230769232 45.28846153846154 0.7339940005913377
80000 21.442307692307693 21.442307692307693 121.53846153846153 0.3621794871794872 135.46153846153845 45.30769230769231 0.019230769230769232 45.28846153846154 0.7329807002097368
82000 21.442307692307693 21.442307692307693 121.53846153846153 0.3621794871794872 135.46153846153845 45.30769230769231 0.019230769230769232 45.28846153846154 0.7957424996420741
84000 21.442307692307693 21.442307692307693 121.53846153846153 0.3621794871794872 135.46153846153845 45.30769230769231 0.019230769230769232 45.28846153846154 0.7303528003394604
86000 21.442307692307693 21.442307692307693 121.53846153846153 0.3621794871794872 135.46153846153845 45.30769230769231 0.019230769230769232 45.28846153846154 0.7545628994703293
88000 21.442307692307693 21.442307692307693 121.53846153846153 0.3621794871794872 135.46153846153845 45.30769230769231 0.019230769230769232 45.28846153846154 0.7621298003941774
90000 21.442307692307693 21.442307692307693 121.53846153846153 0.3621794871794872 135.46153846153845 45.30769230769231 0.019230769230769232 45.28846153846154 0.7325390996411443
92000 21.442307692307693 21.442307692307693 121.53846153846153 0.3621794871794872 135.46153846153845 45.30769230769231 0.019230769230769232 45.28846153846154 0.7363171000033617
94000 21.442307692307693 21.442307692307693 121.53846153846153 0.3621794871794872 135.46153846153845 45.30769230769231 0.019230769230769232 45.28846153846154 0.7076984997838736
96000 21.442307692307693 21.442307692307693 121.53846153846153 0.3621794871794872 135.46153846153845 45.30769230769231 0.019230769230769232 45.28846153846154 0.7103508999571204
98000 21.442307692307693 21.442307692307693 121.53846153846153 0.3621794871794872 135.46153846153845 45.30769230769231 0.019230769230769232 45.28846153846154 0.7585565000772476
100000 21.442307692307693 21.442307692307693 121.53846153846153 0.3621794871794872 135.46153846153845 45.30769230769231 0.019230769230769232 45.28846153846154 0.7580490997061133
102000 18.0 17.46153846153846 121.86538461538461 0.35737179487179493 135.46153846153845 45.30769230769231 0.019230769230769232 45.28846153846154 0.7561087999492884
104000 18.0 17.46153846153846 121.86538461538461 0.35737179487179493 135.46153846153845 45.30769230769231 0.019230769230769232 45.28846153846154 0.9786962997168303
106000 18.0 17.46153846153846 121.86538461538461 0.35737179487179493 135.46153846153845 45.30769230769231 0.019230769230769232 45.28846153846154 0.7298181001096964
108000 18.0 17.46153846153846 121.86538461538461 0.35737179487179493 135.46153846153845 45.30769230769231 0.019230769230769232 45.28846153846154 0.7123342007398605
110000 18.0 17.46153846153846 121.86538461538461 0.35737179487179493 135.46153846153845 45.30769230769231 0.019230769230769232 45.28846153846154 0.7300735991448164
112000 18.0 17.46153846153846 121.86538461538461 0.35737179487179493 135.46153846153845 45.30769230769231 0.019230769230769232 45.28846153846154 0.7923519005998969
114000 17.78846153846154 17.25 122.07692307692308 0.3285256410256411 135.46153846153845 45.30769230769231 0.019230769230769232 45.28846153846154 0.727509199641645
116000 18.0 17.46153846153846 121.86538461538461 0.35737179487179493 135.46153846153845 45.30769230769231 0.019230769230769232 45.28846153846154 0.7641623001545668
118000 17.78846153846154 17.25 122.07692307692308 0.3285256410256411 135.46153846153845 45.30769230769231 0.019230769230769232 45.28846153846154 0.8039568001404405
120000 17.78846153846154 17.25 122.07692307692308 0.3285256410256411 135.46153846153845 45.30769230769231 0.019230769230769232 45.28846153846154 0.7048412999138236
122000 17.78846153846154 17.25 122.07692307692308 0.3285256410256411 135.46153846153845 45.30769230769231 0.019230769230769232 45.28846153846154 0.721913100220263
124000 17.78846153846154 17.25 122.07692307692308 0.3285256410256411 135.46153846153845 45.30769230769231 0.019230769230769232 45.28846153846154 0.786680500023067
126000 17.78846153846154 17.25 122.07692307692308 0.3285256410256411 135.46153846153845 45.30769230769231 0.019230769230769232 45.28846153846154 0.7549758004024625
128000 17.78846153846154 17.25 122.07692307692308 0.3285256410256411 135.46153846153845 45.30769230769231 0.019230769230769232 45.28846153846154 0.7608207007870078
130000 17.78846153846154 17.25 122.07692307692308 0.3285256410256411 135.46153846153845 45.30769230769231 0.019230769230769232 45.28846153846154 0.7229969995096326
132000 17.78846153846154 17.25 122.07692307692308 0.3285256410256411 135.46153846153845 45.30769230769231 0.019230769230769232 45.28846153846154 0.7152986004948616
134000 17.78846153846154 17.25 122.07692307692308 0.3285256410256411 135.46153846153845 45.30769230769231 0.019230769230769232 45.28846153846154 0.7355022002011538
136000 18.807692307692307 18.807692307692307 121.98076923076923 0.3285256410256411 135.46153846153845 45.30769230769231 0.019230769230769232 45.28846153846154 0.7869239002466202
138000 17.78846153846154 17.25 122.07692307692308 0.3285256410256411 135.46153846153845 45.30769230769231 0.019230769230769232 45.28846153846154 0.951681200414896
140000 18.807692307692307 18.807692307692307 121.98076923076923 0.3285256410256411 135.46153846153845 45.30769230769231 0.019230769230769232 45.28846153846154 0.8204114995896816
142000 18.807692307692307 18.807692307692307 121.98076923076923 0.3285256410256411 135.46153846153845 45.30769230769231 0.019230769230769232 45.28846153846154 0.763612499460578
144000 18.807692307692307 18.807692307692307 121.98076923076923 0.3285256410256411 135.46153846153845 45.30769230769231 0.019230769230769232 45.28846153846154 0.6869959998875856
146000 17.78846153846154 17.25 122.07692307692308 0.3285256410256411 135.46153846153845 45.30769230769231 0.019230769230769232 45.28846153846154 0.7773572001606226
148000 18.807692307692307 18.807692307692307 121.98076923076923 0.3285256410256411 135.46153846153845 45.30769230769231 0.019230769230769232 45.28846153846154 0.7161524994298816
150000 18.807692307692307 18.807692307692307 121.98076923076923 0.3285256410256411 135.46153846153845 45.30769230769231 0.019230769230769232 45.28846153846154 0.7105743996798992
152000 18.807692307692307 18.807692307692307 121.98076923076923 0.3285256410256411 135.46153846153845 45.30769230769231 0.019230769230769232 45.28846153846154 0.7398861004039645
154000 18.807692307692307 18.807692307692307 121.98076923076923 0.3285256410256411 135.46153846153845 45.30769230769231 0.019230769230769232 45.28846153846154 0.6824993994086981
156000 18.807692307692307 18.807692307692307 121.98076923076923 0.3285256410256411 135.46153846153845 45.30769230769231 0.019230769230769232 45.28846153846154 0.7497942997142673
158000 18.807692307692307 18.807692307692307 121.98076923076923 0.3285256410256411 135.46153846153845 45.30769230769231 0.019230769230769232 45.28846153846154 0.7274992996826768
160000 17.78846153846154 17.25 122.07692307692308 0.3285256410256411 135.46153846153845 45.30769230769231 0.019230769230769232 45.28846153846154 0.7695323992520571
162000 18.807692307692307 18.807692307692307 121.98076923076923 0.3285256410256411 135.46153846153845 45.30769230769231 0.019230769230769232 45.28846153846154 0.7308621006086469
164000 18.807692307692307 18.807692307692307 121.98076923076923 0.3285256410256411 135.46153846153845 45.30769230769231 0.019230769230769232 45.28846153846154 0.7700414005666971
166000 18.807692307692307 18.807692307692307 121.98076923076923 0.3285256410256411 135.46153846153845 45.30769230769231 0.019230769230769232 45.28846153846154 0.7066698996350169
168000 18.807692307692307 18.807692307692307 121.98076923076923 0.3285256410256411 135.46153846153845 45.30769230769231 0.019230769230769232 45.28846153846154 0.7447014003992081
170000 18.807692307692307 18.807692307692307 121.98076923076923 0.3285256410256411 135.46153846153845 45.30769230769231 0.019230769230769232 45.28846153846154 0.7401970000937581
172000 18.807692307692307 18.807692307692307 121.98076923076923 0.3285256410256411 135.46153846153845 45.30769230769231 0.019230769230769232 45.28846153846154 0.6863151006400585
174000 18.807692307692307 18.807692307692307 121.98076923076923 0.3285256410256411 135.46153846153845 45.30769230769231 0.019230769230769232 45.28846153846154 0.6966196000576019
176000 18.807692307692307 18.807692307692307 121.98076923076923 0.3285256410256411 135.46153846153845 45.30769230769231 0.019230769230769232 45.28846153846154 0.7927048997953534
178000 18.807692307692307 18.807692307692307 121.98076923076923 0.3285256410256411 135.46153846153845 45.30769230769231 0.019230769230769232 45.28846153846154 0.724652299657464
180000 18.807692307692307 18.807692307692307 121.98076923076923 0.3285256410256411 135.46153846153845 45.30769230769231 0.019230769230769232 45.28846153846154 0.8328905003145337
182000 18.807692307692307 18.807692307692307 121.98076923076923 0.3285256410256411 135.46153846153845 45.30769230769231 0.019230769230769232 45.28846153846154 0.7896467996761203
184000 18.807692307692307 18.807692307692307 121.98076923076923 0.3285256410256411 135.46153846153845 45.30769230769231 0.019230769230769232 45.28846153846154 0.7959301006048918
186000 18.807692307692307 18.807692307692307 121.98076923076923 0.3285256410256411 135.46153846153845 45.30769230769231 0.019230769230769232 45.28846153846154 0.8221055995672941
188000 18.807692307692307 18.807692307692307 121.98076923076923 0.3285256410256411 135.46153846153845 45.30769230769231 0.019230769230769232 45.28846153846154 0.7333894995972514
190000 18.807692307692307 18.807692307692307 121.98076923076923 0.3285256410256411 135.46153846153845 45.30769230769231 0.019230769230769232 45.28846153846154 0.714462099596858
192000 18.807692307692307 18.807692307692307 121.98076923076923 0.3285256410256411 135.46153846153845 45.30769230769231 0.019230769230769232 45.28846153846154 0.7174880998209119
194000 18.807692307692307 18.807692307692307 121.98076923076923 0.3285256410256411 135.46153846153845 45.30769230769231 0.019230769230769232 45.28846153846154 0.7663803994655609
196000 18.807692307692307 18.807692307692307 121.98076923076923 0.3285256410256411 135.46153846153845 45.30769230769231 0.019230769230769232 45.28846153846154 0.7471315003931522
198000 18.807692307692307 18.807692307692307 121.98076923076923 0.3285256410256411 135.46153846153845 45.30769230769231 0.019230769230769232 45.28846153846154 0.7293036999180913
200000 18.807692307692307 18.807692307692307 121.98076923076923 0.3285256410256411 135.46153846153845 45.30769230769231 0.019230769230769232 45.28846153846154 0.7280727997422218
202000 18.807692307692307 18.807692307692307 121.98076923076923 0.3285256410256411 135.46153846153845 45.30769230769231 0.019230769230769232 45.28846153846154 0.6980530004948378
204000 18.807692307692307 18.807692307692307 121.98076923076923 0.3285256410256411 135.46153846153845 45.30769230769231 0.019230769230769232 45.28846153846154 0.740599699318409
206000 18.807692307692307 18.807692307692307 121.98076923076923 0.3285256410256411 135.46153846153845 45.30769230769231 0.019230769230769232 45.28846153846154 0.7812454998493195
208000 18.807692307692307 18.807692307692307 121.98076923076923 0.3285256410256411 135.46153846153845 45.30769230769231 0.019230769230769232 45.28846153846154 0.7721136994659901
210000 18.807692307692307 18.807692307692307 121.98076923076923 0.3285256410256411 135.46153846153845 45.30769230769231 0.019230769230769232 45.28846153846154 0.7058532992377877
212000 18.807692307692307 18.807692307692307 121.98076923076923 0.3285256410256411 135.46153846153845 45.30769230769231 0.019230769230769232 45.28846153846154 0.7329526003450155
214000 18.807692307692307 18.807692307692307 121.98076923076923 0.3285256410256411 135.46153846153845 45.30769230769231 0.019230769230769232 45.28846153846154 0.8268438000231981
216000 18.807692307692307 18.807692307692307 121.98076923076923 0.3285256410256411 135.46153846153845 45.30769230769231 0.019230769230769232 45.28846153846154 0.6976187992841005
218000 18.807692307692307 18.807692307692307 121.98076923076923 0.3285256410256411 135.46153846153845 45.30769230769231 0.019230769230769232 45.28846153846154 0.762933999300003
220000 18.807692307692307 18.807692307692307 121.98076923076923 0.3285256410256411 135.46153846153845 45.30769230769231 0.019230769230769232 45.28846153846154 0.7369145005941391
222000 18.807692307692307 18.807692307692307 121.98076923076923 0.3285256410256411 135.46153846153845 45.30769230769231 0.019230769230769232 45.28846153846154 0.7558948993682861
224000 18.807692307692307 18.807692307692307 121.98076923076923 0.3285256410256411 135.46153846153845 45.30769230769231 0.019230769230769232 45.28846153846154 0.6764407996088266
226000 18.807692307692307 18.807692307692307 121.98076923076923 0.3285256410256411 135.46153846153845 45.30769230769231 0.019230769230769232 45.28846153846154 0.8349824994802475
228000 18.807692307692307 18.807692307692307 121.98076923076923 0.3285256410256411 135.46153846153845 45.30769230769231 0.019230769230769232 45.28846153846154 0.710661199875176
230000 18.807692307692307 18.807692307692307 121.98076923076923 0.3285256410256411 135.46153846153845 45.30769230769231 0.019230769230769232 45.28846153846154 0.7204753002151847
232000 18.807692307692307 18.807692307692307 121.98076923076923 0.3285256410256411 135.46153846153845 45.30769230769231 0.019230769230769232 45.28846153846154 0.7045863000676036
234000 18.807692307692307 18.807692307692307 121.98076923076923 0.3285256410256411 135.46153846153845 45.30769230769231 0.019230769230769232 45.28846153846154 0.8000125996768475
236000 18.807692307692307 18.807692307692307 121.98076923076923 0.3285256410256411 135.46153846153845 45.30769230769231 0.019230769230769232 45.28846153846154 0.7290938999503851
238000 18.807692307692307 18.807692307692307 121.98076923076923 0.3285256410256411 135.46153846153845 45.30769230769231 0.019230769230769232 45.28846153846154 0.7072502002120018
240000 18.807692307692307 18.807692307692307 121.98076923076923 0.3285256410256411 135.46153846153845 45.30769230769231 0.019230769230769232 45.28846153846154 0.6930082999169827
242000 18.807692307692307 18.807692307692307 121.98076923076923 0.3285256410256411 135.46153846153845 45.30769230769231 0.019230769230769232 45.28846153846154 0.7060786997899413
244000 18.807692307692307 18.807692307692307 121.98076923076923 0.3285256410256411 135.46153846153845 45.30769230769231 0.019230769230769232 45.28846153846154 0.7156661003828049
246000 28.53846153846154 28.53846153846154 122.63461538461539 0.33974358974358976 135.46153846153845 45.30769230769231 0.0 45.30769230769231 0.7133406000211835
248000 28.53846153846154 28.53846153846154 122.63461538461539 0.33974358974358976 135.46153846153845 45.30769230769231 0.0 45.30769230769231 0.753846799954772
250000 28.53846153846154 28.53846153846154 122.63461538461539 0.33974358974358976 135.46153846153845 45.30769230769231 0.0 45.30769230769231 0.7976327994838357
252000 28.53846153846154 28.53846153846154 122.63461538461539 0.33974358974358976 135.46153846153845 45.30769230769231 0.0 45.30769230769231 0.730804099701345
254000 28.53846153846154 28.53846153846154 122.63461538461539 0.33974358974358976 135.46153846153845 45.30769230769231 0.0 45.30769230769231 0.714360099285841
256000 28.53846153846154 28.53846153846154 122.63461538461539 0.33974358974358976 135.46153846153845 45.30769230769231 0.0 45.30769230769231 0.7115959003567696
258000 28.53846153846154 28.53846153846154 122.63461538461539 0.33974358974358976 135.46153846153845 45.30769230769231 0.0 45.30769230769231 0.8071684995666146
260000 28.53846153846154 28.53846153846154 122.63461538461539 0.33974358974358976 135.46153846153845 45.30769230769231 0.0 45.30769230769231 0.6629483001306653
262000 28.53846153846154 28.53846153846154 122.63461538461539 0.33974358974358976 135.46153846153845 45.30769230769231 0.0 45.30769230769231 0.6836254997178912
264000 28.53846153846154 28.53846153846154 122.63461538461539 0.33974358974358976 135.46153846153845 45.30769230769231 0.0 45.30769230769231 0.7193817999213934
266000 28.53846153846154 28.53846153846154 122.63461538461539 0.33974358974358976 135.46153846153845 45.30769230769231 0.0 45.30769230769231 0.7110267002135515
268000 28.53846153846154 28.53846153846154 122.63461538461539 0.33974358974358976 135.46153846153845 45.30769230769231 0.0 45.30769230769231 0.7174624996259809
270000 28.53846153846154 28.53846153846154 122.63461538461539 0.33974358974358976 135.46153846153845 45.30769230769231 0.0 45.30769230769231 0.8239695997908711
272000 28.53846153846154 28.53846153846154 122.63461538461539 0.33974358974358976 135.46153846153845 45.30769230769231 0.0 45.30769230769231 0.741860399954021
274000 28.53846153846154 28.53846153846154 122.63461538461539 0.33974358974358976 135.46153846153845 45.30769230769231 0.0 45.30769230769231 0.6882480001077056
276000 28.53846153846154 28.53846153846154 122.63461538461539 0.33974358974358976 135.46153846153845 45.30769230769231 0.0 45.30769230769231 0.7090724995359778
278000 28.53846153846154 28.53846153846154 122.63461538461539 0.33974358974358976 135.46153846153845 45.30769230769231 0.0 45.30769230769231 0.7232130998745561
280000 28.53846153846154 28.53846153846154 122.63461538461539 0.33974358974358976 135.46153846153845 45.30769230769231 0.0 45.30769230769231 0.7070840997621417
282000 28.53846153846154 28.53846153846154 122.63461538461539 0.33974358974358976 135.46153846153845 45.30769230769231 0.0 45.30769230769231 0.7141867000609636
284000 28.53846153846154 28.53846153846154 122.63461538461539 0.33974358974358976 135.46153846153845 45.30769230769231 0.0 45.30769230769231 0.7180036995559931
286000 28.53846153846154 28.53846153846154 122.63461538461539 0.33974358974358976 135.46153846153845 45.30769230769231 0.0 45.30769230769231 0.8211131999269128
288000 28.53846153846154 28.53846153846154 122.63461538461539 0.33974358974358976 135.46153846153845 45.30769230769231 0.0 45.30769230769231 0.6771334996446967
290000 28.53846153846154 28.53846153846154 122.63461538461539 0.33974358974358976 135.46153846153845 45.30769230769231 0.0 45.30769230769231 0.7378078000620008
292000 28.53846153846154 28.53846153846154 122.63461538461539 0.33974358974358976 135.46153846153845 45.30769230769231 0.0 45.30769230769231 0.7252279007807374
294000 28.53846153846154 28.53846153846154 122.63461538461539 0.33974358974358976 135.46153846153845 45.30769230769231 0.0 45.30769230769231 0.7357414001598954
296000 28.53846153846154 28.53846153846154 122.63461538461539 0.33974358974358976 135.46153846153845 45.30769230769231 0.0 45.30769230769231 0.7837416995316744
298000 28.53846153846154 28.53846153846154 122.63461538461539 0.33974358974358976 135.46153846153845 45.30769230769231 0.0 45.30769230769231 0.6605450995266438
300000 28.53846153846154 28.53846153846154 122.63461538461539 0.33974358974358976 135.46153846153845 45.30769230769231 0.0 45.30769230769231 0.7713686004281044
302000 28.53846153846154 28.53846153846154 122.63461538461539 0.33974358974358976 135.46153846153845 45.30769230769231 0.0 45.30769230769231 0.8045117007568479
304000 28.53846153846154 28.53846153846154 122.63461538461539 0.33974358974358976 135.46153846153845 45.30769230769231 0.0 45.30769230769231 0.8017493998631835
306000 28.53846153846154 28.53846153846154 122.63461538461539 0.33974358974358976 135.46153846153845 45.30769230769231 0.0 45.30769230769231 0.692565300501883
308000 28.53846153846154 28.53846153846154 122.63461538461539 0.33974358974358976 135.46153846153845 45.30769230769231 0.0 45.30769230769231 0.7624554000794888
310000 28.53846153846154 28.53846153846154 122.63461538461539 0.33974358974358976 135.46153846153845 45.30769230769231 0.0 45.30769230769231 0.7518362002447248
312000 28.53846153846154 28.53846153846154 122.63461538461539 0.33974358974358976 135.46153846153845 45.30769230769231 0.0 45.30769230769231 0.7841002000495791
314000 28.53846153846154 28.53846153846154 122.63461538461539 0.33974358974358976 135.46153846153845 45.30769230769231 0.0 45.30769230769231 0.7080032993108034
316000 28.53846153846154 28.53846153846154 122.63461538461539 0.33974358974358976 135.46153846153845 45.30769230769231 0.0 45.30769230769231 0.7004649993032217
318000 28.53846153846154 28.53846153846154 122.63461538461539 0.33974358974358976 135.46153846153845 45.30769230769231 0.0 45.30769230769231 0.7667562002316117
320000 28.53846153846154 28.53846153846154 122.63461538461539 0.33974358974358976 135.46153846153845 45.30769230769231 0.0 45.30769230769231 0.7353540994226933
322000 28.53846153846154 28.53846153846154 122.63461538461539 0.33974358974358976 135.46153846153845 45.30769230769231 0.0 45.30769230769231 0.754028900526464
324000 28.53846153846154 28.53846153846154 122.63461538461539 0.33974358974358976 135.46153846153845 45.30769230769231 0.0 45.30769230769231 0.7182472003623843
326000 28.53846153846154 28.53846153846154 122.63461538461539 0.33974358974358976 135.46153846153845 45.30769230769231 0.0 45.30769230769231 0.7622975995764136
328000 28.53846153846154 28.53846153846154 122.63461538461539 0.33974358974358976 135.46153846153845 45.30769230769231 0.0 45.30769230769231 0.6729418002068996
330000 28.53846153846154 28.53846153846154 122.63461538461539 0.33974358974358976 135.46153846153845 45.30769230769231 0.0 45.30769230769231 0.7272183001041412
332000 28.53846153846154 28.53846153846154 122.63461538461539 0.33974358974358976 135.46153846153845 45.30769230769231 0.0 45.30769230769231 0.7334382003173232
334000 28.53846153846154 28.53846153846154 122.63461538461539 0.33974358974358976 135.46153846153845 45.30769230769231 0.0 45.30769230769231 0.718465500511229
336000 28.53846153846154 28.53846153846154 122.63461538461539 0.33974358974358976 135.46153846153845 45.30769230769231 0.0 45.30769230769231 0.6717445002868772
338000 28.53846153846154 28.53846153846154 122.63461538461539 0.33974358974358976 135.46153846153845 45.30769230769231 0.0 45.30769230769231 0.7140730991959572
340000 28.53846153846154 28.53846153846154 122.63461538461539 0.33974358974358976 135.46153846153845 45.30769230769231 0.0 45.30769230769231 0.771581300534308
342000 28.53846153846154 28.53846153846154 122.63461538461539 0.33974358974358976 135.46153846153845 45.30769230769231 0.0 45.30769230769231 0.8150174003094435
344000 28.53846153846154 28.53846153846154 122.63461538461539 0.33974358974358976 135.46153846153845 45.30769230769231 0.0 45.30769230769231 0.8117233002558351
346000 28.53846153846154 28.53846153846154 122.63461538461539 0.33974358974358976 135.46153846153845 45.30769230769231 0.0 45.30769230769231 0.6713116001337767
348000 28.53846153846154 28.53846153846154 122.63461538461539 0.33974358974358976 135.46153846153845 45.30769230769231 0.0 45.30769230769231 0.6985984006896615
350000 28.53846153846154 28.53846153846154 122.63461538461539 0.33974358974358976 135.46153846153845 45.30769230769231 0.0 45.30769230769231 0.7342215999960899
352000 28.53846153846154 28.53846153846154 122.63461538461539 0.33974358974358976 135.46153846153845 45.30769230769231 0.0 45.30769230769231 0.7436921996995807
354000 28.53846153846154 28.53846153846154 122.63461538461539 0.33974358974358976 135.46153846153845 45.30769230769231 0.0 45.30769230769231 0.7098151994869113
356000 28.53846153846154 28.53846153846154 122.63461538461539 0.33974358974358976 135.46153846153845 45.30769230769231 0.0 45.30769230769231 0.7497716005891562
358000 28.53846153846154 28.53846153846154 122.63461538461539 0.33974358974358976 135.46153846153845 45.30769230769231 0.0 45.30769230769231 0.7561504002660513
360000 28.53846153846154 28.53846153846154 122.63461538461539 0.33974358974358976 135.46153846153845 45.30769230769231 0.0 45.30769230769231 0.7208215007558465
362000 28.53846153846154 28.53846153846154 122.63461538461539 0.33974358974358976 135.46153846153845 45.30769230769231 0.0 45.30769230769231 0.703104100190103
364000 28.53846153846154 28.53846153846154 122.63461538461539 0.33974358974358976 135.46153846153845 45.30769230769231 0.0 45.30769230769231 0.7308136001229286
366000 28.53846153846154 28.53846153846154 122.63461538461539 0.33974358974358976 135.46153846153845 45.30769230769231 0.0 45.30769230769231 0.6783771002665162
368000 28.53846153846154 28.53846153846154 122.63461538461539 0.33974358974358976 135.46153846153845 45.30769230769231 0.0 45.30769230769231 0.7018643002957106
370000 28.53846153846154 28.53846153846154 122.63461538461539 0.33974358974358976 135.46153846153845 45.30769230769231 0.0 45.30769230769231 0.7063847007229924
372000 28.53846153846154 28.53846153846154 122.63461538461539 0.33974358974358976 135.46153846153845 45.30769230769231 0.0 45.30769230769231 0.7042955001816154
374000 28.53846153846154 28.53846153846154 122.63461538461539 0.33974358974358976 135.46153846153845 45.30769230769231 0.0 45.30769230769231 0.7685850001871586
376000 28.53846153846154 28.53846153846154 122.63461538461539 0.33974358974358976 135.46153846153845 45.30769230769231 0.0 45.30769230769231 0.7169817993417382
378000 28.53846153846154 28.53846153846154 122.63461538461539 0.33974358974358976 135.46153846153845 45.30769230769231 0.0 45.30769230769231 0.6624012002721429
380000 28.53846153846154 28.53846153846154 122.63461538461539 0.33974358974358976 135.46153846153845 45.30769230769231 0.0 45.30769230769231 0.7024866007268429
382000 28.53846153846154 28.53846153846154 122.63461538461539 0.33974358974358976 135.46153846153845 45.30769230769231 0.0 45.30769230769231 0.7678177002817392
384000 28.53846153846154 28.53846153846154 122.63461538461539 0.33974358974358976 135.46153846153845 45.30769230769231 0.0 45.30769230769231 0.7557820994406939
386000 28.53846153846154 28.53846153846154 122.63461538461539 0.33974358974358976 135.46153846153845 45.30769230769231 0.0 45.30769230769231 0.7541464995592833
388000 28.53846153846154 28.53846153846154 122.63461538461539 0.33974358974358976 135.46153846153845 45.30769230769231 0.0 45.30769230769231 0.7426273003220558
390000 28.53846153846154 28.53846153846154 122.63461538461539 0.33974358974358976 135.46153846153845 45.30769230769231 0.0 45.30769230769231 0.7460014000535011
392000 28.53846153846154 28.53846153846154 122.63461538461539 0.33974358974358976 135.46153846153845 45.30769230769231 0.0 45.30769230769231 0.7224449999630451
394000 28.53846153846154 28.53846153846154 122.63461538461539 0.33974358974358976 135.46153846153845 45.30769230769231 0.0 45.30769230769231 0.7657794002443552
396000 28.53846153846154 28.53846153846154 122.63461538461539 0.33974358974358976 135.46153846153845 45.30769230769231 0.0 45.30769230769231 0.7276104995980859
398000 28.53846153846154 28.53846153846154 122.63461538461539 0.33974358974358976 135.46153846153845 45.30769230769231 0.0 45.30769230769231 0.6918232999742031
400000 28.53846153846154 28.53846153846154 122.63461538461539 0.33974358974358976 135.46153846153845 45.30769230769231 0.0 45.30769230769231 0.7080667996779084
402000 28.53846153846154 28.53846153846154 122.63461538461539 0.33974358974358976 135.46153846153845 45.30769230769231 0.0 45.30769230769231 0.711086000315845
404000 28.53846153846154 28.53846153846154 122.63461538461539 0.33974358974358976 135.46153846153845 45.30769230769231 0.0 45.30769230769231 0.7546835001558065
406000 28.53846153846154 28.53846153846154 122.63461538461539 0.33974358974358976 135.46153846153845 45.30769230769231 0.0 45.30769230769231 0.8670549998059869
408000 28.53846153846154 28.53846153846154 122.63461538461539 0.33974358974358976 135.46153846153845 45.30769230769231 0.0 45.30769230769231 0.7438853997737169
410000 28.53846153846154 28.53846153846154 122.63461538461539 0.33974358974358976 135.46153846153845 45.30769230769231 0.0 45.30769230769231 0.788722800090909
412000 28.53846153846154 28.53846153846154 122.63461538461539 0.33974358974358976 135.46153846153845 45.30769230769231 0.0 45.30769230769231 0.6964498003944755
414000 28.53846153846154 28.53846153846154 122.63461538461539 0.33974358974358976 135.46153846153845 45.30769230769231 0.0 45.30769230769231 0.729424400255084
416000 28.53846153846154 28.53846153846154 122.63461538461539 0.33974358974358976 135.46153846153845 45.30769230769231 0.0 45.30769230769231 0.7114956006407738
418000 28.53846153846154 28.53846153846154 122.63461538461539 0.33974358974358976 135.46153846153845 45.30769230769231 0.0 45.30769230769231 0.6798694003373384
420000 28.53846153846154 28.53846153846154 122.63461538461539 0.33974358974358976 135.46153846153845 45.30769230769231 0.0 45.30769230769231 0.7029472002759576
422000 28.53846153846154 28.53846153846154 122.63461538461539 0.33974358974358976 135.46153846153845 45.30769230769231 0.0 45.30769230769231 0.7079780995845795
424000 28.53846153846154 28.53846153846154 122.63461538461539 0.33974358974358976 135.46153846153845 45.30769230769231 0.0 45.30769230769231 0.6823575003072619
426000 28.53846153846154 28.53846153846154 122.63461538461539 0.33974358974358976 135.46153846153845 45.30769230769231 0.0 45.30769230769231 0.6681888997554779
428000 28.53846153846154 28.53846153846154 122.63461538461539 0.33974358974358976 135.46153846153845 45.30769230769231 0.0 45.30769230769231 0.7241239994764328
430000 28.53846153846154 28.53846153846154 122.63461538461539 0.33974358974358976 135.46153846153845 45.30769230769231 0.0 45.30769230769231 0.8121628994122148
432000 28.53846153846154 28.53846153846154 122.63461538461539 0.33974358974358976 135.46153846153845 45.30769230769231 0.0 45.30769230769231 0.7629928002133965
434000 28.53846153846154 28.53846153846154 122.63461538461539 0.33974358974358976 135.46153846153845 45.30769230769231 0.0 45.30769230769231 0.6888036001473665
436000 28.53846153846154 28.53846153846154 122.63461538461539 0.33974358974358976 135.46153846153845 45.30769230769231 0.0 45.30769230769231 0.7983857998624444
438000 28.53846153846154 28.53846153846154 122.63461538461539 0.33974358974358976 135.46153846153845 45.30769230769231 0.0 45.30769230769231 0.7752601001411676
440000 28.53846153846154 28.53846153846154 122.63461538461539 0.33974358974358976 135.46153846153845 45.30769230769231 0.0 45.30769230769231 0.6980542000383139
442000 28.53846153846154 28.53846153846154 122.63461538461539 0.33974358974358976 135.46153846153845 45.30769230769231 0.0 45.30769230769231 0.7104537999257445
444000 28.53846153846154 28.53846153846154 122.63461538461539 0.33974358974358976 135.46153846153845 45.30769230769231 0.0 45.30769230769231 0.7245549997314811
446000 28.53846153846154 28.53846153846154 122.63461538461539 0.33974358974358976 135.46153846153845 45.30769230769231 0.0 45.30769230769231 0.781275799497962
448000 28.53846153846154 28.53846153846154 122.63461538461539 0.33974358974358976 135.46153846153845 45.30769230769231 0.0 45.30769230769231 0.7947603994980454
450000 28.53846153846154 28.53846153846154 122.63461538461539 0.33974358974358976 135.46153846153845 45.30769230769231 0.0 45.30769230769231 0.6707646995782852
452000 28.53846153846154 28.53846153846154 122.63461538461539 0.33974358974358976 135.46153846153845 45.30769230769231 0.0 45.30769230769231 0.7489457000046968
454000 28.53846153846154 28.53846153846154 122.63461538461539 0.33974358974358976 135.46153846153845 45.30769230769231 0.0 45.30769230769231 0.7604459999129176
456000 28.53846153846154 28.53846153846154 122.63461538461539 0.33974358974358976 135.46153846153845 45.30769230769231 0.0 45.30769230769231 0.7700698003172874
458000 28.53846153846154 28.53846153846154 122.63461538461539 0.33974358974358976 135.46153846153845 45.30769230769231 0.0 45.30769230769231 0.6896028993651271
460000 28.53846153846154 28.53846153846154 122.63461538461539 0.33974358974358976 135.46153846153845 45.30769230769231 0.0 45.30769230769231 0.7767845997586846
462000 28.53846153846154 28.53846153846154 122.63461538461539 0.33974358974358976 135.46153846153845 45.30769230769231 0.0 45.30769230769231 0.7161484993994236
464000 28.53846153846154 28.53846153846154 122.63461538461539 0.33974358974358976 135.46153846153845 45.30769230769231 0.0 45.30769230769231 0.7875237995758653
466000 28.53846153846154 28.53846153846154 122.63461538461539 0.33974358974358976 135.46153846153845 45.30769230769231 0.0 45.30769230769231 0.7326910998672247
468000 28.53846153846154 28.53846153846154 122.63461538461539 0.33974358974358976 135.46153846153845 45.30769230769231 0.0 45.30769230769231 0.7674150001257658
470000 28.53846153846154 28.53846153846154 122.63461538461539 0.33974358974358976 135.46153846153845 45.30769230769231 0.0 45.30769230769231 0.7604135004803538
472000 28.53846153846154 28.53846153846154 122.63461538461539 0.33974358974358976 135.46153846153845 45.30769230769231 0.0 45.30769230769231 0.7096103001385927
474000 28.53846153846154 28.53846153846154 122.63461538461539 0.33974358974358976 135.46153846153845 45.30769230769231 0.0 45.30769230769231 0.7415002007037401
476000 28.53846153846154 28.53846153846154 122.63461538461539 0.33974358974358976 135.46153846153845 45.30769230769231 0.0 45.30769230769231 0.7017906997352839
478000 28.53846153846154 28.53846153846154 122.63461538461539 0.33974358974358976 135.46153846153845 45.30769230769231 0.0 45.30769230769231 0.7488182000815868
480000 28.53846153846154 28.53846153846154 122.63461538461539 0.33974358974358976 135.46153846153845 45.30769230769231 0.0 45.30769230769231 0.8623764999210835
482000 28.53846153846154 28.53846153846154 122.63461538461539 0.33974358974358976 135.46153846153845 45.30769230769231 0.0 45.30769230769231 0.7677006991580129
484000 28.53846153846154 28.53846153846154 122.63461538461539 0.33974358974358976 135.46153846153845 45.30769230769231 0.0 45.30769230769231 0.7543109999969602
486000 28.53846153846154 28.53846153846154 122.63461538461539 0.33974358974358976 135.46153846153845 45.30769230769231 0.0 45.30769230769231 0.7747740000486374
488000 28.53846153846154 28.53846153846154 122.63461538461539 0.33974358974358976 135.46153846153845 45.30769230769231 0.0 45.30769230769231 0.7517934003844857
490000 28.53846153846154 28.53846153846154 122.63461538461539 0.33974358974358976 135.46153846153845 45.30769230769231 0.0 45.30769230769231 0.8644717996940017
492000 28.53846153846154 28.53846153846154 122.63461538461539 0.33974358974358976 135.46153846153845 45.30769230769231 0.0 45.30769230769231 0.7755431002005935
494000 28.53846153846154 28.53846153846154 122.63461538461539 0.33974358974358976 135.46153846153845 45.30769230769231 0.0 45.30769230769231 0.8430977994576097
496000 28.53846153846154 28.53846153846154 122.63461538461539 0.33974358974358976 135.46153846153845 45.30769230769231 0.0 45.30769230769231 0.7141752000898123
498000 28.53846153846154 28.53846153846154 122.63461538461539 0.33974358974358976 135.46153846153845 45.30769230769231 0.0 45.30769230769231 0.7703438000753522
500000 28.53846153846154 28.53846153846154 122.63461538461539 0.33974358974358976 135.46153846153845 45.30769230769231 0.0 45.30769230769231 0.7356222001835704
