2000 1.5 1.5 111.28846153846153 0.12179487179487179 135.8653846153846 45.28846153846154 1.1153846153846154 44.17307692307692 0.3736698003485799
4000 2.326923076923077 2.326923076923077 114.32692307692308 0.08493589743589743 135.8653846153846 45.28846153846154 1.1153846153846154 44.17307692307692 0.40571599919348955
6000 0.8461538461538461 0.8461538461538461 117.01923076923077 0.03846153846153846 135.8653846153846 45.28846153846154 1.1153846153846154 44.17307692307692 0.4558872999623418
8000 2.269230769230769 2.269230769230769 114.25 0.038461538461538464 135.8653846153846 45.28846153846154 1.1153846153846154 44.17307692307692 0.474142299965024
10000 7.8076923076923075 7.8076923076923075 105.73076923076923 0.17147435897435898 135.8653846153846 45.28846153846154 1.1153846153846154 44.17307692307692 0.5269117997959256
12000 9.634615384615385 9.634615384615385 103.21153846153847 0.18429487179487178 135.8653846153846 45.28846153846154 1.1153846153846154 44.17307692307692 0.5286878999322653
14000 12.98076923076923 12.98076923076923 99.0576923076923 0.30128205128205127 135.8653846153846 45.28846153846154 1.1153846153846154 44.17307692307692 0.6003988003358245
16000 29.53846153846154 29.53846153846154 83.6923076923077 0.4487179487179488 135.8653846153846 45.28846153846154 1.1153846153846154 44.17307692307692 0.635364300571382
18000 29.53846153846154 29.53846153846154 83.6923076923077 0.4487179487179488 135.8653846153846 45.28846153846154 1.1153846153846154 44.17307692307692 0.6543800001963973
20000 29.53846153846154 29.53846153846154 83.6923076923077 0.4487179487179488 135.8653846153846 45.28846153846154 1.1153846153846154 44.17307692307692 0.6806046003475785
22000 29.53846153846154 29.53846153846154 83.6923076923077 0.4487179487179488 135.8653846153846 45.28846153846154 1.1153846153846154 44.17307692307692 0.638488800264895
24000 29.53846153846154 29.53846153846154 83.6923076923077 0.4487179487179488 135.8653846153846 45.28846153846154 1.1153846153846154 44.17307692307692 0.6264014998450875
26000 29.53846153846154 29.53846153846154 83.6923076923077 0.4487179487179488 135.8653846153846 45.28846153846154 1.1153846153846154 44.17307692307692 0.6694604000076652
28000 29.53846153846154 29.53846153846154 83.6923076923077 0.4487179487179488 135.8653846153846 45.28846153846154 1.1153846153846154 44.17307692307692 0.7576184002682567
30000 29.53846153846154 29.53846153846154 83.6923076923077 0.4487179487179488 135.8653846153846 45.28846153846154 1.1153846153846154 44.17307692307692 0.7399629997089505
32000 29.53846153846154 29.53846153846154 83.6923076923077 0.4487179487179488 135.8653846153846 45.28846153846154 1.1153846153846154 44.17307692307692 0.8048409000039101
34000 29.53846153846154 29.53846153846154 83.6923076923077 0.4487179487179488 135.8653846153846 45.28846153846154 1.1153846153846154 44.17307692307692 0.7408061996102333
36000 29.53846153846154 29.53846153846154 83.6923076923077 0.4487179487179488 135.8653846153846 45.28846153846154 1.1153846153846154 44.17307692307692 0.7842693999409676
38000 29.53846153846154 29.53846153846154 83.6923076923077 0.4487179487179488 135.8653846153846 45.28846153846154 1.1153846153846154 44.17307692307692 0.8335356004536152
40000 29.53846153846154 29.53846153846154 83.6923076923077 0.4487179487179488 135.8653846153846 45.28846153846154 1.1153846153846154 44.17307692307692 0.7923406008630991
42000 29.53846153846154 29.53846153846154 83.6923076923077 0.4487179487179488 135.8653846153846 45.28846153846154 1.1153846153846154 44.17307692307692 0.7764643002301455
44000 29.53846153846154 29.53846153846154 83.6923076923077 0.4487179487179488 135.8653846153846 45.28846153846154 1.1153846153846154 44.17307692307692 0.7244549999013543
46000 29.53846153846154 29.53846153846154 83.6923076923077 0.4487179487179488 135.8653846153846 45.28846153846154 1.1153846153846154 44.17307692307692 0.7093295007944107
48000 29.53846153846154 29.53846153846154 83.6923076923077 0.4487179487179488 135.8653846153846 45.28846153846154 1.1153846153846154 44.17307692307692 0.7297691004350781
50000 29.53846153846154 29.53846153846154 83.6923076923077 0.4487179487179488 135.8653846153846 45.28846153846154 1.1153846153846154 44.17307692307692 0.7105729002505541
52000 29.53846153846154 29.53846153846154 83.6923076923077 0.4487179487179488 135.8653846153846 45.28846153846154 1.1153846153846154 44.17307692307692 0.8165183002129197
54000 29.53846153846154 29.53846153846154 83.6923076923077 0.4487179487179488 135.8653846153846 45.28846153846154 1.1153846153846154 44.17307692307692 0.6808826997876167
56000 29.53846153846154 29.53846153846154 83.6923076923077 0.4487179487179488 135.8653846153846 45.28846153846154 1.1153846153846154 44.17307692307692 0.7917798003181815
58000 29.53846153846154 29.53846153846154 83.6923076923077 0.4487179487179488 135.8653846153846 45.28846153846154 1.1153846153846154 44.17307692307692 0.8012638008221984
60000 29.53846153846154 29.53846153846154 83.6923076923077 0.4487179487179488 135.8653846153846 45.28846153846154 1.1153846153846154 44.17307692307692 0.6968489997088909
62000 29.53846153846154 29.53846153846154 83.6923076923077 0.4487179487179488 135.8653846153846 45.28846153846154 1.1153846153846154 44.17307692307692 0.7997092995792627
64000 29.53846153846154 29.53846153846154 83.6923076923077 0.4487179487179488 135.8653846153846 45.28846153846154 1.1153846153846154 44.17307692307692 0.8110213996842504
66000 29.53846153846154 29.53846153846154 83.6923076923077 0.4487179487179488 135.8653846153846 45.28846153846154 1.1153846153846154 44.17307692307692 0.7515337001532316
68000 29.53846153846154 29.53846153846154 83.6923076923077 0.4487179487179488 135.8653846153846 45.28846153846154 1.1153846153846154 44.17307692307692 0.9213284999132156
70000 29.53846153846154 29.53846153846154 83.6923076923077 0.4487179487179488 135.8653846153846 45.28846153846154 1.1153846153846154 44.17307692307692 0.7456253999844193
72000 29.53846153846154 29.53846153846154 83.6923076923077 0.4487179487179488 135.8653846153846 45.28846153846154 1.1153846153846154 44.17307692307692 0.7344593992456794
74000 29.53846153846154 29.53846153846154 83.6923076923077 0.4487179487179488 135.8653846153846 45.28846153846154 1.1153846153846154 44.17307692307692 0.7573274001479149
76000 29.53846153846154 29.53846153846154 83.6923076923077 0.4487179487179488 135.8653846153846 45.28846153846154 1.1153846153846154 44.17307692307692 0.7437597997486591
78000 29.53846153846154 29.53846153846154 83.6923076923077 0.4487179487179488 135.8653846153846 45.28846153846154 1.1153846153846154 44.17307692307692 0.8061754992231727
80000 29.53846153846154 29.53846153846154 83.6923076923077 0.4487179487179488 135.8653846153846 45.28846153846154 1.1153846153846154 44.17307692307692 0.7827722998335958
82000 29.53846153846154 29.53846153846154 83.6923076923077 0.4487179487179488 135.8653846153846 45.28846153846154 1.1153846153846154 44.17307692307692 0.76808359939605
84000 29.53846153846154 29.53846153846154 83.6923076923077 0.4487179487179488 135.8653846153846 45.28846153846154 1.1153846153846154 44.17307692307692 0.7417455995455384
86000 29.53846153846154 29.53846153846154 83.6923076923077 0.4487179487179488 135.8653846153846 45.28846153846154 1.1153846153846154 44.17307692307692 0.7216089991852641
88000 29.53846153846154 29.53846153846154 83.6923076923077 0.4487179487179488 135.8653846153846 45.28846153846154 1.1153846153846154 44.17307692307692 0.7514209002256393
90000 29.53846153846154 29.53846153846154 83.6923076923077 0.4487179487179488 135.8653846153846 45.28846153846154 1.1153846153846154 44.17307692307692 0.8701044004410505
92000 29.53846153846154 29.53846153846154 83.6923076923077 0.4487179487179488 135.8653846153846 45.28846153846154 1.1153846153846154 44.17307692307692 0.7007573004812002
94000 29.53846153846154 29.53846153846154 83.6923076923077 0.4487179487179488 135.8653846153846 45.28846153846154 1.1153846153846154 44.17307692307692 0.6944401999935508
96000 29.53846153846154 29.53846153846154 83.6923076923077 0.4487179487179488 135.8653846153846 45.28846153846154 1.1153846153846154 44.17307692307692 0.9089425997808576
98000 29.53846153846154 29.53846153846154 83.6923076923077 0.4487179487179488 135.8653846153846 45.28846153846154 1.1153846153846154 44.17307692307692 0.7882115999236703
100000 29.53846153846154 29.53846153846154 83.6923076923077 0.4487179487179488 135.8653846153846 45.28846153846154 1.1153846153846154 44.17307692307692 0.7806711997836828
102000 29.53846153846154 29.53846153846154 83.6923076923077 0.4487179487179488 135.8653846153846 45.28846153846154 1.1153846153846154 44.17307692307692 0.6908620009198785
104000 29.53846153846154 29.53846153846154 83.6923076923077 0.4487179487179488 135.8653846153846 45.28846153846154 1.1153846153846154 44.17307692307692 0.7766722002997994
106000 29.53846153846154 29.53846153846154 83.6923076923077 0.4487179487179488 135.8653846153846 45.28846153846154 1.1153846153846154 44.17307692307692 0.7149475999176502
108000 29.53846153846154 29.53846153846154 83.6923076923077 0.4487179487179488 135.8653846153846 45.28846153846154 1.1153846153846154 44.17307692307692 0.7155008995905519
110000 29.53846153846154 29.53846153846154 83.6923076923077 0.4487179487179488 135.8653846153846 45.28846153846154 1.1153846153846154 44.17307692307692 0.7743917005136609
112000 29.53846153846154 29.53846153846154 83.6923076923077 0.4487179487179488 135.8653846153846 45.28846153846154 1.1153846153846154 44.17307692307692 0.7279648995026946
114000 29.53846153846154 29.53846153846154 83.6923076923077 0.4487179487179488 135.8653846153846 45.28846153846154 1.1153846153846154 44.17307692307692 0.7437736000865698
116000 29.53846153846154 29.53846153846154 83.6923076923077 0.4487179487179488 135.8653846153846 45.28846153846154 1.1153846153846154 44.17307692307692 0.8610573001205921
118000 29.53846153846154 29.53846153846154 83.6923076923077 0.4487179487179488 135.8653846153846 45.28846153846154 1.1153846153846154 44.17307692307692 0.7433639001101255
120000 29.53846153846154 29.53846153846154 83.6923076923077 0.4487179487179488 135.8653846153846 45.28846153846154 1.1153846153846154 44.17307692307692 0.8211610997095704
122000 29.53846153846154 29.53846153846154 83.6923076923077 0.4487179487179488 135.8653846153846 45.28846153846154 1.1153846153846154 44.17307692307692 0.7634161999449134
124000 29.53846153846154 29.53846153846154 83.6923076923077 0.4487179487179488 135.8653846153846 45.28846153846154 1.1153846153846154 44.17307692307692 0.749236200004816
126000 29.53846153846154 29.53846153846154 83.6923076923077 0.4487179487179488 135.8653846153846 45.28846153846154 1.1153846153846154 44.17307692307692 0.7744725998491049
128000 29.53846153846154 29.53846153846154 83.6923076923077 0.4487179487179488 135.8653846153846 45.28846153846154 1.1153846153846154 44.17307692307692 0.7114701997488737
130000 29.53846153846154 29.53846153846154 83.6923076923077 0.4487179487179488 135.8653846153846 45.28846153846154 1.1153846153846154 44.17307692307692 0.7402987005189061
132000 29.53846153846154 29.53846153846154 83.6923076923077 0.4487179487179488 135.8653846153846 45.28846153846154 1.1153846153846154 44.17307692307692 0.742837100289762
134000 29.53846153846154 29.53846153846154 83.6923076923077 0.4487179487179488 135.8653846153846 45.28846153846154 1.1153846153846154 44.17307692307692 0.7503347005695105
136000 29.53846153846154 29.53846153846154 83.6923076923077 0.4487179487179488 135.8653846153846 45.28846153846154 1.1153846153846154 44.17307692307692 0.8018038999289274
138000 29.53846153846154 29.53846153846154 83.6923076923077 0.4487179487179488 135.8653846153846 45.28846153846154 1.1153846153846154 44.17307692307692 0.7063528001308441
140000 29.53846153846154 29.53846153846154 83.6923076923077 0.4487179487179488 135.8653846153846 45.28846153846154 1.1153846153846154 44.17307692307692 0.7589523000642657
142000 29.53846153846154 29.53846153846154 83.6923076923077 0.4487179487179488 135.8653846153846 45.28846153846154 1.1153846153846154 44.17307692307692 0.7922430001199245
144000 29.53846153846154 29.53846153846154 83.6923076923077 0.4487179487179488 135.8653846153846 45.28846153846154 1.1153846153846154 44.17307692307692 0.7648651003837585
146000 29.53846153846154 29.53846153846154 83.6923076923077 0.4487179487179488 135.8653846153846 45.28846153846154 1.1153846153846154 44.17307692307692 0.7574525000527501
148000 29.53846153846154 29.53846153846154 83.6923076923077 0.4487179487179488 135.8653846153846 45.28846153846154 1.1153846153846154 44.17307692307692 0.6990112997591496
150000 29.53846153846154 29.53846153846154 83.6923076923077 0.4487179487179488 135.8653846153846 45.28846153846154 1.1153846153846154 44.17307692307692 0.8059165002778172
152000 29.53846153846154 29.53846153846154 83.6923076923077 0.4487179487179488 135.8653846153846 45.28846153846154 1.1153846153846154 44.17307692307692 0.7797488998621702
154000 29.53846153846154 29.53846153846154 83.6923076923077 0.4487179487179488 135.8653846153846 45.28846153846154 1.1153846153846154 44.17307692307692 0.738956599496305
156000 29.53846153846154 29.53846153846154 83.6923076923077 0.4487179487179488 135.8653846153846 45.28846153846154 1.1153846153846154 44.17307692307692 0.7200354998931289
158000 29.53846153846154 29.53846153846154 83.6923076923077 0.4487179487179488 135.8653846153846 45.28846153846154 1.1153846153846154 44.17307692307692 0.7050748998299241
160000 29.53846153846154 29.53846153846154 83.6923076923077 0.4487179487179488 135.8653846153846 45.28846153846154 1.1153846153846154 44.17307692307692 0.7342125996947289
162000 29.53846153846154 29.53846153846154 83.6923076923077 0.4487179487179488 135.8653846153846 45.28846153846154 1.1153846153846154 44.17307692307692 0.821458900347352
164000 29.53846153846154 29.53846153846154 83.6923076923077 0.4487179487179488 135.8653846153846 45.28846153846154 1.1153846153846154 44.17307692307692 0.7048851996660233
166000 29.53846153846154 29.53846153846154 83.6923076923077 0.4487179487179488 135.8653846153846 45.28846153846154 1.1153846153846154 44.17307692307692 0.7695797001942992
168000 29.53846153846154 29.53846153846154 83.6923076923077 0.4487179487179488 135.8653846153846 45.28846153846154 1.1153846153846154 44.17307692307692 0.7333916993811727
170000 29.53846153846154 29.53846153846154 83.6923076923077 0.4487179487179488 135.8653846153846 45.28846153846154 1.1153846153846154 44.17307692307692 0.7782592996954918
172000 29.53846153846154 29.53846153846154 83.6923076923077 0.4487179487179488 135.8653846153846 45.28846153846154 1.1153846153846154 44.17307692307692 0.7554169008508325
174000 29.53846153846154 29.53846153846154 83.6923076923077 0.4487179487179488 135.8653846153846 45.28846153846154 1.1153846153846154 44.17307692307692 0.7144904993474483
176000 29.53846153846154 29.53846153846154 83.6923076923077 0.4487179487179488 135.8653846153846 45.28846153846154 1.1153846153846154 44.17307692307692 0.7549035996198654
178000 29.53846153846154 29.53846153846154 83.6923076923077 0.4487179487179488 135.8653846153846 45.28846153846154 1.1153846153846154 44.17307692307692 0.7367100995033979
180000 29.53846153846154 29.53846153846154 83.6923076923077 0.4487179487179488 135.8653846153846 45.28846153846154 1.1153846153846154 44.17307692307692 0.731687699444592
182000 29.53846153846154 29.53846153846154 83.6923076923077 0.4487179487179488 135.8653846153846 45.28846153846154 1.1153846153846154 44.17307692307692 0.8040669998154044
184000 29.53846153846154 29.53846153846154 83.6923076923077 0.4487179487179488 135.8653846153846 45.28846153846154 1.1153846153846154 44.17307692307692 0.7846293998882174
186000 29.53846153846154 29.53846153846154 83.6923076923077 0.4487179487179488 135.8653846153846 45.28846153846154 1.1153846153846154 44.17307692307692 0.8171338001266122
188000 29.53846153846154 29.53846153846154 83.6923076923077 0.4487179487179488 135.8653846153846 45.28846153846154 1.1153846153846154 44.17307692307692 0.7222376996651292
190000 29.53846153846154 29.53846153846154 83.6923076923077 0.4487179487179488 135.8653846153846 45.28846153846154 1.1153846153846154 44.17307692307692 0.7716733999550343
192000 29.53846153846154 29.53846153846154 83.6923076923077 0.4487179487179488 135.8653846153846 45.28846153846154 1.1153846153846154 44.17307692307692 0.7226815996691585
194000 29.53846153846154 29.53846153846154 83.6923076923077 0.4487179487179488 135.8653846153846 45.28846153846154 1.1153846153846154 44.17307692307692 0.7420739000663161
196000 29.53846153846154 29.53846153846154 83.6923076923077 0.4487179487179488 135.8653846153846 45.28846153846154 1.1153846153846154 44.17307692307692 0.7537949001416564
198000 29.53846153846154 29.53846153846154 83.6923076923077 0.4487179487179488 135.8653846153846 45.28846153846154 1.1153846153846154 44.17307692307692 0.7345238998532295
200000 29.53846153846154 29.53846153846154 83.6923076923077 0.4487179487179488 135.8653846153846 45.28846153846154 1.1153846153846154 44.17307692307692 0.7313089994713664
202000 29.53846153846154 29.53846153846154 83.6923076923077 0.4487179487179488 135.8653846153846 45.28846153846154 1.1153846153846154 44.17307692307692 0.7293608002364635
204000 29.53846153846154 29.53846153846154 83.6923076923077 0.4487179487179488 135.8653846153846 45.28846153846154 1.1153846153846154 44.17307692307692 0.7610146999359131
206000 29.53846153846154 29.53846153846154 83.6923076923077 0.4487179487179488 135.8653846153846 45.28846153846154 1.1153846153846154 44.17307692307692 0.7504599997773767
208000 29.53846153846154 29.53846153846154 83.6923076923077 0.4487179487179488 135.8653846153846 45.28846153846154 1.1153846153846154 44.17307692307692 0.7395735001191497
210000 29.53846153846154 29.53846153846154 83.6923076923077 0.4487179487179488 135.8653846153846 45.28846153846154 1.1153846153846154 44.17307692307692 0.7440740000456572
212000 29.53846153846154 29.53846153846154 83.6923076923077 0.4487179487179488 135.8653846153846 45.28846153846154 1.1153846153846154 44.17307692307692 0.7539999997243285
214000 29.53846153846154 29.53846153846154 83.6923076923077 0.4487179487179488 135.8653846153846 45.28846153846154 1.1153846153846154 44.17307692307692 0.7205485003069043
216000 29.53846153846154 29.53846153846154 83.6923076923077 0.4487179487179488 135.8653846153846 45.28846153846154 1.1153846153846154 44.17307692307692 0.7691799998283386
218000 29.53846153846154 29.53846153846154 83.6923076923077 0.4487179487179488 135.8653846153846 45.28846153846154 1.1153846153846154 44.17307692307692 0.7828044993802905
220000 29.53846153846154 29.53846153846154 83.6923076923077 0.4487179487179488 135.8653846153846 45.28846153846154 1.1153846153846154 44.17307692307692 0.8307036003097892
222000 29.53846153846154 29.53846153846154 83.6923076923077 0.4487179487179488 135.8653846153846 45.28846153846154 1.1153846153846154 44.17307692307692 0.7888525007292628
224000 29.53846153846154 29.53846153846154 83.6923076923077 0.4487179487179488 135.8653846153846 45.28846153846154 1.1153846153846154 44.17307692307692 0.74189000017941
226000 29.53846153846154 29.53846153846154 83.6923076923077 0.4487179487179488 135.8653846153846 45.28846153846154 1.1153846153846154 44.17307692307692 0.7149274004623294
228000 29.53846153846154 29.53846153846154 83.6923076923077 0.4487179487179488 135.8653846153846 45.28846153846154 1.1153846153846154 44.17307692307692 0.7331469999626279
230000 29.53846153846154 29.53846153846154 83.6923076923077 0.4487179487179488 135.8653846153846 45.28846153846154 1.1153846153846154 44.17307692307692 0.7604657001793385
232000 29.53846153846154 29.53846153846154 83.6923076923077 0.4487179487179488 135.8653846153846 45.28846153846154 1.1153846153846154 44.17307692307692 0.8276089001446962
234000 29.53846153846154 29.53846153846154 83.6923076923077 0.4487179487179488 135.8653846153846 45.28846153846154 1.1153846153846154 44.17307692307692 0.7516457997262478
236000 29.53846153846154 29.53846153846154 83.6923076923077 0.4487179487179488 135.8653846153846 45.28846153846154 1.1153846153846154 44.17307692307692 0.7230869997292757
238000 29.53846153846154 29.53846153846154 83.6923076923077 0.4487179487179488 135.8653846153846 45.28846153846154 1.1153846153846154 44.17307692307692 0.7239998001605272
240000 29.53846153846154 29.53846153846154 83.6923076923077 0.4487179487179488 135.8653846153846 45.28846153846154 1.1153846153846154 44.17307692307692 0.7563856998458505
242000 29.53846153846154 29.53846153846154 83.6923076923077 0.4487179487179488 135.8653846153846 45.28846153846154 1.1153846153846154 44.17307692307692 0.7630024999380112
244000 29.53846153846154 29.53846153846154 83.6923076923077 0.4487179487179488 135.8653846153846 45.28846153846154 1.1153846153846154 44.17307692307692 0.7454930990934372
246000 29.53846153846154 29.53846153846154 83.6923076923077 0.4487179487179488 135.8653846153846 45.28846153846154 1.1153846153846154 44.17307692307692 0.7331663994118571
248000 29.53846153846154 29.53846153846154 83.6923076923077 0.4487179487179488 135.8653846153846 45.28846153846154 1.1153846153846154 44.17307692307692 0.716533599421382
250000 29.53846153846154 29.53846153846154 83.6923076923077 0.4487179487179488 135.8653846153846 45.28846153846154 1.1153846153846154 44.17307692307692 0.7798808002844453
252000 29.53846153846154 29.53846153846154 83.6923076923077 0.4487179487179488 135.8653846153846 45.28846153846154 1.1153846153846154 44.17307692307692 0.7356421006843448
254000 29.53846153846154 29.53846153846154 83.6923076923077 0.4487179487179488 135.8653846153846 45.28846153846154 1.1153846153846154 44.17307692307692 0.7249803002923727
256000 29.53846153846154 29.53846153846154 83.6923076923077 0.4487179487179488 135.8653846153846 45.28846153846154 1.1153846153846154 44.17307692307692 0.7478306004777551
258000 29.53846153846154 29.53846153846154 83.6923076923077 0.4487179487179488 135.8653846153846 45.28846153846154 1.1153846153846154 44.17307692307692 0.7777781002223492
260000 29.53846153846154 29.53846153846154 83.6923076923077 0.4487179487179488 135.8653846153846 45.28846153846154 1.1153846153846154 44.17307692307692 0.7236174996942282
262000 29.53846153846154 29.53846153846154 83.6923076923077 0.4487179487179488 135.8653846153846 45.28846153846154 1.1153846153846154 44.17307692307692 0.7604820001870394
264000 29.53846153846154 29.53846153846154 83.6923076923077 0.4487179487179488 135.8653846153846 45.28846153846154 1.1153846153846154 44.17307692307692 0.7133899005129933
266000 29.53846153846154 29.53846153846154 83.6923076923077 0.4487179487179488 135.8653846153846 45.28846153846154 1.1153846153846154 44.17307692307692 0.7871218007057905
268000 29.53846153846154 29.53846153846154 83.6923076923077 0.4487179487179488 135.8653846153846 45.28846153846154 1.1153846153846154 44.17307692307692 0.7842231998220086
270000 29.53846153846154 29.53846153846154 83.6923076923077 0.4487179487179488 135.8653846153846 45.28846153846154 1.1153846153846154 44.17307692307692 0.7425703993067145
272000 29.53846153846154 29.53846153846154 83.6923076923077 0.4487179487179488 135.8653846153846 45.28846153846154 1.1153846153846154 44.17307692307692 0.7358444994315505
274000 29.53846153846154 29.53846153846154 83.6923076923077 0.4487179487179488 135.8653846153846 45.28846153846154 1.1153846153846154 44.17307692307692 0.7387332003563643
276000 29.53846153846154 29.53846153846154 83.6923076923077 0.4487179487179488 135.8653846153846 45.28846153846154 1.1153846153846154 44.17307692307692 0.7244610004127026
278000 29.53846153846154 29.53846153846154 83.6923076923077 0.4487179487179488 135.8653846153846 45.28846153846154 1.1153846153846154 44.17307692307692 0.739121999591589
280000 29.53846153846154 29.53846153846154 83.6923076923077 0.4487179487179488 135.8653846153846 45.28846153846154 1.1153846153846154 44.17307692307692 0.8751290999352932
282000 29.53846153846154 29.53846153846154 83.6923076923077 0.4487179487179488 135.8653846153846 45.28846153846154 1.1153846153846154 44.17307692307692 0.7535787001252174
284000 29.53846153846154 29.53846153846154 83.6923076923077 0.4487179487179488 135.8653846153846 45.28846153846154 1.1153846153846154 44.17307692307692 0.7884687995538116
286000 29.53846153846154 29.53846153846154 83.6923076923077 0.4487179487179488 135.8653846153846 45.28846153846154 1.1153846153846154 44.17307692307692 0.7841536998748779
288000 29.53846153846154 29.53846153846154 83.6923076923077 0.4487179487179488 135.8653846153846 45.28846153846154 1.1153846153846154 44.17307692307692 0.767081300728023
290000 38.01923076923077 38.01923076923077 83.88461538461539 0.4919871794871794 135.8653846153846 45.28846153846154 1.1153846153846154 44.17307692307692 0.7704881997779012
292000 38.01923076923077 38.01923076923077 83.88461538461539 0.4919871794871794 135.8653846153846 45.28846153846154 1.1153846153846154 44.17307692307692 0.7844584994018078
294000 38.01923076923077 38.01923076923077 83.88461538461539 0.4919871794871794 135.8653846153846 45.28846153846154 1.1153846153846154 44.17307692307692 0.7481777993962169
296000 38.01923076923077 38.01923076923077 83.88461538461539 0.4919871794871794 135.8653846153846 45.28846153846154 1.1153846153846154 44.17307692307692 0.7692185994237661
298000 38.01923076923077 38.01923076923077 83.88461538461539 0.4919871794871794 135.8653846153846 45.28846153846154 1.1153846153846154 44.17307692307692 0.7717717001214623
300000 38.01923076923077 38.01923076923077 83.88461538461539 0.4919871794871794 135.8653846153846 45.28846153846154 1.1153846153846154 44.17307692307692 0.7776541002094746
302000 38.01923076923077 38.01923076923077 83.88461538461539 0.4919871794871794 135.8653846153846 45.28846153846154 1.1153846153846154 44.17307692307692 0.8100089002400637
304000 38.01923076923077 38.01923076923077 83.88461538461539 0.4919871794871794 135.8653846153846 45.28846153846154 1.1153846153846154 44.17307692307692 0.7958185998722911
306000 38.01923076923077 38.01923076923077 83.88461538461539 0.4919871794871794 135.8653846153846 45.28846153846154 1.1153846153846154 44.17307692307692 0.7779832994565368
308000 38.01923076923077 38.01923076923077 83.88461538461539 0.4919871794871794 135.8653846153846 45.28846153846154 1.1153846153846154 44.17307692307692 0.8139919005334377
310000 38.01923076923077 38.01923076923077 83.88461538461539 0.4919871794871794 135.8653846153846 45.28846153846154 1.1153846153846154 44.17307692307692 0.7280256003141403
312000 38.01923076923077 38.01923076923077 83.88461538461539 0.4919871794871794 135.8653846153846 45.28846153846154 1.1153846153846154 44.17307692307692 0.8906805999577045
314000 38.01923076923077 38.01923076923077 83.88461538461539 0.4919871794871794 135.8653846153846 45.28846153846154 1.1153846153846154 44.17307692307692 0.7931645000353456
316000 37.19230769230769 37.19230769230769 83.0576923076923 0.5 135.8653846153846 45.28846153846154 1.1153846153846154 44.17307692307692 0.6911400994285941
318000 37.19230769230769 37.19230769230769 83.0576923076923 0.5 135.8653846153846 45.28846153846154 1.1153846153846154 44.17307692307692 0.7749151000753045
320000 37.19230769230769 37.19230769230769 83.0576923076923 0.5 135.8653846153846 45.28846153846154 1.1153846153846154 44.17307692307692 0.7341581005603075
322000 37.19230769230769 37.19230769230769 83.0576923076923 0.5 135.8653846153846 45.28846153846154 1.1153846153846154 44.17307692307692 0.7483980003744364
324000 37.19230769230769 37.19230769230769 83.0576923076923 0.5 135.8653846153846 45.28846153846154 1.1153846153846154 44.17307692307692 0.8489463999867439
326000 37.19230769230769 37.19230769230769 83.0576923076923 0.5 135.8653846153846 45.28846153846154 1.1153846153846154 44.17307692307692 0.7638338003307581
328000 37.19230769230769 37.19230769230769 83.0576923076923 0.5 135.8653846153846 45.28846153846154 1.1153846153846154 44.17307692307692 0.7907128995284438
330000 37.19230769230769 37.19230769230769 83.0576923076923 0.5 135.8653846153846 45.28846153846154 1.1153846153846154 44.17307692307692 0.7680222000926733
332000 37.19230769230769 37.19230769230769 83.0576923076923 0.5 135.8653846153846 45.28846153846154 1.1153846153846154 44.17307692307692 0.7521131997928023
334000 37.19230769230769 37.19230769230769 83.0576923076923 0.5 135.8653846153846 45.28846153846154 1.1153846153846154 44.17307692307692 0.8832694999873638
336000 37.19230769230769 37.19230769230769 83.0576923076923 0.5 135.8653846153846 45.28846153846154 1.1153846153846154 44.17307692307692 0.8642756994813681
338000 37.19230769230769 37.19230769230769 83.0576923076923 0.5 135.8653846153846 45.28846153846154 1.1153846153846154 44.17307692307692 0.7202538000419736
340000 37.19230769230769 37.19230769230769 83.0576923076923 0.5 135.8653846153846 45.28846153846154 1.1153846153846154 44.17307692307692 0.7692587003111839
342000 37.19230769230769 37.19230769230769 83.0576923076923 0.5 135.8653846153846 45.28846153846154 1.1153846153846154 44.17307692307692 0.8246835004538298
344000 37.19230769230769 37.19230769230769 83.0576923076923 0.5 135.8653846153846 45.28846153846154 1.1153846153846154 44.17307692307692 0.7821816001087427
346000 37.19230769230769 37.19230769230769 83.0576923076923 0.5 135.8653846153846 45.28846153846154 1.1153846153846154 44.17307692307692 0.764844199642539
348000 37.19230769230769 37.19230769230769 83.0576923076923 0.5 135.8653846153846 45.28846153846154 1.1153846153846154 44.17307692307692 0.7890564994886518
350000 37.19230769230769 37.19230769230769 83.0576923076923 0.5 135.8653846153846 45.28846153846154 1.1153846153846154 44.17307692307692 0.752420099452138
352000 37.19230769230769 37.19230769230769 83.0576923076923 0.5 135.8653846153846 45.28846153846154 1.1153846153846154 44.17307692307692 0.6923855002969503
354000 37.19230769230769 37.19230769230769 83.0576923076923 0.5 135.8653846153846 45.28846153846154 1.1153846153846154 44.17307692307692 0.7627007998526096
356000 37.19230769230769 37.19230769230769 83.0576923076923 0.5 135.8653846153846 45.28846153846154 1.1153846153846154 44.17307692307692 0.7597399996593595
358000 37.19230769230769 37.19230769230769 83.0576923076923 0.5 135.8653846153846 45.28846153846154 1.1153846153846154 44.17307692307692 0.826507699675858
360000 37.19230769230769 37.19230769230769 83.0576923076923 0.5 135.8653846153846 45.28846153846154 1.1153846153846154 44.17307692307692 0.8127146996557713
362000 37.19230769230769 37.19230769230769 83.0576923076923 0.5 135.8653846153846 45.28846153846154 1.1153846153846154 44.17307692307692 0.7609187001362443
364000 37.19230769230769 37.19230769230769 83.0576923076923 0.5 135.8653846153846 45.28846153846154 1.1153846153846154 44.17307692307692 0.8157291002571583
366000 37.19230769230769 37.19230769230769 83.0576923076923 0.5 135.8653846153846 45.28846153846154 1.1153846153846154 44.17307692307692 0.7495893994346261
368000 37.19230769230769 37.19230769230769 83.0576923076923 0.5 135.8653846153846 45.28846153846154 1.1153846153846154 44.17307692307692 0.7416700003668666
370000 37.19230769230769 37.19230769230769 83.0576923076923 0.5 135.8653846153846 45.28846153846154 1.1153846153846154 44.17307692307692 0.7781025990843773
372000 37.19230769230769 37.19230769230769 83.0576923076923 0.5 135.8653846153846 45.28846153846154 1.1153846153846154 44.17307692307692 0.7732652006670833
374000 37.19230769230769 37.19230769230769 83.0576923076923 0.5 135.8653846153846 45.28846153846154 1.1153846153846154 44.17307692307692 0.7198755005374551
376000 37.19230769230769 37.19230769230769 83.0576923076923 0.5 135.8653846153846 45.28846153846154 1.1153846153846154 44.17307692307692 0.8137881001457572
378000 37.19230769230769 37.19230769230769 83.0576923076923 0.5 135.8653846153846 45.28846153846154 1.1153846153846154 44.17307692307692 0.6977889994159341
380000 37.19230769230769 37.19230769230769 83.0576923076923 0.5 135.8653846153846 45.28846153846154 1.1153846153846154 44.17307692307692 0.6807805998250842
382000 37.19230769230769 37.19230769230769 83.0576923076923 0.5 135.8653846153846 45.28846153846154 1.1153846153846154 44.17307692307692 0.7435145992785692
384000 37.19230769230769 37.19230769230769 83.0576923076923 0.5 135.8653846153846 45.28846153846154 1.1153846153846154 44.17307692307692 0.769225399941206
386000 37.19230769230769 37.19230769230769 83.0576923076923 0.5 135.8653846153846 45.28846153846154 1.1153846153846154 44.17307692307692 0.7598344003781676
388000 37.19230769230769 37.19230769230769 83.0576923076923 0.5 135.8653846153846 45.28846153846154 1.1153846153846154 44.17307692307692 0.7559914002195001
390000 37.19230769230769 37.19230769230769 83.0576923076923 0.5 135.8653846153846 45.28846153846154 1.1153846153846154 44.17307692307692 0.7117225006222725
392000 37.19230769230769 37.19230769230769 83.0576923076923 0.5 135.8653846153846 45.28846153846154 1.1153846153846154 44.17307692307692 0.7338739996775985
394000 37.19230769230769 37.19230769230769 83.0576923076923 0.5 135.8653846153846 45.28846153846154 1.1153846153846154 44.17307692307692 0.8460590997710824
396000 37.19230769230769 37.19230769230769 83.0576923076923 0.5 135.8653846153846 45.28846153846154 1.1153846153846154 44.17307692307692 0.6933653997257352
398000 37.19230769230769 37.19230769230769 83.0576923076923 0.5 135.8653846153846 45.28846153846154 1.1153846153846154 44.17307692307692 0.7571315998211503
400000 37.19230769230769 37.19230769230769 83.0576923076923 0.5 135.8653846153846 45.28846153846154 1.1153846153846154 44.17307692307692 0.7761914003640413
402000 37.19230769230769 37.19230769230769 83.0576923076923 0.5 135.8653846153846 45.28846153846154 1.1153846153846154 44.17307692307692 0.7596167996525764
404000 37.19230769230769 37.19230769230769 83.0576923076923 0.5 135.8653846153846 45.28846153846154 1.1153846153846154 44.17307692307692 0.7783958008512855
406000 37.19230769230769 37.19230769230769 83.0576923076923 0.5 135.8653846153846 45.28846153846154 1.1153846153846154 44.17307692307692 0.7169976001605392
408000 37.19230769230769 37.19230769230769 83.0576923076923 0.5 135.8653846153846 45.28846153846154 1.1153846153846154 44.17307692307692 0.7195022003725171
410000 37.19230769230769 37.19230769230769 83.0576923076923 0.5 135.8653846153846 45.28846153846154 1.1153846153846154 44.17307692307692 0.7187997000291944
412000 37.19230769230769 37.19230769230769 83.0576923076923 0.5 135.8653846153846 45.28846153846154 1.1153846153846154 44.17307692307692 0.7317519998177886
414000 37.19230769230769 37.19230769230769 83.0576923076923 0.5 135.8653846153846 45.28846153846154 1.1153846153846154 44.17307692307692 0.8318515000864863
416000 37.19230769230769 37.19230769230769 83.0576923076923 0.5 135.8653846153846 45.28846153846154 1.1153846153846154 44.17307692307692 0.7905623996630311
418000 37.19230769230769 37.19230769230769 83.0576923076923 0.5 135.8653846153846 45.28846153846154 1.1153846153846154 44.17307692307692 0.7459385003894567
420000 37.19230769230769 37.19230769230769 83.0576923076923 0.5 135.8653846153846 45.28846153846154 1.1153846153846154 44.17307692307692 0.7717459993436933
422000 37.19230769230769 37.19230769230769 83.0576923076923 0.5 135.8653846153846 45.28846153846154 1.1153846153846154 44.17307692307692 0.7368025993928313
424000 37.19230769230769 37.19230769230769 83.0576923076923 0.5 135.8653846153846 45.28846153846154 1.1153846153846154 44.17307692307692 0.9186075003817677
426000 37.19230769230769 37.19230769230769 83.0576923076923 0.5 135.8653846153846 45.28846153846154 1.1153846153846154 44.17307692307692 0.7629629001021385
428000 37.19230769230769 37.19230769230769 83.0576923076923 0.5 135.8653846153846 45.28846153846154 1.1153846153846154 44.17307692307692 0.7145197000354528
430000 37.19230769230769 37.19230769230769 83.0576923076923 0.5 135.8653846153846 45.28846153846154 1.1153846153846154 44.17307692307692 0.6909024007618427
432000 37.19230769230769 37.19230769230769 83.0576923076923 0.5 135.8653846153846 45.28846153846154 1.1153846153846154 44.17307692307692 0.7922301003709435
434000 37.19230769230769 37.19230769230769 83.0576923076923 0.5 135.8653846153846 45.28846153846154 1.1153846153846154 44.17307692307692 0.7502739001065493
436000 37.19230769230769 37.19230769230769 83.0576923076923 0.5 135.8653846153846 45.28846153846154 1.1153846153846154 44.17307692307692 0.8207383006811142
438000 37.19230769230769 37.19230769230769 83.0576923076923 0.5 135.8653846153846 45.28846153846154 1.1153846153846154 44.17307692307692 0.753850900568068
440000 37.19230769230769 37.19230769230769 83.0576923076923 0.5 135.8653846153846 45.28846153846154 1.1153846153846154 44.17307692307692 0.74742710031569
442000 37.19230769230769 37.19230769230769 83.0576923076923 0.5 135.8653846153846 45.28846153846154 1.1153846153846154 44.17307692307692 0.7439465001225471
444000 37.19230769230769 37.19230769230769 83.0576923076923 0.5 135.8653846153846 45.28846153846154 1.1153846153846154 44.17307692307692 0.8527389001101255
446000 37.19230769230769 37.19230769230769 83.0576923076923 0.5 135.8653846153846 45.28846153846154 1.1153846153846154 44.17307692307692 0.809069599956274
448000 37.19230769230769 37.19230769230769 83.0576923076923 0.5 135.8653846153846 45.28846153846154 1.1153846153846154 44.17307692307692 0.8023235006257892
450000 37.19230769230769 37.19230769230769 83.0576923076923 0.5 135.8653846153846 45.28846153846154 1.1153846153846154 44.17307692307692 0.8024846995249391
452000 37.19230769230769 37.19230769230769 83.0576923076923 0.5 135.8653846153846 45.28846153846154 1.1153846153846154 44.17307692307692 0.7726860996335745
454000 37.19230769230769 37.19230769230769 83.0576923076923 0.5 135.8653846153846 45.28846153846154 1.1153846153846154 44.17307692307692 0.666796499863267
456000 37.19230769230769 37.19230769230769 83.0576923076923 0.5 135.8653846153846 45.28846153846154 1.1153846153846154 44.17307692307692 0.6751532005146146
458000 37.19230769230769 37.19230769230769 83.0576923076923 0.5 135.8653846153846 45.28846153846154 1.1153846153846154 44.17307692307692 0.6921530002728105
460000 37.19230769230769 37.19230769230769 83.0576923076923 0.5 135.8653846153846 45.28846153846154 1.1153846153846154 44.17307692307692 0.5570179997012019
462000 37.19230769230769 37.19230769230769 83.0576923076923 0.5 135.8653846153846 45.28846153846154 1.1153846153846154 44.17307692307692 0.5603650007396936
464000 37.19230769230769 37.19230769230769 83.0576923076923 0.5 135.8653846153846 45.28846153846154 1.1153846153846154 44.17307692307692 0.39982679951936007
466000 37.19230769230769 37.19230769230769 83.0576923076923 0.5 135.8653846153846 45.28846153846154 1.1153846153846154 44.17307692307692 0.460381499491632
468000 37.19230769230769 37.19230769230769 83.0576923076923 0.5 135.8653846153846 45.28846153846154 1.1153846153846154 44.17307692307692 0.40079599991440773
470000 37.19230769230769 37.19230769230769 83.0576923076923 0.5 135.8653846153846 45.28846153846154 1.1153846153846154 44.17307692307692 0.3975198995321989
472000 37.19230769230769 37.19230769230769 83.0576923076923 0.5 135.8653846153846 45.28846153846154 1.1153846153846154 44.17307692307692 0.39696280006319284
474000 37.19230769230769 37.19230769230769 83.0576923076923 0.5 135.8653846153846 45.28846153846154 1.1153846153846154 44.17307692307692 0.40149890072643757
476000 37.19230769230769 37.19230769230769 83.0576923076923 0.5 135.8653846153846 45.28846153846154 1.1153846153846154 44.17307692307692 0.42651209980249405
478000 37.19230769230769 37.19230769230769 83.0576923076923 0.5 135.8653846153846 45.28846153846154 1.1153846153846154 44.17307692307692 0.42954570055007935
480000 37.19230769230769 37.19230769230769 83.0576923076923 0.5 135.8653846153846 45.28846153846154 1.1153846153846154 44.17307692307692 0.4061380000784993
482000 37.19230769230769 37.19230769230769 83.0576923076923 0.5 135.8653846153846 45.28846153846154 1.1153846153846154 44.17307692307692 0.43734070006757975
484000 37.19230769230769 37.19230769230769 83.0576923076923 0.5 135.8653846153846 45.28846153846154 1.1153846153846154 44.17307692307692 0.41115579940378666
486000 37.19230769230769 37.19230769230769 83.0576923076923 0.5 135.8653846153846 45.28846153846154 1.1153846153846154 44.17307692307692 0.4759502001106739
488000 37.19230769230769 37.19230769230769 83.0576923076923 0.5 135.8653846153846 45.28846153846154 1.1153846153846154 44.17307692307692 0.41561400052160025
490000 37.19230769230769 37.19230769230769 83.0576923076923 0.5 135.8653846153846 45.28846153846154 1.1153846153846154 44.17307692307692 0.4036165000870824
492000 37.19230769230769 37.19230769230769 83.0576923076923 0.5 135.8653846153846 45.28846153846154 1.1153846153846154 44.17307692307692 0.40152239985764027
494000 37.19230769230769 37.19230769230769 83.0576923076923 0.5 135.8653846153846 45.28846153846154 1.1153846153846154 44.17307692307692 0.40009080059826374
496000 37.19230769230769 37.19230769230769 83.0576923076923 0.5 135.8653846153846 45.28846153846154 1.1153846153846154 44.17307692307692 0.4118188004940748
498000 37.19230769230769 37.19230769230769 83.0576923076923 0.5 135.8653846153846 45.28846153846154 1.1153846153846154 44.17307692307692 0.41820709966123104
500000 37.19230769230769 37.19230769230769 83.0576923076923 0.5 135.8653846153846 45.28846153846154 1.1153846153846154 44.17307692307692 0.41198060009628534
