2000 1.6153846153846154 0.8653846153846154 128.94230769230768 0.038461538461538464 135.46153846153845 45.30769230769231 0.0 45.30769230769231 1.7242602000478655
4000 1.0961538461538463 0.23076923076923078 129.25 0.049679487179487176 135.46153846153845 45.30769230769231 0.0 45.30769230769231 1.7685861000791192
6000 2.6153846153846154 0.5 128.82692307692307 0.0737179487179487 135.46153846153845 45.30769230769231 0.0 45.30769230769231 1.5510456000920385
8000 13.538461538461538 13.288461538461538 124.5576923076923 0.24519230769230768 135.46153846153845 45.30769230769231 0.0 45.30769230769231 1.9159460000228137
10000 17.192307692307693 16.98076923076923 123.98076923076923 0.2980769230769231 135.46153846153845 45.30769230769231 0.0 45.30769230769231 1.7626523999497294
12000 10.846153846153847 9.826923076923077 123.61538461538461 0.30929487179487175 135.46153846153845 45.30769230769231 0.0 45.30769230769231 1.8655506002251059
14000 7.0 -0.34615384615384615 124.40384615384616 0.28846153846153844 135.46153846153845 45.30769230769231 0.0 45.30769230769231 1.885974399978295
16000 7.0 -0.34615384615384615 124.40384615384616 0.28846153846153844 135.46153846153845 45.30769230769231 0.0 45.30769230769231 1.896923900116235
18000 20.01923076923077 20.01923076923077 122.25 0.3910256410256411 135.46153846153845 45.30769230769231 0.0 45.30769230769231 2.004546699812636
20000 22.384615384615383 22.384615384615383 122.46153846153847 0.36538461538461536 135.46153846153845 45.30769230769231 0.0 45.30769230769231 2.038434100104496
22000 20.48076923076923 20.48076923076923 122.13461538461539 0.40865384615384615 135.46153846153845 45.30769230769231 0.0 45.30769230769231 2.1175558001268655
24000 33.36538461538461 33.36538461538461 120.32692307692308 0.4102564102564103 135.46153846153845 45.30769230769231 0.019230769230769232 45.28846153846154 2.1520697998348624
26000 33.36538461538461 33.36538461538461 120.32692307692308 0.4102564102564103 135.46153846153845 45.30769230769231 0.019230769230769232 45.28846153846154 2.1158875999972224
28000 33.36538461538461 33.36538461538461 120.32692307692308 0.4102564102564103 135.46153846153845 45.30769230769231 0.019230769230769232 45.28846153846154 2.006406399887055
30000 33.36538461538461 33.36538461538461 120.32692307692308 0.4102564102564103 135.46153846153845 45.30769230769231 0.019230769230769232 45.28846153846154 1.9532447999808937
32000 33.36538461538461 33.36538461538461 120.32692307692308 0.4102564102564103 135.46153846153845 45.30769230769231 0.019230769230769232 45.28846153846154 1.9582064000423998
34000 33.36538461538461 33.36538461538461 120.32692307692308 0.4102564102564103 135.46153846153845 45.30769230769231 0.019230769230769232 45.28846153846154 1.9433130000252277
36000 33.36538461538461 33.36538461538461 120.32692307692308 0.4102564102564103 135.46153846153845 45.30769230769231 0.019230769230769232 45.28846153846154 2.029755200026557
38000 33.36538461538461 33.36538461538461 120.32692307692308 0.4102564102564103 135.46153846153845 45.30769230769231 0.019230769230769232 45.28846153846154 1.9745610998943448
40000 33.36538461538461 33.36538461538461 120.32692307692308 0.4102564102564103 135.46153846153845 45.30769230769231 0.019230769230769232 45.28846153846154 1.936883799964562
42000 33.36538461538461 33.36538461538461 120.32692307692308 0.4102564102564103 135.46153846153845 45.30769230769231 0.019230769230769232 45.28846153846154 1.9944676999002695
44000 49.46153846153846 49.46153846153846 119.40384615384616 0.49358974358974356 135.46153846153845 45.30769230769231 0.019230769230769232 45.28846153846154 1.9839027000125498
46000 49.46153846153846 49.46153846153846 119.40384615384616 0.49358974358974356 135.46153846153845 45.30769230769231 0.019230769230769232 45.28846153846154 2.023653899785131
48000 49.46153846153846 49.46153846153846 119.40384615384616 0.49358974358974356 135.46153846153845 45.30769230769231 0.019230769230769232 45.28846153846154 2.101269599981606
50000 49.46153846153846 49.46153846153846 119.40384615384616 0.49358974358974356 135.46153846153845 45.30769230769231 0.019230769230769232 45.28846153846154 1.9779836998786777
52000 49.46153846153846 49.46153846153846 119.40384615384616 0.49358974358974356 135.46153846153845 45.30769230769231 0.019230769230769232 45.28846153846154 1.3879788001067936
54000 49.46153846153846 49.46153846153846 119.40384615384616 0.49358974358974356 135.46153846153845 45.30769230769231 0.019230769230769232 45.28846153846154 1.0256349998526275
56000 49.46153846153846 49.46153846153846 119.40384615384616 0.49358974358974356 135.46153846153845 45.30769230769231 0.019230769230769232 45.28846153846154 1.1318830999080092
58000 49.46153846153846 49.46153846153846 119.40384615384616 0.49358974358974356 135.46153846153845 45.30769230769231 0.019230769230769232 45.28846153846154 1.127212000079453
60000 46.69230769230769 31.46153846153846 119.6923076923077 0.4887820512820512 135.46153846153845 45.30769230769231 0.019230769230769232 45.28846153846154 1.1407284000888467
62000 46.69230769230769 31.46153846153846 119.6923076923077 0.4887820512820512 135.46153846153845 45.30769230769231 0.019230769230769232 45.28846153846154 1.1814362001605332
64000 46.69230769230769 31.46153846153846 119.6923076923077 0.4887820512820512 135.46153846153845 45.30769230769231 0.019230769230769232 45.28846153846154 1.2348029999993742
66000 49.46153846153846 49.46153846153846 119.40384615384616 0.49358974358974356 135.46153846153845 45.30769230769231 0.019230769230769232 45.28846153846154 1.1126908999867737
68000 46.69230769230769 31.46153846153846 119.6923076923077 0.4887820512820512 135.46153846153845 45.30769230769231 0.019230769230769232 45.28846153846154 1.143342100083828
70000 46.69230769230769 31.46153846153846 119.6923076923077 0.4887820512820512 135.46153846153845 45.30769230769231 0.019230769230769232 45.28846153846154 1.1409022000152618
72000 46.69230769230769 31.46153846153846 119.6923076923077 0.4887820512820512 135.46153846153845 45.30769230769231 0.019230769230769232 45.28846153846154 1.1368442000821233
74000 49.46153846153846 49.46153846153846 119.40384615384616 0.49358974358974356 135.46153846153845 45.30769230769231 0.019230769230769232 45.28846153846154 1.2384358998388052
76000 49.46153846153846 49.46153846153846 119.40384615384616 0.49358974358974356 135.46153846153845 45.30769230769231 0.019230769230769232 45.28846153846154 1.1675854998175055
78000 49.46153846153846 49.46153846153846 119.40384615384616 0.49358974358974356 135.46153846153845 45.30769230769231 0.019230769230769232 45.28846153846154 1.1868255001027137
80000 49.46153846153846 49.46153846153846 119.40384615384616 0.49358974358974356 135.46153846153845 45.30769230769231 0.019230769230769232 45.28846153846154 1.2397819999605417
82000 49.46153846153846 49.46153846153846 119.40384615384616 0.49358974358974356 135.46153846153845 45.30769230769231 0.019230769230769232 45.28846153846154 1.192603199975565
84000 49.46153846153846 49.46153846153846 119.40384615384616 0.49358974358974356 135.46153846153845 45.30769230769231 0.019230769230769232 45.28846153846154 1.1579339001327753
86000 49.46153846153846 49.46153846153846 119.40384615384616 0.49358974358974356 135.46153846153845 45.30769230769231 0.019230769230769232 45.28846153846154 1.1951711000874639
88000 49.46153846153846 49.46153846153846 119.40384615384616 0.49358974358974356 135.46153846153845 45.30769230769231 0.019230769230769232 45.28846153846154 1.1732343998737633
90000 52.03846153846154 52.03846153846154 119.11538461538461 0.4487179487179486 135.46153846153845 45.30769230769231 0.019230769230769232 45.28846153846154 1.1820445000194013
92000 52.03846153846154 52.03846153846154 119.11538461538461 0.4487179487179486 135.46153846153845 45.30769230769231 0.019230769230769232 45.28846153846154 1.2853083999361843
94000 49.46153846153846 49.46153846153846 119.40384615384616 0.49358974358974356 135.46153846153845 45.30769230769231 0.019230769230769232 45.28846153846154 1.1738070000428706
96000 52.03846153846154 52.03846153846154 119.11538461538461 0.4487179487179486 135.46153846153845 45.30769230769231 0.019230769230769232 45.28846153846154 1.14508350007236
98000 49.46153846153846 49.46153846153846 119.40384615384616 0.49358974358974356 135.46153846153845 45.30769230769231 0.019230769230769232 45.28846153846154 1.13084840006195
100000 52.03846153846154 52.03846153846154 119.11538461538461 0.4487179487179486 135.46153846153845 45.30769230769231 0.019230769230769232 45.28846153846154 1.178382699843496
102000 52.03846153846154 52.03846153846154 119.11538461538461 0.4487179487179486 135.46153846153845 45.30769230769231 0.019230769230769232 45.28846153846154 1.175768000073731
104000 85.46153846153847 85.46153846153847 118.15384615384616 0.4663461538461537 135.46153846153845 45.30769230769231 0.019230769230769232 45.28846153846154 1.132556000025943
106000 85.46153846153847 85.46153846153847 118.15384615384616 0.4663461538461537 135.46153846153845 45.30769230769231 0.019230769230769232 45.28846153846154 1.140604899963364
108000 86.23076923076923 86.23076923076923 118.25 0.469551282051282 135.46153846153845 45.30769230769231 0.019230769230769232 45.28846153846154 1.1637003999203444
110000 86.23076923076923 86.23076923076923 118.25 0.469551282051282 135.46153846153845 45.30769230769231 0.019230769230769232 45.28846153846154 1.1538972998969257
112000 86.23076923076923 86.23076923076923 118.25 0.469551282051282 135.46153846153845 45.30769230769231 0.019230769230769232 45.28846153846154 1.1453368999063969
114000 86.23076923076923 86.23076923076923 118.25 0.469551282051282 135.46153846153845 45.30769230769231 0.019230769230769232 45.28846153846154 1.1269200998358428
116000 86.23076923076923 86.23076923076923 118.25 0.469551282051282 135.46153846153845 45.30769230769231 0.019230769230769232 45.28846153846154 1.11067819991149
118000 86.23076923076923 86.23076923076923 118.25 0.469551282051282 135.46153846153845 45.30769230769231 0.019230769230769232 45.28846153846154 1.1294171998742968
120000 86.23076923076923 86.23076923076923 118.25 0.469551282051282 135.46153846153845 45.30769230769231 0.019230769230769232 45.28846153846154 1.1161862998269498
122000 75.40384615384616 63.34615384615385 118.5 0.46314102564102555 135.46153846153845 45.30769230769231 0.019230769230769232 45.28846153846154 1.123196000000462
124000 86.23076923076923 86.23076923076923 118.25 0.469551282051282 135.46153846153845 45.30769230769231 0.019230769230769232 45.28846153846154 1.139427499845624
126000 50.38461538461539 14.173076923076923 119.36538461538461 0.44391025641025633 135.46153846153845 45.30769230769231 0.019230769230769232 45.28846153846154 1.0714968999382108
128000 86.23076923076923 86.23076923076923 118.25 0.469551282051282 135.46153846153845 45.30769230769231 0.019230769230769232 45.28846153846154 1.1288801999762654
130000 79.63461538461539 69.63461538461539 118.42307692307692 0.4663461538461537 135.46153846153845 45.30769230769231 0.019230769230769232 45.28846153846154 1.122530800057575
132000 79.63461538461539 69.63461538461539 118.42307692307692 0.4663461538461537 135.46153846153845 45.30769230769231 0.019230769230769232 45.28846153846154 1.0435500000603497
134000 85.46153846153847 85.46153846153847 118.15384615384616 0.4663461538461537 135.46153846153845 45.30769230769231 0.019230769230769232 45.28846153846154 1.1597092000301927
136000 79.63461538461539 69.63461538461539 118.42307692307692 0.4663461538461537 135.46153846153845 45.30769230769231 0.019230769230769232 45.28846153846154 0.9802767999935895
138000 111.61538461538461 101.61538461538461 117.34615384615384 0.5240384615384615 135.46153846153845 45.30769230769231 0.019230769230769232 45.28846153846154 1.0779536999762058
140000 111.61538461538461 101.61538461538461 117.34615384615384 0.5240384615384615 135.46153846153845 45.30769230769231 0.019230769230769232 45.28846153846154 1.04377770004794
142000 50.38461538461539 14.173076923076923 119.36538461538461 0.44391025641025633 135.46153846153845 45.30769230769231 0.019230769230769232 45.28846153846154 0.9810714998748153
144000 86.23076923076923 86.23076923076923 118.25 0.469551282051282 135.46153846153845 45.30769230769231 0.019230769230769232 45.28846153846154 1.1129439999349415
146000 111.61538461538461 101.61538461538461 117.34615384615384 0.5240384615384615 135.46153846153845 45.30769230769231 0.019230769230769232 45.28846153846154 1.0041081001982093
148000 79.63461538461539 69.63461538461539 118.42307692307692 0.4663461538461537 135.46153846153845 45.30769230769231 0.019230769230769232 45.28846153846154 0.9501259999815375
150000 85.46153846153847 85.46153846153847 118.15384615384616 0.4663461538461537 135.46153846153845 45.30769230769231 0.019230769230769232 45.28846153846154 1.0108262998983264
152000 86.23076923076923 86.23076923076923 118.25 0.469551282051282 135.46153846153845 45.30769230769231 0.019230769230769232 45.28846153846154 0.9794570000376552
154000 86.23076923076923 86.23076923076923 118.25 0.469551282051282 135.46153846153845 45.30769230769231 0.019230769230769232 45.28846153846154 1.0397193999961019
156000 86.23076923076923 86.23076923076923 118.25 0.469551282051282 135.46153846153845 45.30769230769231 0.019230769230769232 45.28846153846154 1.1070369998924434
158000 86.23076923076923 86.23076923076923 118.25 0.469551282051282 135.46153846153845 45.30769230769231 0.019230769230769232 45.28846153846154 1.0279290999751538
160000 86.23076923076923 86.23076923076923 118.25 0.469551282051282 135.46153846153845 45.30769230769231 0.019230769230769232 45.28846153846154 1.0242206000257283
162000 86.23076923076923 86.23076923076923 118.25 0.469551282051282 135.46153846153845 45.30769230769231 0.019230769230769232 45.28846153846154 0.9871528001967818
164000 86.23076923076923 86.23076923076923 118.25 0.469551282051282 135.46153846153845 45.30769230769231 0.019230769230769232 45.28846153846154 0.9912395998835564
166000 86.23076923076923 86.23076923076923 118.25 0.469551282051282 135.46153846153845 45.30769230769231 0.019230769230769232 45.28846153846154 0.9694318999536335
168000 86.23076923076923 86.23076923076923 118.25 0.469551282051282 135.46153846153845 45.30769230769231 0.019230769230769232 45.28846153846154 0.9841473998967558
170000 86.23076923076923 86.23076923076923 118.25 0.469551282051282 135.46153846153845 45.30769230769231 0.019230769230769232 45.28846153846154 0.9851543998811394
172000 86.23076923076923 86.23076923076923 118.25 0.469551282051282 135.46153846153845 45.30769230769231 0.019230769230769232 45.28846153846154 1.0264930000994354
174000 86.23076923076923 86.23076923076923 118.25 0.469551282051282 135.46153846153845 45.30769230769231 0.019230769230769232 45.28846153846154 1.0070004998706281
176000 86.23076923076923 86.23076923076923 118.25 0.469551282051282 135.46153846153845 45.30769230769231 0.019230769230769232 45.28846153846154 0.948322500102222
178000 86.23076923076923 86.23076923076923 118.25 0.469551282051282 135.46153846153845 45.30769230769231 0.019230769230769232 45.28846153846154 1.0371846000198275
180000 86.23076923076923 86.23076923076923 118.25 0.469551282051282 135.46153846153845 45.30769230769231 0.019230769230769232 45.28846153846154 0.9702941998839378
182000 86.23076923076923 86.23076923076923 118.25 0.469551282051282 135.46153846153845 45.30769230769231 0.019230769230769232 45.28846153846154 1.0813386999070644
184000 85.46153846153847 85.46153846153847 118.15384615384616 0.4663461538461537 135.46153846153845 45.30769230769231 0.019230769230769232 45.28846153846154 1.1481912001036108
186000 85.46153846153847 85.46153846153847 118.15384615384616 0.4663461538461537 135.46153846153845 45.30769230769231 0.019230769230769232 45.28846153846154 1.0085990000516176
188000 86.23076923076923 86.23076923076923 118.25 0.469551282051282 135.46153846153845 45.30769230769231 0.019230769230769232 45.28846153846154 1.0384982998948544
190000 86.23076923076923 86.23076923076923 118.25 0.469551282051282 135.46153846153845 45.30769230769231 0.019230769230769232 45.28846153846154 1.0212426998186857
192000 85.46153846153847 85.46153846153847 118.15384615384616 0.4663461538461537 135.46153846153845 45.30769230769231 0.019230769230769232 45.28846153846154 1.0656965000089258
194000 86.23076923076923 86.23076923076923 118.25 0.469551282051282 135.46153846153845 45.30769230769231 0.019230769230769232 45.28846153846154 1.1416808001231402
196000 86.23076923076923 86.23076923076923 118.25 0.469551282051282 135.46153846153845 45.30769230769231 0.019230769230769232 45.28846153846154 1.093631299911067
198000 86.23076923076923 86.23076923076923 118.25 0.469551282051282 135.46153846153845 45.30769230769231 0.019230769230769232 45.28846153846154 1.0811175999697298
200000 85.46153846153847 85.46153846153847 118.15384615384616 0.4663461538461537 135.46153846153845 45.30769230769231 0.019230769230769232 45.28846153846154 1.1004588000942022
202000 86.23076923076923 86.23076923076923 118.25 0.469551282051282 135.46153846153845 45.30769230769231 0.019230769230769232 45.28846153846154 1.0711741000413895
204000 85.46153846153847 85.46153846153847 118.15384615384616 0.4663461538461537 135.46153846153845 45.30769230769231 0.019230769230769232 45.28846153846154 1.0159707001876086
206000 85.46153846153847 85.46153846153847 118.15384615384616 0.4663461538461537 135.46153846153845 45.30769230769231 0.019230769230769232 45.28846153846154 0.984845699975267
208000 86.23076923076923 86.23076923076923 118.25 0.469551282051282 135.46153846153845 45.30769230769231 0.019230769230769232 45.28846153846154 1.0707890000194311
210000 85.46153846153847 85.46153846153847 118.15384615384616 0.4663461538461537 135.46153846153845 45.30769230769231 0.019230769230769232 45.28846153846154 1.0776996000204235
212000 85.46153846153847 85.46153846153847 118.15384615384616 0.4663461538461537 135.46153846153845 45.30769230769231 0.019230769230769232 45.28846153846154 1.010061299894005
214000 86.23076923076923 86.23076923076923 118.25 0.469551282051282 135.46153846153845 45.30769230769231 0.019230769230769232 45.28846153846154 1.050907799974084
216000 86.23076923076923 86.23076923076923 118.25 0.469551282051282 135.46153846153845 45.30769230769231 0.019230769230769232 45.28846153846154 1.1186702998820692
218000 86.23076923076923 86.23076923076923 118.25 0.469551282051282 135.46153846153845 45.30769230769231 0.019230769230769232 45.28846153846154 1.003058500122279
220000 85.46153846153847 85.46153846153847 118.15384615384616 0.4663461538461537 135.46153846153845 45.30769230769231 0.019230769230769232 45.28846153846154 0.9709563998039812
222000 85.46153846153847 85.46153846153847 118.15384615384616 0.4663461538461537 135.46153846153845 45.30769230769231 0.019230769230769232 45.28846153846154 1.003784199943766
224000 85.46153846153847 85.46153846153847 118.15384615384616 0.4663461538461537 135.46153846153845 45.30769230769231 0.019230769230769232 45.28846153846154 1.034561200067401
226000 86.23076923076923 86.23076923076923 118.25 0.469551282051282 135.46153846153845 45.30769230769231 0.019230769230769232 45.28846153846154 1.0623290999792516
228000 86.23076923076923 86.23076923076923 118.25 0.469551282051282 135.46153846153845 45.30769230769231 0.019230769230769232 45.28846153846154 0.9808902000077069
230000 86.23076923076923 86.23076923076923 118.25 0.469551282051282 135.46153846153845 45.30769230769231 0.019230769230769232 45.28846153846154 1.0262186999898404
232000 86.23076923076923 86.23076923076923 118.25 0.469551282051282 135.46153846153845 45.30769230769231 0.019230769230769232 45.28846153846154 1.2219595001079142
234000 86.23076923076923 86.23076923076923 118.25 0.469551282051282 135.46153846153845 45.30769230769231 0.019230769230769232 45.28846153846154 1.1840739999897778
236000 86.23076923076923 86.23076923076923 118.25 0.469551282051282 135.46153846153845 45.30769230769231 0.019230769230769232 45.28846153846154 1.198778800200671
238000 86.23076923076923 86.23076923076923 118.25 0.469551282051282 135.46153846153845 45.30769230769231 0.019230769230769232 45.28846153846154 1.1780035998672247
240000 86.23076923076923 86.23076923076923 118.25 0.469551282051282 135.46153846153845 45.30769230769231 0.019230769230769232 45.28846153846154 1.1785204000771046
242000 86.23076923076923 86.23076923076923 118.25 0.469551282051282 135.46153846153845 45.30769230769231 0.019230769230769232 45.28846153846154 1.1584454998373985
244000 86.23076923076923 86.23076923076923 118.25 0.469551282051282 135.46153846153845 45.30769230769231 0.019230769230769232 45.28846153846154 1.1434269999153912
246000 86.23076923076923 86.23076923076923 118.25 0.469551282051282 135.46153846153845 45.30769230769231 0.019230769230769232 45.28846153846154 1.193532600067556
248000 86.23076923076923 86.23076923076923 118.25 0.469551282051282 135.46153846153845 45.30769230769231 0.019230769230769232 45.28846153846154 1.0957097001373768
250000 86.23076923076923 86.23076923076923 118.25 0.469551282051282 135.46153846153845 45.30769230769231 0.019230769230769232 45.28846153846154 1.1163200000301003
252000 86.23076923076923 86.23076923076923 118.25 0.469551282051282 135.46153846153845 45.30769230769231 0.019230769230769232 45.28846153846154 1.247864600038156
254000 86.23076923076923 86.23076923076923 118.25 0.469551282051282 135.46153846153845 45.30769230769231 0.019230769230769232 45.28846153846154 1.1709145999047905
256000 86.23076923076923 86.23076923076923 118.25 0.469551282051282 135.46153846153845 45.30769230769231 0.019230769230769232 45.28846153846154 1.1572269001044333
258000 86.23076923076923 86.23076923076923 118.25 0.469551282051282 135.46153846153845 45.30769230769231 0.019230769230769232 45.28846153846154 1.2313312999904156
260000 86.23076923076923 86.23076923076923 118.25 0.469551282051282 135.46153846153845 45.30769230769231 0.019230769230769232 45.28846153846154 1.2784626998472959
262000 86.23076923076923 86.23076923076923 118.25 0.469551282051282 135.46153846153845 45.30769230769231 0.019230769230769232 45.28846153846154 1.1549387001432478
264000 86.23076923076923 86.23076923076923 118.25 0.469551282051282 135.46153846153845 45.30769230769231 0.019230769230769232 45.28846153846154 1.1228495999239385
266000 86.23076923076923 86.23076923076923 118.25 0.469551282051282 135.46153846153845 45.30769230769231 0.019230769230769232 45.28846153846154 1.3084627999924123
268000 86.23076923076923 86.23076923076923 118.25 0.469551282051282 135.46153846153845 45.30769230769231 0.019230769230769232 45.28846153846154 1.1856076999101788
270000 86.23076923076923 86.23076923076923 118.25 0.469551282051282 135.46153846153845 45.30769230769231 0.019230769230769232 45.28846153846154 1.128631800180301
272000 86.23076923076923 86.23076923076923 118.25 0.469551282051282 135.46153846153845 45.30769230769231 0.019230769230769232 45.28846153846154 1.0753665000665933
274000 86.23076923076923 86.23076923076923 118.25 0.469551282051282 135.46153846153845 45.30769230769231 0.019230769230769232 45.28846153846154 1.007475000107661
276000 86.23076923076923 86.23076923076923 118.25 0.469551282051282 135.46153846153845 45.30769230769231 0.019230769230769232 45.28846153846154 0.9843601998873055
278000 86.23076923076923 86.23076923076923 118.25 0.469551282051282 135.46153846153845 45.30769230769231 0.019230769230769232 45.28846153846154 1.0166110000573099
280000 86.23076923076923 86.23076923076923 118.25 0.469551282051282 135.46153846153845 45.30769230769231 0.019230769230769232 45.28846153846154 0.9892537000123411
282000 86.23076923076923 86.23076923076923 118.25 0.469551282051282 135.46153846153845 45.30769230769231 0.019230769230769232 45.28846153846154 1.053617199882865
284000 86.23076923076923 86.23076923076923 118.25 0.469551282051282 135.46153846153845 45.30769230769231 0.019230769230769232 45.28846153846154 1.00178789999336
286000 86.23076923076923 86.23076923076923 118.25 0.469551282051282 135.46153846153845 45.30769230769231 0.019230769230769232 45.28846153846154 1.0436256001703441
288000 86.23076923076923 86.23076923076923 118.25 0.469551282051282 135.46153846153845 45.30769230769231 0.019230769230769232 45.28846153846154 1.0115190001670271
290000 86.23076923076923 86.23076923076923 118.25 0.469551282051282 135.46153846153845 45.30769230769231 0.019230769230769232 45.28846153846154 0.9976232999470085
292000 86.23076923076923 86.23076923076923 118.25 0.469551282051282 135.46153846153845 45.30769230769231 0.019230769230769232 45.28846153846154 1.0147669001016766
294000 86.23076923076923 86.23076923076923 118.25 0.469551282051282 135.46153846153845 45.30769230769231 0.019230769230769232 45.28846153846154 0.9782442001160234
296000 86.23076923076923 86.23076923076923 118.25 0.469551282051282 135.46153846153845 45.30769230769231 0.019230769230769232 45.28846153846154 0.9542804001830518
298000 86.23076923076923 86.23076923076923 118.25 0.469551282051282 135.46153846153845 45.30769230769231 0.019230769230769232 45.28846153846154 0.954533799784258
300000 86.23076923076923 86.23076923076923 118.25 0.469551282051282 135.46153846153845 45.30769230769231 0.019230769230769232 45.28846153846154 1.001721000066027
302000 86.23076923076923 86.23076923076923 118.25 0.469551282051282 135.46153846153845 45.30769230769231 0.019230769230769232 45.28846153846154 0.9603463998064399
304000 86.23076923076923 86.23076923076923 118.25 0.469551282051282 135.46153846153845 45.30769230769231 0.019230769230769232 45.28846153846154 0.9818548001348972
306000 86.23076923076923 86.23076923076923 118.25 0.469551282051282 135.46153846153845 45.30769230769231 0.019230769230769232 45.28846153846154 1.1014560998883098
308000 86.23076923076923 86.23076923076923 118.25 0.469551282051282 135.46153846153845 45.30769230769231 0.019230769230769232 45.28846153846154 1.0176526999566704
310000 86.23076923076923 86.23076923076923 118.25 0.469551282051282 135.46153846153845 45.30769230769231 0.019230769230769232 45.28846153846154 1.0323622999712825
312000 86.23076923076923 86.23076923076923 118.25 0.469551282051282 135.46153846153845 45.30769230769231 0.019230769230769232 45.28846153846154 0.9962863000109792
314000 86.23076923076923 86.23076923076923 118.25 0.469551282051282 135.46153846153845 45.30769230769231 0.019230769230769232 45.28846153846154 1.217788100009784
316000 86.23076923076923 86.23076923076923 118.25 0.469551282051282 135.46153846153845 45.30769230769231 0.019230769230769232 45.28846153846154 1.2642419999465346
318000 86.23076923076923 86.23076923076923 118.25 0.469551282051282 135.46153846153845 45.30769230769231 0.019230769230769232 45.28846153846154 1.1107063998933882
320000 86.23076923076923 86.23076923076923 118.25 0.469551282051282 135.46153846153845 45.30769230769231 0.019230769230769232 45.28846153846154 1.1486506999935955
322000 86.23076923076923 86.23076923076923 118.25 0.469551282051282 135.46153846153845 45.30769230769231 0.019230769230769232 45.28846153846154 1.194368400145322
324000 86.23076923076923 86.23076923076923 118.25 0.469551282051282 135.46153846153845 45.30769230769231 0.019230769230769232 45.28846153846154 1.1611295000184327
326000 86.23076923076923 86.23076923076923 118.25 0.469551282051282 135.46153846153845 45.30769230769231 0.019230769230769232 45.28846153846154 1.1437856999691576
328000 86.23076923076923 86.23076923076923 118.25 0.469551282051282 135.46153846153845 45.30769230769231 0.019230769230769232 45.28846153846154 1.1100910999812186
330000 86.23076923076923 86.23076923076923 118.25 0.469551282051282 135.46153846153845 45.30769230769231 0.019230769230769232 45.28846153846154 1.2167533000465482
332000 86.23076923076923 86.23076923076923 118.25 0.469551282051282 135.46153846153845 45.30769230769231 0.019230769230769232 45.28846153846154 1.15121900010854
334000 86.23076923076923 86.23076923076923 118.25 0.469551282051282 135.46153846153845 45.30769230769231 0.019230769230769232 45.28846153846154 1.106647300068289
336000 86.23076923076923 86.23076923076923 118.25 0.469551282051282 135.46153846153845 45.30769230769231 0.019230769230769232 45.28846153846154 1.213377600070089
338000 86.23076923076923 86.23076923076923 118.25 0.469551282051282 135.46153846153845 45.30769230769231 0.019230769230769232 45.28846153846154 1.1523804999887943
340000 86.23076923076923 86.23076923076923 118.25 0.469551282051282 135.46153846153845 45.30769230769231 0.019230769230769232 45.28846153846154 1.2256082000676543
342000 86.23076923076923 86.23076923076923 118.25 0.469551282051282 135.46153846153845 45.30769230769231 0.019230769230769232 45.28846153846154 1.1371390998829156
344000 86.23076923076923 86.23076923076923 118.25 0.469551282051282 135.46153846153845 45.30769230769231 0.019230769230769232 45.28846153846154 1.1344184000045061
346000 86.23076923076923 86.23076923076923 118.25 0.469551282051282 135.46153846153845 45.30769230769231 0.019230769230769232 45.28846153846154 1.1496908999979496
348000 86.23076923076923 86.23076923076923 118.25 0.469551282051282 135.46153846153845 45.30769230769231 0.019230769230769232 45.28846153846154 1.1336892999242991
350000 86.23076923076923 86.23076923076923 118.25 0.469551282051282 135.46153846153845 45.30769230769231 0.019230769230769232 45.28846153846154 1.1567647000774741
352000 86.23076923076923 86.23076923076923 118.25 0.469551282051282 135.46153846153845 45.30769230769231 0.019230769230769232 45.28846153846154 1.1066570000257343
354000 86.23076923076923 86.23076923076923 118.25 0.469551282051282 135.46153846153845 45.30769230769231 0.019230769230769232 45.28846153846154 1.1076197000220418
356000 86.23076923076923 86.23076923076923 118.25 0.469551282051282 135.46153846153845 45.30769230769231 0.019230769230769232 45.28846153846154 1.21457859990187
358000 86.23076923076923 86.23076923076923 118.25 0.469551282051282 135.46153846153845 45.30769230769231 0.019230769230769232 45.28846153846154 1.1299147000536323
360000 86.23076923076923 86.23076923076923 118.25 0.469551282051282 135.46153846153845 45.30769230769231 0.019230769230769232 45.28846153846154 1.1543042999692261
362000 86.23076923076923 86.23076923076923 118.25 0.469551282051282 135.46153846153845 45.30769230769231 0.019230769230769232 45.28846153846154 1.1468458999879658
364000 86.23076923076923 86.23076923076923 118.25 0.469551282051282 135.46153846153845 45.30769230769231 0.019230769230769232 45.28846153846154 1.0913923000916839
366000 86.23076923076923 86.23076923076923 118.25 0.469551282051282 135.46153846153845 45.30769230769231 0.019230769230769232 45.28846153846154 1.1223081999924034
368000 86.23076923076923 86.23076923076923 118.25 0.469551282051282 135.46153846153845 45.30769230769231 0.019230769230769232 45.28846153846154 1.1578518999740481
370000 86.23076923076923 86.23076923076923 118.25 0.469551282051282 135.46153846153845 45.30769230769231 0.019230769230769232 45.28846153846154 1.2405079000163823
372000 86.23076923076923 86.23076923076923 118.25 0.469551282051282 135.46153846153845 45.30769230769231 0.019230769230769232 45.28846153846154 1.19180339993909
374000 86.23076923076923 86.23076923076923 118.25 0.469551282051282 135.46153846153845 45.30769230769231 0.019230769230769232 45.28846153846154 1.149631599895656
376000 86.23076923076923 86.23076923076923 118.25 0.469551282051282 135.46153846153845 45.30769230769231 0.019230769230769232 45.28846153846154 1.1139436999801546
378000 86.23076923076923 86.23076923076923 118.25 0.469551282051282 135.46153846153845 45.30769230769231 0.019230769230769232 45.28846153846154 1.1839914000593126
380000 86.23076923076923 86.23076923076923 118.25 0.469551282051282 135.46153846153845 45.30769230769231 0.019230769230769232 45.28846153846154 1.2760302000679076
382000 86.23076923076923 86.23076923076923 118.25 0.469551282051282 135.46153846153845 45.30769230769231 0.019230769230769232 45.28846153846154 1.1271462000440806
384000 86.23076923076923 86.23076923076923 118.25 0.469551282051282 135.46153846153845 45.30769230769231 0.019230769230769232 45.28846153846154 1.1247063998598605
386000 86.23076923076923 86.23076923076923 118.25 0.469551282051282 135.46153846153845 45.30769230769231 0.019230769230769232 45.28846153846154 1.1620559999719262
388000 86.23076923076923 86.23076923076923 118.25 0.469551282051282 135.46153846153845 45.30769230769231 0.019230769230769232 45.28846153846154 1.170099699869752
390000 86.23076923076923 86.23076923076923 118.25 0.469551282051282 135.46153846153845 45.30769230769231 0.019230769230769232 45.28846153846154 1.2629973001312464
392000 86.23076923076923 86.23076923076923 118.25 0.469551282051282 135.46153846153845 45.30769230769231 0.019230769230769232 45.28846153846154 1.138265199959278
394000 86.23076923076923 86.23076923076923 118.25 0.469551282051282 135.46153846153845 45.30769230769231 0.019230769230769232 45.28846153846154 1.236003499943763
396000 86.23076923076923 86.23076923076923 118.25 0.469551282051282 135.46153846153845 45.30769230769231 0.019230769230769232 45.28846153846154 1.1529540000483394
398000 86.23076923076923 86.23076923076923 118.25 0.469551282051282 135.46153846153845 45.30769230769231 0.019230769230769232 45.28846153846154 1.1237743000965565
400000 86.23076923076923 86.23076923076923 118.25 0.469551282051282 135.46153846153845 45.30769230769231 0.019230769230769232 45.28846153846154 1.1587950000539422
402000 86.23076923076923 86.23076923076923 118.25 0.469551282051282 135.46153846153845 45.30769230769231 0.019230769230769232 45.28846153846154 1.140524199930951
404000 86.23076923076923 86.23076923076923 118.25 0.469551282051282 135.46153846153845 45.30769230769231 0.019230769230769232 45.28846153846154 1.1703643000219017
406000 86.23076923076923 86.23076923076923 118.25 0.469551282051282 135.46153846153845 45.30769230769231 0.019230769230769232 45.28846153846154 1.188576800050214
408000 86.23076923076923 86.23076923076923 118.25 0.469551282051282 135.46153846153845 45.30769230769231 0.019230769230769232 45.28846153846154 1.1519534999970347
410000 86.23076923076923 86.23076923076923 118.25 0.469551282051282 135.46153846153845 45.30769230769231 0.019230769230769232 45.28846153846154 1.1165314000099897
412000 86.23076923076923 86.23076923076923 118.25 0.469551282051282 135.46153846153845 45.30769230769231 0.019230769230769232 45.28846153846154 1.1471533000003546
414000 86.23076923076923 86.23076923076923 118.25 0.469551282051282 135.46153846153845 45.30769230769231 0.019230769230769232 45.28846153846154 1.1425853001419455
416000 86.23076923076923 86.23076923076923 118.25 0.469551282051282 135.46153846153845 45.30769230769231 0.019230769230769232 45.28846153846154 1.2351334998384118
418000 86.23076923076923 86.23076923076923 118.25 0.469551282051282 135.46153846153845 45.30769230769231 0.019230769230769232 45.28846153846154 1.1624449000228196
420000 86.23076923076923 86.23076923076923 118.25 0.469551282051282 135.46153846153845 45.30769230769231 0.019230769230769232 45.28846153846154 1.127222300041467
422000 86.23076923076923 86.23076923076923 118.25 0.469551282051282 135.46153846153845 45.30769230769231 0.019230769230769232 45.28846153846154 1.1022550999186933
424000 86.23076923076923 86.23076923076923 118.25 0.469551282051282 135.46153846153845 45.30769230769231 0.019230769230769232 45.28846153846154 1.1257061001379043
426000 86.23076923076923 86.23076923076923 118.25 0.469551282051282 135.46153846153845 45.30769230769231 0.019230769230769232 45.28846153846154 1.1318463999778032
428000 86.23076923076923 86.23076923076923 118.25 0.469551282051282 135.46153846153845 45.30769230769231 0.019230769230769232 45.28846153846154 1.122650200035423
430000 86.23076923076923 86.23076923076923 118.25 0.469551282051282 135.46153846153845 45.30769230769231 0.019230769230769232 45.28846153846154 1.1451886999420822
432000 86.23076923076923 86.23076923076923 118.25 0.469551282051282 135.46153846153845 45.30769230769231 0.019230769230769232 45.28846153846154 1.1532323001883924
434000 86.23076923076923 86.23076923076923 118.25 0.469551282051282 135.46153846153845 45.30769230769231 0.019230769230769232 45.28846153846154 1.0195297999307513
436000 86.23076923076923 86.23076923076923 118.25 0.469551282051282 135.46153846153845 45.30769230769231 0.019230769230769232 45.28846153846154 1.0117288997862488
438000 86.23076923076923 86.23076923076923 118.25 0.469551282051282 135.46153846153845 45.30769230769231 0.019230769230769232 45.28846153846154 0.9602668001316488
440000 86.23076923076923 86.23076923076923 118.25 0.469551282051282 135.46153846153845 45.30769230769231 0.019230769230769232 45.28846153846154 1.144748599966988
442000 86.23076923076923 86.23076923076923 118.25 0.469551282051282 135.46153846153845 45.30769230769231 0.019230769230769232 45.28846153846154 1.1458330999594182
444000 86.23076923076923 86.23076923076923 118.25 0.469551282051282 135.46153846153845 45.30769230769231 0.019230769230769232 45.28846153846154 1.1523543999064714
446000 86.23076923076923 86.23076923076923 118.25 0.469551282051282 135.46153846153845 45.30769230769231 0.019230769230769232 45.28846153846154 1.1533099999651313
448000 86.23076923076923 86.23076923076923 118.25 0.469551282051282 135.46153846153845 45.30769230769231 0.019230769230769232 45.28846153846154 1.1732518998906016
450000 86.23076923076923 86.23076923076923 118.25 0.469551282051282 135.46153846153845 45.30769230769231 0.019230769230769232 45.28846153846154 1.1987838000059128
452000 86.23076923076923 86.23076923076923 118.25 0.469551282051282 135.46153846153845 45.30769230769231 0.019230769230769232 45.28846153846154 1.1830953999888152
454000 86.23076923076923 86.23076923076923 118.25 0.469551282051282 135.46153846153845 45.30769230769231 0.019230769230769232 45.28846153846154 1.103995099896565
456000 86.23076923076923 86.23076923076923 118.25 0.469551282051282 135.46153846153845 45.30769230769231 0.019230769230769232 45.28846153846154 1.1953850998543203
458000 86.23076923076923 86.23076923076923 118.25 0.469551282051282 135.46153846153845 45.30769230769231 0.019230769230769232 45.28846153846154 1.2241414000745863
460000 86.23076923076923 86.23076923076923 118.25 0.469551282051282 135.46153846153845 45.30769230769231 0.019230769230769232 45.28846153846154 1.1887048999778926
462000 86.23076923076923 86.23076923076923 118.25 0.469551282051282 135.46153846153845 45.30769230769231 0.019230769230769232 45.28846153846154 1.2584371999837458
464000 86.23076923076923 86.23076923076923 118.25 0.469551282051282 135.46153846153845 45.30769230769231 0.019230769230769232 45.28846153846154 1.1389875998720527
466000 86.23076923076923 86.23076923076923 118.25 0.469551282051282 135.46153846153845 45.30769230769231 0.019230769230769232 45.28846153846154 1.169887199997902
468000 86.23076923076923 86.23076923076923 118.25 0.469551282051282 135.46153846153845 45.30769230769231 0.019230769230769232 45.28846153846154 1.2643650001846254
470000 86.23076923076923 86.23076923076923 118.25 0.469551282051282 135.46153846153845 45.30769230769231 0.019230769230769232 45.28846153846154 1.1440163999795914
472000 86.23076923076923 86.23076923076923 118.25 0.469551282051282 135.46153846153845 45.30769230769231 0.019230769230769232 45.28846153846154 1.1857165000401437
474000 86.23076923076923 86.23076923076923 118.25 0.469551282051282 135.46153846153845 45.30769230769231 0.019230769230769232 45.28846153846154 1.1925657999236137
476000 86.23076923076923 86.23076923076923 118.25 0.469551282051282 135.46153846153845 45.30769230769231 0.019230769230769232 45.28846153846154 1.1125855999998748
478000 86.23076923076923 86.23076923076923 118.25 0.469551282051282 135.46153846153845 45.30769230769231 0.019230769230769232 45.28846153846154 1.1361879999749362
480000 86.23076923076923 86.23076923076923 118.25 0.469551282051282 135.46153846153845 45.30769230769231 0.019230769230769232 45.28846153846154 1.1773800000082701
482000 86.23076923076923 86.23076923076923 118.25 0.469551282051282 135.46153846153845 45.30769230769231 0.019230769230769232 45.28846153846154 1.1352075000759214
484000 86.23076923076923 86.23076923076923 118.25 0.469551282051282 135.46153846153845 45.30769230769231 0.019230769230769232 45.28846153846154 1.128800000064075
486000 86.23076923076923 86.23076923076923 118.25 0.469551282051282 135.46153846153845 45.30769230769231 0.019230769230769232 45.28846153846154 1.1637421001214534
488000 86.23076923076923 86.23076923076923 118.25 0.469551282051282 135.46153846153845 45.30769230769231 0.019230769230769232 45.28846153846154 1.20852530002594
490000 86.23076923076923 86.23076923076923 118.25 0.469551282051282 135.46153846153845 45.30769230769231 0.019230769230769232 45.28846153846154 1.1504385999869555
492000 86.23076923076923 86.23076923076923 118.25 0.469551282051282 135.46153846153845 45.30769230769231 0.019230769230769232 45.28846153846154 1.2223819999489933
494000 86.23076923076923 86.23076923076923 118.25 0.469551282051282 135.46153846153845 45.30769230769231 0.019230769230769232 45.28846153846154 1.2091376001480967
496000 86.23076923076923 86.23076923076923 118.25 0.469551282051282 135.46153846153845 45.30769230769231 0.019230769230769232 45.28846153846154 1.1202990000601858
498000 86.23076923076923 86.23076923076923 118.25 0.469551282051282 135.46153846153845 45.30769230769231 0.019230769230769232 45.28846153846154 1.1675911000929773
500000 86.23076923076923 86.23076923076923 118.25 0.469551282051282 135.46153846153845 45.30769230769231 0.019230769230769232 45.28846153846154 1.1268629000987858
