2000 9.192307692307692 9.192307692307692 98.4423076923077 0.29967948717948717 135.8653846153846 45.28846153846154 1.9038461538461537 43.38461538461539 1.8889541998505592
4000 17.03846153846154 17.03846153846154 88.63461538461539 0.41987179487179493 135.8653846153846 45.28846153846154 1.1153846153846154 44.17307692307692 1.9072088999673724
6000 10.75 10.75 91.84615384615384 0.34615384615384615 135.8653846153846 45.28846153846154 1.1153846153846154 44.17307692307692 1.8529719999060035
8000 15.903846153846153 15.903846153846153 86.34615384615384 0.41346153846153855 135.8653846153846 45.28846153846154 1.1153846153846154 44.17307692307692 1.869413800071925
10000 20.25 20.25 82.61538461538461 0.46314102564102566 135.8653846153846 45.28846153846154 1.1153846153846154 44.17307692307692 1.8569877999834716
12000 21.73076923076923 21.73076923076923 81.0 0.48237179487179493 135.8653846153846 45.28846153846154 1.1153846153846154 44.17307692307692 1.9210305998567492
14000 15.73076923076923 15.73076923076923 86.51923076923077 0.4310897435897436 135.8653846153846 45.28846153846154 1.1153846153846154 44.17307692307692 1.7976090998854488
16000 21.75 21.75 80.57692307692308 0.5016025641025641 135.8653846153846 45.28846153846154 1.1153846153846154 44.17307692307692 1.9112147998530418
18000 34.05769230769231 34.05769230769231 78.71153846153847 0.5128205128205129 135.8653846153846 45.28846153846154 1.1153846153846154 44.17307692307692 1.803849299903959
20000 34.05769230769231 34.05769230769231 78.71153846153847 0.5128205128205129 135.8653846153846 45.28846153846154 1.1153846153846154 44.17307692307692 2.3114054000470787
22000 34.05769230769231 34.05769230769231 78.71153846153847 0.5128205128205129 135.8653846153846 45.28846153846154 1.1153846153846154 44.17307692307692 2.1587438001297414
24000 34.05769230769231 34.05769230769231 78.71153846153847 0.5128205128205129 135.8653846153846 45.28846153846154 1.1153846153846154 44.17307692307692 2.118750900030136
26000 34.05769230769231 34.05769230769231 78.71153846153847 0.5128205128205129 135.8653846153846 45.28846153846154 1.1153846153846154 44.17307692307692 2.0345964999869466
28000 34.05769230769231 34.05769230769231 78.71153846153847 0.5128205128205129 135.8653846153846 45.28846153846154 1.1153846153846154 44.17307692307692 1.9632612999994308
30000 34.05769230769231 34.05769230769231 78.71153846153847 0.5128205128205129 135.8653846153846 45.28846153846154 1.1153846153846154 44.17307692307692 1.9102996999863535
32000 34.05769230769231 34.05769230769231 78.71153846153847 0.5128205128205129 135.8653846153846 45.28846153846154 1.1153846153846154 44.17307692307692 2.000547499861568
34000 34.05769230769231 34.05769230769231 78.71153846153847 0.5128205128205129 135.8653846153846 45.28846153846154 1.1153846153846154 44.17307692307692 1.9456491000019014
36000 62.15384615384615 62.15384615384615 76.51923076923077 0.5897435897435896 135.8653846153846 45.28846153846154 1.1153846153846154 44.17307692307692 1.8577305998187512
38000 72.57692307692308 72.57692307692308 75.1923076923077 0.5881410256410257 135.8653846153846 45.28846153846154 1.1153846153846154 44.17307692307692 1.989227700047195
40000 115.23076923076923 115.23076923076923 71.92307692307692 0.6153846153846154 135.8653846153846 45.28846153846154 1.1153846153846154 44.17307692307692 2.0190687000285834
42000 115.23076923076923 115.23076923076923 71.92307692307692 0.6153846153846154 135.8653846153846 45.28846153846154 1.1153846153846154 44.17307692307692 2.003190799849108
44000 115.23076923076923 115.23076923076923 71.92307692307692 0.6153846153846154 135.8653846153846 45.28846153846154 1.1153846153846154 44.17307692307692 1.9327233999501914
46000 115.23076923076923 115.23076923076923 71.92307692307692 0.6153846153846154 135.8653846153846 45.28846153846154 1.1153846153846154 44.17307692307692 2.027987099951133
48000 115.23076923076923 115.23076923076923 71.92307692307692 0.6153846153846154 135.8653846153846 45.28846153846154 1.1153846153846154 44.17307692307692 1.9344603000208735
50000 120.76923076923077 120.76923076923077 72.25 0.5865384615384616 135.8653846153846 45.28846153846154 1.1153846153846154 44.17307692307692 1.4293027000967413
52000 120.76923076923077 120.76923076923077 72.25 0.5865384615384616 135.8653846153846 45.28846153846154 1.1153846153846154 44.17307692307692 1.0108458001632243
54000 134.59615384615384 134.59615384615384 72.07692307692308 0.5961538461538463 135.8653846153846 45.28846153846154 1.1153846153846154 44.17307692307692 1.0905112999025732
56000 134.59615384615384 134.59615384615384 72.07692307692308 0.5961538461538463 135.8653846153846 45.28846153846154 1.1153846153846154 44.17307692307692 1.2161330000963062
58000 134.59615384615384 134.59615384615384 72.07692307692308 0.5961538461538463 135.8653846153846 45.28846153846154 1.1153846153846154 44.17307692307692 1.1753108000848442
60000 134.59615384615384 134.59615384615384 72.07692307692308 0.5961538461538463 135.8653846153846 45.28846153846154 1.1153846153846154 44.17307692307692 1.1785489998292178
62000 134.59615384615384 134.59615384615384 72.07692307692308 0.5961538461538463 135.8653846153846 45.28846153846154 1.1153846153846154 44.17307692307692 1.1400318001396954
64000 134.59615384615384 134.59615384615384 72.07692307692308 0.5961538461538463 135.8653846153846 45.28846153846154 1.1153846153846154 44.17307692307692 1.1924008000642061
66000 134.59615384615384 134.59615384615384 72.07692307692308 0.5961538461538463 135.8653846153846 45.28846153846154 1.1153846153846154 44.17307692307692 1.2589793000370264
68000 134.59615384615384 134.59615384615384 72.07692307692308 0.5961538461538463 135.8653846153846 45.28846153846154 1.1153846153846154 44.17307692307692 1.1712373001500964
70000 134.59615384615384 134.59615384615384 72.07692307692308 0.5961538461538463 135.8653846153846 45.28846153846154 1.1153846153846154 44.17307692307692 1.1198327001184225
72000 134.59615384615384 134.59615384615384 72.07692307692308 0.5961538461538463 135.8653846153846 45.28846153846154 1.1153846153846154 44.17307692307692 1.1384036999661475
74000 134.59615384615384 134.59615384615384 72.07692307692308 0.5961538461538463 135.8653846153846 45.28846153846154 1.1153846153846154 44.17307692307692 1.1882174999918789
76000 134.59615384615384 134.59615384615384 72.07692307692308 0.5961538461538463 135.8653846153846 45.28846153846154 1.1153846153846154 44.17307692307692 1.1627523000352085
78000 134.59615384615384 134.59615384615384 72.07692307692308 0.5961538461538463 135.8653846153846 45.28846153846154 1.1153846153846154 44.17307692307692 1.1979708999861032
80000 134.59615384615384 134.59615384615384 72.07692307692308 0.5961538461538463 135.8653846153846 45.28846153846154 1.1153846153846154 44.17307692307692 1.199775599874556
82000 134.59615384615384 134.59615384615384 72.07692307692308 0.5961538461538463 135.8653846153846 45.28846153846154 1.1153846153846154 44.17307692307692 1.1651810000184923
84000 134.59615384615384 134.59615384615384 72.07692307692308 0.5961538461538463 135.8653846153846 45.28846153846154 1.1153846153846154 44.17307692307692 1.187007199972868
86000 134.59615384615384 134.59615384615384 72.07692307692308 0.5961538461538463 135.8653846153846 45.28846153846154 1.1153846153846154 44.17307692307692 1.2057322999462485
88000 134.59615384615384 134.59615384615384 72.07692307692308 0.5961538461538463 135.8653846153846 45.28846153846154 1.1153846153846154 44.17307692307692 1.279496000148356
90000 134.59615384615384 134.59615384615384 72.07692307692308 0.5961538461538463 135.8653846153846 45.28846153846154 1.1153846153846154 44.17307692307692 1.1725467001087964
92000 134.59615384615384 134.59615384615384 72.07692307692308 0.5961538461538463 135.8653846153846 45.28846153846154 1.1153846153846154 44.17307692307692 1.0804812000133097
94000 134.59615384615384 134.59615384615384 72.07692307692308 0.5961538461538463 135.8653846153846 45.28846153846154 1.1153846153846154 44.17307692307692 1.0873965001665056
96000 134.59615384615384 134.59615384615384 72.07692307692308 0.5961538461538463 135.8653846153846 45.28846153846154 1.1153846153846154 44.17307692307692 1.2478483999148011
98000 134.59615384615384 134.59615384615384 72.07692307692308 0.5961538461538463 135.8653846153846 45.28846153846154 1.1153846153846154 44.17307692307692 1.1124007999897003
100000 134.59615384615384 134.59615384615384 72.07692307692308 0.5961538461538463 135.8653846153846 45.28846153846154 1.1153846153846154 44.17307692307692 1.1819203000050038
102000 134.59615384615384 134.59615384615384 72.07692307692308 0.5961538461538463 135.8653846153846 45.28846153846154 1.1153846153846154 44.17307692307692 1.1256235998589545
104000 134.59615384615384 134.59615384615384 72.07692307692308 0.5961538461538463 135.8653846153846 45.28846153846154 1.1153846153846154 44.17307692307692 1.1077793999575078
106000 134.59615384615384 134.59615384615384 72.07692307692308 0.5961538461538463 135.8653846153846 45.28846153846154 1.1153846153846154 44.17307692307692 1.1355370001401752
108000 134.59615384615384 134.59615384615384 72.07692307692308 0.5961538461538463 135.8653846153846 45.28846153846154 1.1153846153846154 44.17307692307692 1.1097432000096887
110000 134.59615384615384 134.59615384615384 72.07692307692308 0.5961538461538463 135.8653846153846 45.28846153846154 1.1153846153846154 44.17307692307692 1.0997035999316722
112000 134.59615384615384 134.59615384615384 72.07692307692308 0.5961538461538463 135.8653846153846 45.28846153846154 1.1153846153846154 44.17307692307692 1.0696051002014428
114000 134.59615384615384 134.59615384615384 72.07692307692308 0.5961538461538463 135.8653846153846 45.28846153846154 1.1153846153846154 44.17307692307692 1.0670380999799818
116000 134.59615384615384 134.59615384615384 72.07692307692308 0.5961538461538463 135.8653846153846 45.28846153846154 1.1153846153846154 44.17307692307692 1.114177400013432
118000 134.59615384615384 134.59615384615384 72.07692307692308 0.5961538461538463 135.8653846153846 45.28846153846154 1.1153846153846154 44.17307692307692 1.1331947001162916
120000 134.8653846153846 134.8653846153846 72.09615384615384 0.5961538461538463 135.8653846153846 45.28846153846154 1.1153846153846154 44.17307692307692 1.1203003001865
122000 134.8653846153846 134.8653846153846 72.09615384615384 0.5961538461538463 135.8653846153846 45.28846153846154 1.1153846153846154 44.17307692307692 1.1311398998368531
124000 134.8653846153846 134.8653846153846 72.09615384615384 0.5961538461538463 135.8653846153846 45.28846153846154 1.1153846153846154 44.17307692307692 1.0597874999511987
126000 134.8653846153846 134.8653846153846 72.09615384615384 0.5961538461538463 135.8653846153846 45.28846153846154 1.1153846153846154 44.17307692307692 1.091089199995622
128000 134.8653846153846 134.8653846153846 72.09615384615384 0.5961538461538463 135.8653846153846 45.28846153846154 1.1153846153846154 44.17307692307692 1.2610402000136673
130000 134.8653846153846 134.8653846153846 72.09615384615384 0.5961538461538463 135.8653846153846 45.28846153846154 1.1153846153846154 44.17307692307692 0.9303414998576045
132000 134.8653846153846 134.8653846153846 72.09615384615384 0.5961538461538463 135.8653846153846 45.28846153846154 1.1153846153846154 44.17307692307692 0.9954975999426097
134000 134.8653846153846 134.8653846153846 72.09615384615384 0.5961538461538463 135.8653846153846 45.28846153846154 1.1153846153846154 44.17307692307692 0.9630722000729293
136000 134.8653846153846 134.8653846153846 72.09615384615384 0.5961538461538463 135.8653846153846 45.28846153846154 1.1153846153846154 44.17307692307692 1.0781314999330789
138000 134.8653846153846 134.8653846153846 72.09615384615384 0.5961538461538463 135.8653846153846 45.28846153846154 1.1153846153846154 44.17307692307692 0.9495772998780012
140000 134.8653846153846 134.8653846153846 72.09615384615384 0.5961538461538463 135.8653846153846 45.28846153846154 1.1153846153846154 44.17307692307692 0.9875427999068052
142000 134.8653846153846 134.8653846153846 72.09615384615384 0.5961538461538463 135.8653846153846 45.28846153846154 1.1153846153846154 44.17307692307692 0.9941893999930471
144000 134.8653846153846 134.8653846153846 72.09615384615384 0.5961538461538463 135.8653846153846 45.28846153846154 1.1153846153846154 44.17307692307692 0.9482464001048356
146000 134.8653846153846 134.8653846153846 72.09615384615384 0.5961538461538463 135.8653846153846 45.28846153846154 1.1153846153846154 44.17307692307692 0.9344089000951499
148000 134.8653846153846 134.8653846153846 72.09615384615384 0.5961538461538463 135.8653846153846 45.28846153846154 1.1153846153846154 44.17307692307692 1.0018493998795748
150000 134.8653846153846 134.8653846153846 72.09615384615384 0.5961538461538463 135.8653846153846 45.28846153846154 1.1153846153846154 44.17307692307692 1.071829600026831
152000 134.8653846153846 134.8653846153846 72.09615384615384 0.5961538461538463 135.8653846153846 45.28846153846154 1.1153846153846154 44.17307692307692 1.0564590999856591
154000 134.8653846153846 134.8653846153846 72.09615384615384 0.5961538461538463 135.8653846153846 45.28846153846154 1.1153846153846154 44.17307692307692 0.9404945001006126
156000 134.8653846153846 134.8653846153846 72.09615384615384 0.5961538461538463 135.8653846153846 45.28846153846154 1.1153846153846154 44.17307692307692 0.9465867998078465
158000 134.8653846153846 134.8653846153846 72.09615384615384 0.5961538461538463 135.8653846153846 45.28846153846154 1.1153846153846154 44.17307692307692 1.0219394997693598
160000 134.8653846153846 134.8653846153846 72.09615384615384 0.5961538461538463 135.8653846153846 45.28846153846154 1.1153846153846154 44.17307692307692 0.9471231999341398
162000 134.8653846153846 134.8653846153846 72.09615384615384 0.5961538461538463 135.8653846153846 45.28846153846154 1.1153846153846154 44.17307692307692 0.9489281999412924
164000 134.8653846153846 134.8653846153846 72.09615384615384 0.5961538461538463 135.8653846153846 45.28846153846154 1.1153846153846154 44.17307692307692 1.0337898000143468
166000 134.8653846153846 134.8653846153846 72.09615384615384 0.5961538461538463 135.8653846153846 45.28846153846154 1.1153846153846154 44.17307692307692 1.0850727998185903
168000 134.8653846153846 134.8653846153846 72.09615384615384 0.5961538461538463 135.8653846153846 45.28846153846154 1.1153846153846154 44.17307692307692 0.9433179998304695
170000 134.8653846153846 134.8653846153846 72.09615384615384 0.5961538461538463 135.8653846153846 45.28846153846154 1.1153846153846154 44.17307692307692 1.0145872998982668
172000 134.8653846153846 134.8653846153846 72.09615384615384 0.5961538461538463 135.8653846153846 45.28846153846154 1.1153846153846154 44.17307692307692 0.9398751999251544
174000 134.8653846153846 134.8653846153846 72.09615384615384 0.5961538461538463 135.8653846153846 45.28846153846154 1.1153846153846154 44.17307692307692 1.0302305999211967
176000 134.8653846153846 134.8653846153846 72.09615384615384 0.5961538461538463 135.8653846153846 45.28846153846154 1.1153846153846154 44.17307692307692 0.9669818999245763
178000 134.8653846153846 134.8653846153846 72.09615384615384 0.5961538461538463 135.8653846153846 45.28846153846154 1.1153846153846154 44.17307692307692 1.1294495998881757
180000 134.8653846153846 134.8653846153846 72.09615384615384 0.5961538461538463 135.8653846153846 45.28846153846154 1.1153846153846154 44.17307692307692 0.9982771999202669
182000 134.8653846153846 134.8653846153846 72.09615384615384 0.5961538461538463 135.8653846153846 45.28846153846154 1.1153846153846154 44.17307692307692 1.1450167999137193
184000 134.8653846153846 134.8653846153846 72.09615384615384 0.5961538461538463 135.8653846153846 45.28846153846154 1.1153846153846154 44.17307692307692 1.0144911999814212
186000 134.8653846153846 134.8653846153846 72.09615384615384 0.5961538461538463 135.8653846153846 45.28846153846154 1.1153846153846154 44.17307692307692 1.0166770999785513
188000 134.8653846153846 134.8653846153846 72.09615384615384 0.5961538461538463 135.8653846153846 45.28846153846154 1.1153846153846154 44.17307692307692 1.0798500999808311
190000 134.8653846153846 134.8653846153846 72.09615384615384 0.5961538461538463 135.8653846153846 45.28846153846154 1.1153846153846154 44.17307692307692 1.1225580999162048
192000 134.8653846153846 134.8653846153846 72.09615384615384 0.5961538461538463 135.8653846153846 45.28846153846154 1.1153846153846154 44.17307692307692 1.06055870000273
194000 139.69230769230768 139.69230769230768 72.01923076923077 0.6025641025641026 135.8653846153846 45.28846153846154 1.2307692307692308 44.05769230769231 1.054087599972263
196000 139.69230769230768 139.69230769230768 72.01923076923077 0.6025641025641026 135.8653846153846 45.28846153846154 1.2307692307692308 44.05769230769231 1.0228055999614298
198000 139.69230769230768 139.69230769230768 72.01923076923077 0.6025641025641026 135.8653846153846 45.28846153846154 1.2307692307692308 44.05769230769231 0.9403162999078631
200000 139.69230769230768 139.69230769230768 72.01923076923077 0.6025641025641026 135.8653846153846 45.28846153846154 1.2307692307692308 44.05769230769231 1.0005972001235932
202000 139.69230769230768 139.69230769230768 72.01923076923077 0.6025641025641026 135.8653846153846 45.28846153846154 1.2307692307692308 44.05769230769231 1.0602596001699567
204000 139.69230769230768 139.69230769230768 72.01923076923077 0.6025641025641026 135.8653846153846 45.28846153846154 1.2307692307692308 44.05769230769231 1.0389577001333237
206000 139.69230769230768 139.69230769230768 72.01923076923077 0.6025641025641026 135.8653846153846 45.28846153846154 1.2307692307692308 44.05769230769231 0.953600199893117
208000 139.69230769230768 139.69230769230768 72.01923076923077 0.6025641025641026 135.8653846153846 45.28846153846154 1.2307692307692308 44.05769230769231 0.9981595000717789
210000 139.69230769230768 139.69230769230768 72.01923076923077 0.6025641025641026 135.8653846153846 45.28846153846154 1.2307692307692308 44.05769230769231 0.9826972000300884
212000 139.69230769230768 139.69230769230768 72.01923076923077 0.6025641025641026 135.8653846153846 45.28846153846154 1.2307692307692308 44.05769230769231 1.0266718999482691
214000 139.69230769230768 139.69230769230768 72.01923076923077 0.6025641025641026 135.8653846153846 45.28846153846154 1.2307692307692308 44.05769230769231 0.9636544999666512
216000 139.69230769230768 139.69230769230768 72.01923076923077 0.6025641025641026 135.8653846153846 45.28846153846154 1.2307692307692308 44.05769230769231 0.9362198000308126
218000 139.69230769230768 139.69230769230768 72.01923076923077 0.6025641025641026 135.8653846153846 45.28846153846154 1.2307692307692308 44.05769230769231 0.9951057001017034
220000 139.69230769230768 139.69230769230768 72.01923076923077 0.6025641025641026 135.8653846153846 45.28846153846154 1.2307692307692308 44.05769230769231 1.0136408999096602
222000 139.69230769230768 139.69230769230768 72.01923076923077 0.6025641025641026 135.8653846153846 45.28846153846154 1.2307692307692308 44.05769230769231 1.0304811000823975
224000 139.69230769230768 139.69230769230768 72.01923076923077 0.6025641025641026 135.8653846153846 45.28846153846154 1.2307692307692308 44.05769230769231 1.1663789001759142
226000 139.69230769230768 139.69230769230768 72.01923076923077 0.6025641025641026 135.8653846153846 45.28846153846154 1.2307692307692308 44.05769230769231 1.2018289000261575
228000 139.69230769230768 139.69230769230768 72.01923076923077 0.6025641025641026 135.8653846153846 45.28846153846154 1.2307692307692308 44.05769230769231 1.2477347000967711
230000 139.69230769230768 139.69230769230768 72.01923076923077 0.6025641025641026 135.8653846153846 45.28846153846154 1.2307692307692308 44.05769230769231 1.1392224000301212
232000 139.69230769230768 139.69230769230768 72.01923076923077 0.6025641025641026 135.8653846153846 45.28846153846154 1.2307692307692308 44.05769230769231 1.1258359998464584
234000 139.69230769230768 139.69230769230768 72.01923076923077 0.6025641025641026 135.8653846153846 45.28846153846154 1.2307692307692308 44.05769230769231 1.120327599812299
236000 211.94230769230768 211.94230769230768 69.01923076923077 0.5993589743589745 135.8653846153846 45.28846153846154 5.5 39.78846153846154 1.1685138000175357
238000 235.0 235.0 67.32692307692308 0.5817307692307693 135.8653846153846 45.28846153846154 7.769230769230769 37.51923076923077 1.0989198999013752
240000 235.0 235.0 67.32692307692308 0.5817307692307693 135.8653846153846 45.28846153846154 7.769230769230769 37.51923076923077 1.168646499980241
242000 235.0 235.0 67.32692307692308 0.5817307692307693 135.8653846153846 45.28846153846154 7.769230769230769 37.51923076923077 1.1396037000231445
244000 235.0 235.0 67.32692307692308 0.5817307692307693 135.8653846153846 45.28846153846154 7.769230769230769 37.51923076923077 1.2484752000309527
246000 235.0 235.0 67.32692307692308 0.5817307692307693 135.8653846153846 45.28846153846154 7.769230769230769 37.51923076923077 1.1119097999762744
248000 235.0 235.0 67.32692307692308 0.5817307692307693 135.8653846153846 45.28846153846154 7.769230769230769 37.51923076923077 1.2597346000839025
250000 235.0 235.0 67.32692307692308 0.5817307692307693 135.8653846153846 45.28846153846154 7.769230769230769 37.51923076923077 1.2869507998693734
252000 235.0 235.0 67.32692307692308 0.5817307692307693 135.8653846153846 45.28846153846154 7.769230769230769 37.51923076923077 1.1495974999852479
254000 235.0 235.0 67.32692307692308 0.5817307692307693 135.8653846153846 45.28846153846154 7.769230769230769 37.51923076923077 1.1204847001936287
256000 235.0 235.0 67.32692307692308 0.5817307692307693 135.8653846153846 45.28846153846154 7.769230769230769 37.51923076923077 1.169699399964884
258000 235.0 235.0 67.32692307692308 0.5817307692307693 135.8653846153846 45.28846153846154 7.769230769230769 37.51923076923077 1.0765655001159757
260000 235.0 235.0 67.32692307692308 0.5817307692307693 135.8653846153846 45.28846153846154 7.769230769230769 37.51923076923077 1.162403899943456
262000 235.0 235.0 67.32692307692308 0.5817307692307693 135.8653846153846 45.28846153846154 7.769230769230769 37.51923076923077 0.9861634999979287
264000 235.0 235.0 67.32692307692308 0.5817307692307693 135.8653846153846 45.28846153846154 7.769230769230769 37.51923076923077 1.1440273001790047
266000 235.0 235.0 67.32692307692308 0.5817307692307693 135.8653846153846 45.28846153846154 7.769230769230769 37.51923076923077 0.9907728999387473
268000 235.0 235.0 67.32692307692308 0.5817307692307693 135.8653846153846 45.28846153846154 7.769230769230769 37.51923076923077 1.0531089000869542
270000 235.0 235.0 67.32692307692308 0.5817307692307693 135.8653846153846 45.28846153846154 7.769230769230769 37.51923076923077 0.9921486999373883
272000 235.0 235.0 67.32692307692308 0.5817307692307693 135.8653846153846 45.28846153846154 7.769230769230769 37.51923076923077 0.9405473000369966
274000 235.0 235.0 67.32692307692308 0.5817307692307693 135.8653846153846 45.28846153846154 7.769230769230769 37.51923076923077 1.0366048000287265
276000 235.0 235.0 67.32692307692308 0.5817307692307693 135.8653846153846 45.28846153846154 7.769230769230769 37.51923076923077 0.9971402999944985
278000 235.0 235.0 67.32692307692308 0.5817307692307693 135.8653846153846 45.28846153846154 7.769230769230769 37.51923076923077 0.9456760999746621
280000 235.0 235.0 67.32692307692308 0.5817307692307693 135.8653846153846 45.28846153846154 7.769230769230769 37.51923076923077 0.9938531999941915
282000 235.0 235.0 67.32692307692308 0.5817307692307693 135.8653846153846 45.28846153846154 7.769230769230769 37.51923076923077 0.9904362000524998
284000 235.0 235.0 67.32692307692308 0.5817307692307693 135.8653846153846 45.28846153846154 7.769230769230769 37.51923076923077 0.9207744000013918
286000 235.0 235.0 67.32692307692308 0.5817307692307693 135.8653846153846 45.28846153846154 7.769230769230769 37.51923076923077 0.9322281000204384
288000 235.0 235.0 67.32692307692308 0.5817307692307693 135.8653846153846 45.28846153846154 7.769230769230769 37.51923076923077 0.9672776001971215
290000 235.0 235.0 67.32692307692308 0.5817307692307693 135.8653846153846 45.28846153846154 7.769230769230769 37.51923076923077 0.9360652999021113
292000 235.0 235.0 67.32692307692308 0.5817307692307693 135.8653846153846 45.28846153846154 7.769230769230769 37.51923076923077 1.0312028999906033
294000 235.0 235.0 67.32692307692308 0.5817307692307693 135.8653846153846 45.28846153846154 7.769230769230769 37.51923076923077 0.9736524999607354
296000 235.0 235.0 67.32692307692308 0.5817307692307693 135.8653846153846 45.28846153846154 7.769230769230769 37.51923076923077 1.0260879001580179
298000 235.0 235.0 67.32692307692308 0.5817307692307693 135.8653846153846 45.28846153846154 7.769230769230769 37.51923076923077 0.9863489998970181
300000 235.0 235.0 67.32692307692308 0.5817307692307693 135.8653846153846 45.28846153846154 7.769230769230769 37.51923076923077 1.0104188001714647
302000 235.0 235.0 67.32692307692308 0.5817307692307693 135.8653846153846 45.28846153846154 7.769230769230769 37.51923076923077 0.9452585000544786
304000 235.0 235.0 67.32692307692308 0.5817307692307693 135.8653846153846 45.28846153846154 7.769230769230769 37.51923076923077 1.2837403998710215
306000 235.0 235.0 67.32692307692308 0.5817307692307693 135.8653846153846 45.28846153846154 7.769230769230769 37.51923076923077 1.1263319000136107
308000 235.0 235.0 67.32692307692308 0.5817307692307693 135.8653846153846 45.28846153846154 7.769230769230769 37.51923076923077 1.1684967998880893
310000 235.0 235.0 67.32692307692308 0.5817307692307693 135.8653846153846 45.28846153846154 7.769230769230769 37.51923076923077 1.1615695001091808
312000 235.0 235.0 67.32692307692308 0.5817307692307693 135.8653846153846 45.28846153846154 7.769230769230769 37.51923076923077 1.1573862000368536
314000 235.0 235.0 67.32692307692308 0.5817307692307693 135.8653846153846 45.28846153846154 7.769230769230769 37.51923076923077 1.1295422001276165
316000 235.0 235.0 67.32692307692308 0.5817307692307693 135.8653846153846 45.28846153846154 7.769230769230769 37.51923076923077 1.1324682000558823
318000 235.0 235.0 67.32692307692308 0.5817307692307693 135.8653846153846 45.28846153846154 7.769230769230769 37.51923076923077 1.2441456001251936
320000 235.0 235.0 67.32692307692308 0.5817307692307693 135.8653846153846 45.28846153846154 7.769230769230769 37.51923076923077 1.1609561000950634
322000 235.0 235.0 67.32692307692308 0.5817307692307693 135.8653846153846 45.28846153846154 7.769230769230769 37.51923076923077 1.1204011000227183
324000 235.0 235.0 67.32692307692308 0.5817307692307693 135.8653846153846 45.28846153846154 7.769230769230769 37.51923076923077 1.139804100152105
326000 235.0 235.0 67.32692307692308 0.5817307692307693 135.8653846153846 45.28846153846154 7.769230769230769 37.51923076923077 1.1222299002110958
328000 235.0 235.0 67.32692307692308 0.5817307692307693 135.8653846153846 45.28846153846154 7.769230769230769 37.51923076923077 1.119529499905184
330000 235.0 235.0 67.32692307692308 0.5817307692307693 135.8653846153846 45.28846153846154 7.769230769230769 37.51923076923077 1.220024999929592
332000 235.0 235.0 67.32692307692308 0.5817307692307693 135.8653846153846 45.28846153846154 7.769230769230769 37.51923076923077 1.1473981000017375
334000 235.0 235.0 67.32692307692308 0.5817307692307693 135.8653846153846 45.28846153846154 7.769230769230769 37.51923076923077 1.180400500074029
336000 235.0 235.0 67.32692307692308 0.5817307692307693 135.8653846153846 45.28846153846154 7.769230769230769 37.51923076923077 1.165173500077799
338000 235.0 235.0 67.32692307692308 0.5817307692307693 135.8653846153846 45.28846153846154 7.769230769230769 37.51923076923077 1.0740492998156697
340000 235.0 235.0 67.32692307692308 0.5817307692307693 135.8653846153846 45.28846153846154 7.769230769230769 37.51923076923077 1.0943406000733376
342000 235.0 235.0 67.32692307692308 0.5817307692307693 135.8653846153846 45.28846153846154 7.769230769230769 37.51923076923077 1.0559306999202818
344000 235.0 235.0 67.32692307692308 0.5817307692307693 135.8653846153846 45.28846153846154 7.769230769230769 37.51923076923077 1.1733209998346865
346000 235.0 235.0 67.32692307692308 0.5817307692307693 135.8653846153846 45.28846153846154 7.769230769230769 37.51923076923077 1.1778402999043465
348000 235.0 235.0 67.32692307692308 0.5817307692307693 135.8653846153846 45.28846153846154 7.769230769230769 37.51923076923077 1.1511617999058217
350000 235.0 235.0 67.32692307692308 0.5817307692307693 135.8653846153846 45.28846153846154 7.769230769230769 37.51923076923077 1.1043735998682678
352000 235.0 235.0 67.32692307692308 0.5817307692307693 135.8653846153846 45.28846153846154 7.769230769230769 37.51923076923077 1.0430862000212073
354000 235.0 235.0 67.32692307692308 0.5817307692307693 135.8653846153846 45.28846153846154 7.769230769230769 37.51923076923077 1.1240574000403285
356000 235.0 235.0 67.32692307692308 0.5817307692307693 135.8653846153846 45.28846153846154 7.769230769230769 37.51923076923077 1.1206062000710517
358000 235.0 235.0 67.32692307692308 0.5817307692307693 135.8653846153846 45.28846153846154 7.769230769230769 37.51923076923077 1.2269027999136597
360000 235.0 235.0 67.32692307692308 0.5817307692307693 135.8653846153846 45.28846153846154 7.769230769230769 37.51923076923077 1.1778775001876056
362000 235.0 235.0 67.32692307692308 0.5817307692307693 135.8653846153846 45.28846153846154 7.769230769230769 37.51923076923077 1.0695098999422044
364000 235.0 235.0 67.32692307692308 0.5817307692307693 135.8653846153846 45.28846153846154 7.769230769230769 37.51923076923077 1.1791109000332654
366000 235.0 235.0 67.32692307692308 0.5817307692307693 135.8653846153846 45.28846153846154 7.769230769230769 37.51923076923077 1.2699450999498367
368000 235.0 235.0 67.32692307692308 0.5817307692307693 135.8653846153846 45.28846153846154 7.769230769230769 37.51923076923077 1.1270879998337477
370000 235.0 235.0 67.32692307692308 0.5817307692307693 135.8653846153846 45.28846153846154 7.769230769230769 37.51923076923077 1.184879100183025
372000 235.0 235.0 67.32692307692308 0.5817307692307693 135.8653846153846 45.28846153846154 7.769230769230769 37.51923076923077 1.2328166998922825
374000 235.0 235.0 67.32692307692308 0.5817307692307693 135.8653846153846 45.28846153846154 7.769230769230769 37.51923076923077 1.23851289995946
376000 235.0 235.0 67.32692307692308 0.5817307692307693 135.8653846153846 45.28846153846154 7.769230769230769 37.51923076923077 1.2778530998621136
378000 235.0 235.0 67.32692307692308 0.5817307692307693 135.8653846153846 45.28846153846154 7.769230769230769 37.51923076923077 1.1195231000892818
380000 235.0 235.0 67.32692307692308 0.5817307692307693 135.8653846153846 45.28846153846154 7.769230769230769 37.51923076923077 1.216683499980718
382000 235.0 235.0 67.32692307692308 0.5817307692307693 135.8653846153846 45.28846153846154 7.769230769230769 37.51923076923077 1.1026605998631567
384000 235.0 235.0 67.32692307692308 0.5817307692307693 135.8653846153846 45.28846153846154 7.769230769230769 37.51923076923077 1.104891899973154
386000 235.0 235.0 67.32692307692308 0.5817307692307693 135.8653846153846 45.28846153846154 7.769230769230769 37.51923076923077 1.109859200194478
388000 235.0 235.0 67.32692307692308 0.5817307692307693 135.8653846153846 45.28846153846154 7.769230769230769 37.51923076923077 1.1696999999694526
390000 235.0 235.0 67.32692307692308 0.5817307692307693 135.8653846153846 45.28846153846154 7.769230769230769 37.51923076923077 1.223503999877721
392000 235.0 235.0 67.32692307692308 0.5817307692307693 135.8653846153846 45.28846153846154 7.769230769230769 37.51923076923077 1.0999122001230717
394000 235.0 235.0 67.32692307692308 0.5817307692307693 135.8653846153846 45.28846153846154 7.769230769230769 37.51923076923077 1.113684399984777
396000 235.0 235.0 67.32692307692308 0.5817307692307693 135.8653846153846 45.28846153846154 7.769230769230769 37.51923076923077 1.1648229998536408
398000 235.0 235.0 67.32692307692308 0.5817307692307693 135.8653846153846 45.28846153846154 7.769230769230769 37.51923076923077 1.1212995001114905
400000 235.0 235.0 67.32692307692308 0.5817307692307693 135.8653846153846 45.28846153846154 7.769230769230769 37.51923076923077 1.147235999815166
402000 235.0 235.0 67.32692307692308 0.5817307692307693 135.8653846153846 45.28846153846154 7.769230769230769 37.51923076923077 1.1226556000765413
404000 235.0 235.0 67.32692307692308 0.5817307692307693 135.8653846153846 45.28846153846154 7.769230769230769 37.51923076923077 1.1490100000519305
406000 235.0 235.0 67.32692307692308 0.5817307692307693 135.8653846153846 45.28846153846154 7.769230769230769 37.51923076923077 1.1341421001125127
408000 235.0 235.0 67.32692307692308 0.5817307692307693 135.8653846153846 45.28846153846154 7.769230769230769 37.51923076923077 1.1274560000747442
410000 235.0 235.0 67.32692307692308 0.5817307692307693 135.8653846153846 45.28846153846154 7.769230769230769 37.51923076923077 1.1479024000000209
412000 235.0 235.0 67.32692307692308 0.5817307692307693 135.8653846153846 45.28846153846154 7.769230769230769 37.51923076923077 1.141362499911338
414000 235.0 235.0 67.32692307692308 0.5817307692307693 135.8653846153846 45.28846153846154 7.769230769230769 37.51923076923077 1.1776694001164287
416000 235.0 235.0 67.32692307692308 0.5817307692307693 135.8653846153846 45.28846153846154 7.769230769230769 37.51923076923077 1.1126881001982838
418000 235.0 235.0 67.32692307692308 0.5817307692307693 135.8653846153846 45.28846153846154 7.769230769230769 37.51923076923077 1.0133225999306887
420000 235.0 235.0 67.32692307692308 0.5817307692307693 135.8653846153846 45.28846153846154 7.769230769230769 37.51923076923077 0.9774464999791235
422000 235.0 235.0 67.32692307692308 0.5817307692307693 135.8653846153846 45.28846153846154 7.769230769230769 37.51923076923077 1.151306999847293
424000 235.0 235.0 67.32692307692308 0.5817307692307693 135.8653846153846 45.28846153846154 7.769230769230769 37.51923076923077 1.1417821999639273
426000 235.0 235.0 67.32692307692308 0.5817307692307693 135.8653846153846 45.28846153846154 7.769230769230769 37.51923076923077 1.146662900224328
428000 235.0 235.0 67.32692307692308 0.5817307692307693 135.8653846153846 45.28846153846154 7.769230769230769 37.51923076923077 1.0981981998775154
430000 235.0 235.0 67.32692307692308 0.5817307692307693 135.8653846153846 45.28846153846154 7.769230769230769 37.51923076923077 1.17272559995763
432000 235.0 235.0 67.32692307692308 0.5817307692307693 135.8653846153846 45.28846153846154 7.769230769230769 37.51923076923077 1.2164595001377165
434000 235.0 235.0 67.32692307692308 0.5817307692307693 135.8653846153846 45.28846153846154 7.769230769230769 37.51923076923077 1.1151670999825
436000 235.0 235.0 67.32692307692308 0.5817307692307693 135.8653846153846 45.28846153846154 7.769230769230769 37.51923076923077 1.1634742999449372
438000 235.0 235.0 67.32692307692308 0.5817307692307693 135.8653846153846 45.28846153846154 7.769230769230769 37.51923076923077 1.1642535999417305
440000 235.0 235.0 67.32692307692308 0.5817307692307693 135.8653846153846 45.28846153846154 7.769230769230769 37.51923076923077 1.1291694999672472
442000 235.0 235.0 67.32692307692308 0.5817307692307693 135.8653846153846 45.28846153846154 7.769230769230769 37.51923076923077 1.1589684002101421
444000 235.0 235.0 67.32692307692308 0.5817307692307693 135.8653846153846 45.28846153846154 7.769230769230769 37.51923076923077 1.1406807000748813
446000 235.0 235.0 67.32692307692308 0.5817307692307693 135.8653846153846 45.28846153846154 7.769230769230769 37.51923076923077 1.1564809998963028
448000 235.0 235.0 67.32692307692308 0.5817307692307693 135.8653846153846 45.28846153846154 7.769230769230769 37.51923076923077 1.1429186998866498
450000 235.0 235.0 67.32692307692308 0.5817307692307693 135.8653846153846 45.28846153846154 7.769230769230769 37.51923076923077 1.2002521001268178
452000 235.0 235.0 67.32692307692308 0.5817307692307693 135.8653846153846 45.28846153846154 7.769230769230769 37.51923076923077 1.1197730998974293
454000 235.0 235.0 67.32692307692308 0.5817307692307693 135.8653846153846 45.28846153846154 7.769230769230769 37.51923076923077 1.1633023000322282
456000 235.0 235.0 67.32692307692308 0.5817307692307693 135.8653846153846 45.28846153846154 7.769230769230769 37.51923076923077 1.1704422999173403
458000 235.0 235.0 67.32692307692308 0.5817307692307693 135.8653846153846 45.28846153846154 7.769230769230769 37.51923076923077 1.1704166000708938
460000 235.0 235.0 67.32692307692308 0.5817307692307693 135.8653846153846 45.28846153846154 7.769230769230769 37.51923076923077 1.1335709001868963
462000 235.0 235.0 67.32692307692308 0.5817307692307693 135.8653846153846 45.28846153846154 7.769230769230769 37.51923076923077 1.1752989999949932
464000 235.0 235.0 67.32692307692308 0.5817307692307693 135.8653846153846 45.28846153846154 7.769230769230769 37.51923076923077 1.2054228999186307
466000 235.0 235.0 67.32692307692308 0.5817307692307693 135.8653846153846 45.28846153846154 7.769230769230769 37.51923076923077 1.1547371000051498
468000 235.0 235.0 67.32692307692308 0.5817307692307693 135.8653846153846 45.28846153846154 7.769230769230769 37.51923076923077 1.1252836000639945
470000 235.0 235.0 67.32692307692308 0.5817307692307693 135.8653846153846 45.28846153846154 7.769230769230769 37.51923076923077 1.2359742999542505
472000 235.0 235.0 67.32692307692308 0.5817307692307693 135.8653846153846 45.28846153846154 7.769230769230769 37.51923076923077 1.121811700053513
474000 235.0 235.0 67.32692307692308 0.5817307692307693 135.8653846153846 45.28846153846154 7.769230769230769 37.51923076923077 1.1714415000751615
476000 235.0 235.0 67.32692307692308 0.5817307692307693 135.8653846153846 45.28846153846154 7.769230769230769 37.51923076923077 1.1393989000935107
478000 235.0 235.0 67.32692307692308 0.5817307692307693 135.8653846153846 45.28846153846154 7.769230769230769 37.51923076923077 1.1388057998847216
480000 235.0 235.0 67.32692307692308 0.5817307692307693 135.8653846153846 45.28846153846154 7.769230769230769 37.51923076923077 1.1546829999424517
482000 251.98076923076923 251.98076923076923 68.34615384615384 0.5913461538461539 135.8653846153846 45.28846153846154 7.769230769230769 37.51923076923077 0.9835332999937236
484000 251.98076923076923 251.98076923076923 68.34615384615384 0.5913461538461539 135.8653846153846 45.28846153846154 7.769230769230769 37.51923076923077 0.7837188998237252
486000 251.98076923076923 251.98076923076923 68.34615384615384 0.5913461538461539 135.8653846153846 45.28846153846154 7.769230769230769 37.51923076923077 0.6340870000422001
488000 251.98076923076923 251.98076923076923 68.34615384615384 0.5913461538461539 135.8653846153846 45.28846153846154 7.769230769230769 37.51923076923077 0.6229139000643045
490000 251.98076923076923 251.98076923076923 68.34615384615384 0.5913461538461539 135.8653846153846 45.28846153846154 7.769230769230769 37.51923076923077 0.6293438000138849
492000 251.98076923076923 251.98076923076923 68.34615384615384 0.5913461538461539 135.8653846153846 45.28846153846154 7.769230769230769 37.51923076923077 0.6459248999599367
494000 251.98076923076923 251.98076923076923 68.34615384615384 0.5913461538461539 135.8653846153846 45.28846153846154 7.769230769230769 37.51923076923077 0.6389170999173075
496000 251.98076923076923 251.98076923076923 68.34615384615384 0.5913461538461539 135.8653846153846 45.28846153846154 7.769230769230769 37.51923076923077 0.6982875000685453
498000 251.98076923076923 251.98076923076923 68.34615384615384 0.5913461538461539 135.8653846153846 45.28846153846154 7.769230769230769 37.51923076923077 0.8124704000074416
500000 251.98076923076923 251.98076923076923 68.34615384615384 0.5913461538461539 135.8653846153846 45.28846153846154 7.769230769230769 37.51923076923077 0.8539144000969827
