2000 4.592592592592593 2.814814814814815 128.94444444444446 0.11574074074074076 135.5185185185185 45.333333333333336 0.0 45.333333333333336 1.5172550999559462
4000 1.2222222222222223 -0.25925925925925924 129.4814814814815 0.05246913580246913 135.5185185185185 45.333333333333336 0.0 45.333333333333336 1.759574299911037
6000 4.2407407407407405 3.240740740740741 128.22222222222223 0.10648148148148148 135.5185185185185 45.333333333333336 0.0 45.333333333333336 1.8321628000121564
8000 15.75925925925926 13.962962962962964 124.68518518518519 0.3024691358024691 135.5185185185185 45.333333333333336 0.0 45.333333333333336 1.9500738999340683
10000 18.24074074074074 16.444444444444443 124.37037037037037 0.32098765432098764 135.5185185185185 45.333333333333336 0.0 45.333333333333336 2.011948399944231
12000 9.351851851851851 9.351851851851851 124.14814814814815 0.3657407407407408 135.5185185185185 45.333333333333336 0.0 45.333333333333336 1.9742525999899954
14000 9.351851851851851 9.351851851851851 124.14814814814815 0.3657407407407408 135.5185185185185 45.333333333333336 0.0 45.333333333333336 2.004539799876511
16000 9.351851851851851 9.351851851851851 124.14814814814815 0.3657407407407408 135.5185185185185 45.333333333333336 0.0 45.333333333333336 2.0075785000808537
18000 9.166666666666666 9.166666666666666 124.0925925925926 0.3657407407407408 135.5185185185185 45.333333333333336 0.0 45.333333333333336 2.0214285999536514
20000 20.51851851851852 18.62962962962963 122.87037037037037 0.41820987654320985 135.5185185185185 45.333333333333336 0.0 45.333333333333336 2.190027100034058
22000 14.87037037037037 -1.0 123.61111111111111 0.36574074074074076 135.5185185185185 45.333333333333336 0.0 45.333333333333336 2.1933040998410434
24000 14.87037037037037 -1.0 123.61111111111111 0.36574074074074076 135.5185185185185 45.333333333333336 0.0 45.333333333333336 2.171715799951926
26000 14.87037037037037 -1.0 123.61111111111111 0.36574074074074076 135.5185185185185 45.333333333333336 0.0 45.333333333333336 2.0345197999849916
28000 14.87037037037037 -1.0 123.61111111111111 0.36574074074074076 135.5185185185185 45.333333333333336 0.0 45.333333333333336 2.014774200040847
30000 14.87037037037037 -1.0 123.61111111111111 0.36574074074074076 135.5185185185185 45.333333333333336 0.0 45.333333333333336 1.9885410000570118
32000 14.87037037037037 -1.0 123.61111111111111 0.36574074074074076 135.5185185185185 45.333333333333336 0.0 45.333333333333336 2.0490717000793666
34000 14.87037037037037 -1.0 123.61111111111111 0.36574074074074076 135.5185185185185 45.333333333333336 0.0 45.333333333333336 2.1649627999868244
36000 65.85185185185185 65.85185185185185 118.61111111111111 0.5308641975308641 135.5185185185185 45.333333333333336 0.018518518518518517 45.31481481481482 2.004668500041589
38000 65.85185185185185 65.85185185185185 118.61111111111111 0.5308641975308641 135.5185185185185 45.333333333333336 0.018518518518518517 45.31481481481482 2.1869286000728607
40000 136.9814814814815 136.9814814814815 117.94444444444444 0.595679012345679 135.5185185185185 45.333333333333336 0.0 45.333333333333336 2.0529183000326157
42000 136.9814814814815 136.9814814814815 117.94444444444444 0.595679012345679 135.5185185185185 45.333333333333336 0.0 45.333333333333336 1.9967851999681443
44000 136.9814814814815 136.9814814814815 117.94444444444444 0.595679012345679 135.5185185185185 45.333333333333336 0.0 45.333333333333336 1.9690854998771101
46000 136.9814814814815 136.9814814814815 117.94444444444444 0.595679012345679 135.5185185185185 45.333333333333336 0.0 45.333333333333336 2.061640900094062
48000 136.9814814814815 136.9814814814815 117.94444444444444 0.595679012345679 135.5185185185185 45.333333333333336 0.0 45.333333333333336 2.044527599820867
50000 136.9814814814815 136.9814814814815 117.94444444444444 0.595679012345679 135.5185185185185 45.333333333333336 0.0 45.333333333333336 1.9531286999117583
52000 136.9814814814815 136.9814814814815 117.94444444444444 0.595679012345679 135.5185185185185 45.333333333333336 0.0 45.333333333333336 1.0798541998956352
54000 136.9814814814815 136.9814814814815 117.94444444444444 0.595679012345679 135.5185185185185 45.333333333333336 0.0 45.333333333333336 1.1401672998908907
56000 126.18518518518519 49.51851851851852 118.38888888888889 0.5910493827160495 135.5185185185185 45.333333333333336 0.0 45.333333333333336 1.187332000117749
58000 126.18518518518519 49.51851851851852 118.38888888888889 0.5910493827160495 135.5185185185185 45.333333333333336 0.0 45.333333333333336 1.2338952999562025
60000 126.18518518518519 49.51851851851852 118.38888888888889 0.5910493827160495 135.5185185185185 45.333333333333336 0.0 45.333333333333336 1.2420888000633568
62000 126.18518518518519 49.51851851851852 118.38888888888889 0.5910493827160495 135.5185185185185 45.333333333333336 0.0 45.333333333333336 1.200862400000915
64000 126.18518518518519 49.51851851851852 118.38888888888889 0.5910493827160495 135.5185185185185 45.333333333333336 0.0 45.333333333333336 1.155406700214371
66000 126.18518518518519 49.51851851851852 118.38888888888889 0.5910493827160495 135.5185185185185 45.333333333333336 0.0 45.333333333333336 1.2289678999222815
68000 126.18518518518519 49.51851851851852 118.38888888888889 0.5910493827160495 135.5185185185185 45.333333333333336 0.0 45.333333333333336 1.2539741999935359
70000 126.18518518518519 49.51851851851852 118.38888888888889 0.5910493827160495 135.5185185185185 45.333333333333336 0.0 45.333333333333336 1.2442578000482172
72000 126.18518518518519 49.51851851851852 118.38888888888889 0.5910493827160495 135.5185185185185 45.333333333333336 0.0 45.333333333333336 1.1966062001883984
74000 126.18518518518519 49.51851851851852 118.38888888888889 0.5910493827160495 135.5185185185185 45.333333333333336 0.0 45.333333333333336 1.20407719979994
76000 126.18518518518519 49.51851851851852 118.38888888888889 0.5910493827160495 135.5185185185185 45.333333333333336 0.0 45.333333333333336 1.289739000145346
78000 126.18518518518519 49.51851851851852 118.38888888888889 0.5910493827160495 135.5185185185185 45.333333333333336 0.0 45.333333333333336 1.166811800096184
80000 126.18518518518519 49.51851851851852 118.38888888888889 0.5910493827160495 135.5185185185185 45.333333333333336 0.0 45.333333333333336 1.1766876999754459
82000 126.18518518518519 49.51851851851852 118.38888888888889 0.5910493827160495 135.5185185185185 45.333333333333336 0.0 45.333333333333336 1.230914399959147
84000 126.18518518518519 49.51851851851852 118.38888888888889 0.5910493827160495 135.5185185185185 45.333333333333336 0.0 45.333333333333336 1.1900304998271167
86000 126.18518518518519 49.51851851851852 118.38888888888889 0.5910493827160495 135.5185185185185 45.333333333333336 0.0 45.333333333333336 1.2259991001337767
88000 126.18518518518519 49.51851851851852 118.38888888888889 0.5910493827160495 135.5185185185185 45.333333333333336 0.0 45.333333333333336 1.2546012999955565
90000 126.18518518518519 49.51851851851852 118.38888888888889 0.5910493827160495 135.5185185185185 45.333333333333336 0.0 45.333333333333336 1.3430115999653935
92000 126.18518518518519 49.51851851851852 118.38888888888889 0.5910493827160495 135.5185185185185 45.333333333333336 0.0 45.333333333333336 1.235455899965018
94000 126.18518518518519 49.51851851851852 118.38888888888889 0.5910493827160495 135.5185185185185 45.333333333333336 0.0 45.333333333333336 1.1888161001261324
96000 126.18518518518519 49.51851851851852 118.38888888888889 0.5910493827160495 135.5185185185185 45.333333333333336 0.0 45.333333333333336 1.1561060999520123
98000 126.18518518518519 49.51851851851852 118.38888888888889 0.5910493827160495 135.5185185185185 45.333333333333336 0.0 45.333333333333336 1.2683085000608116
100000 136.9814814814815 136.9814814814815 117.94444444444444 0.595679012345679 135.5185185185185 45.333333333333336 0.0 45.333333333333336 1.4574309000745416
102000 126.18518518518519 49.51851851851852 118.38888888888889 0.5910493827160495 135.5185185185185 45.333333333333336 0.0 45.333333333333336 1.1500773997977376
104000 126.18518518518519 49.51851851851852 118.38888888888889 0.5910493827160495 135.5185185185185 45.333333333333336 0.0 45.333333333333336 1.1169996000826359
106000 136.9814814814815 136.9814814814815 117.94444444444444 0.595679012345679 135.5185185185185 45.333333333333336 0.0 45.333333333333336 1.1810781999956816
108000 136.9814814814815 136.9814814814815 117.94444444444444 0.595679012345679 135.5185185185185 45.333333333333336 0.0 45.333333333333336 1.1764302998781204
110000 136.9814814814815 136.9814814814815 117.94444444444444 0.595679012345679 135.5185185185185 45.333333333333336 0.0 45.333333333333336 1.154149199835956
112000 136.9814814814815 136.9814814814815 117.94444444444444 0.595679012345679 135.5185185185185 45.333333333333336 0.0 45.333333333333336 1.2660231001209468
114000 136.9814814814815 136.9814814814815 117.94444444444444 0.595679012345679 135.5185185185185 45.333333333333336 0.0 45.333333333333336 1.194203000050038
116000 136.9814814814815 136.9814814814815 117.94444444444444 0.595679012345679 135.5185185185185 45.333333333333336 0.0 45.333333333333336 1.1161633001174778
118000 136.9814814814815 136.9814814814815 117.94444444444444 0.595679012345679 135.5185185185185 45.333333333333336 0.0 45.333333333333336 1.1625179999973625
120000 136.9814814814815 136.9814814814815 117.94444444444444 0.595679012345679 135.5185185185185 45.333333333333336 0.0 45.333333333333336 1.2391925000119954
122000 136.9814814814815 136.9814814814815 117.94444444444444 0.595679012345679 135.5185185185185 45.333333333333336 0.0 45.333333333333336 1.1709833000786602
124000 136.9814814814815 136.9814814814815 117.94444444444444 0.595679012345679 135.5185185185185 45.333333333333336 0.0 45.333333333333336 1.1339938999153674
126000 136.9814814814815 136.9814814814815 117.94444444444444 0.595679012345679 135.5185185185185 45.333333333333336 0.0 45.333333333333336 1.1850729000288993
128000 136.9814814814815 136.9814814814815 117.94444444444444 0.595679012345679 135.5185185185185 45.333333333333336 0.0 45.333333333333336 1.1481528000440449
130000 136.9814814814815 136.9814814814815 117.94444444444444 0.595679012345679 135.5185185185185 45.333333333333336 0.0 45.333333333333336 1.1730071001220495
132000 136.9814814814815 136.9814814814815 117.94444444444444 0.595679012345679 135.5185185185185 45.333333333333336 0.0 45.333333333333336 1.2483834999147803
134000 136.9814814814815 136.9814814814815 117.94444444444444 0.595679012345679 135.5185185185185 45.333333333333336 0.0 45.333333333333336 1.0823927999008447
136000 136.9814814814815 136.9814814814815 117.94444444444444 0.595679012345679 135.5185185185185 45.333333333333336 0.0 45.333333333333336 0.9973071999847889
138000 136.9814814814815 136.9814814814815 117.94444444444444 0.595679012345679 135.5185185185185 45.333333333333336 0.0 45.333333333333336 1.020797000033781
140000 136.9814814814815 136.9814814814815 117.94444444444444 0.595679012345679 135.5185185185185 45.333333333333336 0.0 45.333333333333336 1.0320680998265743
142000 136.9814814814815 136.9814814814815 117.94444444444444 0.595679012345679 135.5185185185185 45.333333333333336 0.0 45.333333333333336 1.0685540998820215
144000 136.9814814814815 136.9814814814815 117.94444444444444 0.595679012345679 135.5185185185185 45.333333333333336 0.0 45.333333333333336 1.0130636000540107
146000 136.9814814814815 136.9814814814815 117.94444444444444 0.595679012345679 135.5185185185185 45.333333333333336 0.0 45.333333333333336 0.9932357999496162
148000 136.9814814814815 136.9814814814815 117.94444444444444 0.595679012345679 135.5185185185185 45.333333333333336 0.0 45.333333333333336 1.0623937998898327
150000 136.9814814814815 136.9814814814815 117.94444444444444 0.595679012345679 135.5185185185185 45.333333333333336 0.0 45.333333333333336 1.016088099917397
152000 136.9814814814815 136.9814814814815 117.94444444444444 0.595679012345679 135.5185185185185 45.333333333333336 0.0 45.333333333333336 1.0206521002110094
154000 136.9814814814815 136.9814814814815 117.94444444444444 0.595679012345679 135.5185185185185 45.333333333333336 0.0 45.333333333333336 1.0903123999014497
156000 136.9814814814815 136.9814814814815 117.94444444444444 0.595679012345679 135.5185185185185 45.333333333333336 0.0 45.333333333333336 1.0473319999873638
158000 136.9814814814815 136.9814814814815 117.94444444444444 0.595679012345679 135.5185185185185 45.333333333333336 0.0 45.333333333333336 1.0765772999729961
160000 136.9814814814815 136.9814814814815 117.94444444444444 0.595679012345679 135.5185185185185 45.333333333333336 0.0 45.333333333333336 1.215472700074315
162000 136.9814814814815 136.9814814814815 117.94444444444444 0.595679012345679 135.5185185185185 45.333333333333336 0.0 45.333333333333336 1.0910048999357969
164000 136.9814814814815 136.9814814814815 117.94444444444444 0.595679012345679 135.5185185185185 45.333333333333336 0.0 45.333333333333336 1.036521599860862
166000 136.9814814814815 136.9814814814815 117.94444444444444 0.595679012345679 135.5185185185185 45.333333333333336 0.0 45.333333333333336 0.9896909000817686
168000 136.9814814814815 136.9814814814815 117.94444444444444 0.595679012345679 135.5185185185185 45.333333333333336 0.0 45.333333333333336 1.011402300093323
170000 136.9814814814815 136.9814814814815 117.94444444444444 0.595679012345679 135.5185185185185 45.333333333333336 0.0 45.333333333333336 1.0213407999835908
172000 136.9814814814815 136.9814814814815 117.94444444444444 0.595679012345679 135.5185185185185 45.333333333333336 0.0 45.333333333333336 1.0526631998363882
174000 136.9814814814815 136.9814814814815 117.94444444444444 0.595679012345679 135.5185185185185 45.333333333333336 0.0 45.333333333333336 1.116240399889648
176000 136.9814814814815 136.9814814814815 117.94444444444444 0.595679012345679 135.5185185185185 45.333333333333336 0.0 45.333333333333336 0.9666210999712348
178000 136.9814814814815 136.9814814814815 117.94444444444444 0.595679012345679 135.5185185185185 45.333333333333336 0.0 45.333333333333336 1.0778502998873591
180000 136.9814814814815 136.9814814814815 117.94444444444444 0.595679012345679 135.5185185185185 45.333333333333336 0.0 45.333333333333336 1.0218485000077635
182000 136.9814814814815 136.9814814814815 117.94444444444444 0.595679012345679 135.5185185185185 45.333333333333336 0.0 45.333333333333336 1.1104987999424338
184000 136.9814814814815 136.9814814814815 117.94444444444444 0.595679012345679 135.5185185185185 45.333333333333336 0.0 45.333333333333336 1.0371028000954539
186000 136.9814814814815 136.9814814814815 117.94444444444444 0.595679012345679 135.5185185185185 45.333333333333336 0.0 45.333333333333336 1.0194931998848915
188000 136.9814814814815 136.9814814814815 117.94444444444444 0.595679012345679 135.5185185185185 45.333333333333336 0.0 45.333333333333336 1.032822199864313
190000 136.9814814814815 136.9814814814815 117.94444444444444 0.595679012345679 135.5185185185185 45.333333333333336 0.0 45.333333333333336 1.1417896999046206
192000 136.9814814814815 136.9814814814815 117.94444444444444 0.595679012345679 135.5185185185185 45.333333333333336 0.0 45.333333333333336 1.2074372998904437
194000 136.9814814814815 136.9814814814815 117.94444444444444 0.595679012345679 135.5185185185185 45.333333333333336 0.0 45.333333333333336 1.1389130000025034
196000 136.9814814814815 136.9814814814815 117.94444444444444 0.595679012345679 135.5185185185185 45.333333333333336 0.0 45.333333333333336 1.176960299955681
198000 136.9814814814815 136.9814814814815 117.94444444444444 0.595679012345679 135.5185185185185 45.333333333333336 0.0 45.333333333333336 1.124373500002548
200000 136.9814814814815 136.9814814814815 117.94444444444444 0.595679012345679 135.5185185185185 45.333333333333336 0.0 45.333333333333336 1.1104376998264343
202000 136.9814814814815 136.9814814814815 117.94444444444444 0.595679012345679 135.5185185185185 45.333333333333336 0.0 45.333333333333336 1.0601631999015808
204000 136.9814814814815 136.9814814814815 117.94444444444444 0.595679012345679 135.5185185185185 45.333333333333336 0.0 45.333333333333336 1.028381499927491
206000 136.9814814814815 136.9814814814815 117.94444444444444 0.595679012345679 135.5185185185185 45.333333333333336 0.0 45.333333333333336 1.0606971001252532
208000 136.9814814814815 136.9814814814815 117.94444444444444 0.595679012345679 135.5185185185185 45.333333333333336 0.0 45.333333333333336 1.1299572000280023
210000 136.9814814814815 136.9814814814815 117.94444444444444 0.595679012345679 135.5185185185185 45.333333333333336 0.0 45.333333333333336 1.0011506997980177
212000 136.9814814814815 136.9814814814815 117.94444444444444 0.595679012345679 135.5185185185185 45.333333333333336 0.0 45.333333333333336 1.053529700031504
214000 136.9814814814815 136.9814814814815 117.94444444444444 0.595679012345679 135.5185185185185 45.333333333333336 0.0 45.333333333333336 1.016485699918121
216000 136.9814814814815 136.9814814814815 117.94444444444444 0.595679012345679 135.5185185185185 45.333333333333336 0.0 45.333333333333336 0.9893300998955965
218000 136.9814814814815 136.9814814814815 117.94444444444444 0.595679012345679 135.5185185185185 45.333333333333336 0.0 45.333333333333336 0.9869676998350769
220000 136.9814814814815 136.9814814814815 117.94444444444444 0.595679012345679 135.5185185185185 45.333333333333336 0.0 45.333333333333336 1.0449223001487553
222000 136.9814814814815 136.9814814814815 117.94444444444444 0.595679012345679 135.5185185185185 45.333333333333336 0.0 45.333333333333336 1.0047245998866856
224000 136.9814814814815 136.9814814814815 117.94444444444444 0.595679012345679 135.5185185185185 45.333333333333336 0.0 45.333333333333336 0.9894518000073731
226000 136.9814814814815 136.9814814814815 117.94444444444444 0.595679012345679 135.5185185185185 45.333333333333336 0.0 45.333333333333336 1.0380329999607056
228000 136.9814814814815 136.9814814814815 117.94444444444444 0.595679012345679 135.5185185185185 45.333333333333336 0.0 45.333333333333336 1.1647032001055777
230000 136.9814814814815 136.9814814814815 117.94444444444444 0.595679012345679 135.5185185185185 45.333333333333336 0.0 45.333333333333336 1.2512312000617385
232000 136.9814814814815 136.9814814814815 117.94444444444444 0.595679012345679 135.5185185185185 45.333333333333336 0.0 45.333333333333336 1.352313500130549
234000 136.9814814814815 136.9814814814815 117.94444444444444 0.595679012345679 135.5185185185185 45.333333333333336 0.0 45.333333333333336 1.284945499850437
236000 136.9814814814815 136.9814814814815 117.94444444444444 0.595679012345679 135.5185185185185 45.333333333333336 0.0 45.333333333333336 1.229279400082305
238000 136.9814814814815 136.9814814814815 117.94444444444444 0.595679012345679 135.5185185185185 45.333333333333336 0.0 45.333333333333336 1.1802970999851823
240000 136.9814814814815 136.9814814814815 117.94444444444444 0.595679012345679 135.5185185185185 45.333333333333336 0.0 45.333333333333336 1.1663486999459565
242000 136.9814814814815 136.9814814814815 117.94444444444444 0.595679012345679 135.5185185185185 45.333333333333336 0.0 45.333333333333336 1.153658299939707
244000 136.9814814814815 136.9814814814815 117.94444444444444 0.595679012345679 135.5185185185185 45.333333333333336 0.0 45.333333333333336 1.196308300131932
246000 136.9814814814815 136.9814814814815 117.94444444444444 0.595679012345679 135.5185185185185 45.333333333333336 0.0 45.333333333333336 1.1666617000009865
248000 136.9814814814815 136.9814814814815 117.94444444444444 0.595679012345679 135.5185185185185 45.333333333333336 0.0 45.333333333333336 1.185396600048989
250000 136.9814814814815 136.9814814814815 117.94444444444444 0.595679012345679 135.5185185185185 45.333333333333336 0.0 45.333333333333336 1.1758503001183271
252000 136.9814814814815 136.9814814814815 117.94444444444444 0.595679012345679 135.5185185185185 45.333333333333336 0.0 45.333333333333336 1.248052799841389
254000 136.9814814814815 136.9814814814815 117.94444444444444 0.595679012345679 135.5185185185185 45.333333333333336 0.0 45.333333333333336 1.2007359000854194
256000 136.9814814814815 136.9814814814815 117.94444444444444 0.595679012345679 135.5185185185185 45.333333333333336 0.0 45.333333333333336 1.2381809998769313
258000 136.9814814814815 136.9814814814815 117.94444444444444 0.595679012345679 135.5185185185185 45.333333333333336 0.0 45.333333333333336 1.3973280999343842
260000 136.9814814814815 136.9814814814815 117.94444444444444 0.595679012345679 135.5185185185185 45.333333333333336 0.0 45.333333333333336 1.1892518000677228
262000 136.9814814814815 136.9814814814815 117.94444444444444 0.595679012345679 135.5185185185185 45.333333333333336 0.0 45.333333333333336 1.1868457000236958
264000 136.9814814814815 136.9814814814815 117.94444444444444 0.595679012345679 135.5185185185185 45.333333333333336 0.0 45.333333333333336 1.2247170000337064
266000 136.9814814814815 136.9814814814815 117.94444444444444 0.595679012345679 135.5185185185185 45.333333333333336 0.0 45.333333333333336 1.1691813999786973
268000 136.9814814814815 136.9814814814815 117.94444444444444 0.595679012345679 135.5185185185185 45.333333333333336 0.0 45.333333333333336 1.0920929999556392
270000 136.9814814814815 136.9814814814815 117.94444444444444 0.595679012345679 135.5185185185185 45.333333333333336 0.0 45.333333333333336 1.0542501998133957
272000 136.9814814814815 136.9814814814815 117.94444444444444 0.595679012345679 135.5185185185185 45.333333333333336 0.0 45.333333333333336 0.9963478001300246
274000 136.9814814814815 136.9814814814815 117.94444444444444 0.595679012345679 135.5185185185185 45.333333333333336 0.0 45.333333333333336 1.0262585999444127
276000 136.9814814814815 136.9814814814815 117.94444444444444 0.595679012345679 135.5185185185185 45.333333333333336 0.0 45.333333333333336 1.1208526000846177
278000 136.9814814814815 136.9814814814815 117.94444444444444 0.595679012345679 135.5185185185185 45.333333333333336 0.0 45.333333333333336 1.13301289989613
280000 136.9814814814815 136.9814814814815 117.94444444444444 0.595679012345679 135.5185185185185 45.333333333333336 0.0 45.333333333333336 1.0882315998896956
282000 136.9814814814815 136.9814814814815 117.94444444444444 0.595679012345679 135.5185185185185 45.333333333333336 0.0 45.333333333333336 1.0267012000549585
284000 136.9814814814815 136.9814814814815 117.94444444444444 0.595679012345679 135.5185185185185 45.333333333333336 0.0 45.333333333333336 1.1244816000107676
286000 136.9814814814815 136.9814814814815 117.94444444444444 0.595679012345679 135.5185185185185 45.333333333333336 0.0 45.333333333333336 1.1459713999647647
288000 136.9814814814815 136.9814814814815 117.94444444444444 0.595679012345679 135.5185185185185 45.333333333333336 0.0 45.333333333333336 1.0106366002000868
290000 136.9814814814815 136.9814814814815 117.94444444444444 0.595679012345679 135.5185185185185 45.333333333333336 0.0 45.333333333333336 1.0829449999146163
292000 136.9814814814815 136.9814814814815 117.94444444444444 0.595679012345679 135.5185185185185 45.333333333333336 0.0 45.333333333333336 1.0759425999131054
294000 136.9814814814815 136.9814814814815 117.94444444444444 0.595679012345679 135.5185185185185 45.333333333333336 0.0 45.333333333333336 1.149942500051111
296000 136.9814814814815 136.9814814814815 117.94444444444444 0.595679012345679 135.5185185185185 45.333333333333336 0.0 45.333333333333336 0.9954134998843074
298000 136.9814814814815 136.9814814814815 117.94444444444444 0.595679012345679 135.5185185185185 45.333333333333336 0.0 45.333333333333336 1.0844453999307007
300000 136.9814814814815 136.9814814814815 117.94444444444444 0.595679012345679 135.5185185185185 45.333333333333336 0.0 45.333333333333336 0.9735789000988007
302000 136.9814814814815 136.9814814814815 117.94444444444444 0.595679012345679 135.5185185185185 45.333333333333336 0.0 45.333333333333336 1.0195009999442846
304000 136.9814814814815 136.9814814814815 117.94444444444444 0.595679012345679 135.5185185185185 45.333333333333336 0.0 45.333333333333336 1.0399426000658423
306000 136.9814814814815 136.9814814814815 117.94444444444444 0.595679012345679 135.5185185185185 45.333333333333336 0.0 45.333333333333336 1.0289197000674903
308000 136.9814814814815 136.9814814814815 117.94444444444444 0.595679012345679 135.5185185185185 45.333333333333336 0.0 45.333333333333336 1.0232299000490457
310000 136.9814814814815 136.9814814814815 117.94444444444444 0.595679012345679 135.5185185185185 45.333333333333336 0.0 45.333333333333336 1.1217364999465644
312000 136.9814814814815 136.9814814814815 117.94444444444444 0.595679012345679 135.5185185185185 45.333333333333336 0.0 45.333333333333336 1.2907002998981625
314000 136.9814814814815 136.9814814814815 117.94444444444444 0.595679012345679 135.5185185185185 45.333333333333336 0.0 45.333333333333336 1.26694370014593
316000 136.9814814814815 136.9814814814815 117.94444444444444 0.595679012345679 135.5185185185185 45.333333333333336 0.0 45.333333333333336 1.2193205000367016
318000 136.9814814814815 136.9814814814815 117.94444444444444 0.595679012345679 135.5185185185185 45.333333333333336 0.0 45.333333333333336 1.158626199932769
320000 136.9814814814815 136.9814814814815 117.94444444444444 0.595679012345679 135.5185185185185 45.333333333333336 0.0 45.333333333333336 1.201476200018078
322000 136.9814814814815 136.9814814814815 117.94444444444444 0.595679012345679 135.5185185185185 45.333333333333336 0.0 45.333333333333336 1.180877799866721
324000 136.9814814814815 136.9814814814815 117.94444444444444 0.595679012345679 135.5185185185185 45.333333333333336 0.0 45.333333333333336 1.1962115000933409
326000 136.9814814814815 136.9814814814815 117.94444444444444 0.595679012345679 135.5185185185185 45.333333333333336 0.0 45.333333333333336 1.2530966999474913
328000 136.9814814814815 136.9814814814815 117.94444444444444 0.595679012345679 135.5185185185185 45.333333333333336 0.0 45.333333333333336 1.2731157999951392
330000 136.9814814814815 136.9814814814815 117.94444444444444 0.595679012345679 135.5185185185185 45.333333333333336 0.0 45.333333333333336 1.2636944998521358
332000 136.9814814814815 136.9814814814815 117.94444444444444 0.595679012345679 135.5185185185185 45.333333333333336 0.0 45.333333333333336 1.1869614000897855
334000 136.9814814814815 136.9814814814815 117.94444444444444 0.595679012345679 135.5185185185185 45.333333333333336 0.0 45.333333333333336 1.218010500073433
336000 136.9814814814815 136.9814814814815 117.94444444444444 0.595679012345679 135.5185185185185 45.333333333333336 0.0 45.333333333333336 1.1614888000767678
338000 136.9814814814815 136.9814814814815 117.94444444444444 0.595679012345679 135.5185185185185 45.333333333333336 0.0 45.333333333333336 1.1438500001095235
340000 136.9814814814815 136.9814814814815 117.94444444444444 0.595679012345679 135.5185185185185 45.333333333333336 0.0 45.333333333333336 1.2255652998574078
342000 136.9814814814815 136.9814814814815 117.94444444444444 0.595679012345679 135.5185185185185 45.333333333333336 0.0 45.333333333333336 1.227158599998802
344000 136.9814814814815 136.9814814814815 117.94444444444444 0.595679012345679 135.5185185185185 45.333333333333336 0.0 45.333333333333336 1.155892200069502
346000 136.9814814814815 136.9814814814815 117.94444444444444 0.595679012345679 135.5185185185185 45.333333333333336 0.0 45.333333333333336 1.1866897998843342
348000 136.9814814814815 136.9814814814815 117.94444444444444 0.595679012345679 135.5185185185185 45.333333333333336 0.0 45.333333333333336 1.1375674998853356
350000 136.9814814814815 136.9814814814815 117.94444444444444 0.595679012345679 135.5185185185185 45.333333333333336 0.0 45.333333333333336 1.2872792999260128
352000 136.9814814814815 136.9814814814815 117.94444444444444 0.595679012345679 135.5185185185185 45.333333333333336 0.0 45.333333333333336 1.223307800013572
354000 136.9814814814815 136.9814814814815 117.94444444444444 0.595679012345679 135.5185185185185 45.333333333333336 0.0 45.333333333333336 1.221024600090459
356000 136.9814814814815 136.9814814814815 117.94444444444444 0.595679012345679 135.5185185185185 45.333333333333336 0.0 45.333333333333336 1.1868670000694692
358000 136.9814814814815 136.9814814814815 117.94444444444444 0.595679012345679 135.5185185185185 45.333333333333336 0.0 45.333333333333336 1.3219167001079768
360000 136.9814814814815 136.9814814814815 117.94444444444444 0.595679012345679 135.5185185185185 45.333333333333336 0.0 45.333333333333336 1.1944589000195265
362000 136.9814814814815 136.9814814814815 117.94444444444444 0.595679012345679 135.5185185185185 45.333333333333336 0.0 45.333333333333336 1.2358678001910448
364000 136.9814814814815 136.9814814814815 117.94444444444444 0.595679012345679 135.5185185185185 45.333333333333336 0.0 45.333333333333336 1.181568400003016
366000 136.9814814814815 136.9814814814815 117.94444444444444 0.595679012345679 135.5185185185185 45.333333333333336 0.0 45.333333333333336 1.1995117000769824
368000 136.9814814814815 136.9814814814815 117.94444444444444 0.595679012345679 135.5185185185185 45.333333333333336 0.0 45.333333333333336 1.1890068999491632
370000 136.9814814814815 136.9814814814815 117.94444444444444 0.595679012345679 135.5185185185185 45.333333333333336 0.0 45.333333333333336 1.196589200058952
372000 136.9814814814815 136.9814814814815 117.94444444444444 0.595679012345679 135.5185185185185 45.333333333333336 0.0 45.333333333333336 1.187647899845615
374000 136.9814814814815 136.9814814814815 117.94444444444444 0.595679012345679 135.5185185185185 45.333333333333336 0.0 45.333333333333336 1.1920000000391155
376000 136.9814814814815 136.9814814814815 117.94444444444444 0.595679012345679 135.5185185185185 45.333333333333336 0.0 45.333333333333336 1.2651823000051081
378000 136.9814814814815 136.9814814814815 117.94444444444444 0.595679012345679 135.5185185185185 45.333333333333336 0.0 45.333333333333336 1.2220702997874469
380000 136.9814814814815 136.9814814814815 117.94444444444444 0.595679012345679 135.5185185185185 45.333333333333336 0.0 45.333333333333336 1.1331131998449564
382000 136.9814814814815 136.9814814814815 117.94444444444444 0.595679012345679 135.5185185185185 45.333333333333336 0.0 45.333333333333336 1.167159200180322
384000 136.9814814814815 136.9814814814815 117.94444444444444 0.595679012345679 135.5185185185185 45.333333333333336 0.0 45.333333333333336 1.259994399966672
386000 136.9814814814815 136.9814814814815 117.94444444444444 0.595679012345679 135.5185185185185 45.333333333333336 0.0 45.333333333333336 1.2246256000362337
388000 136.9814814814815 136.9814814814815 117.94444444444444 0.595679012345679 135.5185185185185 45.333333333333336 0.0 45.333333333333336 1.2500999998301268
390000 136.9814814814815 136.9814814814815 117.94444444444444 0.595679012345679 135.5185185185185 45.333333333333336 0.0 45.333333333333336 1.1858882999513298
392000 136.9814814814815 136.9814814814815 117.94444444444444 0.595679012345679 135.5185185185185 45.333333333333336 0.0 45.333333333333336 1.1468609999865294
394000 136.9814814814815 136.9814814814815 117.94444444444444 0.595679012345679 135.5185185185185 45.333333333333336 0.0 45.333333333333336 1.3190307999029756
396000 136.9814814814815 136.9814814814815 117.94444444444444 0.595679012345679 135.5185185185185 45.333333333333336 0.0 45.333333333333336 1.18832190008834
398000 136.9814814814815 136.9814814814815 117.94444444444444 0.595679012345679 135.5185185185185 45.333333333333336 0.0 45.333333333333336 1.1415809001773596
400000 136.9814814814815 136.9814814814815 117.94444444444444 0.595679012345679 135.5185185185185 45.333333333333336 0.0 45.333333333333336 1.1703983000479639
402000 136.9814814814815 136.9814814814815 117.94444444444444 0.595679012345679 135.5185185185185 45.333333333333336 0.0 45.333333333333336 1.2102264999412
404000 136.9814814814815 136.9814814814815 117.94444444444444 0.595679012345679 135.5185185185185 45.333333333333336 0.0 45.333333333333336 1.2058127000927925
406000 136.9814814814815 136.9814814814815 117.94444444444444 0.595679012345679 135.5185185185185 45.333333333333336 0.0 45.333333333333336 1.1415836999658495
408000 136.9814814814815 136.9814814814815 117.94444444444444 0.595679012345679 135.5185185185185 45.333333333333336 0.0 45.333333333333336 1.1771052000112832
410000 136.9814814814815 136.9814814814815 117.94444444444444 0.595679012345679 135.5185185185185 45.333333333333336 0.0 45.333333333333336 1.2356141000054777
412000 136.9814814814815 136.9814814814815 117.94444444444444 0.595679012345679 135.5185185185185 45.333333333333336 0.0 45.333333333333336 1.1167977000586689
414000 136.9814814814815 136.9814814814815 117.94444444444444 0.595679012345679 135.5185185185185 45.333333333333336 0.0 45.333333333333336 1.180534000042826
416000 136.9814814814815 136.9814814814815 117.94444444444444 0.595679012345679 135.5185185185185 45.333333333333336 0.0 45.333333333333336 1.2203623000532389
418000 136.9814814814815 136.9814814814815 117.94444444444444 0.595679012345679 135.5185185185185 45.333333333333336 0.0 45.333333333333336 1.210836200043559
420000 136.9814814814815 136.9814814814815 117.94444444444444 0.595679012345679 135.5185185185185 45.333333333333336 0.0 45.333333333333336 1.1790197000373155
422000 136.9814814814815 136.9814814814815 117.94444444444444 0.595679012345679 135.5185185185185 45.333333333333336 0.0 45.333333333333336 1.1491147000342607
424000 136.9814814814815 136.9814814814815 117.94444444444444 0.595679012345679 135.5185185185185 45.333333333333336 0.0 45.333333333333336 1.184255399974063
426000 136.9814814814815 136.9814814814815 117.94444444444444 0.595679012345679 135.5185185185185 45.333333333333336 0.0 45.333333333333336 1.158484100131318
428000 136.9814814814815 136.9814814814815 117.94444444444444 0.595679012345679 135.5185185185185 45.333333333333336 0.0 45.333333333333336 1.1293609999120235
430000 136.9814814814815 136.9814814814815 117.94444444444444 0.595679012345679 135.5185185185185 45.333333333333336 0.0 45.333333333333336 1.1904104000423104
432000 136.9814814814815 136.9814814814815 117.94444444444444 0.595679012345679 135.5185185185185 45.333333333333336 0.0 45.333333333333336 1.067271800013259
434000 136.9814814814815 136.9814814814815 117.94444444444444 0.595679012345679 135.5185185185185 45.333333333333336 0.0 45.333333333333336 1.0909637999720871
436000 136.9814814814815 136.9814814814815 117.94444444444444 0.595679012345679 135.5185185185185 45.333333333333336 0.0 45.333333333333336 1.0574417000170797
438000 136.9814814814815 136.9814814814815 117.94444444444444 0.595679012345679 135.5185185185185 45.333333333333336 0.0 45.333333333333336 1.2165333000011742
440000 136.9814814814815 136.9814814814815 117.94444444444444 0.595679012345679 135.5185185185185 45.333333333333336 0.0 45.333333333333336 1.185152100166306
442000 136.9814814814815 136.9814814814815 117.94444444444444 0.595679012345679 135.5185185185185 45.333333333333336 0.0 45.333333333333336 1.1480800998397171
444000 136.9814814814815 136.9814814814815 117.94444444444444 0.595679012345679 135.5185185185185 45.333333333333336 0.0 45.333333333333336 1.1933689001016319
446000 136.9814814814815 136.9814814814815 117.94444444444444 0.595679012345679 135.5185185185185 45.333333333333336 0.0 45.333333333333336 1.2494264000561088
448000 136.9814814814815 136.9814814814815 117.94444444444444 0.595679012345679 135.5185185185185 45.333333333333336 0.0 45.333333333333336 1.2661210000514984
450000 136.9814814814815 136.9814814814815 117.94444444444444 0.595679012345679 135.5185185185185 45.333333333333336 0.0 45.333333333333336 1.1730955000966787
452000 136.9814814814815 136.9814814814815 117.94444444444444 0.595679012345679 135.5185185185185 45.333333333333336 0.0 45.333333333333336 1.1858538000378758
454000 136.9814814814815 136.9814814814815 117.94444444444444 0.595679012345679 135.5185185185185 45.333333333333336 0.0 45.333333333333336 1.1950426001567394
456000 136.9814814814815 136.9814814814815 117.94444444444444 0.595679012345679 135.5185185185185 45.333333333333336 0.0 45.333333333333336 1.2377714000176638
458000 136.9814814814815 136.9814814814815 117.94444444444444 0.595679012345679 135.5185185185185 45.333333333333336 0.0 45.333333333333336 1.2183340000919998
460000 136.9814814814815 136.9814814814815 117.94444444444444 0.595679012345679 135.5185185185185 45.333333333333336 0.0 45.333333333333336 1.1808912998531014
462000 136.9814814814815 136.9814814814815 117.94444444444444 0.595679012345679 135.5185185185185 45.333333333333336 0.0 45.333333333333336 1.2512978999875486
464000 136.9814814814815 136.9814814814815 117.94444444444444 0.595679012345679 135.5185185185185 45.333333333333336 0.0 45.333333333333336 1.2087030000984669
466000 136.9814814814815 136.9814814814815 117.94444444444444 0.595679012345679 135.5185185185185 45.333333333333336 0.0 45.333333333333336 1.1968445999082178
468000 136.9814814814815 136.9814814814815 117.94444444444444 0.595679012345679 135.5185185185185 45.333333333333336 0.0 45.333333333333336 1.230477900011465
470000 136.9814814814815 136.9814814814815 117.94444444444444 0.595679012345679 135.5185185185185 45.333333333333336 0.0 45.333333333333336 1.222667799796909
472000 136.9814814814815 136.9814814814815 117.94444444444444 0.595679012345679 135.5185185185185 45.333333333333336 0.0 45.333333333333336 1.2204493000172079
474000 136.9814814814815 136.9814814814815 117.94444444444444 0.595679012345679 135.5185185185185 45.333333333333336 0.0 45.333333333333336 1.1399073000065982
476000 136.9814814814815 136.9814814814815 117.94444444444444 0.595679012345679 135.5185185185185 45.333333333333336 0.0 45.333333333333336 1.154369099996984
478000 136.9814814814815 136.9814814814815 117.94444444444444 0.595679012345679 135.5185185185185 45.333333333333336 0.0 45.333333333333336 1.280752700055018
480000 136.9814814814815 136.9814814814815 117.94444444444444 0.595679012345679 135.5185185185185 45.333333333333336 0.0 45.333333333333336 1.1794175000395626
482000 136.9814814814815 136.9814814814815 117.94444444444444 0.595679012345679 135.5185185185185 45.333333333333336 0.0 45.333333333333336 1.15645970008336
484000 136.9814814814815 136.9814814814815 117.94444444444444 0.595679012345679 135.5185185185185 45.333333333333336 0.0 45.333333333333336 1.2223704000934958
486000 136.9814814814815 136.9814814814815 117.94444444444444 0.595679012345679 135.5185185185185 45.333333333333336 0.0 45.333333333333336 1.2546755999792367
488000 136.9814814814815 136.9814814814815 117.94444444444444 0.595679012345679 135.5185185185185 45.333333333333336 0.0 45.333333333333336 1.1971255999524146
490000 136.9814814814815 136.9814814814815 117.94444444444444 0.595679012345679 135.5185185185185 45.333333333333336 0.0 45.333333333333336 1.1917312999721617
492000 136.9814814814815 136.9814814814815 117.94444444444444 0.595679012345679 135.5185185185185 45.333333333333336 0.0 45.333333333333336 1.148331900127232
494000 136.9814814814815 136.9814814814815 117.94444444444444 0.595679012345679 135.5185185185185 45.333333333333336 0.0 45.333333333333336 1.1275905000511557
496000 136.9814814814815 136.9814814814815 117.94444444444444 0.595679012345679 135.5185185185185 45.333333333333336 0.0 45.333333333333336 1.1004583998583257
498000 136.9814814814815 136.9814814814815 117.94444444444444 0.595679012345679 135.5185185185185 45.333333333333336 0.0 45.333333333333336 1.2163162000942975
500000 136.9814814814815 136.9814814814815 117.94444444444444 0.595679012345679 135.5185185185185 45.333333333333336 0.0 45.333333333333336 0.9900919001083821
