2000 0.23076923076923078 0.0625
4000 0.9230769230769231 0.109375
6000 1.0769230769230769 0.1875
8000 1.0384615384615385 0.21875
10000 0.9807692307692307 0.21875
12000 1.0769230769230769 0.15625
14000 1.2884615384615385 0.140625
16000 1.0 0.109375
18000 2.019230769230769 0.25
20000 2.019230769230769 0.25
22000 2.5576923076923075 0.09375
24000 2.576923076923077 0.125
26000 2.576923076923077 0.125
28000 2.5961538461538463 0.234375
30000 2.7115384615384617 0.25
32000 2.5961538461538463 0.125
34000 2.519230769230769 0.140625
36000 2.5961538461538463 0.171875
38000 2.923076923076923 0.21875
40000 3.0576923076923075 0.234375
42000 3.0384615384615383 0.234375
44000 3.3846153846153846 0.125
46000 3.5 0.15625
48000 3.576923076923077 0.171875
50000 3.480769230769231 0.25
52000 3.5576923076923075 0.21875
54000 3.6346153846153846 0.09375
56000 3.6538461538461537 0.109375
58000 3.673076923076923 0.15625
60000 3.8076923076923075 0.203125
62000 3.730769230769231 0.25
64000 3.8076923076923075 0.09375
66000 3.8076923076923075 0.125
68000 3.7115384615384617 0.171875
70000 3.7115384615384617 0.1875
72000 3.730769230769231 0.21875
74000 3.730769230769231 0.21875
76000 3.730769230769231 0.125
78000 3.7115384615384617 0.109375
80000 3.673076923076923 0.15625
82000 3.6153846153846154 0.1875
84000 3.576923076923077 0.1875
86000 3.8461538461538463 0.125
88000 3.673076923076923 0.125
90000 3.6923076923076925 0.15625
92000 3.6346153846153846 0.203125
94000 3.7884615384615383 0.265625
96000 3.730769230769231 0.125
98000 3.730769230769231 0.109375
100000 3.7115384615384617 0.140625
102000 3.576923076923077 0.171875
104000 3.8461538461538463 0.21875
106000 3.730769230769231 0.21875
108000 3.8461538461538463 0.125
110000 3.8461538461538463 0.125
112000 3.8461538461538463 0.203125
114000 3.8461538461538463 0.21875
116000 3.730769230769231 0.25
118000 3.6923076923076925 0.140625
120000 3.826923076923077 0.125
122000 3.6923076923076925 0.140625
124000 3.7115384615384617 0.203125
126000 3.6923076923076925 0.203125
128000 3.730769230769231 0.109375
130000 3.730769230769231 0.109375
132000 3.6923076923076925 0.1875
134000 3.673076923076923 0.203125
136000 3.826923076923077 0.234375
138000 3.75 0.25
140000 3.673076923076923 0.109375
142000 3.8461538461538463 0.140625
144000 3.8461538461538463 0.1875
146000 3.673076923076923 0.21875
148000 3.673076923076923 0.28125
150000 3.75 0.078125
152000 3.8461538461538463 0.125
154000 3.826923076923077 0.109375
156000 3.8076923076923075 0.234375
158000 3.8076923076923075 0.25
160000 3.6923076923076925 0.125
162000 3.6923076923076925 0.15625
164000 3.6923076923076925 0.125
166000 3.8461538461538463 0.171875
168000 3.8461538461538463 0.25
170000 3.8461538461538463 0.203125
172000 3.7884615384615383 0.109375
174000 3.75 0.125
176000 3.8076923076923075 0.203125
178000 3.7884615384615383 0.234375
180000 3.8461538461538463 0.25
182000 3.826923076923077 0.140625
184000 3.730769230769231 0.140625
186000 3.8076923076923075 0.109375
188000 3.8076923076923075 0.1875
190000 3.7884615384615383 0.25
192000 3.8076923076923075 0.09375
194000 3.7884615384615383 0.125
196000 3.8076923076923075 0.125
198000 3.730769230769231 0.234375
200000 3.7115384615384617 0.265625
202000 3.8461538461538463 0.203125
204000 3.769230769230769 0.109375
206000 3.8076923076923075 0.125
208000 3.826923076923077 0.1875
210000 3.8076923076923075 0.21875
212000 3.826923076923077 0.21875
214000 3.6153846153846154 0.078125
216000 3.8076923076923075 0.15625
218000 3.7884615384615383 0.15625
220000 3.8076923076923075 0.234375
222000 3.8461538461538463 0.21875
224000 3.8076923076923075 0.109375
226000 3.8076923076923075 0.15625
228000 3.8461538461538463 0.15625
230000 3.8461538461538463 0.15625
232000 3.8461538461538463 0.234375
234000 3.8461538461538463 0.25
236000 3.6153846153846154 0.125
238000 3.8076923076923075 0.15625
240000 3.8461538461538463 0.203125
242000 3.8076923076923075 0.21875
244000 3.5 0.1875
246000 3.8461538461538463 0.15625
248000 3.8076923076923075 0.125
250000 3.826923076923077 0.1875
252000 3.8076923076923075 0.203125
254000 3.826923076923077 0.203125
256000 3.8461538461538463 0.109375
258000 3.826923076923077 0.125
260000 3.576923076923077 0.171875
262000 3.8076923076923075 0.203125
264000 3.730769230769231 0.203125
266000 3.8076923076923075 0.25
268000 3.8461538461538463 0.125
270000 3.8076923076923075 0.109375
272000 3.75 0.203125
274000 3.7884615384615383 0.203125
276000 3.6923076923076925 0.21875
278000 3.75 0.109375
280000 3.6346153846153846 0.140625
282000 3.826923076923077 0.1875
284000 3.5961538461538463 0.21875
286000 3.730769230769231 0.25
288000 3.5576923076923075 0.109375
290000 3.826923076923077 0.125
292000 3.8461538461538463 0.078125
294000 3.8461538461538463 0.171875
296000 3.826923076923077 0.25
298000 3.826923076923077 0.25
300000 3.8461538461538463 0.109375
302000 3.826923076923077 0.140625
304000 3.6538461538461537 0.1875
306000 3.8461538461538463 0.1875
308000 3.8461538461538463 0.203125
310000 3.826923076923077 0.109375
312000 3.7884615384615383 0.125
314000 3.8461538461538463 0.171875
316000 3.8461538461538463 0.25
318000 3.826923076923077 0.234375
320000 3.3461538461538463 0.109375
322000 3.8461538461538463 0.15625
324000 2.6346153846153846 0.15625
326000 3.8461538461538463 0.171875
328000 3.8461538461538463 0.21875
330000 3.8461538461538463 0.21875
332000 3.8076923076923075 0.140625
334000 3.8076923076923075 0.125
336000 3.8076923076923075 0.203125
338000 3.8076923076923075 0.234375
340000 3.6923076923076925 0.1875
342000 3.730769230769231 0.140625
344000 3.6923076923076925 0.109375
346000 3.8461538461538463 0.15625
348000 3.75 0.234375
350000 3.769230769230769 0.234375
352000 3.6346153846153846 0.171875
354000 3.6346153846153846 0.109375
356000 3.6346153846153846 0.140625
358000 2.4423076923076925 0.1875
360000 3.6538461538461537 0.203125
362000 3.8461538461538463 0.140625
364000 3.7115384615384617 0.09375
366000 3.769230769230769 0.140625
368000 3.8461538461538463 0.203125
370000 3.730769230769231 0.21875
372000 3.769230769230769 0.25
374000 3.826923076923077 0.171875
376000 3.826923076923077 0.15625
378000 3.75 0.15625
380000 3.769230769230769 0.171875
382000 3.75 0.28125
384000 3.730769230769231 0.140625
386000 3.8846153846153846 0.171875
388000 3.8076923076923075 0.15625
390000 3.826923076923077 0.1875
392000 3.7115384615384617 0.21875
394000 3.826923076923077 0.25
396000 3.769230769230769 0.109375
398000 3.826923076923077 0.109375
400000 3.9615384615384617 0.21875
402000 3.9615384615384617 0.25
404000 3.8653846153846154 0.234375
406000 3.9038461538461537 0.109375
408000 3.9423076923076925 0.15625
410000 3.9615384615384617 0.140625
412000 3.9615384615384617 0.25
414000 3.9615384615384617 0.203125
416000 3.826923076923077 0.109375
418000 3.980769230769231 0.140625
420000 3.980769230769231 0.203125
422000 3.980769230769231 0.21875
424000 3.9423076923076925 0.234375
426000 3.9423076923076925 0.234375
428000 3.980769230769231 0.09375
430000 3.980769230769231 0.125
432000 3.980769230769231 0.15625
434000 3.9423076923076925 0.234375
436000 3.980769230769231 0.203125
438000 3.980769230769231 0.125
440000 3.9423076923076925 0.171875
442000 3.9423076923076925 0.140625
444000 4.076923076923077 0.203125
446000 3.980769230769231 0.25
448000 4.0576923076923075 0.109375
450000 4.096153846153846 0.109375
452000 4.096153846153846 0.171875
454000 4.096153846153846 0.1875
456000 4.0576923076923075 0.171875
458000 4.0576923076923075 0.25
460000 4.0576923076923075 0.09375
462000 4.0576923076923075 0.109375
464000 4.096153846153846 0.21875
466000 4.0576923076923075 0.234375
468000 4.096153846153846 0.25
470000 4.0576923076923075 0.125
472000 4.0576923076923075 0.125
474000 4.096153846153846 0.140625
476000 4.096153846153846 0.234375
478000 4.096153846153846 0.203125
480000 4.096153846153846 0.109375
482000 4.0576923076923075 0.15625
484000 4.0576923076923075 0.140625
486000 4.0576923076923075 0.1875
488000 4.0576923076923075 0.25
490000 4.096153846153846 0.234375
492000 4.096153846153846 0.15625
494000 4.0576923076923075 0.109375
496000 4.096153846153846 0.203125
498000 4.096153846153846 0.21875
500000 4.0576923076923075 0.234375
