2000 0.8076923076923077 0.265625
4000 1.4038461538461537 0.234375
6000 1.5576923076923077 0.265625
8000 2.769230769230769 0.28125
10000 3.423076923076923 0.265625
12000 3.4615384615384617 0.390625
14000 3.8846153846153846 0.21875
16000 5.0 0.234375
18000 5.461538461538462 0.234375
20000 5.923076923076923 0.21875
22000 6.076923076923077 0.296875
24000 6.096153846153846 0.234375
26000 6.25 0.265625
28000 6.538461538461538 0.296875
30000 6.6923076923076925 0.28125
32000 6.788461538461538 0.296875
34000 6.826923076923077 0.234375
36000 6.884615384615385 0.25
38000 6.923076923076923 0.25
40000 6.980769230769231 0.25
42000 6.980769230769231 0.28125
44000 7.038461538461538 0.265625
46000 7.038461538461538 0.25
48000 7.038461538461538 0.234375
50000 7.019230769230769 0.28125
52000 6.961538461538462 0.21875
54000 6.903846153846154 0.25
56000 6.903846153846154 0.234375
58000 6.903846153846154 0.21875
60000 6.961538461538462 0.28125
62000 6.961538461538462 0.3125
64000 6.961538461538462 0.328125
66000 7.0 0.234375
68000 7.076923076923077 0.25
70000 7.076923076923077 0.234375
72000 7.076923076923077 0.234375
74000 7.076923076923077 0.328125
76000 7.0576923076923075 0.25
78000 7.115384615384615 0.234375
80000 7.096153846153846 0.25
82000 7.096153846153846 0.28125
84000 7.076923076923077 0.375
86000 7.076923076923077 0.234375
88000 7.115384615384615 0.1875
90000 7.153846153846154 0.203125
92000 7.115384615384615 0.1875
94000 7.153846153846154 0.21875
96000 7.153846153846154 0.25
98000 7.153846153846154 0.203125
100000 7.173076923076923 0.203125
102000 7.134615384615385 0.203125
104000 7.173076923076923 0.21875
106000 7.1923076923076925 0.234375
108000 7.153846153846154 0.25
110000 7.153846153846154 0.25
112000 7.153846153846154 0.265625
114000 7.173076923076923 0.25
116000 7.173076923076923 0.234375
118000 7.115384615384615 0.28125
120000 7.115384615384615 0.265625
122000 7.115384615384615 0.234375
124000 7.115384615384615 0.296875
126000 7.115384615384615 0.21875
128000 7.134615384615385 0.28125
130000 7.134615384615385 0.25
132000 7.153846153846154 0.234375
134000 7.134615384615385 0.3125
136000 7.230769230769231 0.28125
138000 7.346153846153846 0.25
140000 7.269230769230769 0.265625
142000 7.365384615384615 0.25
144000 7.384615384615385 0.203125
146000 7.365384615384615 0.234375
148000 7.230769230769231 0.21875
150000 7.230769230769231 0.28125
152000 7.230769230769231 0.265625
154000 7.3076923076923075 0.21875
156000 7.25 0.234375
158000 7.3076923076923075 0.25
160000 7.346153846153846 0.21875
162000 7.346153846153846 0.234375
164000 7.3076923076923075 0.28125
166000 7.384615384615385 0.3125
168000 7.365384615384615 0.328125
170000 7.365384615384615 0.375
172000 7.365384615384615 0.234375
174000 7.326923076923077 0.296875
176000 7.346153846153846 0.234375
178000 7.3076923076923075 0.25
180000 7.384615384615385 0.265625
182000 7.384615384615385 0.234375
184000 7.288461538461538 0.25
186000 7.4423076923076925 0.1875
188000 7.384615384615385 0.234375
190000 7.384615384615385 0.28125
192000 7.384615384615385 0.265625
194000 7.384615384615385 0.234375
196000 7.384615384615385 0.28125
198000 7.403846153846154 0.25
200000 7.403846153846154 0.296875
202000 7.403846153846154 0.28125
204000 7.4423076923076925 0.296875
206000 7.403846153846154 0.3125
208000 7.480769230769231 0.3125
210000 7.461538461538462 0.328125
212000 7.4423076923076925 0.265625
214000 7.461538461538462 0.296875
216000 7.403846153846154 0.265625
218000 7.5 0.25
220000 7.538461538461538 0.234375
222000 7.480769230769231 0.234375
224000 7.384615384615385 0.3125
226000 7.5576923076923075 0.28125
228000 7.596153846153846 0.296875
230000 7.596153846153846 0.234375
232000 7.596153846153846 0.21875
234000 7.596153846153846 0.265625
236000 7.596153846153846 0.234375
238000 7.5 0.234375
240000 7.4423076923076925 0.234375
242000 7.538461538461538 0.28125
244000 7.423076923076923 0.234375
246000 7.673076923076923 0.265625
248000 7.5576923076923075 0.25
250000 7.5576923076923075 0.21875
252000 7.634615384615385 0.328125
254000 7.6923076923076925 0.359375
256000 7.6923076923076925 0.28125
258000 7.653846153846154 0.25
260000 7.634615384615385 0.265625
262000 7.711538461538462 0.28125
264000 7.596153846153846 0.28125
266000 7.615384615384615 0.203125
268000 7.615384615384615 0.28125
270000 7.8076923076923075 0.234375
272000 7.788461538461538 0.21875
274000 7.788461538461538 0.203125
276000 7.865384615384615 0.203125
278000 7.8076923076923075 0.265625
280000 7.711538461538462 0.296875
282000 7.6923076923076925 0.234375
284000 7.6923076923076925 0.3125
286000 7.6923076923076925 0.328125
288000 7.6923076923076925 0.328125
290000 7.6923076923076925 0.296875
292000 7.615384615384615 0.265625
294000 7.615384615384615 0.3125
296000 7.653846153846154 0.40625
298000 7.5576923076923075 0.40625
300000 7.480769230769231 0.34375
302000 7.480769230769231 0.328125
304000 7.480769230769231 0.34375
306000 7.480769230769231 0.375
308000 7.5 0.421875
310000 7.538461538461538 0.328125
312000 7.538461538461538 0.265625
314000 7.5 0.234375
316000 7.5 0.25
318000 7.519230769230769 0.328125
320000 7.538461538461538 0.234375
322000 7.711538461538462 0.234375
324000 7.75 0.265625
326000 7.8076923076923075 0.203125
328000 7.826923076923077 0.21875
330000 7.826923076923077 0.21875
332000 7.903846153846154 0.296875
334000 7.884615384615385 0.234375
336000 7.826923076923077 0.25
338000 7.884615384615385 0.328125
340000 7.923076923076923 0.359375
342000 7.923076923076923 0.234375
344000 7.846153846153846 0.21875
346000 7.865384615384615 0.234375
348000 7.884615384615385 0.265625
350000 7.846153846153846 0.296875
352000 7.903846153846154 0.234375
354000 7.9423076923076925 0.25
356000 8.057692307692308 0.21875
358000 8.01923076923077 0.25
360000 7.826923076923077 0.3125
362000 7.884615384615385 0.25
364000 8.038461538461538 0.21875
366000 7.980769230769231 0.25
368000 7.865384615384615 0.3125
370000 8.038461538461538 0.328125
372000 8.0 0.265625
374000 8.038461538461538 0.21875
376000 8.076923076923077 0.234375
378000 7.980769230769231 0.234375
380000 8.038461538461538 0.21875
382000 8.01923076923077 0.328125
384000 7.961538461538462 0.234375
386000 7.923076923076923 0.234375
388000 7.9423076923076925 0.25
390000 7.9423076923076925 0.25
392000 7.788461538461538 0.296875
394000 7.826923076923077 0.25
396000 8.01923076923077 0.25
398000 7.788461538461538 0.203125
400000 7.865384615384615 0.25
402000 7.865384615384615 0.21875
404000 7.884615384615385 0.21875
406000 7.884615384615385 0.234375
408000 7.865384615384615 0.234375
410000 7.788461538461538 0.203125
412000 7.75 0.1875
414000 7.865384615384615 0.25
416000 7.980769230769231 0.234375
418000 7.884615384615385 0.25
420000 7.846153846153846 0.28125
422000 7.826923076923077 0.203125
424000 7.903846153846154 0.28125
426000 7.9423076923076925 0.453125
428000 7.9423076923076925 0.3125
430000 7.884615384615385 0.296875
432000 7.961538461538462 0.25
434000 7.865384615384615 0.25
436000 7.884615384615385 0.234375
438000 7.75 0.265625
440000 7.75 0.265625
442000 7.769230769230769 0.234375
444000 7.846153846153846 0.296875
446000 7.923076923076923 0.359375
448000 7.903846153846154 0.21875
450000 7.923076923076923 0.21875
452000 7.961538461538462 0.25
454000 7.9423076923076925 0.25
456000 7.961538461538462 0.234375
458000 7.923076923076923 0.3125
460000 7.923076923076923 0.34375
462000 8.0 0.25
464000 7.980769230769231 0.3125
466000 8.01923076923077 0.21875
468000 7.961538461538462 0.21875
470000 8.076923076923077 0.296875
472000 7.961538461538462 0.3125
474000 7.980769230769231 0.28125
476000 8.01923076923077 0.296875
478000 8.096153846153847 0.265625
480000 7.903846153846154 0.296875
482000 7.923076923076923 0.21875
484000 7.903846153846154 0.234375
486000 7.961538461538462 0.21875
488000 8.01923076923077 0.328125
490000 7.980769230769231 0.28125
492000 7.903846153846154 0.265625
494000 7.903846153846154 0.234375
496000 7.9423076923076925 0.234375
498000 7.903846153846154 0.296875
500000 7.923076923076923 0.234375
