2000 0.019230769230769232 0.40625
4000 0.0 0.65625
6000 0.15384615384615385 0.8125
8000 0.15384615384615385 0.515625
10000 0.6923076923076923 0.671875
12000 0.7692307692307693 0.765625
14000 0.9615384615384616 0.984375
16000 0.9615384615384616 1.125
18000 0.9807692307692307 0.875
20000 0.9807692307692307 0.875
22000 1.0769230769230769 1.203125
24000 1.2307692307692308 1.078125
26000 1.1538461538461537 1.09375
28000 1.2692307692307692 1.046875
30000 1.5961538461538463 1.078125
32000 1.7115384615384615 1.28125
34000 2.1153846153846154 1.359375
36000 2.173076923076923 1.203125
38000 2.3653846153846154 1.328125
40000 2.326923076923077 1.421875
42000 2.7115384615384617 1.578125
44000 2.730769230769231 1.28125
46000 3.0384615384615383 1.34375
48000 3.2115384615384617 1.65625
50000 3.480769230769231 1.34375
52000 3.3076923076923075 1.421875
54000 3.173076923076923 1.21875
56000 3.2115384615384617 0.90625
58000 3.3461538461538463 0.921875
60000 3.480769230769231 0.859375
62000 3.480769230769231 1.25
64000 3.423076923076923 1.046875
66000 3.6923076923076925 1.0625
68000 5.365384615384615 0.96875
70000 6.4423076923076925 1.125
72000 6.519230769230769 1.0
74000 6.173076923076923 1.0
76000 6.384615384615385 0.828125
78000 6.384615384615385 0.890625
80000 7.0576923076923075 1.140625
82000 6.576923076923077 1.171875
84000 6.596153846153846 1.546875
86000 6.173076923076923 1.390625
88000 6.730769230769231 1.375
90000 6.365384615384615 1.40625
92000 6.826923076923077 1.359375
94000 6.884615384615385 1.609375
96000 7.269230769230769 1.484375
98000 7.230769230769231 1.484375
100000 7.5 1.421875
102000 6.461538461538462 1.703125
104000 7.480769230769231 1.5
106000 6.788461538461538 1.296875
108000 6.923076923076923 1.25
110000 6.634615384615385 1.53125
112000 6.326923076923077 1.234375
114000 7.365384615384615 1.203125
116000 6.730769230769231 1.71875
118000 6.769230769230769 1.625
120000 6.634615384615385 1.546875
122000 7.0576923076923075 1.1875
124000 6.326923076923077 1.4375
126000 7.288461538461538 1.203125
128000 6.923076923076923 1.28125
130000 6.615384615384615 1.125
132000 6.75 1.3125
134000 6.634615384615385 1.15625
136000 7.519230769230769 1.109375
138000 6.653846153846154 1.21875
140000 6.923076923076923 1.171875
142000 6.596153846153846 1.234375
144000 6.576923076923077 1.578125
146000 7.3076923076923075 1.15625
148000 7.480769230769231 1.1875
150000 6.9423076923076925 1.15625
152000 6.826923076923077 1.3125
154000 7.346153846153846 1.171875
156000 7.884615384615385 1.171875
158000 6.730769230769231 1.140625
160000 7.076923076923077 1.546875
162000 6.980769230769231 1.15625
164000 7.384615384615385 1.203125
166000 6.884615384615385 1.125
168000 6.769230769230769 1.125
170000 6.75 1.234375
172000 6.5576923076923075 1.140625
174000 6.6923076923076925 1.125
176000 7.096153846153846 1.71875
178000 7.153846153846154 1.359375
180000 7.019230769230769 1.515625
182000 6.961538461538462 1.125
184000 6.634615384615385 1.515625
186000 6.9423076923076925 1.171875
188000 7.1923076923076925 1.515625
190000 6.75 1.28125
192000 6.615384615384615 1.546875
194000 7.173076923076923 1.46875
196000 7.230769230769231 1.734375
198000 7.384615384615385 1.4375
200000 6.75 1.421875
202000 6.9423076923076925 1.390625
204000 6.576923076923077 1.609375
206000 6.653846153846154 1.296875
208000 6.519230769230769 1.265625
210000 7.288461538461538 1.15625
212000 7.596153846153846 1.1875
214000 6.980769230769231 1.203125
216000 7.346153846153846 1.390625
218000 6.423076923076923 1.1875
220000 6.9423076923076925 1.171875
222000 7.365384615384615 1.21875
224000 6.923076923076923 1.65625
226000 7.173076923076923 1.171875
228000 7.038461538461538 1.109375
230000 6.211538461538462 1.15625
232000 7.1923076923076925 1.140625
234000 6.711538461538462 1.203125
236000 6.826923076923077 1.171875
238000 7.0576923076923075 1.1875
240000 7.134615384615385 1.1875
242000 6.788461538461538 1.21875
244000 6.769230769230769 1.328125
246000 7.019230769230769 1.1875
248000 7.019230769230769 1.140625
250000 6.711538461538462 1.421875
252000 6.673076923076923 1.328125
254000 6.5 1.34375
256000 7.288461538461538 1.21875
258000 6.788461538461538 1.703125
260000 6.673076923076923 1.359375
262000 7.134615384615385 1.453125
264000 7.134615384615385 1.3125
266000 6.730769230769231 1.234375
268000 7.538461538461538 1.546875
270000 6.923076923076923 1.3125
272000 6.634615384615385 1.5625
274000 7.673076923076923 1.34375
276000 7.115384615384615 1.34375
278000 6.3076923076923075 1.3125
280000 7.269230769230769 1.375
282000 6.673076923076923 1.421875
284000 6.673076923076923 1.703125
286000 7.384615384615385 1.515625
288000 7.538461538461538 1.453125
290000 6.634615384615385 1.65625
292000 6.6923076923076925 1.25
294000 6.769230769230769 1.421875
296000 7.096153846153846 1.734375
298000 6.961538461538462 1.609375
300000 6.711538461538462 1.609375
302000 7.25 1.59375
304000 6.730769230769231 1.171875
306000 6.634615384615385 1.25
308000 7.1923076923076925 1.3125
310000 7.288461538461538 1.28125
312000 6.865384615384615 1.21875
314000 7.0576923076923075 1.65625
316000 6.615384615384615 1.734375
318000 6.384615384615385 1.96875
320000 7.673076923076923 1.328125
322000 7.0576923076923075 1.34375
324000 7.8076923076923075 1.46875
326000 6.9423076923076925 1.78125
328000 6.75 1.21875
330000 6.4423076923076925 1.3125
332000 6.9423076923076925 1.234375
334000 7.153846153846154 1.90625
336000 7.269230769230769 1.203125
338000 6.576923076923077 1.609375
340000 6.980769230769231 1.25
342000 6.6923076923076925 1.4375
344000 7.615384615384615 1.1875
346000 7.6923076923076925 1.28125
348000 6.730769230769231 1.25
350000 6.730769230769231 1.484375
352000 6.865384615384615 1.234375
354000 6.461538461538462 1.203125
356000 6.653846153846154 1.171875
358000 6.346153846153846 1.3125
360000 6.980769230769231 1.09375
362000 6.673076923076923 1.296875
364000 6.980769230769231 1.4375
366000 6.615384615384615 1.25
368000 7.5576923076923075 1.78125
370000 6.903846153846154 1.453125
372000 6.980769230769231 1.796875
374000 6.846153846153846 1.3125
376000 6.75 1.4375
378000 6.980769230769231 1.203125
380000 6.923076923076923 1.5
382000 6.673076923076923 1.203125
384000 6.769230769230769 1.515625
386000 7.0 1.359375
388000 6.730769230769231 1.25
390000 6.673076923076923 1.265625
392000 7.346153846153846 1.234375
394000 7.5576923076923075 2.046875
396000 7.6923076923076925 1.546875
398000 6.961538461538462 1.421875
400000 7.384615384615385 1.390625
402000 7.096153846153846 1.234375
404000 7.4423076923076925 1.296875
406000 7.980769230769231 1.203125
408000 6.961538461538462 1.15625
410000 7.0576923076923075 1.6875
412000 6.826923076923077 1.25
414000 6.673076923076923 1.15625
416000 7.346153846153846 1.984375
418000 6.769230769230769 1.203125
420000 6.480769230769231 1.21875
422000 7.288461538461538 1.203125
424000 7.596153846153846 1.46875
426000 6.9423076923076925 1.21875
428000 7.1923076923076925 1.484375
430000 7.269230769230769 1.6875
432000 6.865384615384615 1.484375
434000 7.096153846153846 1.296875
436000 7.384615384615385 1.25
438000 7.480769230769231 1.953125
440000 7.1923076923076925 1.375
442000 6.75 1.5
444000 6.826923076923077 1.578125
446000 7.326923076923077 1.546875
448000 7.25 1.453125
450000 7.096153846153846 1.375
452000 6.596153846153846 1.328125
454000 6.903846153846154 1.296875
456000 6.8076923076923075 1.328125
458000 7.25 2.171875
460000 6.826923076923077 1.984375
462000 7.269230769230769 1.453125
464000 6.423076923076923 1.3125
466000 7.019230769230769 1.28125
468000 7.423076923076923 1.234375
470000 7.173076923076923 1.203125
472000 6.6923076923076925 1.125
474000 6.75 1.234375
476000 6.4423076923076925 1.75
478000 6.8076923076923075 1.671875
480000 6.961538461538462 1.265625
482000 6.673076923076923 1.1875
484000 7.403846153846154 1.34375
486000 6.865384615384615 1.140625
488000 7.403846153846154 1.453125
490000 7.173076923076923 1.15625
492000 6.403846153846154 1.09375
494000 6.730769230769231 1.203125
496000 6.461538461538462 1.203125
498000 7.5 1.21875
500000 6.865384615384615 1.234375
