2000 2.6923076923076925 0.25
4000 6.5 0.234375
6000 6.826923076923077 0.296875
8000 6.826923076923077 0.3125
10000 6.9423076923076925 0.40625
12000 6.826923076923077 0.21875
14000 6.923076923076923 0.265625
16000 6.769230769230769 0.234375
18000 6.884615384615385 0.265625
20000 6.884615384615385 0.40625
22000 6.730769230769231 0.25
24000 6.9423076923076925 0.28125
26000 6.826923076923077 0.21875
28000 6.826923076923077 0.28125
30000 6.826923076923077 0.328125
32000 6.826923076923077 0.28125
34000 6.923076923076923 0.28125
36000 6.923076923076923 0.21875
38000 7.076923076923077 0.328125
40000 7.0 0.34375
42000 6.980769230769231 0.421875
44000 6.980769230769231 0.265625
46000 7.019230769230769 0.203125
48000 6.980769230769231 0.21875
50000 6.980769230769231 0.28125
52000 7.019230769230769 0.390625
54000 7.019230769230769 0.265625
56000 7.0576923076923075 0.234375
58000 7.134615384615385 0.203125
60000 7.134615384615385 0.28125
62000 7.115384615384615 0.390625
64000 7.153846153846154 0.265625
66000 7.115384615384615 0.21875
68000 7.115384615384615 0.265625
70000 7.153846153846154 0.28125
72000 7.134615384615385 0.3125
74000 7.134615384615385 0.453125
76000 7.115384615384615 0.21875
78000 7.134615384615385 0.25
80000 7.115384615384615 0.265625
82000 7.1923076923076925 0.328125
84000 7.173076923076923 0.390625
86000 7.115384615384615 0.25
88000 7.1923076923076925 0.21875
90000 7.134615384615385 0.28125
92000 7.1923076923076925 0.296875
94000 7.1923076923076925 0.328125
96000 7.1923076923076925 0.234375
98000 7.1923076923076925 0.234375
100000 7.365384615384615 0.265625
102000 7.25 0.25
104000 7.25 0.3125
106000 7.1923076923076925 0.375
108000 7.3076923076923075 0.234375
110000 7.3076923076923075 0.265625
112000 7.3076923076923075 0.28125
114000 7.365384615384615 0.296875
116000 7.288461538461538 0.40625
118000 7.3076923076923075 0.21875
120000 7.230769230769231 0.28125
122000 7.1923076923076925 0.265625
124000 7.211538461538462 0.359375
126000 7.230769230769231 0.390625
128000 7.25 0.296875
130000 7.25 0.375
132000 7.3076923076923075 0.21875
134000 7.173076923076923 0.21875
136000 7.173076923076923 0.34375
138000 7.346153846153846 0.421875
140000 7.423076923076923 0.265625
142000 7.1923076923076925 0.265625
144000 7.365384615384615 0.28125
146000 7.326923076923077 0.296875
148000 7.365384615384615 0.359375
150000 7.346153846153846 0.21875
152000 7.4423076923076925 0.21875
154000 7.576923076923077 0.234375
156000 7.423076923076923 0.25
158000 7.403846153846154 0.375
160000 7.326923076923077 0.3125
162000 7.5576923076923075 0.21875
164000 7.384615384615385 0.203125
166000 7.423076923076923 0.25
168000 7.3076923076923075 0.34375
170000 7.326923076923077 0.359375
172000 7.365384615384615 0.3125
174000 7.326923076923077 0.296875
176000 7.365384615384615 0.25
178000 7.403846153846154 0.28125
180000 7.384615384615385 0.34375
182000 7.4423076923076925 0.296875
184000 7.346153846153846 0.3125
186000 7.403846153846154 0.234375
188000 7.384615384615385 0.234375
190000 7.4423076923076925 0.375
192000 7.384615384615385 0.28125
194000 7.423076923076923 0.265625
196000 7.423076923076923 0.203125
198000 7.461538461538462 0.25
200000 7.519230769230769 0.265625
202000 7.5 0.375
204000 7.538461538461538 0.265625
206000 7.5576923076923075 0.203125
208000 7.423076923076923 0.265625
210000 7.461538461538462 0.296875
212000 7.461538461538462 0.40625
214000 7.4423076923076925 0.234375
216000 7.403846153846154 0.21875
218000 7.423076923076923 0.21875
220000 7.403846153846154 0.34375
222000 7.4423076923076925 0.390625
224000 7.461538461538462 0.265625
226000 7.4423076923076925 0.328125
228000 7.634615384615385 0.3125
230000 7.576923076923077 0.3125
232000 7.480769230769231 0.375
234000 7.423076923076923 0.421875
236000 7.3076923076923075 0.359375
238000 7.403846153846154 0.375
240000 7.423076923076923 0.375
242000 7.423076923076923 0.3125
244000 7.423076923076923 0.328125
246000 7.423076923076923 0.4375
248000 7.4423076923076925 0.34375
250000 7.538461538461538 0.359375
252000 7.519230769230769 0.328125
254000 7.480769230769231 0.328125
256000 7.519230769230769 0.34375
258000 7.423076923076923 0.234375
260000 7.4423076923076925 0.21875
262000 7.519230769230769 0.296875
264000 7.480769230769231 0.34375
266000 7.423076923076923 0.421875
268000 7.346153846153846 0.21875
270000 7.5 0.3125
272000 7.576923076923077 0.25
274000 7.461538461538462 0.3125
276000 7.423076923076923 0.359375
278000 7.403846153846154 0.234375
280000 7.4423076923076925 0.3125
282000 7.365384615384615 0.25
284000 7.480769230769231 0.265625
286000 7.5 0.359375
288000 7.5 0.21875
290000 7.4423076923076925 0.25
292000 7.403846153846154 0.234375
294000 7.423076923076923 0.25
296000 7.384615384615385 0.328125
298000 7.403846153846154 0.40625
300000 7.519230769230769 0.28125
302000 7.5 0.28125
304000 7.615384615384615 0.21875
306000 7.538461538461538 0.328125
308000 7.576923076923077 0.359375
310000 7.538461538461538 0.25
312000 7.519230769230769 0.265625
314000 7.461538461538462 0.3125
316000 7.4423076923076925 0.28125
318000 7.538461538461538 0.375
320000 7.5 0.25
322000 7.423076923076923 0.203125
324000 7.461538461538462 0.265625
326000 7.384615384615385 0.3125
328000 7.576923076923077 0.328125
330000 7.461538461538462 0.40625
332000 7.480769230769231 0.21875
334000 7.5 0.296875
336000 7.576923076923077 0.25
338000 7.5 0.328125
340000 7.615384615384615 0.359375
342000 7.576923076923077 0.21875
344000 7.461538461538462 0.296875
346000 7.403846153846154 0.234375
348000 7.4423076923076925 0.234375
350000 7.519230769230769 0.359375
352000 7.461538461538462 0.265625
354000 7.596153846153846 0.28125
356000 7.5576923076923075 0.25
358000 7.653846153846154 0.234375
360000 7.634615384615385 0.34375
362000 7.461538461538462 0.4375
364000 7.461538461538462 0.21875
366000 7.4423076923076925 0.296875
368000 7.519230769230769 0.203125
370000 7.4423076923076925 0.296875
372000 7.480769230769231 0.390625
374000 7.384615384615385 0.234375
376000 7.480769230769231 0.21875
378000 7.461538461538462 0.203125
380000 7.4423076923076925 0.28125
382000 7.519230769230769 0.375
384000 7.423076923076923 0.25
386000 7.384615384615385 0.234375
388000 7.4423076923076925 0.234375
390000 7.384615384615385 0.265625
392000 7.461538461538462 0.3125
394000 7.423076923076923 0.40625
396000 7.519230769230769 0.21875
398000 7.519230769230769 0.28125
400000 7.384615384615385 0.25
402000 7.4423076923076925 0.296875
404000 7.519230769230769 0.40625
406000 7.4423076923076925 0.265625
408000 7.384615384615385 0.28125
410000 7.4423076923076925 0.28125
412000 7.5 0.265625
414000 7.538461538461538 0.375
416000 7.461538461538462 0.265625
418000 7.461538461538462 0.28125
420000 7.461538461538462 0.25
422000 7.461538461538462 0.234375
424000 7.4423076923076925 0.3125
426000 7.384615384615385 0.421875
428000 7.5 0.25
430000 7.4423076923076925 0.296875
432000 7.5 0.25
434000 7.5 0.296875
436000 7.4423076923076925 0.40625
438000 7.403846153846154 0.21875
440000 7.461538461538462 0.375
442000 7.461538461538462 0.25
444000 7.519230769230769 0.328125
446000 7.5576923076923075 0.34375
448000 7.5576923076923075 0.25
450000 7.5 0.21875
452000 7.538461538461538 0.265625
454000 7.480769230769231 0.265625
456000 7.5576923076923075 0.296875
458000 7.519230769230769 0.453125
460000 7.5 0.25
462000 7.461538461538462 0.265625
464000 7.461538461538462 0.265625
466000 7.461538461538462 0.296875
468000 7.461538461538462 0.359375
470000 7.461538461538462 0.21875
472000 7.461538461538462 0.21875
474000 7.5 0.21875
476000 7.5 0.28125
478000 7.480769230769231 0.4375
480000 7.461538461538462 0.21875
482000 7.480769230769231 0.203125
484000 7.519230769230769 0.234375
486000 7.480769230769231 0.265625
488000 7.5 0.296875
490000 7.480769230769231 0.390625
492000 7.480769230769231 0.234375
494000 7.615384615384615 0.15625
496000 7.634615384615385 0.234375
498000 7.615384615384615 0.3125
500000 7.615384615384615 0.34375
