2000 0.9615384615384616 0.453125
4000 2.519230769230769 0.546875
6000 2.0961538461538463 0.71875
8000 6.769230769230769 0.65625
10000 6.75 0.78125
12000 6.75 0.8125
14000 6.75 0.640625
16000 7.173076923076923 0.59375
18000 7.3076923076923075 0.625
20000 7.115384615384615 0.9375
22000 7.25 0.671875
24000 7.25 0.640625
26000 7.288461538461538 0.625
28000 7.346153846153846 0.671875
30000 7.0576923076923075 0.6875
32000 6.865384615384615 0.59375
34000 7.25 0.84375
36000 7.288461538461538 0.6875
38000 7.461538461538462 0.671875
40000 7.365384615384615 0.625
42000 7.384615384615385 0.890625
44000 7.365384615384615 0.703125
46000 7.288461538461538 0.625
48000 7.346153846153846 0.671875
50000 7.346153846153846 0.6875
52000 7.346153846153846 0.765625
54000 7.423076923076923 0.609375
56000 7.365384615384615 0.953125
58000 7.25 0.734375
60000 7.4423076923076925 0.703125
62000 7.346153846153846 0.734375
64000 7.326923076923077 0.71875
66000 7.461538461538462 0.703125
68000 7.423076923076923 0.6875
70000 7.4423076923076925 0.6875
72000 7.461538461538462 0.71875
74000 7.384615384615385 0.984375
76000 7.519230769230769 0.65625
78000 7.5 0.890625
80000 7.384615384615385 0.734375
82000 7.1923076923076925 0.875
84000 7.365384615384615 0.953125
86000 7.461538461538462 0.71875
88000 7.5 0.6875
90000 7.25 0.96875
92000 7.173076923076923 0.78125
94000 7.019230769230769 0.703125
96000 7.0576923076923075 0.75
98000 7.346153846153846 0.828125
100000 7.096153846153846 1.0
102000 6.923076923076923 0.890625
104000 7.038461538461538 0.65625
106000 7.019230769230769 0.796875
108000 7.096153846153846 0.71875
110000 7.269230769230769 0.640625
112000 7.230769230769231 0.796875
114000 7.153846153846154 0.71875
116000 6.980769230769231 0.8125
118000 6.980769230769231 0.703125
120000 6.903846153846154 0.65625
122000 7.326923076923077 0.890625
124000 7.346153846153846 0.703125
126000 6.961538461538462 0.71875
128000 7.134615384615385 0.703125
130000 7.326923076923077 0.75
132000 7.211538461538462 0.71875
134000 7.211538461538462 0.703125
136000 7.153846153846154 0.96875
138000 7.153846153846154 0.828125
140000 7.038461538461538 0.734375
142000 7.4423076923076925 0.84375
144000 7.4423076923076925 0.703125
146000 7.461538461538462 0.703125
148000 7.346153846153846 0.75
150000 7.173076923076923 0.828125
152000 7.461538461538462 0.65625
154000 7.173076923076923 0.65625
156000 7.288461538461538 0.90625
158000 7.403846153846154 0.90625
160000 7.461538461538462 0.703125
162000 7.461538461538462 0.796875
164000 7.596153846153846 0.734375
166000 7.653846153846154 0.703125
168000 7.5576923076923075 0.671875
170000 7.288461538461538 0.828125
172000 7.384615384615385 0.703125
174000 7.826923076923077 0.765625
176000 7.826923076923077 1.03125
178000 7.673076923076923 0.875
180000 7.596153846153846 0.765625
182000 7.961538461538462 0.703125
184000 7.576923076923077 0.90625
186000 7.5 0.71875
188000 7.576923076923077 0.78125
190000 7.711538461538462 0.75
192000 7.596153846153846 0.625
194000 7.653846153846154 0.671875
196000 7.653846153846154 0.640625
198000 7.596153846153846 0.671875
200000 7.8076923076923075 0.65625
202000 7.769230769230769 0.796875
204000 7.788461538461538 0.71875
206000 7.6923076923076925 0.640625
208000 7.384615384615385 0.65625
210000 7.4423076923076925 0.65625
212000 7.134615384615385 0.703125
214000 7.826923076923077 0.671875
216000 7.076923076923077 0.640625
218000 7.3076923076923075 0.78125
220000 7.634615384615385 0.671875
222000 7.673076923076923 0.71875
224000 7.5 0.65625
226000 7.826923076923077 0.65625
228000 7.788461538461538 0.65625
230000 7.6923076923076925 0.6875
232000 7.4423076923076925 0.859375
234000 7.596153846153846 0.765625
236000 7.788461538461538 0.640625
238000 7.846153846153846 0.671875
240000 7.884615384615385 0.78125
242000 7.769230769230769 0.734375
244000 7.8076923076923075 0.765625
246000 7.826923076923077 1.0
248000 7.461538461538462 0.671875
250000 7.5576923076923075 0.71875
252000 7.615384615384615 0.9375
254000 7.75 0.65625
256000 7.730769230769231 0.71875
258000 7.903846153846154 0.71875
260000 7.826923076923077 0.640625
262000 7.769230769230769 0.671875
264000 7.8076923076923075 0.703125
266000 8.01923076923077 1.0625
268000 7.711538461538462 0.6875
270000 8.115384615384615 0.71875
272000 8.01923076923077 0.71875
274000 7.865384615384615 0.734375
276000 7.846153846153846 0.765625
278000 7.884615384615385 0.71875
280000 7.865384615384615 0.875
282000 7.884615384615385 0.703125
284000 7.846153846153846 0.65625
286000 7.769230769230769 0.703125
288000 7.730769230769231 0.6875
290000 7.961538461538462 0.703125
292000 7.865384615384615 0.734375
294000 8.01923076923077 0.875
296000 8.01923076923077 0.9375
298000 7.884615384615385 0.796875
300000 7.6923076923076925 0.78125
302000 8.134615384615385 0.890625
304000 7.980769230769231 0.671875
306000 7.653846153846154 0.71875
308000 7.846153846153846 0.953125
310000 7.788461538461538 0.71875
312000 7.826923076923077 0.65625
314000 7.5 0.734375
316000 7.596153846153846 0.71875
318000 7.673076923076923 0.71875
320000 7.730769230769231 0.75
322000 7.6923076923076925 0.890625
324000 7.615384615384615 0.78125
326000 7.653846153846154 0.6875
328000 7.865384615384615 0.75
330000 7.884615384615385 0.859375
332000 7.538461538461538 0.671875
334000 8.0 0.75
336000 7.634615384615385 0.796875
338000 7.615384615384615 0.6875
340000 7.634615384615385 0.703125
342000 8.038461538461538 0.734375
344000 7.769230769230769 0.71875
346000 7.6923076923076925 0.671875
348000 7.8076923076923075 0.703125
350000 7.711538461538462 0.984375
352000 7.865384615384615 0.734375
354000 7.615384615384615 0.703125
356000 7.980769230769231 0.921875
358000 7.5 0.71875
360000 7.788461538461538 0.703125
362000 7.826923076923077 0.921875
364000 7.9423076923076925 0.703125
366000 7.846153846153846 0.78125
368000 7.903846153846154 0.65625
370000 7.75 0.921875
372000 7.903846153846154 0.796875
374000 7.788461538461538 0.765625
376000 7.711538461538462 0.734375
378000 7.865384615384615 0.65625
380000 7.865384615384615 0.71875
382000 7.846153846153846 0.71875
384000 7.788461538461538 0.90625
386000 7.846153846153846 0.65625
388000 7.923076923076923 0.703125
390000 7.9423076923076925 0.984375
392000 8.0 0.71875
394000 8.0 0.9375
396000 8.038461538461538 0.8125
398000 8.038461538461538 0.703125
400000 7.903846153846154 0.71875
402000 8.076923076923077 0.703125
404000 7.653846153846154 0.84375
406000 8.0 0.6875
408000 7.884615384615385 0.71875
410000 7.75 0.875
412000 7.826923076923077 0.90625
414000 7.8076923076923075 0.6875
416000 7.9423076923076925 0.703125
418000 7.865384615384615 0.859375
420000 7.980769230769231 0.75
422000 8.01923076923077 1.0
424000 7.769230769230769 0.953125
426000 7.923076923076923 0.890625
428000 7.884615384615385 0.9375
430000 7.980769230769231 0.84375
432000 7.903846153846154 0.75
434000 7.903846153846154 0.90625
436000 7.9423076923076925 0.796875
438000 7.980769230769231 0.703125
440000 8.01923076923077 0.703125
442000 8.01923076923077 0.71875
444000 7.884615384615385 0.984375
446000 7.923076923076923 0.65625
448000 7.961538461538462 0.75
450000 7.980769230769231 1.0625
452000 8.0 0.65625
454000 7.980769230769231 0.6875
456000 7.826923076923077 0.71875
458000 7.865384615384615 0.8125
460000 7.865384615384615 0.671875
462000 7.9423076923076925 0.671875
464000 7.980769230769231 0.78125
466000 7.923076923076923 0.859375
468000 7.884615384615385 0.796875
470000 7.961538461538462 1.0625
472000 7.923076923076923 0.71875
474000 7.884615384615385 0.734375
476000 7.884615384615385 0.71875
478000 7.884615384615385 0.71875
480000 7.865384615384615 0.921875
482000 7.980769230769231 0.75
484000 7.884615384615385 0.796875
486000 7.865384615384615 0.796875
488000 7.923076923076923 0.6875
490000 7.9423076923076925 1.03125
492000 8.0 0.890625
494000 8.0 0.65625
496000 8.038461538461538 0.71875
498000 8.01923076923077 0.734375
500000 7.980769230769231 0.765625
