2000 1.0 0.203125
4000 2.6923076923076925 0.171875
6000 4.846153846153846 0.296875
8000 6.480769230769231 0.3125
10000 6.826923076923077 0.390625
12000 7.3076923076923075 0.234375
14000 7.076923076923077 0.40625
16000 7.134615384615385 0.21875
18000 7.134615384615385 0.390625
20000 7.019230769230769 0.328125
22000 7.038461538461538 0.21875
24000 7.134615384615385 0.453125
26000 7.019230769230769 0.515625
28000 7.115384615384615 0.375
30000 7.134615384615385 0.40625
32000 7.115384615384615 0.3125
34000 7.288461538461538 0.421875
36000 7.1923076923076925 0.359375
38000 7.326923076923077 0.359375
40000 7.3076923076923075 0.46875
42000 7.3076923076923075 0.640625
44000 7.326923076923077 0.4375
46000 7.3076923076923075 0.359375
48000 7.3076923076923075 0.375
50000 7.346153846153846 0.375
52000 7.288461538461538 0.46875
54000 7.3076923076923075 0.34375
56000 7.3076923076923075 0.375
58000 7.3076923076923075 0.34375
60000 7.3076923076923075 0.40625
62000 7.25 0.421875
64000 7.269230769230769 0.296875
66000 7.326923076923077 0.34375
68000 7.403846153846154 0.390625
70000 7.326923076923077 0.453125
72000 7.365384615384615 0.421875
74000 7.326923076923077 0.546875
76000 7.365384615384615 0.5
78000 7.365384615384615 0.328125
80000 7.4423076923076925 0.5625
82000 7.576923076923077 0.296875
84000 7.480769230769231 0.40625
86000 7.384615384615385 0.484375
88000 7.3076923076923075 0.390625
90000 7.538461538461538 0.640625
92000 7.480769230769231 0.4375
94000 7.288461538461538 0.46875
96000 7.519230769230769 0.46875
98000 7.423076923076923 0.40625
100000 7.346153846153846 0.4375
102000 7.346153846153846 0.453125
104000 7.384615384615385 0.375
106000 7.403846153846154 0.46875
108000 7.4423076923076925 0.3125
110000 7.461538461538462 0.296875
112000 7.4423076923076925 0.484375
114000 7.519230769230769 0.484375
116000 7.4423076923076925 0.421875
118000 7.461538461538462 0.296875
120000 7.711538461538462 0.34375
122000 7.8076923076923075 0.296875
124000 7.673076923076923 0.296875
126000 7.653846153846154 0.375
128000 7.576923076923077 0.296875
130000 7.634615384615385 0.296875
132000 7.634615384615385 0.296875
134000 7.519230769230769 0.3125
136000 7.326923076923077 0.390625
138000 7.346153846153846 0.5
140000 7.596153846153846 0.296875
142000 7.403846153846154 0.265625
144000 7.4423076923076925 0.390625
146000 7.769230769230769 0.359375
148000 7.788461538461538 0.40625
150000 7.423076923076923 0.328125
152000 7.25 0.296875
154000 7.384615384615385 0.328125
156000 7.1923076923076925 0.453125
158000 7.1923076923076925 0.375
160000 7.538461538461538 0.3125
162000 7.730769230769231 0.3125
164000 7.576923076923077 0.296875
166000 7.576923076923077 0.328125
168000 7.576923076923077 0.421875
170000 7.096153846153846 0.53125
172000 7.673076923076923 0.296875
174000 7.576923076923077 0.296875
176000 7.576923076923077 0.328125
178000 7.5576923076923075 0.28125
180000 7.596153846153846 0.484375
182000 7.769230769230769 0.328125
184000 7.653846153846154 0.3125
186000 7.461538461538462 0.328125
188000 7.576923076923077 0.28125
190000 7.538461538461538 0.390625
192000 7.538461538461538 0.421875
194000 7.865384615384615 0.296875
196000 8.0 0.296875
198000 7.865384615384615 0.328125
200000 7.8076923076923075 0.359375
202000 8.038461538461538 0.53125
204000 8.134615384615385 0.375
206000 8.076923076923077 0.453125
208000 8.096153846153847 0.28125
210000 7.480769230769231 0.296875
212000 7.788461538461538 0.46875
214000 7.730769230769231 0.28125
216000 7.865384615384615 0.421875
218000 8.192307692307692 0.359375
220000 8.134615384615385 0.34375
222000 7.903846153846154 0.484375
224000 7.8076923076923075 0.40625
226000 7.846153846153846 0.4375
228000 8.096153846153847 0.34375
230000 8.23076923076923 0.265625
232000 8.25 0.34375
234000 8.346153846153847 0.484375
236000 8.48076923076923 0.359375
238000 8.26923076923077 0.421875
240000 8.173076923076923 0.28125
242000 8.192307692307692 0.3125
244000 8.346153846153847 0.53125
246000 8.076923076923077 0.25
248000 8.134615384615385 0.328125
250000 8.288461538461538 0.40625
252000 8.153846153846153 0.265625
254000 8.134615384615385 0.453125
256000 8.076923076923077 0.328125
258000 8.096153846153847 0.296875
260000 8.057692307692308 0.328125
262000 7.903846153846154 0.375
264000 7.903846153846154 0.359375
266000 8.211538461538462 0.484375
268000 8.038461538461538 0.296875
270000 8.134615384615385 0.328125
272000 8.25 0.46875
274000 8.173076923076923 0.421875
276000 8.115384615384615 0.40625
278000 7.884615384615385 0.328125
280000 7.980769230769231 0.265625
282000 8.153846153846153 0.34375
284000 8.057692307692308 0.40625
286000 8.173076923076923 0.375
288000 8.115384615384615 0.34375
290000 8.384615384615385 0.375
292000 8.0 0.3125
294000 7.480769230769231 0.296875
296000 7.865384615384615 0.453125
298000 8.153846153846153 0.453125
300000 8.153846153846153 0.28125
302000 8.057692307692308 0.28125
304000 8.096153846153847 0.296875
306000 8.192307692307692 0.34375
308000 8.153846153846153 0.46875
310000 8.134615384615385 0.359375
312000 8.173076923076923 0.390625
314000 8.192307692307692 0.328125
316000 7.826923076923077 0.328125
318000 7.961538461538462 0.40625
320000 8.038461538461538 0.359375
322000 8.153846153846153 0.34375
324000 7.615384615384615 0.25
326000 8.01923076923077 0.34375
328000 8.192307692307692 0.3125
330000 8.134615384615385 0.515625
332000 8.134615384615385 0.40625
334000 8.115384615384615 0.265625
336000 8.134615384615385 0.3125
338000 8.115384615384615 0.359375
340000 8.26923076923077 0.453125
342000 8.153846153846153 0.265625
344000 8.326923076923077 0.390625
346000 8.173076923076923 0.375
348000 8.0 0.34375
350000 8.153846153846153 0.46875
352000 8.192307692307692 0.328125
354000 8.038461538461538 0.296875
356000 8.038461538461538 0.34375
358000 8.25 0.390625
360000 8.211538461538462 0.453125
362000 8.192307692307692 0.515625
364000 8.192307692307692 0.3125
366000 8.192307692307692 0.296875
368000 8.153846153846153 0.4375
370000 8.01923076923077 0.4375
372000 8.01923076923077 0.421875
374000 8.192307692307692 0.265625
376000 8.115384615384615 0.34375
378000 8.211538461538462 0.34375
380000 8.288461538461538 0.328125
382000 8.307692307692308 0.46875
384000 8.23076923076923 0.359375
386000 8.173076923076923 0.28125
388000 8.211538461538462 0.28125
390000 8.23076923076923 0.3125
392000 8.23076923076923 0.359375
394000 8.326923076923077 0.53125
396000 8.23076923076923 0.34375
398000 8.134615384615385 0.28125
400000 8.096153846153847 0.25
402000 8.26923076923077 0.296875
404000 8.288461538461538 0.53125
406000 8.0 0.421875
408000 8.057692307692308 0.3125
410000 8.211538461538462 0.3125
412000 8.307692307692308 0.296875
414000 8.365384615384615 0.328125
416000 8.173076923076923 0.328125
418000 8.211538461538462 0.359375
420000 8.192307692307692 0.25
422000 8.0 0.28125
424000 8.076923076923077 0.40625
426000 8.0 0.515625
428000 8.211538461538462 0.265625
430000 8.288461538461538 0.375
432000 8.26923076923077 0.328125
434000 8.115384615384615 0.359375
436000 8.211538461538462 0.453125
438000 8.403846153846153 0.296875
440000 8.307692307692308 0.453125
442000 8.288461538461538 0.3125
444000 8.25 0.328125
446000 8.288461538461538 0.375
448000 8.23076923076923 0.34375
450000 8.346153846153847 0.328125
452000 8.365384615384615 0.40625
454000 8.423076923076923 0.34375
456000 8.326923076923077 0.390625
458000 8.26923076923077 0.484375
460000 8.326923076923077 0.3125
462000 8.403846153846153 0.328125
464000 8.365384615384615 0.515625
466000 8.26923076923077 0.5
468000 8.365384615384615 0.46875
470000 8.326923076923077 0.265625
472000 8.115384615384615 0.3125
474000 8.23076923076923 0.421875
476000 8.365384615384615 0.3125
478000 8.442307692307692 0.40625
480000 8.365384615384615 0.328125
482000 8.326923076923077 0.34375
484000 8.384615384615385 0.28125
486000 8.26923076923077 0.46875
488000 8.25 0.375
490000 8.23076923076923 0.53125
492000 8.288461538461538 0.296875
494000 8.288461538461538 0.359375
496000 8.23076923076923 0.484375
498000 8.288461538461538 0.46875
500000 8.288461538461538 0.375
