2000 0.9038461538461539 0.671875
4000 1.1923076923076923 0.765625
6000 1.0576923076923077 0.765625
8000 2.019230769230769 0.65625
10000 2.9423076923076925 0.859375
12000 3.3076923076923075 0.703125
14000 2.9423076923076925 0.75
16000 3.6153846153846154 0.703125
18000 3.9038461538461537 0.65625
20000 3.9038461538461537 0.828125
22000 3.923076923076923 0.765625
24000 6.884615384615385 0.734375
26000 6.788461538461538 0.75
28000 7.730769230769231 0.703125
30000 7.788461538461538 0.828125
32000 7.788461538461538 0.90625
34000 7.826923076923077 0.890625
36000 7.653846153846154 0.84375
38000 7.769230769230769 0.921875
40000 7.846153846153846 0.734375
42000 7.769230769230769 0.9375
44000 7.769230769230769 0.796875
46000 7.826923076923077 0.703125
48000 7.865384615384615 0.75
50000 7.865384615384615 0.828125
52000 7.903846153846154 0.875
54000 7.9423076923076925 0.921875
56000 7.9423076923076925 0.625
58000 8.057692307692308 0.59375
60000 8.0 0.640625
62000 7.980769230769231 0.6875
64000 8.134615384615385 0.765625
66000 8.057692307692308 0.8125
68000 8.115384615384615 0.703125
70000 8.115384615384615 0.640625
72000 8.153846153846153 0.875
74000 8.173076923076923 0.890625
76000 7.903846153846154 0.609375
78000 8.115384615384615 0.640625
80000 7.788461538461538 0.578125
82000 7.711538461538462 0.609375
84000 7.865384615384615 0.71875
86000 8.01923076923077 0.78125
88000 8.134615384615385 0.8125
90000 8.115384615384615 0.765625
92000 8.0 0.625
94000 8.038461538461538 0.671875
96000 7.980769230769231 0.640625
98000 8.076923076923077 0.78125
100000 7.923076923076923 0.640625
102000 7.6923076923076925 0.671875
104000 8.115384615384615 0.59375
106000 7.711538461538462 0.84375
108000 8.25 0.65625
110000 8.26923076923077 0.640625
112000 8.134615384615385 0.796875
114000 8.173076923076923 0.71875
116000 8.23076923076923 0.734375
118000 8.25 0.6875
120000 8.288461538461538 0.703125
122000 8.384615384615385 0.703125
124000 8.23076923076923 0.65625
126000 8.096153846153847 0.625
128000 8.153846153846153 0.65625
130000 8.134615384615385 0.609375
132000 8.076923076923077 0.84375
134000 8.057692307692308 0.625
136000 8.192307692307692 0.578125
138000 8.442307692307692 0.765625
140000 8.288461538461538 0.6875
142000 8.288461538461538 0.828125
144000 8.153846153846153 0.75
146000 8.307692307692308 0.703125
148000 8.038461538461538 0.671875
150000 8.25 0.671875
152000 7.980769230769231 0.59375
154000 7.923076923076923 0.65625
156000 8.288461538461538 0.78125
158000 8.096153846153847 0.859375
160000 7.923076923076923 0.65625
162000 8.096153846153847 0.671875
164000 8.057692307692308 0.625
166000 8.23076923076923 0.8125
168000 7.846153846153846 0.828125
170000 7.865384615384615 0.796875
172000 8.153846153846153 0.796875
174000 7.961538461538462 0.59375
176000 8.0 0.75
178000 7.826923076923077 0.78125
180000 7.9423076923076925 0.8125
182000 7.903846153846154 0.65625
184000 8.115384615384615 0.609375
186000 8.115384615384615 0.6875
188000 7.9423076923076925 0.796875
190000 8.307692307692308 0.828125
192000 7.846153846153846 0.671875
194000 7.769230769230769 0.875
196000 7.923076923076923 0.90625
198000 8.096153846153847 0.703125
200000 8.307692307692308 0.859375
202000 8.307692307692308 0.890625
204000 8.211538461538462 0.875
206000 8.326923076923077 0.671875
208000 8.346153846153847 0.671875
210000 7.8076923076923075 0.84375
212000 8.211538461538462 0.6875
214000 7.903846153846154 0.640625
216000 8.076923076923077 0.640625
218000 8.25 0.734375
220000 8.096153846153847 0.71875
222000 8.442307692307692 0.6875
224000 8.115384615384615 0.625
226000 8.173076923076923 0.703125
228000 8.23076923076923 0.625
230000 8.173076923076923 0.65625
232000 8.057692307692308 0.65625
234000 8.115384615384615 0.796875
236000 8.384615384615385 0.78125
238000 8.346153846153847 0.6875
240000 8.096153846153847 0.515625
242000 8.173076923076923 0.390625
244000 8.48076923076923 0.5
246000 8.307692307692308 0.546875
248000 8.307692307692308 0.546875
250000 8.442307692307692 0.421875
252000 8.423076923076923 0.671875
254000 8.51923076923077 0.4375
256000 8.26923076923077 0.390625
258000 8.115384615384615 0.4375
260000 8.346153846153847 0.421875
262000 8.365384615384615 0.4375
264000 8.153846153846153 0.5
266000 8.076923076923077 0.609375
268000 7.884615384615385 0.625
270000 8.326923076923077 0.625
272000 8.26923076923077 0.796875
274000 8.096153846153847 0.84375
276000 8.48076923076923 0.875
278000 8.442307692307692 0.984375
280000 8.51923076923077 0.796875
282000 8.326923076923077 0.828125
284000 8.384615384615385 0.828125
286000 8.211538461538462 0.875
288000 8.365384615384615 0.984375
290000 8.038461538461538 0.796875
292000 8.384615384615385 0.765625
294000 8.26923076923077 0.75
296000 8.384615384615385 0.65625
298000 8.461538461538462 0.875
300000 8.307692307692308 0.671875
302000 8.23076923076923 0.765625
304000 8.326923076923077 0.65625
306000 8.173076923076923 0.75
308000 8.307692307692308 0.8125
310000 8.153846153846153 0.8125
312000 8.153846153846153 0.640625
314000 8.307692307692308 0.703125
316000 8.307692307692308 0.734375
318000 8.26923076923077 0.703125
320000 8.557692307692308 0.875
322000 8.134615384615385 0.65625
324000 8.326923076923077 0.71875
326000 8.096153846153847 0.640625
328000 7.961538461538462 0.703125
330000 7.8076923076923075 0.640625
332000 8.057692307692308 0.65625
334000 7.884615384615385 0.65625
336000 8.23076923076923 0.75
338000 8.173076923076923 0.671875
340000 8.288461538461538 0.65625
342000 8.192307692307692 0.6875
344000 8.288461538461538 0.84375
346000 8.326923076923077 0.703125
348000 8.26923076923077 0.90625
350000 8.25 0.953125
352000 8.134615384615385 0.65625
354000 8.134615384615385 0.703125
356000 8.26923076923077 0.65625
358000 8.423076923076923 0.671875
360000 8.48076923076923 0.734375
362000 8.403846153846153 0.796875
364000 8.48076923076923 0.71875
366000 8.461538461538462 0.84375
368000 8.48076923076923 0.765625
370000 8.173076923076923 0.671875
372000 8.403846153846153 0.859375
374000 8.384615384615385 0.8125
376000 8.403846153846153 0.71875
378000 8.26923076923077 0.640625
380000 8.5 0.8125
382000 8.403846153846153 0.703125
384000 8.153846153846153 0.90625
386000 8.5 0.703125
388000 8.384615384615385 0.6875
390000 8.365384615384615 0.703125
392000 8.461538461538462 0.75
394000 8.461538461538462 0.796875
396000 8.403846153846153 0.796875
398000 8.442307692307692 0.859375
400000 8.442307692307692 0.96875
402000 8.51923076923077 0.859375
404000 8.51923076923077 0.859375
406000 8.51923076923077 0.859375
408000 8.442307692307692 0.90625
410000 8.288461538461538 0.859375
412000 8.365384615384615 1.015625
414000 8.211538461538462 0.859375
416000 8.403846153846153 0.875
418000 8.192307692307692 0.84375
420000 8.442307692307692 0.84375
422000 8.365384615384615 0.90625
424000 8.538461538461538 0.71875
426000 8.461538461538462 0.890625
428000 8.51923076923077 0.671875
430000 8.384615384615385 0.71875
432000 8.461538461538462 0.65625
434000 8.403846153846153 0.671875
436000 8.557692307692308 0.828125
438000 8.461538461538462 0.671875
440000 8.326923076923077 0.6875
442000 8.326923076923077 0.703125
444000 8.365384615384615 0.734375
446000 8.365384615384615 0.734375
448000 8.538461538461538 0.796875
450000 8.326923076923077 0.8125
452000 8.326923076923077 0.796875
454000 8.307692307692308 0.78125
456000 8.403846153846153 0.734375
458000 8.461538461538462 0.84375
460000 8.423076923076923 0.828125
462000 8.384615384615385 0.828125
464000 8.48076923076923 0.6875
466000 8.461538461538462 0.75
468000 8.538461538461538 0.984375
470000 8.461538461538462 1.015625
472000 8.48076923076923 1.046875
474000 8.596153846153847 0.96875
476000 8.576923076923077 0.875
478000 8.576923076923077 0.984375
480000 8.615384615384615 1.03125
482000 8.711538461538462 0.84375
484000 8.711538461538462 1.015625
486000 8.711538461538462 0.84375
488000 8.653846153846153 0.984375
490000 8.75 0.984375
492000 8.75 1.0
494000 8.711538461538462 0.828125
496000 8.673076923076923 0.953125
498000 8.711538461538462 0.71875
500000 8.615384615384615 0.765625
