2000 0.8653846153846154 0.328125
4000 1.2307692307692308 0.34375
6000 1.2884615384615385 0.3125
8000 2.1346153846153846 0.359375
10000 3.480769230769231 0.515625
12000 3.5 0.296875
14000 3.6538461538461537 0.265625
16000 6.826923076923077 0.375
18000 6.8076923076923075 0.328125
20000 7.076923076923077 0.40625
22000 7.096153846153846 0.3125
24000 7.019230769230769 0.40625
26000 7.076923076923077 0.34375
28000 7.019230769230769 0.34375
30000 7.019230769230769 0.421875
32000 7.076923076923077 0.28125
34000 7.019230769230769 0.28125
36000 7.076923076923077 0.25
38000 7.269230769230769 0.28125
40000 7.153846153846154 0.328125
42000 7.3076923076923075 0.40625
44000 7.153846153846154 0.265625
46000 7.230769230769231 0.25
48000 7.173076923076923 0.28125
50000 7.269230769230769 0.3125
52000 7.269230769230769 0.34375
54000 7.269230769230769 0.25
56000 7.346153846153846 0.34375
58000 7.365384615384615 0.21875
60000 7.365384615384615 0.296875
62000 7.403846153846154 0.46875
64000 7.269230769230769 0.28125
66000 7.365384615384615 0.3125
68000 7.5 0.328125
70000 7.788461538461538 0.234375
72000 7.846153846153846 0.28125
74000 7.923076923076923 0.4375
76000 7.826923076923077 0.328125
78000 7.673076923076923 0.234375
80000 7.8076923076923075 0.25
82000 7.980769230769231 0.328125
84000 8.0 0.390625
86000 7.865384615384615 0.28125
88000 7.961538461538462 0.3125
90000 8.01923076923077 0.265625
92000 7.884615384615385 0.34375
94000 7.980769230769231 0.34375
96000 7.653846153846154 0.296875
98000 8.057692307692308 0.296875
100000 8.0 0.25
102000 7.923076923076923 0.296875
104000 8.01923076923077 0.28125
106000 8.134615384615385 0.390625
108000 8.134615384615385 0.328125
110000 8.288461538461538 0.234375
112000 8.038461538461538 0.3125
114000 8.173076923076923 0.390625
116000 8.192307692307692 0.40625
118000 8.076923076923077 0.25
120000 8.076923076923077 0.21875
122000 8.134615384615385 0.28125
124000 8.134615384615385 0.296875
126000 8.0 0.375
128000 8.115384615384615 0.25
130000 8.115384615384615 0.25
132000 7.865384615384615 0.328125
134000 8.115384615384615 0.359375
136000 8.0 0.4375
138000 8.23076923076923 0.4375
140000 8.134615384615385 0.34375
142000 7.884615384615385 0.28125
144000 8.01923076923077 0.25
146000 8.115384615384615 0.328125
148000 8.096153846153847 0.484375
150000 7.576923076923077 0.359375
152000 8.134615384615385 0.34375
154000 8.25 0.28125
156000 7.403846153846154 0.25
158000 8.057692307692308 0.359375
160000 8.153846153846153 0.359375
162000 8.115384615384615 0.296875
164000 8.134615384615385 0.21875
166000 8.0 0.296875
168000 8.134615384615385 0.34375
170000 8.211538461538462 0.4375
172000 8.134615384615385 0.296875
174000 8.0 0.296875
176000 8.038461538461538 0.296875
178000 8.096153846153847 0.28125
180000 7.923076923076923 0.453125
182000 7.884615384615385 0.359375
184000 8.038461538461538 0.296875
186000 7.576923076923077 0.328125
188000 8.23076923076923 0.296875
190000 7.826923076923077 0.375
192000 8.057692307692308 0.265625
194000 7.903846153846154 0.25
196000 7.673076923076923 0.296875
198000 8.25 0.390625
200000 8.057692307692308 0.40625
202000 8.173076923076923 0.421875
204000 8.057692307692308 0.265625
206000 8.134615384615385 0.234375
208000 8.26923076923077 0.234375
210000 8.288461538461538 0.234375
212000 7.923076923076923 0.3125
214000 8.115384615384615 0.28125
216000 8.134615384615385 0.3125
218000 7.980769230769231 0.328125
220000 8.01923076923077 0.359375
222000 8.057692307692308 0.40625
224000 7.9423076923076925 0.28125
226000 7.903846153846154 0.34375
228000 8.153846153846153 0.265625
230000 8.211538461538462 0.296875
232000 8.153846153846153 0.40625
234000 8.173076923076923 0.453125
236000 8.057692307692308 0.265625
238000 8.076923076923077 0.28125
240000 8.25 0.28125
242000 8.173076923076923 0.25
244000 7.846153846153846 0.484375
246000 7.884615384615385 0.359375
248000 8.192307692307692 0.421875
250000 8.173076923076923 0.40625
252000 8.26923076923077 0.390625
254000 8.25 0.390625
256000 8.192307692307692 0.390625
258000 8.5 0.296875
260000 8.442307692307692 0.359375
262000 8.461538461538462 0.328125
264000 8.153846153846153 0.34375
266000 8.26923076923077 0.484375
268000 8.442307692307692 0.296875
270000 8.403846153846153 0.34375
272000 8.423076923076923 0.34375
274000 8.25 0.390625
276000 8.173076923076923 0.421875
278000 8.403846153846153 0.34375
280000 8.173076923076923 0.34375
282000 8.538461538461538 0.34375
284000 8.288461538461538 0.40625
286000 8.23076923076923 0.40625
288000 8.442307692307692 0.4375
290000 8.26923076923077 0.40625
292000 8.0 0.484375
294000 8.192307692307692 0.375
296000 8.384615384615385 0.34375
298000 8.442307692307692 0.4375
300000 8.25 0.328125
302000 8.307692307692308 0.25
304000 8.326923076923077 0.265625
306000 8.307692307692308 0.328125
308000 8.307692307692308 0.359375
310000 8.442307692307692 0.25
312000 8.307692307692308 0.34375
314000 8.0 0.3125
316000 8.5 0.3125
318000 8.442307692307692 0.40625
320000 8.461538461538462 0.265625
322000 8.5 0.265625
324000 8.346153846153847 0.34375
326000 8.134615384615385 0.203125
328000 8.423076923076923 0.40625
330000 8.423076923076923 0.453125
332000 8.48076923076923 0.25
334000 8.538461538461538 0.28125
336000 8.288461538461538 0.265625
338000 8.461538461538462 0.359375
340000 8.384615384615385 0.375
342000 8.23076923076923 0.3125
344000 8.48076923076923 0.265625
346000 8.365384615384615 0.375
348000 8.346153846153847 0.296875
350000 8.48076923076923 0.328125
352000 8.23076923076923 0.28125
354000 8.326923076923077 0.28125
356000 8.403846153846153 0.296875
358000 8.51923076923077 0.265625
360000 8.557692307692308 0.375
362000 8.403846153846153 0.46875
364000 8.288461538461538 0.28125
366000 8.038461538461538 0.34375
368000 8.48076923076923 0.265625
370000 8.326923076923077 0.34375
372000 8.403846153846153 0.421875
374000 8.346153846153847 0.28125
376000 8.057692307692308 0.328125
378000 8.403846153846153 0.25
380000 8.461538461538462 0.3125
382000 8.538461538461538 0.40625
384000 8.73076923076923 0.390625
386000 8.25 0.34375
388000 8.326923076923077 0.375
390000 8.423076923076923 0.359375
392000 8.461538461538462 0.46875
394000 8.346153846153847 0.421875
396000 8.365384615384615 0.453125
398000 8.384615384615385 0.375
400000 8.442307692307692 0.390625
402000 8.615384615384615 0.359375
404000 8.615384615384615 0.4375
406000 8.673076923076923 0.484375
408000 8.653846153846153 0.40625
410000 8.557692307692308 0.421875
412000 8.653846153846153 0.375
414000 8.634615384615385 0.375
416000 8.73076923076923 0.40625
418000 8.673076923076923 0.3125
420000 8.673076923076923 0.359375
422000 8.692307692307692 0.34375
424000 8.596153846153847 0.390625
426000 8.615384615384615 0.4375
428000 8.711538461538462 0.34375
430000 8.576923076923077 0.3125
432000 8.557692307692308 0.40625
434000 8.596153846153847 0.390625
436000 8.5 0.4375
438000 8.653846153846153 0.390625
440000 8.615384615384615 0.46875
442000 8.634615384615385 0.375
444000 8.673076923076923 0.359375
446000 8.576923076923077 0.375
448000 8.634615384615385 0.34375
450000 8.576923076923077 0.171875
452000 8.576923076923077 0.203125
454000 8.557692307692308 0.21875
456000 8.576923076923077 0.328125
458000 8.538461538461538 0.390625
460000 8.538461538461538 0.15625
462000 8.596153846153847 0.1875
464000 8.711538461538462 0.203125
466000 8.51923076923077 0.265625
468000 8.576923076923077 0.3125
470000 8.653846153846153 0.203125
472000 8.615384615384615 0.140625
474000 8.653846153846153 0.21875
476000 8.673076923076923 0.25
478000 8.634615384615385 0.359375
480000 8.653846153846153 0.1875
482000 8.673076923076923 0.140625
484000 8.673076923076923 0.25
486000 8.557692307692308 0.25
488000 8.51923076923077 0.328125
490000 8.557692307692308 0.421875
492000 8.73076923076923 0.171875
494000 8.692307692307692 0.171875
496000 8.576923076923077 0.21875
498000 8.557692307692308 0.34375
500000 8.576923076923077 0.34375
