2000 2.3846153846153846 0.140625
4000 3.3653846153846154 0.21875
6000 7.038461538461538 0.21875
8000 7.038461538461538 0.296875
10000 6.9423076923076925 0.375
12000 7.0576923076923075 0.21875
14000 7.0 0.25
16000 7.0576923076923075 0.234375
18000 7.0 0.296875
20000 7.0576923076923075 0.375
22000 7.0 0.25
24000 7.0576923076923075 0.234375
26000 7.0 0.28125
28000 7.019230769230769 0.25
30000 7.076923076923077 0.28125
32000 7.076923076923077 0.265625
34000 7.115384615384615 0.25
36000 7.076923076923077 0.34375
38000 7.019230769230769 0.3125
40000 7.0576923076923075 0.34375
42000 7.115384615384615 0.359375
44000 7.0576923076923075 0.21875
46000 7.134615384615385 0.234375
48000 7.173076923076923 0.25
50000 7.096153846153846 0.328125
52000 7.038461538461538 0.359375
54000 7.096153846153846 0.328125
56000 7.25 0.34375
58000 7.173076923076923 0.34375
60000 7.019230769230769 0.34375
62000 7.211538461538462 0.3125
64000 7.153846153846154 0.21875
66000 7.326923076923077 0.328125
68000 7.288461538461538 0.28125
70000 7.346153846153846 0.34375
72000 7.365384615384615 0.34375
74000 7.384615384615385 0.421875
76000 7.346153846153846 0.3125
78000 7.346153846153846 0.34375
80000 7.403846153846154 0.265625
82000 7.365384615384615 0.3125
84000 7.346153846153846 0.390625
86000 7.3076923076923075 0.328125
88000 7.346153846153846 0.390625
90000 7.365384615384615 0.296875
92000 7.365384615384615 0.265625
94000 7.365384615384615 0.484375
96000 7.211538461538462 0.296875
98000 7.134615384615385 0.296875
100000 7.346153846153846 0.234375
102000 7.211538461538462 0.203125
104000 7.1923076923076925 0.34375
106000 7.365384615384615 0.46875
108000 7.365384615384615 0.328125
110000 7.365384615384615 0.25
112000 7.3076923076923075 0.296875
114000 7.230769230769231 0.25
116000 7.230769230769231 0.4375
118000 7.1923076923076925 0.25
120000 7.230769230769231 0.28125
122000 7.288461538461538 0.296875
124000 7.346153846153846 0.28125
126000 7.288461538461538 0.328125
128000 7.288461538461538 0.28125
130000 7.230769230769231 0.21875
132000 7.134615384615385 0.265625
134000 7.230769230769231 0.28125
136000 7.365384615384615 0.328125
138000 7.211538461538462 0.4375
140000 7.288461538461538 0.296875
142000 7.269230769230769 0.3125
144000 7.403846153846154 0.28125
146000 7.288461538461538 0.359375
148000 7.423076923076923 0.34375
150000 7.3076923076923075 0.265625
152000 7.326923076923077 0.28125
154000 7.365384615384615 0.296875
156000 7.365384615384615 0.28125
158000 7.423076923076923 0.40625
160000 7.423076923076923 0.21875
162000 7.346153846153846 0.328125
164000 7.4423076923076925 0.25
166000 7.480769230769231 0.28125
168000 7.5576923076923075 0.28125
170000 7.519230769230769 0.390625
172000 7.423076923076923 0.296875
174000 7.519230769230769 0.3125
176000 7.403846153846154 0.296875
178000 7.461538461538462 0.34375
180000 7.365384615384615 0.40625
182000 7.423076923076923 0.296875
184000 7.326923076923077 0.359375
186000 7.3076923076923075 0.296875
188000 7.423076923076923 0.25
190000 7.4423076923076925 0.296875
192000 7.403846153846154 0.3125
194000 7.461538461538462 0.375
196000 7.4423076923076925 0.359375
198000 7.346153846153846 0.359375
200000 7.288461538461538 0.40625
202000 7.461538461538462 0.40625
204000 7.730769230769231 0.390625
206000 7.596153846153846 0.390625
208000 7.480769230769231 0.359375
210000 7.615384615384615 0.40625
212000 7.461538461538462 0.375
214000 7.538461538461538 0.34375
216000 7.538461538461538 0.34375
218000 7.5 0.359375
220000 7.5 0.390625
222000 7.596153846153846 0.375
224000 7.576923076923077 0.375
226000 7.634615384615385 0.296875
228000 7.5 0.234375
230000 7.519230769230769 0.265625
232000 7.615384615384615 0.359375
234000 7.5576923076923075 0.46875
236000 7.5576923076923075 0.296875
238000 7.5576923076923075 0.203125
240000 7.711538461538462 0.28125
242000 7.576923076923077 0.296875
244000 7.538461538461538 0.40625
246000 7.596153846153846 0.21875
248000 7.538461538461538 0.25
250000 7.5576923076923075 0.34375
252000 7.5 0.296875
254000 7.615384615384615 0.375
256000 7.5576923076923075 0.3125
258000 7.538461538461538 0.265625
260000 7.4423076923076925 0.296875
262000 7.576923076923077 0.28125
264000 7.423076923076923 0.328125
266000 7.423076923076923 0.421875
268000 7.519230769230769 0.203125
270000 7.538461538461538 0.28125
272000 7.596153846153846 0.21875
274000 7.4423076923076925 0.25
276000 7.461538461538462 0.40625
278000 7.480769230769231 0.265625
280000 7.423076923076923 0.21875
282000 7.5 0.234375
284000 7.538461538461538 0.25
286000 7.615384615384615 0.40625
288000 7.519230769230769 0.21875
290000 7.480769230769231 0.234375
292000 7.5576923076923075 0.25
294000 7.653846153846154 0.25
296000 7.653846153846154 0.3125
298000 7.711538461538462 0.40625
300000 7.653846153846154 0.234375
302000 7.634615384615385 0.234375
304000 7.596153846153846 0.296875
306000 7.423076923076923 0.3125
308000 7.461538461538462 0.359375
310000 7.5576923076923075 0.34375
312000 7.5 0.25
314000 7.596153846153846 0.234375
316000 7.673076923076923 0.265625
318000 7.538461538461538 0.3125
320000 7.615384615384615 0.28125
322000 7.615384615384615 0.265625
324000 7.576923076923077 0.25
326000 7.5576923076923075 0.234375
328000 7.576923076923077 0.328125
330000 7.615384615384615 0.4375
332000 7.8076923076923075 0.21875
334000 7.538461538461538 0.28125
336000 7.230769230769231 0.3125
338000 7.461538461538462 0.328125
340000 7.538461538461538 0.46875
342000 7.384615384615385 0.296875
344000 7.4423076923076925 0.265625
346000 7.615384615384615 0.25
348000 7.673076923076923 0.375
350000 7.653846153846154 0.40625
352000 7.711538461538462 0.28125
354000 7.634615384615385 0.328125
356000 7.538461538461538 0.375
358000 7.673076923076923 0.34375
360000 7.653846153846154 0.328125
362000 7.5576923076923075 0.4375
364000 7.615384615384615 0.234375
366000 7.653846153846154 0.3125
368000 7.769230769230769 0.203125
370000 7.6923076923076925 0.296875
372000 7.615384615384615 0.40625
374000 7.653846153846154 0.21875
376000 7.634615384615385 0.234375
378000 7.5 0.234375
380000 7.769230769230769 0.296875
382000 7.5576923076923075 0.421875
384000 7.634615384615385 0.21875
386000 7.673076923076923 0.21875
388000 7.711538461538462 0.28125
390000 7.788461538461538 0.234375
392000 7.5576923076923075 0.328125
394000 7.8076923076923075 0.4375
396000 7.826923076923077 0.265625
398000 7.769230769230769 0.28125
400000 7.673076923076923 0.265625
402000 7.480769230769231 0.296875
404000 7.5 0.375
406000 7.576923076923077 0.265625
408000 7.634615384615385 0.234375
410000 7.576923076923077 0.234375
412000 7.673076923076923 0.234375
414000 7.75 0.390625
416000 7.634615384615385 0.296875
418000 7.596153846153846 0.234375
420000 7.615384615384615 0.28125
422000 7.538461538461538 0.25
424000 7.634615384615385 0.28125
426000 7.653846153846154 0.421875
428000 7.6923076923076925 0.234375
430000 7.711538461538462 0.21875
432000 7.711538461538462 0.25
434000 7.769230769230769 0.359375
436000 7.6923076923076925 0.390625
438000 7.730769230769231 0.21875
440000 7.75 0.265625
442000 7.615384615384615 0.25
444000 7.615384615384615 0.28125
446000 7.653846153846154 0.375
448000 7.711538461538462 0.34375
450000 7.673076923076923 0.25
452000 7.711538461538462 0.328125
454000 7.673076923076923 0.265625
456000 7.6923076923076925 0.3125
458000 7.653846153846154 0.421875
460000 7.711538461538462 0.3125
462000 7.711538461538462 0.34375
464000 7.711538461538462 0.234375
466000 7.6923076923076925 0.265625
468000 7.673076923076923 0.390625
470000 7.673076923076923 0.234375
472000 7.730769230769231 0.28125
474000 7.6923076923076925 0.234375
476000 7.711538461538462 0.34375
478000 7.653846153846154 0.390625
480000 7.653846153846154 0.21875
482000 7.653846153846154 0.28125
484000 7.673076923076923 0.40625
486000 7.653846153846154 0.21875
488000 7.673076923076923 0.375
490000 7.6923076923076925 0.453125
492000 7.6923076923076925 0.234375
494000 7.6923076923076925 0.28125
496000 7.6923076923076925 0.21875
498000 7.6923076923076925 0.28125
500000 7.711538461538462 0.390625
