2000 1.7115384615384615 0.640625
4000 4.384615384615385 0.703125
6000 6.980769230769231 0.65625
8000 6.75 0.734375
10000 7.346153846153846 0.84375
12000 7.673076923076923 0.6875
14000 7.730769230769231 0.8125
16000 7.730769230769231 0.6875
18000 7.730769230769231 0.6875
20000 7.730769230769231 0.921875
22000 7.730769230769231 0.921875
24000 7.730769230769231 0.703125
26000 7.769230769230769 0.953125
28000 7.769230769230769 0.703125
30000 7.769230769230769 0.625
32000 7.769230769230769 0.6875
34000 7.769230769230769 0.734375
36000 7.769230769230769 0.765625
38000 7.769230769230769 0.984375
40000 7.769230769230769 0.703125
42000 7.769230769230769 0.875
44000 7.769230769230769 0.6875
46000 7.769230769230769 0.9375
48000 7.826923076923077 0.734375
50000 7.8076923076923075 0.71875
52000 7.769230769230769 0.703125
54000 7.711538461538462 0.78125
56000 7.653846153846154 0.6875
58000 7.884615384615385 0.671875
60000 7.826923076923077 0.734375
62000 7.865384615384615 0.65625
64000 7.865384615384615 0.875
66000 7.884615384615385 0.78125
68000 7.846153846153846 0.796875
70000 7.923076923076923 0.78125
72000 7.923076923076923 0.71875
74000 8.0 0.828125
76000 8.076923076923077 0.65625
78000 8.057692307692308 0.6875
80000 8.01923076923077 0.875
82000 8.057692307692308 0.78125
84000 8.115384615384615 0.71875
86000 8.115384615384615 0.71875
88000 8.096153846153847 0.90625
90000 8.096153846153847 0.890625
92000 8.076923076923077 0.875
94000 7.9423076923076925 0.84375
96000 7.326923076923077 0.984375
98000 7.961538461538462 0.796875
100000 7.923076923076923 0.9375
102000 8.0 0.875
104000 8.038461538461538 0.75
106000 8.096153846153847 0.796875
108000 8.096153846153847 0.625
110000 8.134615384615385 0.640625
112000 7.9423076923076925 0.796875
114000 7.980769230769231 0.6875
116000 8.057692307692308 0.78125
118000 8.038461538461538 0.78125
120000 8.038461538461538 0.78125
122000 8.01923076923077 0.65625
124000 7.980769230769231 0.671875
126000 7.923076923076923 0.65625
128000 8.0 0.671875
130000 8.01923076923077 0.640625
132000 7.923076923076923 0.625
134000 8.038461538461538 0.625
136000 8.01923076923077 0.640625
138000 8.01923076923077 0.796875
140000 7.980769230769231 0.625
142000 8.096153846153847 0.734375
144000 8.01923076923077 0.828125
146000 8.01923076923077 0.8125
148000 8.0 0.8125
150000 7.980769230769231 0.65625
152000 7.9423076923076925 0.75
154000 8.038461538461538 0.78125
156000 7.9423076923076925 0.671875
158000 7.961538461538462 0.640625
160000 8.01923076923077 0.75
162000 8.038461538461538 0.703125
164000 7.961538461538462 0.75
166000 8.0 0.859375
168000 8.01923076923077 0.859375
170000 8.01923076923077 1.015625
172000 8.01923076923077 0.65625
174000 8.057692307692308 0.6875
176000 8.038461538461538 0.625
178000 8.0 0.609375
180000 8.038461538461538 0.75
182000 8.0 0.734375
184000 8.096153846153847 0.625
186000 7.961538461538462 0.671875
188000 8.01923076923077 0.671875
190000 8.0 0.734375
192000 7.8076923076923075 0.609375
194000 8.01923076923077 0.703125
196000 7.769230769230769 0.71875
198000 7.769230769230769 0.765625
200000 8.0 0.671875
202000 8.26923076923077 0.796875
204000 8.192307692307692 0.734375
206000 8.076923076923077 0.640625
208000 7.903846153846154 0.640625
210000 7.769230769230769 0.640625
212000 7.865384615384615 0.765625
214000 7.9423076923076925 0.90625
216000 7.519230769230769 0.71875
218000 7.8076923076923075 0.8125
220000 7.5576923076923075 0.6875
222000 7.923076923076923 0.875
224000 7.923076923076923 0.71875
226000 7.711538461538462 0.640625
228000 7.6923076923076925 0.71875
230000 7.5576923076923075 0.671875
232000 7.576923076923077 0.734375
234000 7.5 0.828125
236000 7.961538461538462 0.671875
238000 7.980769230769231 0.671875
240000 7.4423076923076925 0.796875
242000 7.923076923076923 0.6875
244000 7.519230769230769 0.609375
246000 7.8076923076923075 0.484375
248000 7.980769230769231 0.421875
250000 8.01923076923077 0.40625
252000 7.865384615384615 0.625
254000 7.9423076923076925 0.546875
256000 7.4423076923076925 0.4375
258000 7.576923076923077 0.53125
260000 7.884615384615385 0.59375
262000 8.057692307692308 0.640625
264000 8.115384615384615 0.765625
266000 8.173076923076923 0.90625
268000 8.038461538461538 0.671875
270000 7.961538461538462 0.6875
272000 7.980769230769231 0.6875
274000 8.153846153846153 0.703125
276000 8.192307692307692 0.765625
278000 8.326923076923077 0.796875
280000 8.288461538461538 0.671875
282000 8.192307692307692 0.71875
284000 8.403846153846153 0.8125
286000 8.211538461538462 0.71875
288000 8.442307692307692 0.859375
290000 8.346153846153847 0.84375
292000 8.192307692307692 0.65625
294000 8.153846153846153 0.765625
296000 8.23076923076923 0.71875
298000 8.423076923076923 1.015625
300000 8.346153846153847 1.03125
302000 7.961538461538462 0.828125
304000 7.9423076923076925 0.859375
306000 8.23076923076923 0.96875
308000 8.26923076923077 0.890625
310000 8.307692307692308 0.65625
312000 8.096153846153847 0.734375
314000 7.788461538461538 0.765625
316000 8.23076923076923 0.6875
318000 8.153846153846153 0.78125
320000 8.25 0.78125
322000 8.096153846153847 0.65625
324000 8.211538461538462 0.609375
326000 7.519230769230769 0.6875
328000 7.769230769230769 0.71875
330000 7.980769230769231 0.90625
332000 8.076923076923077 0.671875
334000 8.25 0.75
336000 8.211538461538462 1.015625
338000 7.6923076923076925 0.890625
340000 8.134615384615385 0.875
342000 8.057692307692308 0.671875
344000 8.096153846153847 0.625
346000 8.23076923076923 0.640625
348000 8.038461538461538 0.671875
350000 8.153846153846153 0.671875
352000 8.288461538461538 0.796875
354000 8.326923076923077 0.59375
356000 8.192307692307692 0.6875
358000 8.25 0.671875
360000 8.173076923076923 0.8125
362000 8.153846153846153 0.90625
364000 8.307692307692308 0.84375
366000 8.134615384615385 0.671875
368000 7.846153846153846 0.703125
370000 7.884615384615385 0.75
372000 8.23076923076923 0.734375
374000 7.8076923076923075 0.71875
376000 8.307692307692308 0.703125
378000 8.096153846153847 0.90625
380000 8.288461538461538 0.65625
382000 8.038461538461538 0.75
384000 8.096153846153847 0.78125
386000 8.0 0.75
388000 8.25 0.859375
390000 8.096153846153847 0.671875
392000 8.153846153846153 0.640625
394000 7.923076923076923 0.796875
396000 7.923076923076923 0.796875
398000 7.5576923076923075 0.78125
400000 7.576923076923077 0.6875
402000 8.403846153846153 0.640625
404000 8.461538461538462 0.796875
406000 8.096153846153847 0.78125
408000 8.096153846153847 0.734375
410000 8.403846153846153 0.75
412000 8.384615384615385 0.9375
414000 8.25 0.640625
416000 7.903846153846154 0.71875
418000 7.826923076923077 0.671875
420000 7.673076923076923 0.75
422000 8.096153846153847 0.703125
424000 8.307692307692308 0.6875
426000 8.23076923076923 0.796875
428000 8.211538461538462 0.734375
430000 7.980769230769231 0.65625
432000 8.153846153846153 0.90625
434000 8.211538461538462 0.859375
436000 8.307692307692308 0.75
438000 8.403846153846153 0.65625
440000 8.384615384615385 0.6875
442000 8.403846153846153 0.984375
444000 8.384615384615385 0.8125
446000 8.384615384615385 0.671875
448000 8.26923076923077 0.671875
450000 8.538461538461538 0.671875
452000 8.384615384615385 0.84375
454000 8.423076923076923 0.859375
456000 8.365384615384615 0.640625
458000 8.384615384615385 0.84375
460000 8.384615384615385 0.90625
462000 8.403846153846153 0.71875
464000 8.384615384615385 0.796875
466000 8.173076923076923 0.8125
468000 8.288461538461538 0.84375
470000 8.25 0.640625
472000 8.365384615384615 0.78125
474000 8.307692307692308 0.6875
476000 8.384615384615385 0.734375
478000 8.346153846153847 0.703125
480000 8.346153846153847 0.78125
482000 8.346153846153847 0.84375
484000 8.346153846153847 0.8125
486000 8.384615384615385 0.640625
488000 8.365384615384615 0.78125
490000 8.461538461538462 0.75
492000 8.461538461538462 0.8125
494000 8.365384615384615 0.703125
496000 8.365384615384615 0.671875
498000 8.442307692307692 0.625
500000 8.365384615384615 0.734375
