2000 1.2962962962962963 -1.0 129.35185185185185 0.0 135.5185185185185 45.333333333333336 0.0 45.333333333333336 0.6800567000173032
4000 2.2777777777777777 -0.3888888888888889 128.59259259259258 0.06018518518518518 135.5185185185185 45.333333333333336 0.0 45.333333333333336 0.8929823997896165
6000 7.518518518518518 5.685185185185185 127.75925925925925 0.13580246913580246 135.5185185185185 45.333333333333336 0.0 45.333333333333336 0.9601954999379814
8000 13.88888888888889 8.777777777777779 124.42592592592592 0.3055555555555556 135.5185185185185 45.333333333333336 0.0 45.333333333333336 1.346864800201729
10000 44.68518518518518 38.51851851851852 122.18518518518519 0.40895061728395066 135.5185185185185 45.333333333333336 0.0 45.333333333333336 1.5226921001449227
12000 43.2962962962963 38.51851851851852 122.37037037037037 0.39506172839506176 135.5185185185185 45.333333333333336 0.0 45.333333333333336 1.5325474001001567
14000 43.2037037037037 38.51851851851852 122.85185185185185 0.3827160493827161 135.5185185185185 45.333333333333336 0.0 45.333333333333336 1.171091299969703
16000 45.03703703703704 38.51851851851852 122.4074074074074 0.396604938271605 135.5185185185185 45.333333333333336 0.0 45.333333333333336 1.3521477000322193
18000 44.092592592592595 39.407407407407405 122.85185185185185 0.3827160493827161 135.5185185185185 45.333333333333336 0.0 45.333333333333336 1.2731151999905705
20000 82.77777777777777 39.407407407407405 118.64814814814815 0.5277777777777777 135.5185185185185 45.333333333333336 0.018518518518518517 45.31481481481482 1.4677331000566483
22000 82.77777777777777 39.407407407407405 118.64814814814815 0.5277777777777777 135.5185185185185 45.333333333333336 0.018518518518518517 45.31481481481482 1.5182324999477714
24000 82.77777777777777 39.407407407407405 118.64814814814815 0.5277777777777777 135.5185185185185 45.333333333333336 0.018518518518518517 45.31481481481482 1.481367499800399
26000 82.77777777777777 39.407407407407405 118.64814814814815 0.5277777777777777 135.5185185185185 45.333333333333336 0.018518518518518517 45.31481481481482 1.4700118999462575
28000 82.77777777777777 39.407407407407405 118.64814814814815 0.5277777777777777 135.5185185185185 45.333333333333336 0.018518518518518517 45.31481481481482 1.4670756000559777
30000 82.77777777777777 39.407407407407405 118.64814814814815 0.5277777777777777 135.5185185185185 45.333333333333336 0.018518518518518517 45.31481481481482 1.5716794000472873
32000 82.77777777777777 39.407407407407405 118.64814814814815 0.5277777777777777 135.5185185185185 45.333333333333336 0.018518518518518517 45.31481481481482 1.4804299999959767
34000 82.77777777777777 39.407407407407405 118.64814814814815 0.5277777777777777 135.5185185185185 45.333333333333336 0.018518518518518517 45.31481481481482 1.5913591000717133
36000 82.77777777777777 39.407407407407405 118.64814814814815 0.5277777777777777 135.5185185185185 45.333333333333336 0.018518518518518517 45.31481481481482 1.475742000155151
38000 82.77777777777777 39.407407407407405 118.64814814814815 0.5277777777777777 135.5185185185185 45.333333333333336 0.018518518518518517 45.31481481481482 1.5689813999924809
40000 82.77777777777777 39.407407407407405 118.64814814814815 0.5277777777777777 135.5185185185185 45.333333333333336 0.018518518518518517 45.31481481481482 1.5730765000917017
42000 92.79629629629629 49.425925925925924 118.62962962962963 0.5185185185185184 135.5185185185185 45.333333333333336 0.018518518518518517 45.31481481481482 1.4744484999682754
44000 92.79629629629629 49.425925925925924 118.62962962962963 0.5185185185185184 135.5185185185185 45.333333333333336 0.018518518518518517 45.31481481481482 1.5429201000370085
46000 92.79629629629629 49.425925925925924 118.62962962962963 0.5185185185185184 135.5185185185185 45.333333333333336 0.018518518518518517 45.31481481481482 1.4516522001940757
48000 92.79629629629629 49.425925925925924 118.62962962962963 0.5185185185185184 135.5185185185185 45.333333333333336 0.018518518518518517 45.31481481481482 1.5627049000468105
50000 92.79629629629629 49.425925925925924 118.62962962962963 0.5185185185185184 135.5185185185185 45.333333333333336 0.018518518518518517 45.31481481481482 1.5149840000085533
52000 92.79629629629629 49.425925925925924 118.62962962962963 0.5185185185185184 135.5185185185185 45.333333333333336 0.018518518518518517 45.31481481481482 1.4751755001489073
54000 92.79629629629629 49.425925925925924 118.62962962962963 0.5185185185185184 135.5185185185185 45.333333333333336 0.018518518518518517 45.31481481481482 1.4522546001244336
56000 111.75925925925925 68.38888888888889 118.57407407407408 0.5185185185185184 135.5185185185185 45.333333333333336 0.018518518518518517 45.31481481481482 1.4488000001292676
58000 111.75925925925925 68.38888888888889 118.57407407407408 0.5185185185185184 135.5185185185185 45.333333333333336 0.018518518518518517 45.31481481481482 1.4555830000899732
60000 111.75925925925925 68.38888888888889 118.57407407407408 0.5185185185185184 135.5185185185185 45.333333333333336 0.018518518518518517 45.31481481481482 1.60107779991813
62000 144.61111111111111 101.24074074074075 118.27777777777777 0.5432098765432097 135.5185185185185 45.333333333333336 0.018518518518518517 45.31481481481482 1.7553594999480993
64000 144.61111111111111 101.24074074074075 118.27777777777777 0.5432098765432097 135.5185185185185 45.333333333333336 0.018518518518518517 45.31481481481482 1.6988486000336707
66000 144.61111111111111 101.24074074074075 118.27777777777777 0.5432098765432097 135.5185185185185 45.333333333333336 0.018518518518518517 45.31481481481482 1.7030381001532078
68000 144.61111111111111 101.24074074074075 118.27777777777777 0.5432098765432097 135.5185185185185 45.333333333333336 0.018518518518518517 45.31481481481482 1.7463874998502433
70000 144.61111111111111 101.24074074074075 118.27777777777777 0.5432098765432097 135.5185185185185 45.333333333333336 0.018518518518518517 45.31481481481482 1.6489147001411766
72000 99.68518518518519 -1.0 118.79629629629629 0.4537037037037037 135.5185185185185 45.333333333333336 0.018518518518518517 45.31481481481482 1.7306819001678377
74000 99.68518518518519 -1.0 118.79629629629629 0.4537037037037037 135.5185185185185 45.333333333333336 0.018518518518518517 45.31481481481482 1.6547546000219882
76000 99.68518518518519 -1.0 118.79629629629629 0.4537037037037037 135.5185185185185 45.333333333333336 0.018518518518518517 45.31481481481482 1.6108412998728454
78000 99.68518518518519 -1.0 118.79629629629629 0.4537037037037037 135.5185185185185 45.333333333333336 0.018518518518518517 45.31481481481482 1.640636800089851
80000 99.68518518518519 -1.0 118.79629629629629 0.4537037037037037 135.5185185185185 45.333333333333336 0.018518518518518517 45.31481481481482 1.5884658999275416
82000 134.44444444444446 91.07407407407408 118.38888888888889 0.5324074074074073 135.5185185185185 45.333333333333336 0.018518518518518517 45.31481481481482 1.5382507001049817
84000 134.44444444444446 91.07407407407408 118.38888888888889 0.5324074074074073 135.5185185185185 45.333333333333336 0.018518518518518517 45.31481481481482 1.5058140000328422
86000 99.68518518518519 -1.0 118.79629629629629 0.4537037037037037 135.5185185185185 45.333333333333336 0.018518518518518517 45.31481481481482 1.570946800056845
88000 110.11111111111111 -1.0 118.66666666666667 0.45987654320987653 135.5185185185185 45.333333333333336 0.018518518518518517 45.31481481481482 1.5925529999658465
90000 294.2037037037037 255.96296296296296 116.48148148148148 0.5324074074074073 135.5185185185185 45.333333333333336 0.018518518518518517 45.31481481481482 1.50552950007841
92000 286.5 255.96296296296296 116.55555555555556 0.5324074074074073 135.5185185185185 45.333333333333336 0.018518518518518517 45.31481481481482 1.5421494001057
94000 286.5 255.96296296296296 116.55555555555556 0.5324074074074073 135.5185185185185 45.333333333333336 0.018518518518518517 45.31481481481482 1.4946089000441134
96000 286.5 255.96296296296296 116.55555555555556 0.5324074074074073 135.5185185185185 45.333333333333336 0.018518518518518517 45.31481481481482 1.612726500025019
98000 286.5 255.96296296296296 116.55555555555556 0.5324074074074073 135.5185185185185 45.333333333333336 0.018518518518518517 45.31481481481482 1.5147736000362784
100000 286.5 255.96296296296296 116.55555555555556 0.5324074074074073 135.5185185185185 45.333333333333336 0.018518518518518517 45.31481481481482 1.5556558999232948
102000 286.5 255.96296296296296 116.55555555555556 0.5324074074074073 135.5185185185185 45.333333333333336 0.018518518518518517 45.31481481481482 1.537569599924609
104000 286.5 255.96296296296296 116.55555555555556 0.5324074074074073 135.5185185185185 45.333333333333336 0.018518518518518517 45.31481481481482 1.4616489000618458
106000 286.5 255.96296296296296 116.55555555555556 0.5324074074074073 135.5185185185185 45.333333333333336 0.018518518518518517 45.31481481481482 1.6473934999667108
108000 286.5 255.96296296296296 116.55555555555556 0.5324074074074073 135.5185185185185 45.333333333333336 0.018518518518518517 45.31481481481482 1.5010859998874366
110000 286.5 255.96296296296296 116.55555555555556 0.5324074074074073 135.5185185185185 45.333333333333336 0.018518518518518517 45.31481481481482 1.5519387999083847
112000 286.5 255.96296296296296 116.55555555555556 0.5324074074074073 135.5185185185185 45.333333333333336 0.018518518518518517 45.31481481481482 1.4811606998555362
114000 286.5 255.96296296296296 116.55555555555556 0.5324074074074073 135.5185185185185 45.333333333333336 0.018518518518518517 45.31481481481482 1.5289441000204533
116000 286.5 255.96296296296296 116.55555555555556 0.5324074074074073 135.5185185185185 45.333333333333336 0.018518518518518517 45.31481481481482 1.5052355998195708
118000 286.5 255.96296296296296 116.55555555555556 0.5324074074074073 135.5185185185185 45.333333333333336 0.018518518518518517 45.31481481481482 1.474010800011456
120000 286.5 255.96296296296296 116.55555555555556 0.5324074074074073 135.5185185185185 45.333333333333336 0.018518518518518517 45.31481481481482 1.5919009000062943
122000 286.5 255.96296296296296 116.55555555555556 0.5324074074074073 135.5185185185185 45.333333333333336 0.018518518518518517 45.31481481481482 1.5203316998668015
124000 286.5 255.96296296296296 116.55555555555556 0.5324074074074073 135.5185185185185 45.333333333333336 0.018518518518518517 45.31481481481482 1.643017099937424
126000 286.5 255.96296296296296 116.55555555555556 0.5324074074074073 135.5185185185185 45.333333333333336 0.018518518518518517 45.31481481481482 1.7016884998884052
128000 286.5 255.96296296296296 116.55555555555556 0.5324074074074073 135.5185185185185 45.333333333333336 0.018518518518518517 45.31481481481482 1.7921464999672025
130000 286.5 255.96296296296296 116.55555555555556 0.5324074074074073 135.5185185185185 45.333333333333336 0.018518518518518517 45.31481481481482 1.5959344001021236
132000 286.5 255.96296296296296 116.55555555555556 0.5324074074074073 135.5185185185185 45.333333333333336 0.018518518518518517 45.31481481481482 1.552909999853
134000 286.5 255.96296296296296 116.55555555555556 0.5324074074074073 135.5185185185185 45.333333333333336 0.018518518518518517 45.31481481481482 1.661415799986571
136000 286.5 255.96296296296296 116.55555555555556 0.5324074074074073 135.5185185185185 45.333333333333336 0.018518518518518517 45.31481481481482 1.652460299897939
138000 286.5 255.96296296296296 116.55555555555556 0.5324074074074073 135.5185185185185 45.333333333333336 0.018518518518518517 45.31481481481482 1.6845086999237537
140000 286.5 255.96296296296296 116.55555555555556 0.5324074074074073 135.5185185185185 45.333333333333336 0.018518518518518517 45.31481481481482 1.6992128000129014
142000 286.5 255.96296296296296 116.55555555555556 0.5324074074074073 135.5185185185185 45.333333333333336 0.018518518518518517 45.31481481481482 1.5591436000540853
144000 286.5 255.96296296296296 116.55555555555556 0.5324074074074073 135.5185185185185 45.333333333333336 0.018518518518518517 45.31481481481482 1.6719678998924792
146000 286.5 255.96296296296296 116.55555555555556 0.5324074074074073 135.5185185185185 45.333333333333336 0.018518518518518517 45.31481481481482 1.605489500099793
148000 286.5 255.96296296296296 116.55555555555556 0.5324074074074073 135.5185185185185 45.333333333333336 0.018518518518518517 45.31481481481482 1.6707156000193208
150000 286.5 255.96296296296296 116.55555555555556 0.5324074074074073 135.5185185185185 45.333333333333336 0.018518518518518517 45.31481481481482 1.5219952000770718
152000 286.5 255.96296296296296 116.55555555555556 0.5324074074074073 135.5185185185185 45.333333333333336 0.018518518518518517 45.31481481481482 1.6082119999919087
154000 286.5 255.96296296296296 116.55555555555556 0.5324074074074073 135.5185185185185 45.333333333333336 0.018518518518518517 45.31481481481482 1.6279867999255657
156000 286.5 255.96296296296296 116.55555555555556 0.5324074074074073 135.5185185185185 45.333333333333336 0.018518518518518517 45.31481481481482 1.5026257999707013
158000 286.5 255.96296296296296 116.55555555555556 0.5324074074074073 135.5185185185185 45.333333333333336 0.018518518518518517 45.31481481481482 1.5262847999110818
160000 286.5 255.96296296296296 116.55555555555556 0.5324074074074073 135.5185185185185 45.333333333333336 0.018518518518518517 45.31481481481482 1.739351499825716
162000 286.5 255.96296296296296 116.55555555555556 0.5324074074074073 135.5185185185185 45.333333333333336 0.018518518518518517 45.31481481481482 1.6090009999461472
164000 286.5 255.96296296296296 116.55555555555556 0.5324074074074073 135.5185185185185 45.333333333333336 0.018518518518518517 45.31481481481482 1.7153632999397814
166000 286.5 255.96296296296296 116.55555555555556 0.5324074074074073 135.5185185185185 45.333333333333336 0.018518518518518517 45.31481481481482 1.5843241000548005
168000 286.5 255.96296296296296 116.55555555555556 0.5324074074074073 135.5185185185185 45.333333333333336 0.018518518518518517 45.31481481481482 1.684477100148797
170000 286.5 255.96296296296296 116.55555555555556 0.5324074074074073 135.5185185185185 45.333333333333336 0.018518518518518517 45.31481481481482 1.5675260999705642
172000 286.5 255.96296296296296 116.55555555555556 0.5324074074074073 135.5185185185185 45.333333333333336 0.018518518518518517 45.31481481481482 1.5583014998119324
174000 286.5 255.96296296296296 116.55555555555556 0.5324074074074073 135.5185185185185 45.333333333333336 0.018518518518518517 45.31481481481482 1.622371400007978
176000 286.5 255.96296296296296 116.55555555555556 0.5324074074074073 135.5185185185185 45.333333333333336 0.018518518518518517 45.31481481481482 1.4913104998413473
178000 286.5 255.96296296296296 116.55555555555556 0.5324074074074073 135.5185185185185 45.333333333333336 0.018518518518518517 45.31481481481482 1.5570526998490095
180000 286.5 255.96296296296296 116.55555555555556 0.5324074074074073 135.5185185185185 45.333333333333336 0.018518518518518517 45.31481481481482 1.596480900188908
182000 286.5 255.96296296296296 116.55555555555556 0.5324074074074073 135.5185185185185 45.333333333333336 0.018518518518518517 45.31481481481482 1.6008696001954377
184000 286.5 255.96296296296296 116.55555555555556 0.5324074074074073 135.5185185185185 45.333333333333336 0.018518518518518517 45.31481481481482 1.6101722000166774
186000 286.5 255.96296296296296 116.55555555555556 0.5324074074074073 135.5185185185185 45.333333333333336 0.018518518518518517 45.31481481481482 1.5571852999273688
188000 286.5 255.96296296296296 116.55555555555556 0.5324074074074073 135.5185185185185 45.333333333333336 0.018518518518518517 45.31481481481482 1.6535244998522103
190000 286.5 255.96296296296296 116.55555555555556 0.5324074074074073 135.5185185185185 45.333333333333336 0.018518518518518517 45.31481481481482 1.4948386000469327
192000 286.5 255.96296296296296 116.55555555555556 0.5324074074074073 135.5185185185185 45.333333333333336 0.018518518518518517 45.31481481481482 1.488385699922219
194000 286.5 255.96296296296296 116.55555555555556 0.5324074074074073 135.5185185185185 45.333333333333336 0.018518518518518517 45.31481481481482 1.5131008999887854
196000 286.5 255.96296296296296 116.55555555555556 0.5324074074074073 135.5185185185185 45.333333333333336 0.018518518518518517 45.31481481481482 1.4988506000954658
198000 286.5 255.96296296296296 116.55555555555556 0.5324074074074073 135.5185185185185 45.333333333333336 0.018518518518518517 45.31481481481482 1.7982232000213116
200000 286.5 255.96296296296296 116.55555555555556 0.5324074074074073 135.5185185185185 45.333333333333336 0.018518518518518517 45.31481481481482 1.5970498998649418
202000 286.5 255.96296296296296 116.55555555555556 0.5324074074074073 135.5185185185185 45.333333333333336 0.018518518518518517 45.31481481481482 1.5832652999088168
204000 286.5 255.96296296296296 116.55555555555556 0.5324074074074073 135.5185185185185 45.333333333333336 0.018518518518518517 45.31481481481482 1.5123276999220252
206000 286.5 255.96296296296296 116.55555555555556 0.5324074074074073 135.5185185185185 45.333333333333336 0.018518518518518517 45.31481481481482 1.5360211001243442
208000 286.5 255.96296296296296 116.55555555555556 0.5324074074074073 135.5185185185185 45.333333333333336 0.018518518518518517 45.31481481481482 1.5801383000798523
210000 286.5 255.96296296296296 116.55555555555556 0.5324074074074073 135.5185185185185 45.333333333333336 0.018518518518518517 45.31481481481482 1.5443507998716086
212000 286.5 255.96296296296296 116.55555555555556 0.5324074074074073 135.5185185185185 45.333333333333336 0.018518518518518517 45.31481481481482 1.6698755999095738
214000 286.5 255.96296296296296 116.55555555555556 0.5324074074074073 135.5185185185185 45.333333333333336 0.018518518518518517 45.31481481481482 1.5375664001330733
216000 286.5 255.96296296296296 116.55555555555556 0.5324074074074073 135.5185185185185 45.333333333333336 0.018518518518518517 45.31481481481482 1.5764478999190032
218000 286.5 255.96296296296296 116.55555555555556 0.5324074074074073 135.5185185185185 45.333333333333336 0.018518518518518517 45.31481481481482 1.585157899884507
220000 286.5 255.96296296296296 116.55555555555556 0.5324074074074073 135.5185185185185 45.333333333333336 0.018518518518518517 45.31481481481482 1.7522853000555187
222000 286.5 255.96296296296296 116.55555555555556 0.5324074074074073 135.5185185185185 45.333333333333336 0.018518518518518517 45.31481481481482 1.5453810999169946
224000 286.5 255.96296296296296 116.55555555555556 0.5324074074074073 135.5185185185185 45.333333333333336 0.018518518518518517 45.31481481481482 1.6904987001325935
226000 286.5 255.96296296296296 116.55555555555556 0.5324074074074073 135.5185185185185 45.333333333333336 0.018518518518518517 45.31481481481482 1.4936736999079585
228000 286.5 255.96296296296296 116.55555555555556 0.5324074074074073 135.5185185185185 45.333333333333336 0.018518518518518517 45.31481481481482 1.4890850998926908
230000 286.5 255.96296296296296 116.55555555555556 0.5324074074074073 135.5185185185185 45.333333333333336 0.018518518518518517 45.31481481481482 1.5868850001133978
232000 286.5 255.96296296296296 116.55555555555556 0.5324074074074073 135.5185185185185 45.333333333333336 0.018518518518518517 45.31481481481482 1.5048209999222308
234000 286.5 255.96296296296296 116.55555555555556 0.5324074074074073 135.5185185185185 45.333333333333336 0.018518518518518517 45.31481481481482 1.496450399979949
236000 286.5 255.96296296296296 116.55555555555556 0.5324074074074073 135.5185185185185 45.333333333333336 0.018518518518518517 45.31481481481482 1.5471936000976712
238000 286.5 255.96296296296296 116.55555555555556 0.5324074074074073 135.5185185185185 45.333333333333336 0.018518518518518517 45.31481481481482 1.495808099862188
240000 286.5 255.96296296296296 116.55555555555556 0.5324074074074073 135.5185185185185 45.333333333333336 0.018518518518518517 45.31481481481482 1.8916605999693274
242000 286.5 255.96296296296296 116.55555555555556 0.5324074074074073 135.5185185185185 45.333333333333336 0.018518518518518517 45.31481481481482 1.5464844000525773
244000 286.5 255.96296296296296 116.55555555555556 0.5324074074074073 135.5185185185185 45.333333333333336 0.018518518518518517 45.31481481481482 1.573130500037223
246000 286.5 255.96296296296296 116.55555555555556 0.5324074074074073 135.5185185185185 45.333333333333336 0.018518518518518517 45.31481481481482 1.6161563000641763
248000 286.5 255.96296296296296 116.55555555555556 0.5324074074074073 135.5185185185185 45.333333333333336 0.018518518518518517 45.31481481481482 1.5458036998752505
250000 286.5 255.96296296296296 116.55555555555556 0.5324074074074073 135.5185185185185 45.333333333333336 0.018518518518518517 45.31481481481482 1.582011500140652
252000 286.5 255.96296296296296 116.55555555555556 0.5324074074074073 135.5185185185185 45.333333333333336 0.018518518518518517 45.31481481481482 1.739943299908191
254000 323.48148148148147 292.94444444444446 116.5 0.5339506172839505 135.5185185185185 45.333333333333336 0.018518518518518517 45.31481481481482 1.6438060998916626
256000 323.48148148148147 292.94444444444446 116.5 0.5339506172839505 135.5185185185185 45.333333333333336 0.018518518518518517 45.31481481481482 1.5925423000007868
258000 323.48148148148147 292.94444444444446 116.5 0.5339506172839505 135.5185185185185 45.333333333333336 0.018518518518518517 45.31481481481482 1.5270719998516142
260000 323.48148148148147 292.94444444444446 116.5 0.5339506172839505 135.5185185185185 45.333333333333336 0.018518518518518517 45.31481481481482 1.5921376999467611
262000 323.48148148148147 292.94444444444446 116.5 0.5339506172839505 135.5185185185185 45.333333333333336 0.018518518518518517 45.31481481481482 1.5883492999710143
264000 323.48148148148147 292.94444444444446 116.5 0.5339506172839505 135.5185185185185 45.333333333333336 0.018518518518518517 45.31481481481482 1.5685310000553727
266000 323.48148148148147 292.94444444444446 116.5 0.5339506172839505 135.5185185185185 45.333333333333336 0.018518518518518517 45.31481481481482 1.577165100025013
268000 323.48148148148147 292.94444444444446 116.5 0.5339506172839505 135.5185185185185 45.333333333333336 0.018518518518518517 45.31481481481482 1.6071218000724912
270000 323.48148148148147 292.94444444444446 116.5 0.5339506172839505 135.5185185185185 45.333333333333336 0.018518518518518517 45.31481481481482 1.5343914998229593
272000 323.48148148148147 292.94444444444446 116.5 0.5339506172839505 135.5185185185185 45.333333333333336 0.018518518518518517 45.31481481481482 1.5955835999920964
274000 323.48148148148147 292.94444444444446 116.5 0.5339506172839505 135.5185185185185 45.333333333333336 0.018518518518518517 45.31481481481482 1.5097938999533653
276000 323.48148148148147 292.94444444444446 116.5 0.5339506172839505 135.5185185185185 45.333333333333336 0.018518518518518517 45.31481481481482 1.5564164000097662
278000 323.48148148148147 292.94444444444446 116.5 0.5339506172839505 135.5185185185185 45.333333333333336 0.018518518518518517 45.31481481481482 1.6929058998357505
280000 323.48148148148147 292.94444444444446 116.5 0.5339506172839505 135.5185185185185 45.333333333333336 0.018518518518518517 45.31481481481482 1.5586176998913288
282000 323.48148148148147 292.94444444444446 116.5 0.5339506172839505 135.5185185185185 45.333333333333336 0.018518518518518517 45.31481481481482 1.5608524999115616
284000 323.48148148148147 292.94444444444446 116.5 0.5339506172839505 135.5185185185185 45.333333333333336 0.018518518518518517 45.31481481481482 1.5093600999098271
286000 323.48148148148147 292.94444444444446 116.5 0.5339506172839505 135.5185185185185 45.333333333333336 0.018518518518518517 45.31481481481482 1.5387987999711186
288000 323.48148148148147 292.94444444444446 116.5 0.5339506172839505 135.5185185185185 45.333333333333336 0.018518518518518517 45.31481481481482 1.57370620011352
290000 323.48148148148147 292.94444444444446 116.5 0.5339506172839505 135.5185185185185 45.333333333333336 0.018518518518518517 45.31481481481482 1.5608926001004875
292000 323.48148148148147 292.94444444444446 116.5 0.5339506172839505 135.5185185185185 45.333333333333336 0.018518518518518517 45.31481481481482 1.4923527999781072
294000 323.48148148148147 292.94444444444446 116.5 0.5339506172839505 135.5185185185185 45.333333333333336 0.018518518518518517 45.31481481481482 1.5232395001221448
296000 323.48148148148147 292.94444444444446 116.5 0.5339506172839505 135.5185185185185 45.333333333333336 0.018518518518518517 45.31481481481482 1.5535617000423372
298000 323.48148148148147 292.94444444444446 116.5 0.5339506172839505 135.5185185185185 45.333333333333336 0.018518518518518517 45.31481481481482 1.5259443998802453
300000 323.48148148148147 292.94444444444446 116.5 0.5339506172839505 135.5185185185185 45.333333333333336 0.018518518518518517 45.31481481481482 1.586486600106582
302000 323.48148148148147 292.94444444444446 116.5 0.5339506172839505 135.5185185185185 45.333333333333336 0.018518518518518517 45.31481481481482 1.5077690000180155
304000 323.48148148148147 292.94444444444446 116.5 0.5339506172839505 135.5185185185185 45.333333333333336 0.018518518518518517 45.31481481481482 1.5314046000130475
306000 323.48148148148147 292.94444444444446 116.5 0.5339506172839505 135.5185185185185 45.333333333333336 0.018518518518518517 45.31481481481482 1.5512584999669343
308000 323.48148148148147 292.94444444444446 116.5 0.5339506172839505 135.5185185185185 45.333333333333336 0.018518518518518517 45.31481481481482 1.4766525998711586
310000 323.48148148148147 292.94444444444446 116.5 0.5339506172839505 135.5185185185185 45.333333333333336 0.018518518518518517 45.31481481481482 1.516134199919179
312000 323.48148148148147 292.94444444444446 116.5 0.5339506172839505 135.5185185185185 45.333333333333336 0.018518518518518517 45.31481481481482 1.5851139000151306
314000 323.48148148148147 292.94444444444446 116.5 0.5339506172839505 135.5185185185185 45.333333333333336 0.018518518518518517 45.31481481481482 1.5856251998338848
316000 323.48148148148147 292.94444444444446 116.5 0.5339506172839505 135.5185185185185 45.333333333333336 0.018518518518518517 45.31481481481482 1.7006131000816822
318000 323.48148148148147 292.94444444444446 116.5 0.5339506172839505 135.5185185185185 45.333333333333336 0.018518518518518517 45.31481481481482 1.5715287998318672
320000 323.48148148148147 292.94444444444446 116.5 0.5339506172839505 135.5185185185185 45.333333333333336 0.018518518518518517 45.31481481481482 1.6137119999621063
322000 323.48148148148147 292.94444444444446 116.5 0.5339506172839505 135.5185185185185 45.333333333333336 0.018518518518518517 45.31481481481482 1.5029786999803036
324000 323.48148148148147 292.94444444444446 116.5 0.5339506172839505 135.5185185185185 45.333333333333336 0.018518518518518517 45.31481481481482 1.4865717000793666
326000 323.48148148148147 292.94444444444446 116.5 0.5339506172839505 135.5185185185185 45.333333333333336 0.018518518518518517 45.31481481481482 1.5147133998107165
328000 323.48148148148147 292.94444444444446 116.5 0.5339506172839505 135.5185185185185 45.333333333333336 0.018518518518518517 45.31481481481482 1.519722499884665
330000 323.48148148148147 292.94444444444446 116.5 0.5339506172839505 135.5185185185185 45.333333333333336 0.018518518518518517 45.31481481481482 1.5123427999205887
332000 323.48148148148147 292.94444444444446 116.5 0.5339506172839505 135.5185185185185 45.333333333333336 0.018518518518518517 45.31481481481482 1.517804600065574
334000 323.48148148148147 292.94444444444446 116.5 0.5339506172839505 135.5185185185185 45.333333333333336 0.018518518518518517 45.31481481481482 1.507198799867183
336000 323.48148148148147 292.94444444444446 116.5 0.5339506172839505 135.5185185185185 45.333333333333336 0.018518518518518517 45.31481481481482 1.5161355000454932
338000 323.48148148148147 292.94444444444446 116.5 0.5339506172839505 135.5185185185185 45.333333333333336 0.018518518518518517 45.31481481481482 1.5130785000510514
340000 323.48148148148147 292.94444444444446 116.5 0.5339506172839505 135.5185185185185 45.333333333333336 0.018518518518518517 45.31481481481482 1.528183199930936
342000 323.48148148148147 292.94444444444446 116.5 0.5339506172839505 135.5185185185185 45.333333333333336 0.018518518518518517 45.31481481481482 1.5319213999900967
344000 323.48148148148147 292.94444444444446 116.5 0.5339506172839505 135.5185185185185 45.333333333333336 0.018518518518518517 45.31481481481482 1.436794500099495
346000 323.48148148148147 292.94444444444446 116.5 0.5339506172839505 135.5185185185185 45.333333333333336 0.018518518518518517 45.31481481481482 1.5762606000062078
348000 323.48148148148147 292.94444444444446 116.5 0.5339506172839505 135.5185185185185 45.333333333333336 0.018518518518518517 45.31481481481482 1.6022769999690354
350000 323.48148148148147 292.94444444444446 116.5 0.5339506172839505 135.5185185185185 45.333333333333336 0.018518518518518517 45.31481481481482 1.556570899905637
352000 323.48148148148147 292.94444444444446 116.5 0.5339506172839505 135.5185185185185 45.333333333333336 0.018518518518518517 45.31481481481482 1.46528510004282
354000 323.48148148148147 292.94444444444446 116.5 0.5339506172839505 135.5185185185185 45.333333333333336 0.018518518518518517 45.31481481481482 1.5597995000425726
356000 323.48148148148147 292.94444444444446 116.5 0.5339506172839505 135.5185185185185 45.333333333333336 0.018518518518518517 45.31481481481482 1.812499799998477
358000 323.48148148148147 292.94444444444446 116.5 0.5339506172839505 135.5185185185185 45.333333333333336 0.018518518518518517 45.31481481481482 1.6119278999976814
360000 323.48148148148147 292.94444444444446 116.5 0.5339506172839505 135.5185185185185 45.333333333333336 0.018518518518518517 45.31481481481482 1.4731850000098348
362000 323.48148148148147 292.94444444444446 116.5 0.5339506172839505 135.5185185185185 45.333333333333336 0.018518518518518517 45.31481481481482 1.641829299973324
364000 323.48148148148147 292.94444444444446 116.5 0.5339506172839505 135.5185185185185 45.333333333333336 0.018518518518518517 45.31481481481482 1.507226699963212
366000 323.48148148148147 292.94444444444446 116.5 0.5339506172839505 135.5185185185185 45.333333333333336 0.018518518518518517 45.31481481481482 1.4562435001134872
368000 323.48148148148147 292.94444444444446 116.5 0.5339506172839505 135.5185185185185 45.333333333333336 0.018518518518518517 45.31481481481482 1.5578948000911623
370000 323.48148148148147 292.94444444444446 116.5 0.5339506172839505 135.5185185185185 45.333333333333336 0.018518518518518517 45.31481481481482 1.5738558999728411
372000 323.48148148148147 292.94444444444446 116.5 0.5339506172839505 135.5185185185185 45.333333333333336 0.018518518518518517 45.31481481481482 1.447645200183615
374000 323.48148148148147 292.94444444444446 116.5 0.5339506172839505 135.5185185185185 45.333333333333336 0.018518518518518517 45.31481481481482 1.5423503001220524
376000 323.48148148148147 292.94444444444446 116.5 0.5339506172839505 135.5185185185185 45.333333333333336 0.018518518518518517 45.31481481481482 1.5601608001161367
378000 323.48148148148147 292.94444444444446 116.5 0.5339506172839505 135.5185185185185 45.333333333333336 0.018518518518518517 45.31481481481482 1.6251894999295473
380000 323.48148148148147 292.94444444444446 116.5 0.5339506172839505 135.5185185185185 45.333333333333336 0.018518518518518517 45.31481481481482 1.60815509990789
382000 323.48148148148147 292.94444444444446 116.5 0.5339506172839505 135.5185185185185 45.333333333333336 0.018518518518518517 45.31481481481482 1.5751007001381367
384000 323.48148148148147 292.94444444444446 116.5 0.5339506172839505 135.5185185185185 45.333333333333336 0.018518518518518517 45.31481481481482 1.5247712000273168
386000 323.48148148148147 292.94444444444446 116.5 0.5339506172839505 135.5185185185185 45.333333333333336 0.018518518518518517 45.31481481481482 1.5601268000900745
388000 323.48148148148147 292.94444444444446 116.5 0.5339506172839505 135.5185185185185 45.333333333333336 0.018518518518518517 45.31481481481482 1.6405650000087917
390000 323.48148148148147 292.94444444444446 116.5 0.5339506172839505 135.5185185185185 45.333333333333336 0.018518518518518517 45.31481481481482 1.6381455000955611
392000 323.48148148148147 292.94444444444446 116.5 0.5339506172839505 135.5185185185185 45.333333333333336 0.018518518518518517 45.31481481481482 1.4889696000609547
394000 323.48148148148147 292.94444444444446 116.5 0.5339506172839505 135.5185185185185 45.333333333333336 0.018518518518518517 45.31481481481482 1.5417382998857647
396000 323.48148148148147 292.94444444444446 116.5 0.5339506172839505 135.5185185185185 45.333333333333336 0.018518518518518517 45.31481481481482 1.593931500101462
398000 323.48148148148147 292.94444444444446 116.5 0.5339506172839505 135.5185185185185 45.333333333333336 0.018518518518518517 45.31481481481482 1.654686199966818
400000 323.48148148148147 292.94444444444446 116.5 0.5339506172839505 135.5185185185185 45.333333333333336 0.018518518518518517 45.31481481481482 1.6754356001038104
402000 323.48148148148147 292.94444444444446 116.5 0.5339506172839505 135.5185185185185 45.333333333333336 0.018518518518518517 45.31481481481482 1.589329799870029
404000 323.48148148148147 292.94444444444446 116.5 0.5339506172839505 135.5185185185185 45.333333333333336 0.018518518518518517 45.31481481481482 1.5620938001666218
406000 323.48148148148147 292.94444444444446 116.5 0.5339506172839505 135.5185185185185 45.333333333333336 0.018518518518518517 45.31481481481482 1.7136019000317901
408000 323.48148148148147 292.94444444444446 116.5 0.5339506172839505 135.5185185185185 45.333333333333336 0.018518518518518517 45.31481481481482 1.7312346999533474
410000 323.48148148148147 292.94444444444446 116.5 0.5339506172839505 135.5185185185185 45.333333333333336 0.018518518518518517 45.31481481481482 1.6415031999349594
412000 323.48148148148147 292.94444444444446 116.5 0.5339506172839505 135.5185185185185 45.333333333333336 0.018518518518518517 45.31481481481482 1.579408299876377
414000 323.48148148148147 292.94444444444446 116.5 0.5339506172839505 135.5185185185185 45.333333333333336 0.018518518518518517 45.31481481481482 1.5782815001439303
416000 323.48148148148147 292.94444444444446 116.5 0.5339506172839505 135.5185185185185 45.333333333333336 0.018518518518518517 45.31481481481482 1.5349198998883367
418000 323.48148148148147 292.94444444444446 116.5 0.5339506172839505 135.5185185185185 45.333333333333336 0.018518518518518517 45.31481481481482 1.6259349999018013
420000 323.48148148148147 292.94444444444446 116.5 0.5339506172839505 135.5185185185185 45.333333333333336 0.018518518518518517 45.31481481481482 1.5439037000760436
422000 323.48148148148147 292.94444444444446 116.5 0.5339506172839505 135.5185185185185 45.333333333333336 0.018518518518518517 45.31481481481482 1.5794148000422865
424000 323.48148148148147 292.94444444444446 116.5 0.5339506172839505 135.5185185185185 45.333333333333336 0.018518518518518517 45.31481481481482 1.5979736999142915
426000 323.48148148148147 292.94444444444446 116.5 0.5339506172839505 135.5185185185185 45.333333333333336 0.018518518518518517 45.31481481481482 1.643730100011453
428000 323.48148148148147 292.94444444444446 116.5 0.5339506172839505 135.5185185185185 45.333333333333336 0.018518518518518517 45.31481481481482 1.5484796999953687
430000 323.48148148148147 292.94444444444446 116.5 0.5339506172839505 135.5185185185185 45.333333333333336 0.018518518518518517 45.31481481481482 1.5935774000827223
432000 323.48148148148147 292.94444444444446 116.5 0.5339506172839505 135.5185185185185 45.333333333333336 0.018518518518518517 45.31481481481482 1.55708759999834
434000 323.48148148148147 292.94444444444446 116.5 0.5339506172839505 135.5185185185185 45.333333333333336 0.018518518518518517 45.31481481481482 1.585143300006166
436000 323.48148148148147 292.94444444444446 116.5 0.5339506172839505 135.5185185185185 45.333333333333336 0.018518518518518517 45.31481481481482 1.6174349999055266
438000 323.48148148148147 292.94444444444446 116.5 0.5339506172839505 135.5185185185185 45.333333333333336 0.018518518518518517 45.31481481481482 1.501602599862963
440000 323.48148148148147 292.94444444444446 116.5 0.5339506172839505 135.5185185185185 45.333333333333336 0.018518518518518517 45.31481481481482 1.6349959999788553
442000 323.48148148148147 292.94444444444446 116.5 0.5339506172839505 135.5185185185185 45.333333333333336 0.018518518518518517 45.31481481481482 1.596075400011614
444000 323.48148148148147 292.94444444444446 116.5 0.5339506172839505 135.5185185185185 45.333333333333336 0.018518518518518517 45.31481481481482 1.5353737000841647
446000 323.48148148148147 292.94444444444446 116.5 0.5339506172839505 135.5185185185185 45.333333333333336 0.018518518518518517 45.31481481481482 1.5804173999931663
448000 323.48148148148147 292.94444444444446 116.5 0.5339506172839505 135.5185185185185 45.333333333333336 0.018518518518518517 45.31481481481482 1.5787298998329788
450000 323.48148148148147 292.94444444444446 116.5 0.5339506172839505 135.5185185185185 45.333333333333336 0.018518518518518517 45.31481481481482 1.663979799952358
452000 323.48148148148147 292.94444444444446 116.5 0.5339506172839505 135.5185185185185 45.333333333333336 0.018518518518518517 45.31481481481482 1.5025853000115603
454000 323.48148148148147 292.94444444444446 116.5 0.5339506172839505 135.5185185185185 45.333333333333336 0.018518518518518517 45.31481481481482 1.5576782000716776
456000 323.48148148148147 292.94444444444446 116.5 0.5339506172839505 135.5185185185185 45.333333333333336 0.018518518518518517 45.31481481481482 1.5349278999492526
458000 323.48148148148147 292.94444444444446 116.5 0.5339506172839505 135.5185185185185 45.333333333333336 0.018518518518518517 45.31481481481482 1.8530644001439214
460000 323.48148148148147 292.94444444444446 116.5 0.5339506172839505 135.5185185185185 45.333333333333336 0.018518518518518517 45.31481481481482 1.5387514000758529
462000 323.48148148148147 292.94444444444446 116.5 0.5339506172839505 135.5185185185185 45.333333333333336 0.018518518518518517 45.31481481481482 1.6600858999881893
464000 323.48148148148147 292.94444444444446 116.5 0.5339506172839505 135.5185185185185 45.333333333333336 0.018518518518518517 45.31481481481482 1.570181200047955
466000 323.48148148148147 292.94444444444446 116.5 0.5339506172839505 135.5185185185185 45.333333333333336 0.018518518518518517 45.31481481481482 1.5804407999385148
468000 323.48148148148147 292.94444444444446 116.5 0.5339506172839505 135.5185185185185 45.333333333333336 0.018518518518518517 45.31481481481482 1.6433862000703812
470000 323.48148148148147 292.94444444444446 116.5 0.5339506172839505 135.5185185185185 45.333333333333336 0.018518518518518517 45.31481481481482 1.4686163000296801
472000 323.48148148148147 292.94444444444446 116.5 0.5339506172839505 135.5185185185185 45.333333333333336 0.018518518518518517 45.31481481481482 1.6222397999372333
474000 323.48148148148147 292.94444444444446 116.5 0.5339506172839505 135.5185185185185 45.333333333333336 0.018518518518518517 45.31481481481482 1.5256290000397712
476000 323.48148148148147 292.94444444444446 116.5 0.5339506172839505 135.5185185185185 45.333333333333336 0.018518518518518517 45.31481481481482 1.5770536998752505
478000 323.48148148148147 292.94444444444446 116.5 0.5339506172839505 135.5185185185185 45.333333333333336 0.018518518518518517 45.31481481481482 1.6050257000606507
480000 323.48148148148147 292.94444444444446 116.5 0.5339506172839505 135.5185185185185 45.333333333333336 0.018518518518518517 45.31481481481482 1.7252519000321627
482000 323.48148148148147 292.94444444444446 116.5 0.5339506172839505 135.5185185185185 45.333333333333336 0.018518518518518517 45.31481481481482 1.7301270000170916
484000 323.48148148148147 292.94444444444446 116.5 0.5339506172839505 135.5185185185185 45.333333333333336 0.018518518518518517 45.31481481481482 1.521354699973017
486000 323.48148148148147 292.94444444444446 116.5 0.5339506172839505 135.5185185185185 45.333333333333336 0.018518518518518517 45.31481481481482 1.6244030999951065
488000 323.48148148148147 292.94444444444446 116.5 0.5339506172839505 135.5185185185185 45.333333333333336 0.018518518518518517 45.31481481481482 1.7863803999498487
490000 323.48148148148147 292.94444444444446 116.5 0.5339506172839505 135.5185185185185 45.333333333333336 0.018518518518518517 45.31481481481482 1.613594900118187
492000 323.48148148148147 292.94444444444446 116.5 0.5339506172839505 135.5185185185185 45.333333333333336 0.018518518518518517 45.31481481481482 1.6159502000082284
494000 323.48148148148147 292.94444444444446 116.5 0.5339506172839505 135.5185185185185 45.333333333333336 0.018518518518518517 45.31481481481482 1.5482256000395864
496000 323.48148148148147 292.94444444444446 116.5 0.5339506172839505 135.5185185185185 45.333333333333336 0.018518518518518517 45.31481481481482 1.7882718001492321
498000 323.48148148148147 292.94444444444446 116.5 0.5339506172839505 135.5185185185185 45.333333333333336 0.018518518518518517 45.31481481481482 1.3719401999842376
500000 323.48148148148147 292.94444444444446 116.5 0.5339506172839505 135.5185185185185 45.333333333333336 0.018518518518518517 45.31481481481482 1.362776500172913
