2000 0.5384615384615384 -1.0 129.65384615384616 0.03205128205128205 135.46153846153845 45.30769230769231 0.0 45.30769230769231 0.6727211000397801
4000 1.0 -0.25 129.42307692307693 0.03685897435897435 135.46153846153845 45.30769230769231 0.0 45.30769230769231 0.7385162999853492
6000 5.923076923076923 3.8846153846153846 124.76923076923077 0.27884615384615385 135.46153846153845 45.30769230769231 0.0 45.30769230769231 1.1247225999832153
8000 15.98076923076923 15.923076923076923 123.34615384615384 0.3525641025641026 135.46153846153845 45.30769230769231 0.0 45.30769230769231 1.1995636001229286
10000 10.807692307692308 3.1346153846153846 123.61538461538461 0.31891025641025644 135.46153846153845 45.30769230769231 0.0 45.30769230769231 1.3818699000403285
12000 18.346153846153847 18.346153846153847 122.53846153846153 0.37660256410256415 135.46153846153845 45.30769230769231 0.0 45.30769230769231 1.447059400146827
14000 19.153846153846153 19.153846153846153 122.51923076923077 0.3878205128205129 135.46153846153845 45.30769230769231 0.0 45.30769230769231 1.6344294999726117
16000 19.153846153846153 19.153846153846153 122.51923076923077 0.3878205128205129 135.46153846153845 45.30769230769231 0.0 45.30769230769231 1.3594869000371546
18000 29.346153846153847 29.346153846153847 121.15384615384616 0.43269230769230776 135.46153846153845 45.30769230769231 0.0 45.30769230769231 1.478528199950233
20000 54.17307692307692 54.17307692307692 118.78846153846153 0.5240384615384615 135.46153846153845 45.30769230769231 0.019230769230769232 45.28846153846154 1.5150210000574589
22000 54.17307692307692 54.17307692307692 118.78846153846153 0.5240384615384615 135.46153846153845 45.30769230769231 0.019230769230769232 45.28846153846154 1.5365250001195818
24000 54.17307692307692 54.17307692307692 118.78846153846153 0.5240384615384615 135.46153846153845 45.30769230769231 0.019230769230769232 45.28846153846154 1.417862700065598
26000 54.17307692307692 54.17307692307692 118.78846153846153 0.5240384615384615 135.46153846153845 45.30769230769231 0.019230769230769232 45.28846153846154 1.3661883999593556
28000 54.17307692307692 54.17307692307692 118.78846153846153 0.5240384615384615 135.46153846153845 45.30769230769231 0.019230769230769232 45.28846153846154 1.5335936001501977
30000 54.17307692307692 54.17307692307692 118.78846153846153 0.5240384615384615 135.46153846153845 45.30769230769231 0.019230769230769232 45.28846153846154 1.3884393000043929
32000 54.17307692307692 54.17307692307692 118.78846153846153 0.5240384615384615 135.46153846153845 45.30769230769231 0.019230769230769232 45.28846153846154 1.3880374999716878
34000 50.84615384615385 -1.0 119.57692307692308 0.4967948717948717 135.46153846153845 45.30769230769231 0.019230769230769232 45.28846153846154 1.4350306999403983
36000 50.84615384615385 -1.0 119.57692307692308 0.4967948717948717 135.46153846153845 45.30769230769231 0.019230769230769232 45.28846153846154 1.5319336999673396
38000 50.84615384615385 -1.0 119.57692307692308 0.4967948717948717 135.46153846153845 45.30769230769231 0.019230769230769232 45.28846153846154 1.60250429995358
40000 50.84615384615385 -1.0 119.57692307692308 0.4967948717948717 135.46153846153845 45.30769230769231 0.019230769230769232 45.28846153846154 1.4602472998667508
42000 50.84615384615385 -1.0 119.57692307692308 0.4967948717948717 135.46153846153845 45.30769230769231 0.019230769230769232 45.28846153846154 1.454714999999851
44000 50.84615384615385 -1.0 119.57692307692308 0.4967948717948717 135.46153846153845 45.30769230769231 0.019230769230769232 45.28846153846154 1.4971847999840975
46000 50.84615384615385 -1.0 119.57692307692308 0.4967948717948717 135.46153846153845 45.30769230769231 0.019230769230769232 45.28846153846154 1.5264592999592423
48000 50.84615384615385 -1.0 119.57692307692308 0.4967948717948717 135.46153846153845 45.30769230769231 0.019230769230769232 45.28846153846154 1.484189399983734
50000 50.84615384615385 -1.0 119.57692307692308 0.4967948717948717 135.46153846153845 45.30769230769231 0.019230769230769232 45.28846153846154 1.4829234001226723
52000 50.84615384615385 -1.0 119.57692307692308 0.4967948717948717 135.46153846153845 45.30769230769231 0.019230769230769232 45.28846153846154 1.4421480000019073
54000 50.84615384615385 -1.0 119.57692307692308 0.4967948717948717 135.46153846153845 45.30769230769231 0.019230769230769232 45.28846153846154 1.4420179999433458
56000 50.84615384615385 -1.0 119.57692307692308 0.4967948717948717 135.46153846153845 45.30769230769231 0.019230769230769232 45.28846153846154 1.443441999843344
58000 50.84615384615385 -1.0 119.57692307692308 0.4967948717948717 135.46153846153845 45.30769230769231 0.019230769230769232 45.28846153846154 1.4450785000808537
60000 50.84615384615385 -1.0 119.57692307692308 0.4967948717948717 135.46153846153845 45.30769230769231 0.019230769230769232 45.28846153846154 1.5343337000813335
62000 50.84615384615385 -1.0 119.57692307692308 0.4967948717948717 135.46153846153845 45.30769230769231 0.019230769230769232 45.28846153846154 1.423677199985832
64000 50.84615384615385 -1.0 119.57692307692308 0.4967948717948717 135.46153846153845 45.30769230769231 0.019230769230769232 45.28846153846154 1.4982960000634193
66000 50.84615384615385 -1.0 119.57692307692308 0.4967948717948717 135.46153846153845 45.30769230769231 0.019230769230769232 45.28846153846154 1.8017210001125932
68000 50.84615384615385 -1.0 119.57692307692308 0.4967948717948717 135.46153846153845 45.30769230769231 0.019230769230769232 45.28846153846154 1.638421099865809
70000 50.84615384615385 -1.0 119.57692307692308 0.4967948717948717 135.46153846153845 45.30769230769231 0.019230769230769232 45.28846153846154 1.6733832999598235
72000 51.34615384615385 -1.0 118.28846153846153 0.4567307692307693 135.46153846153845 45.30769230769231 0.019230769230769232 45.28846153846154 1.6081383000127971
74000 50.84615384615385 -1.0 119.57692307692308 0.4967948717948717 135.46153846153845 45.30769230769231 0.019230769230769232 45.28846153846154 1.6667970998678356
76000 50.84615384615385 -1.0 119.57692307692308 0.4967948717948717 135.46153846153845 45.30769230769231 0.019230769230769232 45.28846153846154 1.6112680998630822
78000 51.34615384615385 -1.0 118.28846153846153 0.4567307692307693 135.46153846153845 45.30769230769231 0.019230769230769232 45.28846153846154 1.6441127001307905
80000 51.34615384615385 -1.0 118.28846153846153 0.4567307692307693 135.46153846153845 45.30769230769231 0.019230769230769232 45.28846153846154 1.5353139000944793
82000 51.34615384615385 -1.0 118.28846153846153 0.4567307692307693 135.46153846153845 45.30769230769231 0.019230769230769232 45.28846153846154 1.451486400095746
84000 50.84615384615385 -1.0 119.57692307692308 0.4967948717948717 135.46153846153845 45.30769230769231 0.019230769230769232 45.28846153846154 1.5706448999699205
86000 51.34615384615385 -1.0 118.28846153846153 0.4567307692307693 135.46153846153845 45.30769230769231 0.019230769230769232 45.28846153846154 1.4245146999601275
88000 161.23076923076923 161.23076923076923 116.17307692307692 0.5673076923076923 135.46153846153845 45.30769230769231 0.019230769230769232 45.28846153846154 1.4969835998490453
90000 161.23076923076923 161.23076923076923 116.17307692307692 0.5673076923076923 135.46153846153845 45.30769230769231 0.019230769230769232 45.28846153846154 1.6855062001850456
92000 157.19230769230768 157.03846153846155 116.61538461538461 0.5576923076923077 135.46153846153845 45.30769230769231 0.019230769230769232 45.28846153846154 1.5678832000121474
94000 157.19230769230768 157.03846153846155 116.61538461538461 0.5576923076923077 135.46153846153845 45.30769230769231 0.019230769230769232 45.28846153846154 1.4251570000778884
96000 157.19230769230768 157.03846153846155 116.61538461538461 0.5576923076923077 135.46153846153845 45.30769230769231 0.019230769230769232 45.28846153846154 1.4922236001584679
98000 157.07692307692307 157.03846153846155 116.73076923076923 0.5480769230769231 135.46153846153845 45.30769230769231 0.019230769230769232 45.28846153846154 1.4302521999925375
100000 157.07692307692307 157.03846153846155 116.73076923076923 0.5480769230769231 135.46153846153845 45.30769230769231 0.019230769230769232 45.28846153846154 1.4725511001888663
102000 157.07692307692307 157.03846153846155 116.73076923076923 0.5480769230769231 135.46153846153845 45.30769230769231 0.019230769230769232 45.28846153846154 1.4242998000700027
104000 157.07692307692307 157.03846153846155 116.73076923076923 0.5480769230769231 135.46153846153845 45.30769230769231 0.019230769230769232 45.28846153846154 1.5380694000050426
106000 157.07692307692307 157.03846153846155 116.73076923076923 0.5480769230769231 135.46153846153845 45.30769230769231 0.019230769230769232 45.28846153846154 1.4552998999133706
108000 157.07692307692307 157.03846153846155 116.73076923076923 0.5480769230769231 135.46153846153845 45.30769230769231 0.019230769230769232 45.28846153846154 1.438653799938038
110000 157.07692307692307 157.03846153846155 116.73076923076923 0.5480769230769231 135.46153846153845 45.30769230769231 0.019230769230769232 45.28846153846154 1.485714599955827
112000 157.07692307692307 157.03846153846155 116.73076923076923 0.5480769230769231 135.46153846153845 45.30769230769231 0.019230769230769232 45.28846153846154 1.449462599819526
114000 157.07692307692307 157.03846153846155 116.73076923076923 0.5480769230769231 135.46153846153845 45.30769230769231 0.019230769230769232 45.28846153846154 1.423163800034672
116000 157.07692307692307 157.03846153846155 116.73076923076923 0.5480769230769231 135.46153846153845 45.30769230769231 0.019230769230769232 45.28846153846154 1.4560811999253929
118000 157.07692307692307 157.03846153846155 116.73076923076923 0.5480769230769231 135.46153846153845 45.30769230769231 0.019230769230769232 45.28846153846154 1.5235476000234485
120000 157.07692307692307 157.03846153846155 116.73076923076923 0.5480769230769231 135.46153846153845 45.30769230769231 0.019230769230769232 45.28846153846154 1.5086687000002712
122000 157.07692307692307 157.03846153846155 116.73076923076923 0.5480769230769231 135.46153846153845 45.30769230769231 0.019230769230769232 45.28846153846154 1.5485185000579804
124000 157.07692307692307 157.03846153846155 116.73076923076923 0.5480769230769231 135.46153846153845 45.30769230769231 0.019230769230769232 45.28846153846154 1.5338536000344902
126000 157.07692307692307 157.03846153846155 116.73076923076923 0.5480769230769231 135.46153846153845 45.30769230769231 0.019230769230769232 45.28846153846154 1.463061099871993
128000 290.7307692307692 290.6923076923077 117.1923076923077 0.5384615384615384 135.46153846153845 45.30769230769231 0.019230769230769232 45.28846153846154 1.532122700009495
130000 290.7307692307692 290.6923076923077 117.1923076923077 0.5384615384615384 135.46153846153845 45.30769230769231 0.019230769230769232 45.28846153846154 1.4586511999368668
132000 290.7307692307692 290.6923076923077 117.1923076923077 0.5384615384615384 135.46153846153845 45.30769230769231 0.019230769230769232 45.28846153846154 1.546406300039962
134000 290.7307692307692 290.6923076923077 117.1923076923077 0.5384615384615384 135.46153846153845 45.30769230769231 0.019230769230769232 45.28846153846154 1.5690281998831779
136000 290.7307692307692 290.6923076923077 117.1923076923077 0.5384615384615384 135.46153846153845 45.30769230769231 0.019230769230769232 45.28846153846154 1.4597851999569684
138000 290.7307692307692 290.6923076923077 117.1923076923077 0.5384615384615384 135.46153846153845 45.30769230769231 0.019230769230769232 45.28846153846154 1.56245750002563
140000 283.1730769230769 260.34615384615387 117.25 0.5384615384615384 135.46153846153845 45.30769230769231 0.019230769230769232 45.28846153846154 1.537573300069198
142000 283.1730769230769 260.34615384615387 117.25 0.5384615384615384 135.46153846153845 45.30769230769231 0.019230769230769232 45.28846153846154 1.4926645001396537
144000 283.1730769230769 260.34615384615387 117.25 0.5384615384615384 135.46153846153845 45.30769230769231 0.019230769230769232 45.28846153846154 1.414233700139448
146000 283.1730769230769 260.34615384615387 117.25 0.5384615384615384 135.46153846153845 45.30769230769231 0.019230769230769232 45.28846153846154 1.5345795000903308
148000 283.1730769230769 260.34615384615387 117.25 0.5384615384615384 135.46153846153845 45.30769230769231 0.019230769230769232 45.28846153846154 1.7428786000236869
150000 283.1730769230769 260.34615384615387 117.25 0.5384615384615384 135.46153846153845 45.30769230769231 0.019230769230769232 45.28846153846154 1.8468888001516461
152000 283.1730769230769 260.34615384615387 117.25 0.5384615384615384 135.46153846153845 45.30769230769231 0.019230769230769232 45.28846153846154 1.5181630000006407
154000 283.1730769230769 260.34615384615387 117.25 0.5384615384615384 135.46153846153845 45.30769230769231 0.019230769230769232 45.28846153846154 1.5021824000868946
156000 283.1730769230769 260.34615384615387 117.25 0.5384615384615384 135.46153846153845 45.30769230769231 0.019230769230769232 45.28846153846154 1.4320492998231202
158000 290.7307692307692 290.6923076923077 117.1923076923077 0.5384615384615384 135.46153846153845 45.30769230769231 0.019230769230769232 45.28846153846154 1.4952752999961376
160000 290.7307692307692 290.6923076923077 117.1923076923077 0.5384615384615384 135.46153846153845 45.30769230769231 0.019230769230769232 45.28846153846154 1.5860523998271674
162000 290.7307692307692 290.6923076923077 117.1923076923077 0.5384615384615384 135.46153846153845 45.30769230769231 0.019230769230769232 45.28846153846154 1.390825100010261
164000 283.1730769230769 260.34615384615387 117.25 0.5384615384615384 135.46153846153845 45.30769230769231 0.019230769230769232 45.28846153846154 1.4987097000703216
166000 290.7307692307692 290.6923076923077 117.1923076923077 0.5384615384615384 135.46153846153845 45.30769230769231 0.019230769230769232 45.28846153846154 1.4514189001638442
168000 290.7307692307692 290.6923076923077 117.1923076923077 0.5384615384615384 135.46153846153845 45.30769230769231 0.019230769230769232 45.28846153846154 1.4880469001363963
170000 290.7307692307692 290.6923076923077 117.1923076923077 0.5384615384615384 135.46153846153845 45.30769230769231 0.019230769230769232 45.28846153846154 1.555562200024724
172000 290.7307692307692 290.6923076923077 117.1923076923077 0.5384615384615384 135.46153846153845 45.30769230769231 0.019230769230769232 45.28846153846154 1.6017496001441032
174000 283.78846153846155 269.11538461538464 117.25 0.5384615384615384 135.46153846153845 45.30769230769231 0.019230769230769232 45.28846153846154 1.5094572000671178
176000 283.1730769230769 260.34615384615387 117.25 0.5384615384615384 135.46153846153845 45.30769230769231 0.019230769230769232 45.28846153846154 1.4395266000647098
178000 283.1730769230769 260.34615384615387 117.25 0.5384615384615384 135.46153846153845 45.30769230769231 0.019230769230769232 45.28846153846154 1.4730827999301255
180000 290.7307692307692 290.6923076923077 117.1923076923077 0.5384615384615384 135.46153846153845 45.30769230769231 0.019230769230769232 45.28846153846154 1.5395243000239134
182000 290.7307692307692 290.6923076923077 117.1923076923077 0.5384615384615384 135.46153846153845 45.30769230769231 0.019230769230769232 45.28846153846154 1.475514099933207
184000 290.7307692307692 290.6923076923077 117.1923076923077 0.5384615384615384 135.46153846153845 45.30769230769231 0.019230769230769232 45.28846153846154 1.460520900087431
186000 290.7307692307692 290.6923076923077 117.1923076923077 0.5384615384615384 135.46153846153845 45.30769230769231 0.019230769230769232 45.28846153846154 1.503567900042981
188000 290.7307692307692 290.6923076923077 117.1923076923077 0.5384615384615384 135.46153846153845 45.30769230769231 0.019230769230769232 45.28846153846154 1.5113065999466926
190000 290.7307692307692 290.6923076923077 117.1923076923077 0.5384615384615384 135.46153846153845 45.30769230769231 0.019230769230769232 45.28846153846154 1.4845953001640737
192000 290.7307692307692 290.6923076923077 117.1923076923077 0.5384615384615384 135.46153846153845 45.30769230769231 0.019230769230769232 45.28846153846154 1.662802399834618
194000 290.7307692307692 290.6923076923077 117.1923076923077 0.5384615384615384 135.46153846153845 45.30769230769231 0.019230769230769232 45.28846153846154 1.4761190998833627
196000 290.7307692307692 290.6923076923077 117.1923076923077 0.5384615384615384 135.46153846153845 45.30769230769231 0.019230769230769232 45.28846153846154 1.4031865000724792
198000 290.7307692307692 290.6923076923077 117.1923076923077 0.5384615384615384 135.46153846153845 45.30769230769231 0.019230769230769232 45.28846153846154 1.4802718998398632
200000 290.84615384615387 290.6923076923077 117.07692307692308 0.548076923076923 135.46153846153845 45.30769230769231 0.019230769230769232 45.28846153846154 1.514709600014612
202000 290.7307692307692 290.6923076923077 117.1923076923077 0.5384615384615384 135.46153846153845 45.30769230769231 0.019230769230769232 45.28846153846154 1.5028215001802891
204000 290.7307692307692 290.6923076923077 117.1923076923077 0.5384615384615384 135.46153846153845 45.30769230769231 0.019230769230769232 45.28846153846154 1.4324459999334067
206000 290.7307692307692 290.6923076923077 117.1923076923077 0.5384615384615384 135.46153846153845 45.30769230769231 0.019230769230769232 45.28846153846154 1.4258064997848123
208000 290.84615384615387 290.6923076923077 117.07692307692308 0.548076923076923 135.46153846153845 45.30769230769231 0.019230769230769232 45.28846153846154 1.444728200091049
210000 290.7307692307692 290.6923076923077 117.1923076923077 0.5384615384615384 135.46153846153845 45.30769230769231 0.019230769230769232 45.28846153846154 1.444128599949181
212000 290.7307692307692 290.6923076923077 117.1923076923077 0.5384615384615384 135.46153846153845 45.30769230769231 0.019230769230769232 45.28846153846154 1.5428377001080662
214000 290.84615384615387 290.6923076923077 117.07692307692308 0.548076923076923 135.46153846153845 45.30769230769231 0.019230769230769232 45.28846153846154 1.4418842000886798
216000 290.84615384615387 290.6923076923077 117.07692307692308 0.548076923076923 135.46153846153845 45.30769230769231 0.019230769230769232 45.28846153846154 1.4524226998910308
218000 290.84615384615387 290.6923076923077 117.07692307692308 0.548076923076923 135.46153846153845 45.30769230769231 0.019230769230769232 45.28846153846154 1.4844100000336766
220000 290.84615384615387 290.6923076923077 117.07692307692308 0.548076923076923 135.46153846153845 45.30769230769231 0.019230769230769232 45.28846153846154 1.62580980011262
222000 290.84615384615387 290.6923076923077 117.07692307692308 0.548076923076923 135.46153846153845 45.30769230769231 0.019230769230769232 45.28846153846154 1.4873770999256521
224000 290.84615384615387 290.6923076923077 117.07692307692308 0.548076923076923 135.46153846153845 45.30769230769231 0.019230769230769232 45.28846153846154 1.4958230999764055
226000 290.84615384615387 290.6923076923077 117.07692307692308 0.548076923076923 135.46153846153845 45.30769230769231 0.019230769230769232 45.28846153846154 1.50196239980869
228000 290.84615384615387 290.6923076923077 117.07692307692308 0.548076923076923 135.46153846153845 45.30769230769231 0.019230769230769232 45.28846153846154 1.4667483000084758
230000 290.84615384615387 290.6923076923077 117.07692307692308 0.548076923076923 135.46153846153845 45.30769230769231 0.019230769230769232 45.28846153846154 1.4447586999740452
232000 290.84615384615387 290.6923076923077 117.07692307692308 0.548076923076923 135.46153846153845 45.30769230769231 0.019230769230769232 45.28846153846154 1.4657073998823762
234000 290.7307692307692 290.6923076923077 117.1923076923077 0.5384615384615384 135.46153846153845 45.30769230769231 0.019230769230769232 45.28846153846154 1.4752849000506103
236000 290.84615384615387 290.6923076923077 117.07692307692308 0.548076923076923 135.46153846153845 45.30769230769231 0.019230769230769232 45.28846153846154 1.4852686999365687
238000 290.84615384615387 290.6923076923077 117.07692307692308 0.548076923076923 135.46153846153845 45.30769230769231 0.019230769230769232 45.28846153846154 1.6083709998056293
240000 290.7307692307692 290.6923076923077 117.1923076923077 0.5384615384615384 135.46153846153845 45.30769230769231 0.019230769230769232 45.28846153846154 1.5185591001063585
242000 290.84615384615387 290.6923076923077 117.07692307692308 0.548076923076923 135.46153846153845 45.30769230769231 0.019230769230769232 45.28846153846154 1.4250119000207633
244000 290.84615384615387 290.6923076923077 117.07692307692308 0.548076923076923 135.46153846153845 45.30769230769231 0.019230769230769232 45.28846153846154 1.5700484002009034
246000 290.7307692307692 290.6923076923077 117.1923076923077 0.5384615384615384 135.46153846153845 45.30769230769231 0.019230769230769232 45.28846153846154 1.4820112998131663
248000 290.7307692307692 290.6923076923077 117.1923076923077 0.5384615384615384 135.46153846153845 45.30769230769231 0.019230769230769232 45.28846153846154 1.4365844000130892
250000 290.7307692307692 290.6923076923077 117.1923076923077 0.5384615384615384 135.46153846153845 45.30769230769231 0.019230769230769232 45.28846153846154 1.5856379999313504
252000 290.7307692307692 290.6923076923077 117.1923076923077 0.5384615384615384 135.46153846153845 45.30769230769231 0.019230769230769232 45.28846153846154 1.4627143999096006
254000 290.7307692307692 290.6923076923077 117.1923076923077 0.5384615384615384 135.46153846153845 45.30769230769231 0.019230769230769232 45.28846153846154 1.414775799959898
256000 290.7307692307692 290.6923076923077 117.1923076923077 0.5384615384615384 135.46153846153845 45.30769230769231 0.019230769230769232 45.28846153846154 1.5715775000862777
258000 290.7307692307692 290.6923076923077 117.1923076923077 0.5384615384615384 135.46153846153845 45.30769230769231 0.019230769230769232 45.28846153846154 1.449359100079164
260000 290.7307692307692 290.6923076923077 117.1923076923077 0.5384615384615384 135.46153846153845 45.30769230769231 0.019230769230769232 45.28846153846154 1.4699488000478595
262000 290.7307692307692 290.6923076923077 117.1923076923077 0.5384615384615384 135.46153846153845 45.30769230769231 0.019230769230769232 45.28846153846154 1.4026654998306185
264000 290.7307692307692 290.6923076923077 117.1923076923077 0.5384615384615384 135.46153846153845 45.30769230769231 0.019230769230769232 45.28846153846154 1.4639689000323415
266000 290.84615384615387 290.6923076923077 117.07692307692308 0.548076923076923 135.46153846153845 45.30769230769231 0.019230769230769232 45.28846153846154 1.533158800099045
268000 290.7307692307692 290.6923076923077 117.1923076923077 0.5384615384615384 135.46153846153845 45.30769230769231 0.019230769230769232 45.28846153846154 1.5350039000622928
270000 290.7307692307692 290.6923076923077 117.1923076923077 0.5384615384615384 135.46153846153845 45.30769230769231 0.019230769230769232 45.28846153846154 1.4955243999138474
272000 290.7307692307692 290.6923076923077 117.1923076923077 0.5384615384615384 135.46153846153845 45.30769230769231 0.019230769230769232 45.28846153846154 1.500062100123614
274000 290.7307692307692 290.6923076923077 117.1923076923077 0.5384615384615384 135.46153846153845 45.30769230769231 0.019230769230769232 45.28846153846154 1.5616480000317097
276000 290.7307692307692 290.6923076923077 117.1923076923077 0.5384615384615384 135.46153846153845 45.30769230769231 0.019230769230769232 45.28846153846154 1.5265914001502097
278000 290.7307692307692 290.6923076923077 117.1923076923077 0.5384615384615384 135.46153846153845 45.30769230769231 0.019230769230769232 45.28846153846154 1.5374173000454903
280000 290.7307692307692 290.6923076923077 117.1923076923077 0.5384615384615384 135.46153846153845 45.30769230769231 0.019230769230769232 45.28846153846154 1.5212512998841703
282000 290.7307692307692 290.6923076923077 117.1923076923077 0.5384615384615384 135.46153846153845 45.30769230769231 0.019230769230769232 45.28846153846154 1.5114849000237882
284000 290.7307692307692 290.6923076923077 117.1923076923077 0.5384615384615384 135.46153846153845 45.30769230769231 0.019230769230769232 45.28846153846154 1.5000956000294536
286000 290.7307692307692 290.6923076923077 117.1923076923077 0.5384615384615384 135.46153846153845 45.30769230769231 0.019230769230769232 45.28846153846154 1.621126800077036
288000 290.7307692307692 290.6923076923077 117.1923076923077 0.5384615384615384 135.46153846153845 45.30769230769231 0.019230769230769232 45.28846153846154 1.5051673001144081
290000 290.7307692307692 290.6923076923077 117.1923076923077 0.5384615384615384 135.46153846153845 45.30769230769231 0.019230769230769232 45.28846153846154 1.4571781000122428
292000 290.7307692307692 290.6923076923077 117.1923076923077 0.5384615384615384 135.46153846153845 45.30769230769231 0.019230769230769232 45.28846153846154 1.5587204000912607
294000 290.7307692307692 290.6923076923077 117.1923076923077 0.5384615384615384 135.46153846153845 45.30769230769231 0.019230769230769232 45.28846153846154 1.5796751000452787
296000 290.7307692307692 290.6923076923077 117.1923076923077 0.5384615384615384 135.46153846153845 45.30769230769231 0.019230769230769232 45.28846153846154 1.5333573000971228
298000 290.7307692307692 290.6923076923077 117.1923076923077 0.5384615384615384 135.46153846153845 45.30769230769231 0.019230769230769232 45.28846153846154 1.3753227000124753
300000 290.7307692307692 290.6923076923077 117.1923076923077 0.5384615384615384 135.46153846153845 45.30769230769231 0.019230769230769232 45.28846153846154 1.4183146001305431
302000 290.7307692307692 290.6923076923077 117.1923076923077 0.5384615384615384 135.46153846153845 45.30769230769231 0.019230769230769232 45.28846153846154 1.461248300038278
304000 290.7307692307692 290.6923076923077 117.1923076923077 0.5384615384615384 135.46153846153845 45.30769230769231 0.019230769230769232 45.28846153846154 1.3911917000077665
306000 290.7307692307692 290.6923076923077 117.1923076923077 0.5384615384615384 135.46153846153845 45.30769230769231 0.019230769230769232 45.28846153846154 1.5483990998473018
308000 290.7307692307692 290.6923076923077 117.1923076923077 0.5384615384615384 135.46153846153845 45.30769230769231 0.019230769230769232 45.28846153846154 1.4733260001521558
310000 290.7307692307692 290.6923076923077 117.1923076923077 0.5384615384615384 135.46153846153845 45.30769230769231 0.019230769230769232 45.28846153846154 1.5551831000484526
312000 290.7307692307692 290.6923076923077 117.1923076923077 0.5384615384615384 135.46153846153845 45.30769230769231 0.019230769230769232 45.28846153846154 1.469452700112015
314000 290.7307692307692 290.6923076923077 117.1923076923077 0.5384615384615384 135.46153846153845 45.30769230769231 0.019230769230769232 45.28846153846154 1.3887084999587387
316000 290.7307692307692 290.6923076923077 117.1923076923077 0.5384615384615384 135.46153846153845 45.30769230769231 0.019230769230769232 45.28846153846154 1.4506711000576615
318000 290.7307692307692 290.6923076923077 117.1923076923077 0.5384615384615384 135.46153846153845 45.30769230769231 0.019230769230769232 45.28846153846154 1.470168000087142
320000 290.7307692307692 290.6923076923077 117.1923076923077 0.5384615384615384 135.46153846153845 45.30769230769231 0.019230769230769232 45.28846153846154 1.5037915001157671
322000 290.7307692307692 290.6923076923077 117.1923076923077 0.5384615384615384 135.46153846153845 45.30769230769231 0.019230769230769232 45.28846153846154 1.4773393000941724
324000 290.7307692307692 290.6923076923077 117.1923076923077 0.5384615384615384 135.46153846153845 45.30769230769231 0.019230769230769232 45.28846153846154 1.5340191000141203
326000 290.7307692307692 290.6923076923077 117.1923076923077 0.5384615384615384 135.46153846153845 45.30769230769231 0.019230769230769232 45.28846153846154 1.4756657001562417
328000 290.7307692307692 290.6923076923077 117.1923076923077 0.5384615384615384 135.46153846153845 45.30769230769231 0.019230769230769232 45.28846153846154 1.4562164000235498
330000 290.7307692307692 290.6923076923077 117.1923076923077 0.5384615384615384 135.46153846153845 45.30769230769231 0.019230769230769232 45.28846153846154 1.4437617000658065
332000 290.7307692307692 290.6923076923077 117.1923076923077 0.5384615384615384 135.46153846153845 45.30769230769231 0.019230769230769232 45.28846153846154 1.4716852998826653
334000 290.7307692307692 290.6923076923077 117.1923076923077 0.5384615384615384 135.46153846153845 45.30769230769231 0.019230769230769232 45.28846153846154 1.4387481999583542
336000 290.7307692307692 290.6923076923077 117.1923076923077 0.5384615384615384 135.46153846153845 45.30769230769231 0.019230769230769232 45.28846153846154 1.473227199865505
338000 290.7307692307692 290.6923076923077 117.1923076923077 0.5384615384615384 135.46153846153845 45.30769230769231 0.019230769230769232 45.28846153846154 1.505240200087428
340000 290.7307692307692 290.6923076923077 117.1923076923077 0.5384615384615384 135.46153846153845 45.30769230769231 0.019230769230769232 45.28846153846154 1.454023800091818
342000 290.7307692307692 290.6923076923077 117.1923076923077 0.5384615384615384 135.46153846153845 45.30769230769231 0.019230769230769232 45.28846153846154 1.4402385000139475
344000 290.7307692307692 290.6923076923077 117.1923076923077 0.5384615384615384 135.46153846153845 45.30769230769231 0.019230769230769232 45.28846153846154 1.4423939001280814
346000 290.7307692307692 290.6923076923077 117.1923076923077 0.5384615384615384 135.46153846153845 45.30769230769231 0.019230769230769232 45.28846153846154 1.4524995000101626
348000 290.7307692307692 290.6923076923077 117.1923076923077 0.5384615384615384 135.46153846153845 45.30769230769231 0.019230769230769232 45.28846153846154 1.4018842000514269
350000 290.7307692307692 290.6923076923077 117.1923076923077 0.5384615384615384 135.46153846153845 45.30769230769231 0.019230769230769232 45.28846153846154 1.4270381000824273
352000 290.7307692307692 290.6923076923077 117.1923076923077 0.5384615384615384 135.46153846153845 45.30769230769231 0.019230769230769232 45.28846153846154 1.48470010003075
354000 290.7307692307692 290.6923076923077 117.1923076923077 0.5384615384615384 135.46153846153845 45.30769230769231 0.019230769230769232 45.28846153846154 1.474313799990341
356000 290.7307692307692 290.6923076923077 117.1923076923077 0.5384615384615384 135.46153846153845 45.30769230769231 0.019230769230769232 45.28846153846154 1.446108799893409
358000 290.7307692307692 290.6923076923077 117.1923076923077 0.5384615384615384 135.46153846153845 45.30769230769231 0.019230769230769232 45.28846153846154 1.5092273000627756
360000 290.7307692307692 290.6923076923077 117.1923076923077 0.5384615384615384 135.46153846153845 45.30769230769231 0.019230769230769232 45.28846153846154 1.5808272999711335
362000 290.7307692307692 290.6923076923077 117.1923076923077 0.5384615384615384 135.46153846153845 45.30769230769231 0.019230769230769232 45.28846153846154 1.507463099900633
364000 290.7307692307692 290.6923076923077 117.1923076923077 0.5384615384615384 135.46153846153845 45.30769230769231 0.019230769230769232 45.28846153846154 1.4825941999442875
366000 290.7307692307692 290.6923076923077 117.1923076923077 0.5384615384615384 135.46153846153845 45.30769230769231 0.019230769230769232 45.28846153846154 1.4785473998636007
368000 290.7307692307692 290.6923076923077 117.1923076923077 0.5384615384615384 135.46153846153845 45.30769230769231 0.019230769230769232 45.28846153846154 1.4744677001144737
370000 290.7307692307692 290.6923076923077 117.1923076923077 0.5384615384615384 135.46153846153845 45.30769230769231 0.019230769230769232 45.28846153846154 1.4690298000350595
372000 290.7307692307692 290.6923076923077 117.1923076923077 0.5384615384615384 135.46153846153845 45.30769230769231 0.019230769230769232 45.28846153846154 1.5117649000603706
374000 290.7307692307692 290.6923076923077 117.1923076923077 0.5384615384615384 135.46153846153845 45.30769230769231 0.019230769230769232 45.28846153846154 1.5285745000001043
376000 290.7307692307692 290.6923076923077 117.1923076923077 0.5384615384615384 135.46153846153845 45.30769230769231 0.019230769230769232 45.28846153846154 1.3933149999938905
378000 290.7307692307692 290.6923076923077 117.1923076923077 0.5384615384615384 135.46153846153845 45.30769230769231 0.019230769230769232 45.28846153846154 1.4709336999803782
380000 290.7307692307692 290.6923076923077 117.1923076923077 0.5384615384615384 135.46153846153845 45.30769230769231 0.019230769230769232 45.28846153846154 1.417929599992931
382000 290.7307692307692 290.6923076923077 117.1923076923077 0.5384615384615384 135.46153846153845 45.30769230769231 0.019230769230769232 45.28846153846154 1.4702115999534726
384000 290.7307692307692 290.6923076923077 117.1923076923077 0.5384615384615384 135.46153846153845 45.30769230769231 0.019230769230769232 45.28846153846154 1.486755199963227
386000 290.7307692307692 290.6923076923077 117.1923076923077 0.5384615384615384 135.46153846153845 45.30769230769231 0.019230769230769232 45.28846153846154 1.4491946999914944
388000 290.7307692307692 290.6923076923077 117.1923076923077 0.5384615384615384 135.46153846153845 45.30769230769231 0.019230769230769232 45.28846153846154 1.6474834000691772
390000 290.7307692307692 290.6923076923077 117.1923076923077 0.5384615384615384 135.46153846153845 45.30769230769231 0.019230769230769232 45.28846153846154 1.4868755000643432
392000 290.7307692307692 290.6923076923077 117.1923076923077 0.5384615384615384 135.46153846153845 45.30769230769231 0.019230769230769232 45.28846153846154 1.4817113000899553
394000 290.7307692307692 290.6923076923077 117.1923076923077 0.5384615384615384 135.46153846153845 45.30769230769231 0.019230769230769232 45.28846153846154 1.5994096999056637
396000 290.7307692307692 290.6923076923077 117.1923076923077 0.5384615384615384 135.46153846153845 45.30769230769231 0.019230769230769232 45.28846153846154 1.5201355998869985
398000 290.7307692307692 290.6923076923077 117.1923076923077 0.5384615384615384 135.46153846153845 45.30769230769231 0.019230769230769232 45.28846153846154 1.5357978998217732
400000 290.7307692307692 290.6923076923077 117.1923076923077 0.5384615384615384 135.46153846153845 45.30769230769231 0.019230769230769232 45.28846153846154 1.4703189998399466
402000 290.7307692307692 290.6923076923077 117.1923076923077 0.5384615384615384 135.46153846153845 45.30769230769231 0.019230769230769232 45.28846153846154 1.5033177000004798
404000 290.7307692307692 290.6923076923077 117.1923076923077 0.5384615384615384 135.46153846153845 45.30769230769231 0.019230769230769232 45.28846153846154 1.4796162999700755
406000 290.7307692307692 290.6923076923077 117.1923076923077 0.5384615384615384 135.46153846153845 45.30769230769231 0.019230769230769232 45.28846153846154 1.5647426000796258
408000 290.7307692307692 290.6923076923077 117.1923076923077 0.5384615384615384 135.46153846153845 45.30769230769231 0.019230769230769232 45.28846153846154 1.6494411998428404
410000 290.7307692307692 290.6923076923077 117.1923076923077 0.5384615384615384 135.46153846153845 45.30769230769231 0.019230769230769232 45.28846153846154 1.497412599856034
412000 290.7307692307692 290.6923076923077 117.1923076923077 0.5384615384615384 135.46153846153845 45.30769230769231 0.019230769230769232 45.28846153846154 1.4993155000265688
414000 290.7307692307692 290.6923076923077 117.1923076923077 0.5384615384615384 135.46153846153845 45.30769230769231 0.019230769230769232 45.28846153846154 1.3580790001433343
416000 290.7307692307692 290.6923076923077 117.1923076923077 0.5384615384615384 135.46153846153845 45.30769230769231 0.019230769230769232 45.28846153846154 1.4559055999852717
418000 290.7307692307692 290.6923076923077 117.1923076923077 0.5384615384615384 135.46153846153845 45.30769230769231 0.019230769230769232 45.28846153846154 1.4785005000885576
420000 290.7307692307692 290.6923076923077 117.1923076923077 0.5384615384615384 135.46153846153845 45.30769230769231 0.019230769230769232 45.28846153846154 1.4674406000413
422000 290.7307692307692 290.6923076923077 117.1923076923077 0.5384615384615384 135.46153846153845 45.30769230769231 0.019230769230769232 45.28846153846154 1.542526600183919
424000 290.7307692307692 290.6923076923077 117.1923076923077 0.5384615384615384 135.46153846153845 45.30769230769231 0.019230769230769232 45.28846153846154 1.450066399993375
426000 290.7307692307692 290.6923076923077 117.1923076923077 0.5384615384615384 135.46153846153845 45.30769230769231 0.019230769230769232 45.28846153846154 1.500784199917689
428000 290.7307692307692 290.6923076923077 117.1923076923077 0.5384615384615384 135.46153846153845 45.30769230769231 0.019230769230769232 45.28846153846154 1.552123500034213
430000 290.7307692307692 290.6923076923077 117.1923076923077 0.5384615384615384 135.46153846153845 45.30769230769231 0.019230769230769232 45.28846153846154 1.5219127999152988
432000 290.7307692307692 290.6923076923077 117.1923076923077 0.5384615384615384 135.46153846153845 45.30769230769231 0.019230769230769232 45.28846153846154 1.4896835000254214
434000 290.7307692307692 290.6923076923077 117.1923076923077 0.5384615384615384 135.46153846153845 45.30769230769231 0.019230769230769232 45.28846153846154 1.5536984000355005
436000 290.7307692307692 290.6923076923077 117.1923076923077 0.5384615384615384 135.46153846153845 45.30769230769231 0.019230769230769232 45.28846153846154 1.5656747999601066
438000 290.7307692307692 290.6923076923077 117.1923076923077 0.5384615384615384 135.46153846153845 45.30769230769231 0.019230769230769232 45.28846153846154 1.5674864000175148
440000 290.7307692307692 290.6923076923077 117.1923076923077 0.5384615384615384 135.46153846153845 45.30769230769231 0.019230769230769232 45.28846153846154 1.565067599993199
442000 290.7307692307692 290.6923076923077 117.1923076923077 0.5384615384615384 135.46153846153845 45.30769230769231 0.019230769230769232 45.28846153846154 1.468362299958244
444000 290.7307692307692 290.6923076923077 117.1923076923077 0.5384615384615384 135.46153846153845 45.30769230769231 0.019230769230769232 45.28846153846154 1.5820148000493646
446000 290.7307692307692 290.6923076923077 117.1923076923077 0.5384615384615384 135.46153846153845 45.30769230769231 0.019230769230769232 45.28846153846154 1.4453022999223322
448000 290.7307692307692 290.6923076923077 117.1923076923077 0.5384615384615384 135.46153846153845 45.30769230769231 0.019230769230769232 45.28846153846154 1.4798115999437869
450000 290.7307692307692 290.6923076923077 117.1923076923077 0.5384615384615384 135.46153846153845 45.30769230769231 0.019230769230769232 45.28846153846154 1.5567246000282466
452000 290.7307692307692 290.6923076923077 117.1923076923077 0.5384615384615384 135.46153846153845 45.30769230769231 0.019230769230769232 45.28846153846154 1.5275443999562413
454000 290.7307692307692 290.6923076923077 117.1923076923077 0.5384615384615384 135.46153846153845 45.30769230769231 0.019230769230769232 45.28846153846154 1.6040032000746578
456000 290.7307692307692 290.6923076923077 117.1923076923077 0.5384615384615384 135.46153846153845 45.30769230769231 0.019230769230769232 45.28846153846154 1.5547173998784274
458000 290.7307692307692 290.6923076923077 117.1923076923077 0.5384615384615384 135.46153846153845 45.30769230769231 0.019230769230769232 45.28846153846154 1.5055849000345916
460000 290.7307692307692 290.6923076923077 117.1923076923077 0.5384615384615384 135.46153846153845 45.30769230769231 0.019230769230769232 45.28846153846154 1.4874877999536693
462000 290.7307692307692 290.6923076923077 117.1923076923077 0.5384615384615384 135.46153846153845 45.30769230769231 0.019230769230769232 45.28846153846154 1.6177829999942333
464000 290.7307692307692 290.6923076923077 117.1923076923077 0.5384615384615384 135.46153846153845 45.30769230769231 0.019230769230769232 45.28846153846154 1.4651959999464452
466000 290.7307692307692 290.6923076923077 117.1923076923077 0.5384615384615384 135.46153846153845 45.30769230769231 0.019230769230769232 45.28846153846154 1.4788526000920683
468000 290.7307692307692 290.6923076923077 117.1923076923077 0.5384615384615384 135.46153846153845 45.30769230769231 0.019230769230769232 45.28846153846154 1.5096084999386221
470000 290.7307692307692 290.6923076923077 117.1923076923077 0.5384615384615384 135.46153846153845 45.30769230769231 0.019230769230769232 45.28846153846154 1.4387878000270575
472000 290.7307692307692 290.6923076923077 117.1923076923077 0.5384615384615384 135.46153846153845 45.30769230769231 0.019230769230769232 45.28846153846154 1.4378219000063837
474000 290.7307692307692 290.6923076923077 117.1923076923077 0.5384615384615384 135.46153846153845 45.30769230769231 0.019230769230769232 45.28846153846154 1.4321832000277936
476000 290.7307692307692 290.6923076923077 117.1923076923077 0.5384615384615384 135.46153846153845 45.30769230769231 0.019230769230769232 45.28846153846154 1.4993428001180291
478000 290.7307692307692 290.6923076923077 117.1923076923077 0.5384615384615384 135.46153846153845 45.30769230769231 0.019230769230769232 45.28846153846154 1.4025621998589486
480000 290.7307692307692 290.6923076923077 117.1923076923077 0.5384615384615384 135.46153846153845 45.30769230769231 0.019230769230769232 45.28846153846154 1.5007096000481397
482000 290.7307692307692 290.6923076923077 117.1923076923077 0.5384615384615384 135.46153846153845 45.30769230769231 0.019230769230769232 45.28846153846154 1.4872260000556707
484000 290.7307692307692 290.6923076923077 117.1923076923077 0.5384615384615384 135.46153846153845 45.30769230769231 0.019230769230769232 45.28846153846154 1.6428000999148935
486000 290.7307692307692 290.6923076923077 117.1923076923077 0.5384615384615384 135.46153846153845 45.30769230769231 0.019230769230769232 45.28846153846154 1.6275730000343174
488000 290.7307692307692 290.6923076923077 117.1923076923077 0.5384615384615384 135.46153846153845 45.30769230769231 0.019230769230769232 45.28846153846154 1.4880421000998467
490000 290.7307692307692 290.6923076923077 117.1923076923077 0.5384615384615384 135.46153846153845 45.30769230769231 0.019230769230769232 45.28846153846154 1.6151759000495076
492000 290.7307692307692 290.6923076923077 117.1923076923077 0.5384615384615384 135.46153846153845 45.30769230769231 0.019230769230769232 45.28846153846154 1.5793790998868644
494000 290.7307692307692 290.6923076923077 117.1923076923077 0.5384615384615384 135.46153846153845 45.30769230769231 0.019230769230769232 45.28846153846154 1.5269818999804556
496000 290.7307692307692 290.6923076923077 117.1923076923077 0.5384615384615384 135.46153846153845 45.30769230769231 0.019230769230769232 45.28846153846154 1.5709718998987228
498000 290.7307692307692 290.6923076923077 117.1923076923077 0.5384615384615384 135.46153846153845 45.30769230769231 0.019230769230769232 45.28846153846154 1.5187429001089185
500000 290.7307692307692 290.6923076923077 117.1923076923077 0.5384615384615384 135.46153846153845 45.30769230769231 0.019230769230769232 45.28846153846154 1.7158924001269042
