2000 20.057692307692307 20.057692307692307 89.32692307692308 0.4198717948717948 135.8653846153846 45.28846153846154 1.1346153846153846 44.15384615384615 1.02597890002653
4000 22.807692307692307 22.807692307692307 89.76923076923077 0.40384615384615385 135.8653846153846 45.28846153846154 1.1153846153846154 44.17307692307692 0.9381329999305308
6000 8.038461538461538 8.038461538461538 98.6923076923077 0.2900641025641026 135.8653846153846 45.28846153846154 1.1153846153846154 44.17307692307692 0.9996738999616355
8000 33.67307692307692 33.67307692307692 92.59615384615384 0.37660256410256415 135.8653846153846 45.28846153846154 1.1153846153846154 44.17307692307692 1.111073900014162
10000 58.82692307692308 58.82692307692308 78.67307692307692 0.5288461538461539 135.8653846153846 45.28846153846154 1.1153846153846154 44.17307692307692 1.1443068999797106
12000 142.1346153846154 142.1346153846154 68.48076923076923 0.6442307692307693 135.8653846153846 45.28846153846154 1.1153846153846154 44.17307692307692 1.3470457000657916
14000 53.51923076923077 53.51923076923077 78.86538461538461 0.546474358974359 135.8653846153846 45.28846153846154 1.1153846153846154 44.17307692307692 1.1529578000772744
16000 53.51923076923077 53.51923076923077 78.86538461538461 0.546474358974359 135.8653846153846 45.28846153846154 1.1153846153846154 44.17307692307692 1.3058464999776334
18000 142.1346153846154 142.1346153846154 68.48076923076923 0.6442307692307693 135.8653846153846 45.28846153846154 1.1153846153846154 44.17307692307692 1.2641645001713187
20000 142.1346153846154 142.1346153846154 68.48076923076923 0.6442307692307693 135.8653846153846 45.28846153846154 1.1153846153846154 44.17307692307692 1.2858436999376863
22000 142.1346153846154 142.1346153846154 68.48076923076923 0.6442307692307693 135.8653846153846 45.28846153846154 1.1153846153846154 44.17307692307692 1.3305267998948693
24000 165.01923076923077 165.01923076923077 68.5 0.6314102564102565 135.8653846153846 45.28846153846154 1.1153846153846154 44.17307692307692 1.176915500080213
26000 168.5 168.5 68.34615384615384 0.6378205128205129 135.8653846153846 45.28846153846154 1.1153846153846154 44.17307692307692 1.333796099992469
28000 168.5 168.5 68.34615384615384 0.6378205128205129 135.8653846153846 45.28846153846154 1.1153846153846154 44.17307692307692 1.4403170000296086
30000 168.5 168.5 68.34615384615384 0.6378205128205129 135.8653846153846 45.28846153846154 1.1153846153846154 44.17307692307692 1.2913337999489158
32000 168.5 168.5 68.34615384615384 0.6378205128205129 135.8653846153846 45.28846153846154 1.1153846153846154 44.17307692307692 1.36287029995583
34000 168.5 168.5 68.34615384615384 0.6378205128205129 135.8653846153846 45.28846153846154 1.1153846153846154 44.17307692307692 1.2614560001529753
36000 274.34615384615387 274.34615384615387 63.17307692307692 0.6875 135.8653846153846 45.28846153846154 1.1153846153846154 44.17307692307692 1.3174246000126004
38000 274.34615384615387 274.34615384615387 63.17307692307692 0.6875 135.8653846153846 45.28846153846154 1.1153846153846154 44.17307692307692 1.2451267000287771
40000 274.34615384615387 274.34615384615387 63.17307692307692 0.6875 135.8653846153846 45.28846153846154 1.1153846153846154 44.17307692307692 1.2446715999394655
42000 274.34615384615387 274.34615384615387 63.17307692307692 0.6875 135.8653846153846 45.28846153846154 1.1153846153846154 44.17307692307692 1.2981221000663936
44000 274.34615384615387 274.34615384615387 63.17307692307692 0.6875 135.8653846153846 45.28846153846154 1.1153846153846154 44.17307692307692 1.3487803000025451
46000 274.34615384615387 274.34615384615387 63.17307692307692 0.6875 135.8653846153846 45.28846153846154 1.1153846153846154 44.17307692307692 1.3632306000217795
48000 274.34615384615387 274.34615384615387 63.17307692307692 0.6875 135.8653846153846 45.28846153846154 1.1153846153846154 44.17307692307692 1.229453400010243
50000 274.34615384615387 274.34615384615387 63.17307692307692 0.6875 135.8653846153846 45.28846153846154 1.1153846153846154 44.17307692307692 1.221093999920413
52000 274.34615384615387 274.34615384615387 63.17307692307692 0.6875 135.8653846153846 45.28846153846154 1.1153846153846154 44.17307692307692 1.2123847999610007
54000 274.34615384615387 274.34615384615387 63.17307692307692 0.6875 135.8653846153846 45.28846153846154 1.1153846153846154 44.17307692307692 1.3852270999923348
56000 274.34615384615387 274.34615384615387 63.17307692307692 0.6875 135.8653846153846 45.28846153846154 1.1153846153846154 44.17307692307692 1.4847294001374394
58000 274.34615384615387 274.34615384615387 63.17307692307692 0.6875 135.8653846153846 45.28846153846154 1.1153846153846154 44.17307692307692 1.43114580004476
60000 274.34615384615387 274.34615384615387 63.17307692307692 0.6875 135.8653846153846 45.28846153846154 1.1153846153846154 44.17307692307692 1.292517099995166
62000 274.34615384615387 274.34615384615387 63.17307692307692 0.6875 135.8653846153846 45.28846153846154 1.1153846153846154 44.17307692307692 1.4287729000207037
64000 274.34615384615387 274.34615384615387 63.17307692307692 0.6875 135.8653846153846 45.28846153846154 1.1153846153846154 44.17307692307692 1.298446899978444
66000 274.34615384615387 274.34615384615387 63.17307692307692 0.6875 135.8653846153846 45.28846153846154 1.1153846153846154 44.17307692307692 1.3355608000420034
68000 274.34615384615387 274.34615384615387 63.17307692307692 0.6875 135.8653846153846 45.28846153846154 1.1153846153846154 44.17307692307692 1.3190016001462936
70000 274.34615384615387 274.34615384615387 63.17307692307692 0.6875 135.8653846153846 45.28846153846154 1.1153846153846154 44.17307692307692 1.3063874000217766
72000 274.34615384615387 274.34615384615387 63.17307692307692 0.6875 135.8653846153846 45.28846153846154 1.1153846153846154 44.17307692307692 1.2549981998745352
74000 282.5769230769231 282.5769230769231 63.09615384615385 0.6939102564102565 135.8653846153846 45.28846153846154 1.2307692307692308 44.05769230769231 1.3218934999313205
76000 282.5769230769231 282.5769230769231 63.09615384615385 0.6939102564102565 135.8653846153846 45.28846153846154 1.2307692307692308 44.05769230769231 1.1888429999817163
78000 282.5769230769231 282.5769230769231 63.09615384615385 0.6939102564102565 135.8653846153846 45.28846153846154 1.2307692307692308 44.05769230769231 1.2645934999454767
80000 282.5769230769231 282.5769230769231 63.09615384615385 0.6939102564102565 135.8653846153846 45.28846153846154 1.2307692307692308 44.05769230769231 1.2036840999498963
82000 282.5769230769231 282.5769230769231 63.09615384615385 0.6939102564102565 135.8653846153846 45.28846153846154 1.2307692307692308 44.05769230769231 1.269859699998051
84000 282.5769230769231 282.5769230769231 63.09615384615385 0.6939102564102565 135.8653846153846 45.28846153846154 1.2307692307692308 44.05769230769231 1.2368934000842273
86000 282.5769230769231 282.5769230769231 63.09615384615385 0.6939102564102565 135.8653846153846 45.28846153846154 1.2307692307692308 44.05769230769231 1.2534997998736799
88000 282.5769230769231 282.5769230769231 63.09615384615385 0.6939102564102565 135.8653846153846 45.28846153846154 1.2307692307692308 44.05769230769231 1.2084186000283808
90000 282.5769230769231 282.5769230769231 63.09615384615385 0.6939102564102565 135.8653846153846 45.28846153846154 1.2307692307692308 44.05769230769231 1.2559437002055347
92000 282.5769230769231 282.5769230769231 63.09615384615385 0.6939102564102565 135.8653846153846 45.28846153846154 1.2307692307692308 44.05769230769231 1.2456062000710517
94000 282.5769230769231 282.5769230769231 63.09615384615385 0.6939102564102565 135.8653846153846 45.28846153846154 1.2307692307692308 44.05769230769231 1.251731300028041
96000 282.5769230769231 282.5769230769231 63.09615384615385 0.6939102564102565 135.8653846153846 45.28846153846154 1.2307692307692308 44.05769230769231 1.3868291999679059
98000 371.61538461538464 371.61538461538464 59.88461538461539 0.623397435897436 135.8653846153846 45.28846153846154 7.769230769230769 37.51923076923077 1.2190640000626445
100000 371.61538461538464 371.61538461538464 59.88461538461539 0.623397435897436 135.8653846153846 45.28846153846154 7.769230769230769 37.51923076923077 1.2960097999311984
102000 371.61538461538464 371.61538461538464 59.88461538461539 0.623397435897436 135.8653846153846 45.28846153846154 7.769230769230769 37.51923076923077 1.2420878000557423
104000 371.61538461538464 371.61538461538464 59.88461538461539 0.623397435897436 135.8653846153846 45.28846153846154 7.769230769230769 37.51923076923077 1.297872600145638
106000 371.61538461538464 371.61538461538464 59.88461538461539 0.623397435897436 135.8653846153846 45.28846153846154 7.769230769230769 37.51923076923077 1.2959042999427766
108000 371.61538461538464 371.61538461538464 59.88461538461539 0.623397435897436 135.8653846153846 45.28846153846154 7.769230769230769 37.51923076923077 1.3613050999119878
110000 371.61538461538464 371.61538461538464 59.88461538461539 0.623397435897436 135.8653846153846 45.28846153846154 7.769230769230769 37.51923076923077 1.3312435999978334
112000 371.61538461538464 371.61538461538464 59.88461538461539 0.623397435897436 135.8653846153846 45.28846153846154 7.769230769230769 37.51923076923077 1.4316984000615776
114000 371.61538461538464 371.61538461538464 59.88461538461539 0.623397435897436 135.8653846153846 45.28846153846154 7.769230769230769 37.51923076923077 1.3372615999542177
116000 371.61538461538464 371.61538461538464 59.88461538461539 0.623397435897436 135.8653846153846 45.28846153846154 7.769230769230769 37.51923076923077 1.2274250001646578
118000 371.61538461538464 371.61538461538464 59.88461538461539 0.623397435897436 135.8653846153846 45.28846153846154 7.769230769230769 37.51923076923077 1.4054636000655591
120000 371.61538461538464 371.61538461538464 59.88461538461539 0.623397435897436 135.8653846153846 45.28846153846154 7.769230769230769 37.51923076923077 1.1907588001340628
122000 371.61538461538464 371.61538461538464 59.88461538461539 0.623397435897436 135.8653846153846 45.28846153846154 7.769230769230769 37.51923076923077 1.2044981000944972
124000 371.61538461538464 371.61538461538464 59.88461538461539 0.623397435897436 135.8653846153846 45.28846153846154 7.769230769230769 37.51923076923077 1.2266513998620212
126000 371.61538461538464 371.61538461538464 59.88461538461539 0.623397435897436 135.8653846153846 45.28846153846154 7.769230769230769 37.51923076923077 1.3954386999830604
128000 371.61538461538464 371.61538461538464 59.88461538461539 0.623397435897436 135.8653846153846 45.28846153846154 7.769230769230769 37.51923076923077 1.2470732000656426
130000 371.61538461538464 371.61538461538464 59.88461538461539 0.623397435897436 135.8653846153846 45.28846153846154 7.769230769230769 37.51923076923077 1.2109008999541402
132000 371.61538461538464 371.61538461538464 59.88461538461539 0.623397435897436 135.8653846153846 45.28846153846154 7.769230769230769 37.51923076923077 1.2387537001632154
134000 371.61538461538464 371.61538461538464 59.88461538461539 0.623397435897436 135.8653846153846 45.28846153846154 7.769230769230769 37.51923076923077 1.2726850998587906
136000 371.61538461538464 371.61538461538464 59.88461538461539 0.623397435897436 135.8653846153846 45.28846153846154 7.769230769230769 37.51923076923077 1.1982813999056816
138000 371.61538461538464 371.61538461538464 59.88461538461539 0.623397435897436 135.8653846153846 45.28846153846154 7.769230769230769 37.51923076923077 1.4720701000187546
140000 371.61538461538464 371.61538461538464 59.88461538461539 0.623397435897436 135.8653846153846 45.28846153846154 7.769230769230769 37.51923076923077 1.3999965998809785
142000 371.61538461538464 371.61538461538464 59.88461538461539 0.623397435897436 135.8653846153846 45.28846153846154 7.769230769230769 37.51923076923077 1.4189106000121683
144000 371.61538461538464 371.61538461538464 59.88461538461539 0.623397435897436 135.8653846153846 45.28846153846154 7.769230769230769 37.51923076923077 1.406870000064373
146000 371.61538461538464 371.61538461538464 59.88461538461539 0.623397435897436 135.8653846153846 45.28846153846154 7.769230769230769 37.51923076923077 1.298687000060454
148000 371.61538461538464 371.61538461538464 59.88461538461539 0.623397435897436 135.8653846153846 45.28846153846154 7.769230769230769 37.51923076923077 1.242649600142613
150000 371.61538461538464 371.61538461538464 59.88461538461539 0.623397435897436 135.8653846153846 45.28846153846154 7.769230769230769 37.51923076923077 1.279928999952972
152000 371.61538461538464 371.61538461538464 59.88461538461539 0.623397435897436 135.8653846153846 45.28846153846154 7.769230769230769 37.51923076923077 1.3837504000402987
154000 371.61538461538464 371.61538461538464 59.88461538461539 0.623397435897436 135.8653846153846 45.28846153846154 7.769230769230769 37.51923076923077 1.3502511999104172
156000 371.61538461538464 371.61538461538464 59.88461538461539 0.623397435897436 135.8653846153846 45.28846153846154 7.769230769230769 37.51923076923077 1.2169214999303222
158000 371.61538461538464 371.61538461538464 59.88461538461539 0.623397435897436 135.8653846153846 45.28846153846154 7.769230769230769 37.51923076923077 1.2518893999513239
160000 371.61538461538464 371.61538461538464 59.88461538461539 0.623397435897436 135.8653846153846 45.28846153846154 7.769230769230769 37.51923076923077 1.2123606998939067
162000 371.61538461538464 371.61538461538464 59.88461538461539 0.623397435897436 135.8653846153846 45.28846153846154 7.769230769230769 37.51923076923077 1.3911566999740899
164000 371.61538461538464 371.61538461538464 59.88461538461539 0.623397435897436 135.8653846153846 45.28846153846154 7.769230769230769 37.51923076923077 1.2519034000579268
166000 371.61538461538464 371.61538461538464 59.88461538461539 0.623397435897436 135.8653846153846 45.28846153846154 7.769230769230769 37.51923076923077 1.2497617998160422
168000 371.61538461538464 371.61538461538464 59.88461538461539 0.623397435897436 135.8653846153846 45.28846153846154 7.769230769230769 37.51923076923077 1.29791110008955
170000 371.61538461538464 371.61538461538464 59.88461538461539 0.623397435897436 135.8653846153846 45.28846153846154 7.769230769230769 37.51923076923077 1.1830094000324607
172000 371.61538461538464 371.61538461538464 59.88461538461539 0.623397435897436 135.8653846153846 45.28846153846154 7.769230769230769 37.51923076923077 1.2267819000408053
174000 371.61538461538464 371.61538461538464 59.88461538461539 0.623397435897436 135.8653846153846 45.28846153846154 7.769230769230769 37.51923076923077 1.2227348999585956
176000 371.61538461538464 371.61538461538464 59.88461538461539 0.623397435897436 135.8653846153846 45.28846153846154 7.769230769230769 37.51923076923077 1.2780765001662076
178000 371.61538461538464 371.61538461538464 59.88461538461539 0.623397435897436 135.8653846153846 45.28846153846154 7.769230769230769 37.51923076923077 1.3253478000406176
180000 371.61538461538464 371.61538461538464 59.88461538461539 0.623397435897436 135.8653846153846 45.28846153846154 7.769230769230769 37.51923076923077 1.2439423999749124
182000 371.61538461538464 371.61538461538464 59.88461538461539 0.623397435897436 135.8653846153846 45.28846153846154 7.769230769230769 37.51923076923077 1.3216421001125127
184000 371.61538461538464 371.61538461538464 59.88461538461539 0.623397435897436 135.8653846153846 45.28846153846154 7.769230769230769 37.51923076923077 1.3596435999497771
186000 371.61538461538464 371.61538461538464 59.88461538461539 0.623397435897436 135.8653846153846 45.28846153846154 7.769230769230769 37.51923076923077 1.2254699999466538
188000 371.61538461538464 371.61538461538464 59.88461538461539 0.623397435897436 135.8653846153846 45.28846153846154 7.769230769230769 37.51923076923077 1.3134351000189781
190000 371.61538461538464 371.61538461538464 59.88461538461539 0.623397435897436 135.8653846153846 45.28846153846154 7.769230769230769 37.51923076923077 1.2891375999897718
192000 371.61538461538464 371.61538461538464 59.88461538461539 0.623397435897436 135.8653846153846 45.28846153846154 7.769230769230769 37.51923076923077 1.2798729999922216
194000 371.61538461538464 371.61538461538464 59.88461538461539 0.623397435897436 135.8653846153846 45.28846153846154 7.769230769230769 37.51923076923077 1.2955699998419732
196000 371.61538461538464 371.61538461538464 59.88461538461539 0.623397435897436 135.8653846153846 45.28846153846154 7.769230769230769 37.51923076923077 1.30436410009861
198000 371.61538461538464 371.61538461538464 59.88461538461539 0.623397435897436 135.8653846153846 45.28846153846154 7.769230769230769 37.51923076923077 1.3014817999210209
200000 371.61538461538464 371.61538461538464 59.88461538461539 0.623397435897436 135.8653846153846 45.28846153846154 7.769230769230769 37.51923076923077 1.4841803000308573
202000 371.61538461538464 371.61538461538464 59.88461538461539 0.623397435897436 135.8653846153846 45.28846153846154 7.769230769230769 37.51923076923077 1.2207079001236707
204000 371.61538461538464 371.61538461538464 59.88461538461539 0.623397435897436 135.8653846153846 45.28846153846154 7.769230769230769 37.51923076923077 1.3429590000305325
206000 371.61538461538464 371.61538461538464 59.88461538461539 0.623397435897436 135.8653846153846 45.28846153846154 7.769230769230769 37.51923076923077 1.2260172998066992
208000 371.61538461538464 371.61538461538464 59.88461538461539 0.623397435897436 135.8653846153846 45.28846153846154 7.769230769230769 37.51923076923077 1.2242623998317868
210000 371.61538461538464 371.61538461538464 59.88461538461539 0.623397435897436 135.8653846153846 45.28846153846154 7.769230769230769 37.51923076923077 1.312144299969077
212000 371.61538461538464 371.61538461538464 59.88461538461539 0.623397435897436 135.8653846153846 45.28846153846154 7.769230769230769 37.51923076923077 1.211056899977848
214000 371.61538461538464 371.61538461538464 59.88461538461539 0.623397435897436 135.8653846153846 45.28846153846154 7.769230769230769 37.51923076923077 1.3650816001463681
216000 371.61538461538464 371.61538461538464 59.88461538461539 0.623397435897436 135.8653846153846 45.28846153846154 7.769230769230769 37.51923076923077 1.35856240009889
218000 371.61538461538464 371.61538461538464 59.88461538461539 0.623397435897436 135.8653846153846 45.28846153846154 7.769230769230769 37.51923076923077 1.2509105999488384
220000 371.61538461538464 371.61538461538464 59.88461538461539 0.623397435897436 135.8653846153846 45.28846153846154 7.769230769230769 37.51923076923077 1.4904018000233918
222000 371.61538461538464 371.61538461538464 59.88461538461539 0.623397435897436 135.8653846153846 45.28846153846154 7.769230769230769 37.51923076923077 1.5073510000947863
224000 355.0769230769231 355.0769230769231 63.65384615384615 0.6394230769230769 135.8653846153846 45.28846153846154 7.769230769230769 37.51923076923077 1.4662500000558794
226000 355.0769230769231 355.0769230769231 63.65384615384615 0.6394230769230769 135.8653846153846 45.28846153846154 7.769230769230769 37.51923076923077 1.4890442001633346
228000 371.61538461538464 371.61538461538464 59.88461538461539 0.623397435897436 135.8653846153846 45.28846153846154 7.769230769230769 37.51923076923077 1.435377499787137
230000 355.0769230769231 355.0769230769231 63.65384615384615 0.6394230769230769 135.8653846153846 45.28846153846154 7.769230769230769 37.51923076923077 1.5127348001115024
232000 371.61538461538464 371.61538461538464 59.88461538461539 0.623397435897436 135.8653846153846 45.28846153846154 7.769230769230769 37.51923076923077 1.4304722000379115
234000 371.61538461538464 371.61538461538464 59.88461538461539 0.623397435897436 135.8653846153846 45.28846153846154 7.769230769230769 37.51923076923077 1.5289616999216378
236000 371.61538461538464 371.61538461538464 59.88461538461539 0.623397435897436 135.8653846153846 45.28846153846154 7.769230769230769 37.51923076923077 1.5360735999420285
238000 371.61538461538464 371.61538461538464 59.88461538461539 0.623397435897436 135.8653846153846 45.28846153846154 7.769230769230769 37.51923076923077 1.578876300016418
240000 371.61538461538464 371.61538461538464 59.88461538461539 0.623397435897436 135.8653846153846 45.28846153846154 7.769230769230769 37.51923076923077 1.4812382000964135
242000 371.61538461538464 371.61538461538464 59.88461538461539 0.623397435897436 135.8653846153846 45.28846153846154 7.769230769230769 37.51923076923077 1.4907826001290232
244000 371.61538461538464 371.61538461538464 59.88461538461539 0.623397435897436 135.8653846153846 45.28846153846154 7.769230769230769 37.51923076923077 1.5936246998608112
246000 371.61538461538464 371.61538461538464 59.88461538461539 0.623397435897436 135.8653846153846 45.28846153846154 7.769230769230769 37.51923076923077 1.5614209999330342
248000 371.61538461538464 371.61538461538464 59.88461538461539 0.623397435897436 135.8653846153846 45.28846153846154 7.769230769230769 37.51923076923077 1.2813378998544067
250000 371.61538461538464 371.61538461538464 59.88461538461539 0.623397435897436 135.8653846153846 45.28846153846154 7.769230769230769 37.51923076923077 1.4669518999289721
252000 371.61538461538464 371.61538461538464 59.88461538461539 0.623397435897436 135.8653846153846 45.28846153846154 7.769230769230769 37.51923076923077 1.3418335998430848
254000 371.61538461538464 371.61538461538464 59.88461538461539 0.623397435897436 135.8653846153846 45.28846153846154 7.769230769230769 37.51923076923077 1.310132300015539
256000 371.61538461538464 371.61538461538464 59.88461538461539 0.623397435897436 135.8653846153846 45.28846153846154 7.769230769230769 37.51923076923077 1.3355327998287976
258000 371.61538461538464 371.61538461538464 59.88461538461539 0.623397435897436 135.8653846153846 45.28846153846154 7.769230769230769 37.51923076923077 1.2481327001005411
260000 371.61538461538464 371.61538461538464 59.88461538461539 0.623397435897436 135.8653846153846 45.28846153846154 7.769230769230769 37.51923076923077 1.3113317999523133
262000 371.61538461538464 371.61538461538464 59.88461538461539 0.623397435897436 135.8653846153846 45.28846153846154 7.769230769230769 37.51923076923077 1.255135500105098
264000 371.61538461538464 371.61538461538464 59.88461538461539 0.623397435897436 135.8653846153846 45.28846153846154 7.769230769230769 37.51923076923077 1.4238772001117468
266000 371.61538461538464 371.61538461538464 59.88461538461539 0.623397435897436 135.8653846153846 45.28846153846154 7.769230769230769 37.51923076923077 1.470180300064385
268000 371.61538461538464 371.61538461538464 59.88461538461539 0.623397435897436 135.8653846153846 45.28846153846154 7.769230769230769 37.51923076923077 1.310451199999079
270000 371.61538461538464 371.61538461538464 59.88461538461539 0.623397435897436 135.8653846153846 45.28846153846154 7.769230769230769 37.51923076923077 1.267108100000769
272000 371.61538461538464 371.61538461538464 59.88461538461539 0.623397435897436 135.8653846153846 45.28846153846154 7.769230769230769 37.51923076923077 1.2557564999442548
274000 371.61538461538464 371.61538461538464 59.88461538461539 0.623397435897436 135.8653846153846 45.28846153846154 7.769230769230769 37.51923076923077 1.2637697998434305
276000 371.61538461538464 371.61538461538464 59.88461538461539 0.623397435897436 135.8653846153846 45.28846153846154 7.769230769230769 37.51923076923077 1.3077157998923212
278000 371.61538461538464 371.61538461538464 59.88461538461539 0.623397435897436 135.8653846153846 45.28846153846154 7.769230769230769 37.51923076923077 1.4276319001801312
280000 371.61538461538464 371.61538461538464 59.88461538461539 0.623397435897436 135.8653846153846 45.28846153846154 7.769230769230769 37.51923076923077 1.2859140997752547
282000 371.61538461538464 371.61538461538464 59.88461538461539 0.623397435897436 135.8653846153846 45.28846153846154 7.769230769230769 37.51923076923077 1.3428378000389785
284000 371.61538461538464 371.61538461538464 59.88461538461539 0.623397435897436 135.8653846153846 45.28846153846154 7.769230769230769 37.51923076923077 1.2653533001430333
286000 371.61538461538464 371.61538461538464 59.88461538461539 0.623397435897436 135.8653846153846 45.28846153846154 7.769230769230769 37.51923076923077 1.3103137998841703
288000 371.61538461538464 371.61538461538464 59.88461538461539 0.623397435897436 135.8653846153846 45.28846153846154 7.769230769230769 37.51923076923077 1.273486000020057
290000 371.61538461538464 371.61538461538464 59.88461538461539 0.623397435897436 135.8653846153846 45.28846153846154 7.769230769230769 37.51923076923077 1.2930703000165522
292000 371.61538461538464 371.61538461538464 59.88461538461539 0.623397435897436 135.8653846153846 45.28846153846154 7.769230769230769 37.51923076923077 1.442391199991107
294000 371.61538461538464 371.61538461538464 59.88461538461539 0.623397435897436 135.8653846153846 45.28846153846154 7.769230769230769 37.51923076923077 1.2406134000048041
296000 371.61538461538464 371.61538461538464 59.88461538461539 0.623397435897436 135.8653846153846 45.28846153846154 7.769230769230769 37.51923076923077 1.273069400107488
298000 371.61538461538464 371.61538461538464 59.88461538461539 0.623397435897436 135.8653846153846 45.28846153846154 7.769230769230769 37.51923076923077 1.2742266000714153
300000 371.61538461538464 371.61538461538464 59.88461538461539 0.623397435897436 135.8653846153846 45.28846153846154 7.769230769230769 37.51923076923077 1.287286899983883
302000 371.61538461538464 371.61538461538464 59.88461538461539 0.623397435897436 135.8653846153846 45.28846153846154 7.769230769230769 37.51923076923077 1.3294323000591248
304000 371.61538461538464 371.61538461538464 59.88461538461539 0.623397435897436 135.8653846153846 45.28846153846154 7.769230769230769 37.51923076923077 1.2796090999618173
306000 371.61538461538464 371.61538461538464 59.88461538461539 0.623397435897436 135.8653846153846 45.28846153846154 7.769230769230769 37.51923076923077 1.2213749999646097
308000 371.61538461538464 371.61538461538464 59.88461538461539 0.623397435897436 135.8653846153846 45.28846153846154 7.769230769230769 37.51923076923077 1.3165613999590278
310000 371.61538461538464 371.61538461538464 59.88461538461539 0.623397435897436 135.8653846153846 45.28846153846154 7.769230769230769 37.51923076923077 1.3472222001291811
312000 371.61538461538464 371.61538461538464 59.88461538461539 0.623397435897436 135.8653846153846 45.28846153846154 7.769230769230769 37.51923076923077 1.2189289000816643
314000 371.61538461538464 371.61538461538464 59.88461538461539 0.623397435897436 135.8653846153846 45.28846153846154 7.769230769230769 37.51923076923077 1.2066768000368029
316000 371.61538461538464 371.61538461538464 59.88461538461539 0.623397435897436 135.8653846153846 45.28846153846154 7.769230769230769 37.51923076923077 1.3479725001379848
318000 371.61538461538464 371.61538461538464 59.88461538461539 0.623397435897436 135.8653846153846 45.28846153846154 7.769230769230769 37.51923076923077 1.2225969000719488
320000 371.61538461538464 371.61538461538464 59.88461538461539 0.623397435897436 135.8653846153846 45.28846153846154 7.769230769230769 37.51923076923077 1.2827190000098199
322000 371.61538461538464 371.61538461538464 59.88461538461539 0.623397435897436 135.8653846153846 45.28846153846154 7.769230769230769 37.51923076923077 1.2763410999905318
324000 371.61538461538464 371.61538461538464 59.88461538461539 0.623397435897436 135.8653846153846 45.28846153846154 7.769230769230769 37.51923076923077 1.1895274999551475
326000 371.61538461538464 371.61538461538464 59.88461538461539 0.623397435897436 135.8653846153846 45.28846153846154 7.769230769230769 37.51923076923077 1.2185517998877913
328000 371.61538461538464 371.61538461538464 59.88461538461539 0.623397435897436 135.8653846153846 45.28846153846154 7.769230769230769 37.51923076923077 1.25405290001072
330000 371.61538461538464 371.61538461538464 59.88461538461539 0.623397435897436 135.8653846153846 45.28846153846154 7.769230769230769 37.51923076923077 1.3289524000138044
332000 371.61538461538464 371.61538461538464 59.88461538461539 0.623397435897436 135.8653846153846 45.28846153846154 7.769230769230769 37.51923076923077 1.3913079001940787
334000 371.61538461538464 371.61538461538464 59.88461538461539 0.623397435897436 135.8653846153846 45.28846153846154 7.769230769230769 37.51923076923077 1.2829501000232995
336000 371.61538461538464 371.61538461538464 59.88461538461539 0.623397435897436 135.8653846153846 45.28846153846154 7.769230769230769 37.51923076923077 1.3989107001107186
338000 371.61538461538464 371.61538461538464 59.88461538461539 0.623397435897436 135.8653846153846 45.28846153846154 7.769230769230769 37.51923076923077 1.1925806000363082
340000 371.61538461538464 371.61538461538464 59.88461538461539 0.623397435897436 135.8653846153846 45.28846153846154 7.769230769230769 37.51923076923077 1.4479915001429617
342000 371.61538461538464 371.61538461538464 59.88461538461539 0.623397435897436 135.8653846153846 45.28846153846154 7.769230769230769 37.51923076923077 1.3530164998956025
344000 371.61538461538464 371.61538461538464 59.88461538461539 0.623397435897436 135.8653846153846 45.28846153846154 7.769230769230769 37.51923076923077 1.304592200089246
346000 371.61538461538464 371.61538461538464 59.88461538461539 0.623397435897436 135.8653846153846 45.28846153846154 7.769230769230769 37.51923076923077 1.244533099932596
348000 371.61538461538464 371.61538461538464 59.88461538461539 0.623397435897436 135.8653846153846 45.28846153846154 7.769230769230769 37.51923076923077 1.197211000137031
350000 371.61538461538464 371.61538461538464 59.88461538461539 0.623397435897436 135.8653846153846 45.28846153846154 7.769230769230769 37.51923076923077 1.2307561000343412
352000 371.61538461538464 371.61538461538464 59.88461538461539 0.623397435897436 135.8653846153846 45.28846153846154 7.769230769230769 37.51923076923077 1.248367500025779
354000 371.61538461538464 371.61538461538464 59.88461538461539 0.623397435897436 135.8653846153846 45.28846153846154 7.769230769230769 37.51923076923077 1.2426390000618994
356000 371.61538461538464 371.61538461538464 59.88461538461539 0.623397435897436 135.8653846153846 45.28846153846154 7.769230769230769 37.51923076923077 1.2332286001183093
358000 371.61538461538464 371.61538461538464 59.88461538461539 0.623397435897436 135.8653846153846 45.28846153846154 7.769230769230769 37.51923076923077 1.2151143001392484
360000 371.61538461538464 371.61538461538464 59.88461538461539 0.623397435897436 135.8653846153846 45.28846153846154 7.769230769230769 37.51923076923077 1.3632303001359105
362000 371.61538461538464 371.61538461538464 59.88461538461539 0.623397435897436 135.8653846153846 45.28846153846154 7.769230769230769 37.51923076923077 1.2234348999336362
364000 371.61538461538464 371.61538461538464 59.88461538461539 0.623397435897436 135.8653846153846 45.28846153846154 7.769230769230769 37.51923076923077 1.2632559000048786
366000 371.61538461538464 371.61538461538464 59.88461538461539 0.623397435897436 135.8653846153846 45.28846153846154 7.769230769230769 37.51923076923077 1.2802919999230653
368000 371.61538461538464 371.61538461538464 59.88461538461539 0.623397435897436 135.8653846153846 45.28846153846154 7.769230769230769 37.51923076923077 1.439403099939227
370000 371.61538461538464 371.61538461538464 59.88461538461539 0.623397435897436 135.8653846153846 45.28846153846154 7.769230769230769 37.51923076923077 1.2981708000879735
372000 371.61538461538464 371.61538461538464 59.88461538461539 0.623397435897436 135.8653846153846 45.28846153846154 7.769230769230769 37.51923076923077 1.3363226000219584
374000 371.61538461538464 371.61538461538464 59.88461538461539 0.623397435897436 135.8653846153846 45.28846153846154 7.769230769230769 37.51923076923077 1.3272180000785738
376000 371.61538461538464 371.61538461538464 59.88461538461539 0.623397435897436 135.8653846153846 45.28846153846154 7.769230769230769 37.51923076923077 1.353972400072962
378000 371.61538461538464 371.61538461538464 59.88461538461539 0.623397435897436 135.8653846153846 45.28846153846154 7.769230769230769 37.51923076923077 1.2411207999102771
380000 371.61538461538464 371.61538461538464 59.88461538461539 0.623397435897436 135.8653846153846 45.28846153846154 7.769230769230769 37.51923076923077 1.2169108998496085
382000 371.61538461538464 371.61538461538464 59.88461538461539 0.623397435897436 135.8653846153846 45.28846153846154 7.769230769230769 37.51923076923077 1.2064640999305993
384000 371.61538461538464 371.61538461538464 59.88461538461539 0.623397435897436 135.8653846153846 45.28846153846154 7.769230769230769 37.51923076923077 1.341366000007838
386000 371.61538461538464 371.61538461538464 59.88461538461539 0.623397435897436 135.8653846153846 45.28846153846154 7.769230769230769 37.51923076923077 1.2226547999307513
388000 371.61538461538464 371.61538461538464 59.88461538461539 0.623397435897436 135.8653846153846 45.28846153846154 7.769230769230769 37.51923076923077 1.2924667000770569
390000 371.61538461538464 371.61538461538464 59.88461538461539 0.623397435897436 135.8653846153846 45.28846153846154 7.769230769230769 37.51923076923077 1.271467300131917
392000 371.61538461538464 371.61538461538464 59.88461538461539 0.623397435897436 135.8653846153846 45.28846153846154 7.769230769230769 37.51923076923077 1.287393500097096
394000 371.61538461538464 371.61538461538464 59.88461538461539 0.623397435897436 135.8653846153846 45.28846153846154 7.769230769230769 37.51923076923077 1.416177999926731
396000 371.61538461538464 371.61538461538464 59.88461538461539 0.623397435897436 135.8653846153846 45.28846153846154 7.769230769230769 37.51923076923077 1.3522922999691218
398000 371.61538461538464 371.61538461538464 59.88461538461539 0.623397435897436 135.8653846153846 45.28846153846154 7.769230769230769 37.51923076923077 1.2266468000598252
400000 371.61538461538464 371.61538461538464 59.88461538461539 0.623397435897436 135.8653846153846 45.28846153846154 7.769230769230769 37.51923076923077 1.2475032999645919
402000 371.61538461538464 371.61538461538464 59.88461538461539 0.623397435897436 135.8653846153846 45.28846153846154 7.769230769230769 37.51923076923077 1.3880852998699993
404000 371.61538461538464 371.61538461538464 59.88461538461539 0.623397435897436 135.8653846153846 45.28846153846154 7.769230769230769 37.51923076923077 1.2576223001815379
406000 371.61538461538464 371.61538461538464 59.88461538461539 0.623397435897436 135.8653846153846 45.28846153846154 7.769230769230769 37.51923076923077 1.196904000127688
408000 371.61538461538464 371.61538461538464 59.88461538461539 0.623397435897436 135.8653846153846 45.28846153846154 7.769230769230769 37.51923076923077 1.2727071999106556
410000 371.61538461538464 371.61538461538464 59.88461538461539 0.623397435897436 135.8653846153846 45.28846153846154 7.769230769230769 37.51923076923077 1.2380045000463724
412000 371.61538461538464 371.61538461538464 59.88461538461539 0.623397435897436 135.8653846153846 45.28846153846154 7.769230769230769 37.51923076923077 1.2421471001580358
414000 371.61538461538464 371.61538461538464 59.88461538461539 0.623397435897436 135.8653846153846 45.28846153846154 7.769230769230769 37.51923076923077 1.1918508999515325
416000 371.61538461538464 371.61538461538464 59.88461538461539 0.623397435897436 135.8653846153846 45.28846153846154 7.769230769230769 37.51923076923077 1.2695534999947995
418000 371.61538461538464 371.61538461538464 59.88461538461539 0.623397435897436 135.8653846153846 45.28846153846154 7.769230769230769 37.51923076923077 1.2724107999820262
420000 371.61538461538464 371.61538461538464 59.88461538461539 0.623397435897436 135.8653846153846 45.28846153846154 7.769230769230769 37.51923076923077 1.2585434999782592
422000 371.61538461538464 371.61538461538464 59.88461538461539 0.623397435897436 135.8653846153846 45.28846153846154 7.769230769230769 37.51923076923077 1.245256899856031
424000 371.61538461538464 371.61538461538464 59.88461538461539 0.623397435897436 135.8653846153846 45.28846153846154 7.769230769230769 37.51923076923077 1.2610664998646826
426000 371.61538461538464 371.61538461538464 59.88461538461539 0.623397435897436 135.8653846153846 45.28846153846154 7.769230769230769 37.51923076923077 1.4150660999584943
428000 371.61538461538464 371.61538461538464 59.88461538461539 0.623397435897436 135.8653846153846 45.28846153846154 7.769230769230769 37.51923076923077 1.297802000073716
430000 371.61538461538464 371.61538461538464 59.88461538461539 0.623397435897436 135.8653846153846 45.28846153846154 7.769230769230769 37.51923076923077 1.3703179999720305
432000 371.61538461538464 371.61538461538464 59.88461538461539 0.623397435897436 135.8653846153846 45.28846153846154 7.769230769230769 37.51923076923077 1.2864918999839574
434000 371.61538461538464 371.61538461538464 59.88461538461539 0.623397435897436 135.8653846153846 45.28846153846154 7.769230769230769 37.51923076923077 1.2366390000097454
436000 371.61538461538464 371.61538461538464 59.88461538461539 0.623397435897436 135.8653846153846 45.28846153846154 7.769230769230769 37.51923076923077 1.2249388000927866
438000 371.61538461538464 371.61538461538464 59.88461538461539 0.623397435897436 135.8653846153846 45.28846153846154 7.769230769230769 37.51923076923077 1.2852815000806004
440000 371.61538461538464 371.61538461538464 59.88461538461539 0.623397435897436 135.8653846153846 45.28846153846154 7.769230769230769 37.51923076923077 1.1983594000339508
442000 371.61538461538464 371.61538461538464 59.88461538461539 0.623397435897436 135.8653846153846 45.28846153846154 7.769230769230769 37.51923076923077 1.2533793000038713
444000 371.61538461538464 371.61538461538464 59.88461538461539 0.623397435897436 135.8653846153846 45.28846153846154 7.769230769230769 37.51923076923077 1.3714068999979645
446000 371.61538461538464 371.61538461538464 59.88461538461539 0.623397435897436 135.8653846153846 45.28846153846154 7.769230769230769 37.51923076923077 1.3665589999873191
448000 371.61538461538464 371.61538461538464 59.88461538461539 0.623397435897436 135.8653846153846 45.28846153846154 7.769230769230769 37.51923076923077 1.351665000198409
450000 371.61538461538464 371.61538461538464 59.88461538461539 0.623397435897436 135.8653846153846 45.28846153846154 7.769230769230769 37.51923076923077 1.393582400167361
452000 371.61538461538464 371.61538461538464 59.88461538461539 0.623397435897436 135.8653846153846 45.28846153846154 7.769230769230769 37.51923076923077 1.3006915000732988
454000 371.61538461538464 371.61538461538464 59.88461538461539 0.623397435897436 135.8653846153846 45.28846153846154 7.769230769230769 37.51923076923077 1.3386820999439806
456000 371.61538461538464 371.61538461538464 59.88461538461539 0.623397435897436 135.8653846153846 45.28846153846154 7.769230769230769 37.51923076923077 1.3736872000154108
458000 371.61538461538464 371.61538461538464 59.88461538461539 0.623397435897436 135.8653846153846 45.28846153846154 7.769230769230769 37.51923076923077 1.4835010999813676
460000 371.61538461538464 371.61538461538464 59.88461538461539 0.623397435897436 135.8653846153846 45.28846153846154 7.769230769230769 37.51923076923077 1.326455800095573
462000 371.61538461538464 371.61538461538464 59.88461538461539 0.623397435897436 135.8653846153846 45.28846153846154 7.769230769230769 37.51923076923077 1.3579830001108348
464000 371.61538461538464 371.61538461538464 59.88461538461539 0.623397435897436 135.8653846153846 45.28846153846154 7.769230769230769 37.51923076923077 1.4877333999611437
466000 371.61538461538464 371.61538461538464 59.88461538461539 0.623397435897436 135.8653846153846 45.28846153846154 7.769230769230769 37.51923076923077 1.6000058001372963
468000 371.61538461538464 371.61538461538464 59.88461538461539 0.623397435897436 135.8653846153846 45.28846153846154 7.769230769230769 37.51923076923077 1.49037369992584
470000 371.61538461538464 371.61538461538464 59.88461538461539 0.623397435897436 135.8653846153846 45.28846153846154 7.769230769230769 37.51923076923077 1.5752449000719935
472000 371.61538461538464 371.61538461538464 59.88461538461539 0.623397435897436 135.8653846153846 45.28846153846154 7.769230769230769 37.51923076923077 1.6538325999863446
474000 371.61538461538464 371.61538461538464 59.88461538461539 0.623397435897436 135.8653846153846 45.28846153846154 7.769230769230769 37.51923076923077 1.5727143001277
476000 371.61538461538464 371.61538461538464 59.88461538461539 0.623397435897436 135.8653846153846 45.28846153846154 7.769230769230769 37.51923076923077 1.6088390999939293
478000 371.61538461538464 371.61538461538464 59.88461538461539 0.623397435897436 135.8653846153846 45.28846153846154 7.769230769230769 37.51923076923077 1.5425815999042243
480000 371.61538461538464 371.61538461538464 59.88461538461539 0.623397435897436 135.8653846153846 45.28846153846154 7.769230769230769 37.51923076923077 1.600833899807185
482000 371.61538461538464 371.61538461538464 59.88461538461539 0.623397435897436 135.8653846153846 45.28846153846154 7.769230769230769 37.51923076923077 1.554485599976033
484000 371.61538461538464 371.61538461538464 59.88461538461539 0.623397435897436 135.8653846153846 45.28846153846154 7.769230769230769 37.51923076923077 1.548137999838218
486000 371.61538461538464 371.61538461538464 59.88461538461539 0.623397435897436 135.8653846153846 45.28846153846154 7.769230769230769 37.51923076923077 1.6665569997858256
488000 371.61538461538464 371.61538461538464 59.88461538461539 0.623397435897436 135.8653846153846 45.28846153846154 7.769230769230769 37.51923076923077 1.560480099869892
490000 371.61538461538464 371.61538461538464 59.88461538461539 0.623397435897436 135.8653846153846 45.28846153846154 7.769230769230769 37.51923076923077 1.5799724999815226
492000 371.61538461538464 371.61538461538464 59.88461538461539 0.623397435897436 135.8653846153846 45.28846153846154 7.769230769230769 37.51923076923077 1.6951566999778152
494000 371.61538461538464 371.61538461538464 59.88461538461539 0.623397435897436 135.8653846153846 45.28846153846154 7.769230769230769 37.51923076923077 1.3504956001415849
496000 371.61538461538464 371.61538461538464 59.88461538461539 0.623397435897436 135.8653846153846 45.28846153846154 7.769230769230769 37.51923076923077 1.323958900058642
498000 371.61538461538464 371.61538461538464 59.88461538461539 0.623397435897436 135.8653846153846 45.28846153846154 7.769230769230769 37.51923076923077 1.3584509999491274
500000 371.61538461538464 371.61538461538464 59.88461538461539 0.623397435897436 135.8653846153846 45.28846153846154 7.769230769230769 37.51923076923077 1.3525825999677181
