2000 8.24074074074074 3.7777777777777777 125.25925925925925 0.2962962962962963 135.5185185185185 45.333333333333336 0.018518518518518517 45.31481481481482 0.8895388001110405
4000 0.9629629629629629 -1.0 129.53703703703704 0.05401234567901234 135.5185185185185 45.333333333333336 0.0 45.333333333333336 0.860672099981457
6000 4.981481481481482 -0.16666666666666666 126.4074074074074 0.16975308641975306 135.5185185185185 45.333333333333336 0.0 45.333333333333336 1.0866810001898557
8000 16.185185185185187 16.12962962962963 122.88888888888889 0.34567901234567905 135.5185185185185 45.333333333333336 0.0 45.333333333333336 1.2699752999469638
10000 23.055555555555557 23.055555555555557 121.88888888888889 0.45216049382716045 135.5185185185185 45.333333333333336 0.0 45.333333333333336 1.2918694999534637
12000 31.203703703703702 27.814814814814813 121.51851851851852 0.48148148148148145 135.5185185185185 45.333333333333336 0.0 45.333333333333336 1.2976446999236941
14000 26.333333333333332 26.333333333333332 121.42592592592592 0.48611111111111116 135.5185185185185 45.333333333333336 0.0 45.333333333333336 1.3965010999236256
16000 39.0 -1.0 120.85185185185185 0.49691358024691357 135.5185185185185 45.333333333333336 0.0 45.333333333333336 1.3126104001421481
18000 28.09259259259259 28.09259259259259 121.37037037037037 0.48148148148148157 135.5185185185185 45.333333333333336 0.0 45.333333333333336 1.2958354998845607
20000 39.0 -1.0 120.85185185185185 0.49691358024691357 135.5185185185185 45.333333333333336 0.0 45.333333333333336 1.3675677001010627
22000 38.092592592592595 -1.0 120.92592592592592 0.4305555555555556 135.5185185185185 45.333333333333336 0.0 45.333333333333336 1.3514314000494778
24000 157.85185185185185 157.85185185185185 116.70370370370371 0.566358024691358 135.5185185185185 45.333333333333336 0.0 45.333333333333336 1.3497662998270243
26000 157.85185185185185 157.85185185185185 116.70370370370371 0.566358024691358 135.5185185185185 45.333333333333336 0.0 45.333333333333336 1.3699866000097245
28000 157.85185185185185 157.85185185185185 116.70370370370371 0.566358024691358 135.5185185185185 45.333333333333336 0.0 45.333333333333336 1.326100999955088
30000 157.85185185185185 150.62962962962962 116.70370370370371 0.566358024691358 135.5185185185185 45.333333333333336 0.0 45.333333333333336 1.4588492999318987
32000 157.85185185185185 150.62962962962962 116.70370370370371 0.566358024691358 135.5185185185185 45.333333333333336 0.0 45.333333333333336 1.3784233999904245
34000 157.85185185185185 150.62962962962962 116.70370370370371 0.566358024691358 135.5185185185185 45.333333333333336 0.0 45.333333333333336 1.3188429998699576
36000 157.85185185185185 150.62962962962962 116.70370370370371 0.566358024691358 135.5185185185185 45.333333333333336 0.0 45.333333333333336 1.369440000038594
38000 157.85185185185185 150.62962962962962 116.70370370370371 0.566358024691358 135.5185185185185 45.333333333333336 0.0 45.333333333333336 1.348413199884817
40000 157.85185185185185 150.62962962962962 116.70370370370371 0.566358024691358 135.5185185185185 45.333333333333336 0.0 45.333333333333336 1.376949599944055
42000 153.0185185185185 -1.0 117.12962962962963 0.5509259259259258 135.5185185185185 45.333333333333336 0.0 45.333333333333336 1.2882614000700414
44000 153.0185185185185 -1.0 117.12962962962963 0.5509259259259258 135.5185185185185 45.333333333333336 0.0 45.333333333333336 1.342216899851337
46000 153.0185185185185 -1.0 117.12962962962963 0.5509259259259258 135.5185185185185 45.333333333333336 0.0 45.333333333333336 1.4881251000333577
48000 153.0185185185185 -1.0 117.12962962962963 0.5509259259259258 135.5185185185185 45.333333333333336 0.0 45.333333333333336 1.3708008001558483
50000 153.0185185185185 -1.0 117.12962962962963 0.5509259259259258 135.5185185185185 45.333333333333336 0.0 45.333333333333336 1.375919400015846
52000 153.0185185185185 -1.0 117.12962962962963 0.5509259259259258 135.5185185185185 45.333333333333336 0.0 45.333333333333336 1.3822070001624525
54000 153.0185185185185 -1.0 117.12962962962963 0.5509259259259258 135.5185185185185 45.333333333333336 0.0 45.333333333333336 1.4441736000590026
56000 153.0185185185185 -1.0 117.12962962962963 0.5509259259259258 135.5185185185185 45.333333333333336 0.0 45.333333333333336 1.3190834999550134
58000 153.0185185185185 -1.0 117.12962962962963 0.5509259259259258 135.5185185185185 45.333333333333336 0.0 45.333333333333336 1.4422077999915928
60000 153.0185185185185 -1.0 117.12962962962963 0.5509259259259258 135.5185185185185 45.333333333333336 0.0 45.333333333333336 1.2824152999091893
62000 153.0185185185185 -1.0 117.12962962962963 0.5509259259259258 135.5185185185185 45.333333333333336 0.0 45.333333333333336 1.4170194000471383
64000 153.0185185185185 -1.0 117.12962962962963 0.5509259259259258 135.5185185185185 45.333333333333336 0.0 45.333333333333336 1.3396660999860615
66000 153.0185185185185 -1.0 117.12962962962963 0.5509259259259258 135.5185185185185 45.333333333333336 0.0 45.333333333333336 1.3744256000500172
68000 153.0185185185185 -1.0 117.12962962962963 0.5509259259259258 135.5185185185185 45.333333333333336 0.0 45.333333333333336 1.323577799834311
70000 153.0185185185185 -1.0 117.12962962962963 0.5509259259259258 135.5185185185185 45.333333333333336 0.0 45.333333333333336 1.2915411998983473
72000 153.0185185185185 -1.0 117.12962962962963 0.5509259259259258 135.5185185185185 45.333333333333336 0.0 45.333333333333336 1.5711018999572843
74000 153.0185185185185 -1.0 117.12962962962963 0.5509259259259258 135.5185185185185 45.333333333333336 0.0 45.333333333333336 1.3292882998939604
76000 153.0185185185185 -1.0 117.12962962962963 0.5509259259259258 135.5185185185185 45.333333333333336 0.0 45.333333333333336 1.248462200164795
78000 153.0185185185185 -1.0 117.12962962962963 0.5509259259259258 135.5185185185185 45.333333333333336 0.0 45.333333333333336 1.2626329001504928
80000 153.0185185185185 -1.0 117.12962962962963 0.5509259259259258 135.5185185185185 45.333333333333336 0.0 45.333333333333336 1.3628184001427144
82000 153.0185185185185 -1.0 117.12962962962963 0.5509259259259258 135.5185185185185 45.333333333333336 0.0 45.333333333333336 1.2611821999307722
84000 153.0185185185185 -1.0 117.12962962962963 0.5509259259259258 135.5185185185185 45.333333333333336 0.0 45.333333333333336 1.3070539999753237
86000 153.0185185185185 -1.0 117.12962962962963 0.5509259259259258 135.5185185185185 45.333333333333336 0.0 45.333333333333336 1.3380420000758022
88000 153.0185185185185 -1.0 117.12962962962963 0.5509259259259258 135.5185185185185 45.333333333333336 0.0 45.333333333333336 1.4774805000051856
90000 153.0185185185185 -1.0 117.12962962962963 0.5509259259259258 135.5185185185185 45.333333333333336 0.0 45.333333333333336 1.365690000122413
92000 153.0185185185185 -1.0 117.12962962962963 0.5509259259259258 135.5185185185185 45.333333333333336 0.0 45.333333333333336 1.4317044999916106
94000 153.0185185185185 -1.0 117.12962962962963 0.5509259259259258 135.5185185185185 45.333333333333336 0.0 45.333333333333336 1.3011198998428881
96000 145.24074074074073 -1.0 117.85185185185185 0.5246913580246912 135.5185185185185 45.333333333333336 0.0 45.333333333333336 1.4219605000689626
98000 145.24074074074073 -1.0 117.85185185185185 0.5246913580246912 135.5185185185185 45.333333333333336 0.0 45.333333333333336 1.529397299978882
100000 145.24074074074073 -1.0 117.85185185185185 0.5246913580246912 135.5185185185185 45.333333333333336 0.0 45.333333333333336 1.3784723998978734
102000 136.9814814814815 -1.0 117.94444444444444 0.595679012345679 135.5185185185185 45.333333333333336 0.0 45.333333333333336 1.337071399902925
104000 136.9814814814815 -1.0 117.94444444444444 0.595679012345679 135.5185185185185 45.333333333333336 0.0 45.333333333333336 1.3519158998969942
106000 145.24074074074073 -1.0 117.85185185185185 0.5246913580246912 135.5185185185185 45.333333333333336 0.0 45.333333333333336 1.2543534999713302
108000 145.24074074074073 -1.0 117.85185185185185 0.5246913580246912 135.5185185185185 45.333333333333336 0.0 45.333333333333336 1.2906839000061154
110000 145.24074074074073 -1.0 117.85185185185185 0.5246913580246912 135.5185185185185 45.333333333333336 0.0 45.333333333333336 1.3790901999454945
112000 145.24074074074073 -1.0 117.85185185185185 0.5246913580246912 135.5185185185185 45.333333333333336 0.0 45.333333333333336 1.315455799922347
114000 145.24074074074073 -1.0 117.85185185185185 0.5246913580246912 135.5185185185185 45.333333333333336 0.0 45.333333333333336 1.3526990998070687
116000 145.24074074074073 -1.0 117.85185185185185 0.5246913580246912 135.5185185185185 45.333333333333336 0.0 45.333333333333336 1.3669410001020879
118000 145.24074074074073 -1.0 117.85185185185185 0.5246913580246912 135.5185185185185 45.333333333333336 0.0 45.333333333333336 1.4878408000804484
120000 145.24074074074073 -1.0 117.85185185185185 0.5246913580246912 135.5185185185185 45.333333333333336 0.0 45.333333333333336 1.2808611001819372
122000 145.24074074074073 -1.0 117.85185185185185 0.5246913580246912 135.5185185185185 45.333333333333336 0.0 45.333333333333336 1.3139961999841034
124000 145.24074074074073 -1.0 117.85185185185185 0.5246913580246912 135.5185185185185 45.333333333333336 0.0 45.333333333333336 1.2945385000202805
126000 145.24074074074073 -1.0 117.85185185185185 0.5246913580246912 135.5185185185185 45.333333333333336 0.0 45.333333333333336 1.3642877000384033
128000 145.24074074074073 -1.0 117.85185185185185 0.5246913580246912 135.5185185185185 45.333333333333336 0.0 45.333333333333336 1.3527762999292463
130000 145.24074074074073 -1.0 117.85185185185185 0.5246913580246912 135.5185185185185 45.333333333333336 0.0 45.333333333333336 1.3157715001143515
132000 145.24074074074073 -1.0 117.85185185185185 0.5246913580246912 135.5185185185185 45.333333333333336 0.0 45.333333333333336 1.267589399823919
134000 145.24074074074073 -1.0 117.85185185185185 0.5246913580246912 135.5185185185185 45.333333333333336 0.0 45.333333333333336 1.2602397000882775
136000 165.90740740740742 -1.0 116.9074074074074 0.5478395061728394 135.5185185185185 45.333333333333336 0.0 45.333333333333336 1.337226200150326
138000 165.90740740740742 -1.0 116.9074074074074 0.5478395061728394 135.5185185185185 45.333333333333336 0.0 45.333333333333336 1.348050900036469
140000 145.24074074074073 -1.0 117.85185185185185 0.5246913580246912 135.5185185185185 45.333333333333336 0.0 45.333333333333336 1.3937520000617951
142000 136.9814814814815 -1.0 117.94444444444444 0.595679012345679 135.5185185185185 45.333333333333336 0.0 45.333333333333336 1.413151599932462
144000 145.24074074074073 -1.0 117.85185185185185 0.5246913580246912 135.5185185185185 45.333333333333336 0.0 45.333333333333336 1.2771562999114394
146000 145.24074074074073 -1.0 117.85185185185185 0.5246913580246912 135.5185185185185 45.333333333333336 0.0 45.333333333333336 1.4792206999845803
148000 145.24074074074073 -1.0 117.85185185185185 0.5246913580246912 135.5185185185185 45.333333333333336 0.0 45.333333333333336 1.2782697998918593
150000 145.24074074074073 -1.0 117.85185185185185 0.5246913580246912 135.5185185185185 45.333333333333336 0.0 45.333333333333336 1.2563263000920415
152000 145.24074074074073 -1.0 117.85185185185185 0.5246913580246912 135.5185185185185 45.333333333333336 0.0 45.333333333333336 1.2869688000064343
154000 145.24074074074073 -1.0 117.85185185185185 0.5246913580246912 135.5185185185185 45.333333333333336 0.0 45.333333333333336 1.3950122999958694
156000 148.12962962962962 3.462962962962963 117.83333333333333 0.5246913580246912 135.5185185185185 45.333333333333336 0.0 45.333333333333336 1.2958295999560505
158000 145.24074074074073 -1.0 117.85185185185185 0.5246913580246912 135.5185185185185 45.333333333333336 0.0 45.333333333333336 1.386626899940893
160000 136.9814814814815 -1.0 117.94444444444444 0.595679012345679 135.5185185185185 45.333333333333336 0.0 45.333333333333336 1.3623554999940097
162000 136.9814814814815 -1.0 117.94444444444444 0.595679012345679 135.5185185185185 45.333333333333336 0.0 45.333333333333336 1.2820046001579612
164000 145.24074074074073 -1.0 117.85185185185185 0.5246913580246912 135.5185185185185 45.333333333333336 0.0 45.333333333333336 1.3095712000504136
166000 145.24074074074073 -1.0 117.85185185185185 0.5246913580246912 135.5185185185185 45.333333333333336 0.0 45.333333333333336 1.2732086000032723
168000 145.24074074074073 -1.0 117.85185185185185 0.5246913580246912 135.5185185185185 45.333333333333336 0.0 45.333333333333336 1.5069816000759602
170000 145.24074074074073 -1.0 117.85185185185185 0.5246913580246912 135.5185185185185 45.333333333333336 0.0 45.333333333333336 1.4415467998478562
172000 145.24074074074073 -1.0 117.85185185185185 0.5246913580246912 135.5185185185185 45.333333333333336 0.0 45.333333333333336 1.3507290999405086
174000 136.9814814814815 -1.0 117.94444444444444 0.595679012345679 135.5185185185185 45.333333333333336 0.0 45.333333333333336 1.367593799950555
176000 145.22222222222223 12.148148148148149 117.9074074074074 0.595679012345679 135.5185185185185 45.333333333333336 0.0 45.333333333333336 1.2728468999266624
178000 145.24074074074073 -1.0 117.85185185185185 0.5246913580246912 135.5185185185185 45.333333333333336 0.0 45.333333333333336 1.3086662001442164
180000 145.24074074074073 -1.0 117.85185185185185 0.5246913580246912 135.5185185185185 45.333333333333336 0.0 45.333333333333336 1.3517446001060307
182000 145.24074074074073 -1.0 117.85185185185185 0.5246913580246912 135.5185185185185 45.333333333333336 0.0 45.333333333333336 1.365942900069058
184000 145.24074074074073 -1.0 117.85185185185185 0.5246913580246912 135.5185185185185 45.333333333333336 0.0 45.333333333333336 1.3418893001507968
186000 145.24074074074073 -1.0 117.85185185185185 0.5246913580246912 135.5185185185185 45.333333333333336 0.0 45.333333333333336 1.4600617999676615
188000 145.24074074074073 -1.0 117.85185185185185 0.5246913580246912 135.5185185185185 45.333333333333336 0.0 45.333333333333336 1.253794200019911
190000 145.24074074074073 -1.0 117.85185185185185 0.5246913580246912 135.5185185185185 45.333333333333336 0.0 45.333333333333336 1.379408799810335
192000 136.9814814814815 -1.0 117.94444444444444 0.595679012345679 135.5185185185185 45.333333333333336 0.0 45.333333333333336 1.3251954999286681
194000 145.24074074074073 -1.0 117.85185185185185 0.5246913580246912 135.5185185185185 45.333333333333336 0.0 45.333333333333336 1.3036863000597805
196000 145.24074074074073 -1.0 117.85185185185185 0.5246913580246912 135.5185185185185 45.333333333333336 0.0 45.333333333333336 1.2673084000125527
198000 145.24074074074073 -1.0 117.85185185185185 0.5246913580246912 135.5185185185185 45.333333333333336 0.0 45.333333333333336 1.364858099957928
200000 145.24074074074073 -1.0 117.85185185185185 0.5246913580246912 135.5185185185185 45.333333333333336 0.0 45.333333333333336 1.3142891998868436
202000 145.24074074074073 -1.0 117.85185185185185 0.5246913580246912 135.5185185185185 45.333333333333336 0.0 45.333333333333336 1.3874609000049531
204000 136.9814814814815 -1.0 117.94444444444444 0.595679012345679 135.5185185185185 45.333333333333336 0.0 45.333333333333336 1.4413217999972403
206000 145.24074074074073 -1.0 117.85185185185185 0.5246913580246912 135.5185185185185 45.333333333333336 0.0 45.333333333333336 1.285288899904117
208000 136.9814814814815 -1.0 117.94444444444444 0.595679012345679 135.5185185185185 45.333333333333336 0.0 45.333333333333336 1.3179939999245107
210000 136.9814814814815 -1.0 117.94444444444444 0.595679012345679 135.5185185185185 45.333333333333336 0.0 45.333333333333336 1.317641899921
212000 136.9814814814815 -1.0 117.94444444444444 0.595679012345679 135.5185185185185 45.333333333333336 0.0 45.333333333333336 1.6528380999807268
214000 136.9814814814815 -1.0 117.94444444444444 0.595679012345679 135.5185185185185 45.333333333333336 0.0 45.333333333333336 1.4730525999329984
216000 145.24074074074073 -1.0 117.85185185185185 0.5246913580246912 135.5185185185185 45.333333333333336 0.0 45.333333333333336 1.6076500001363456
218000 136.9814814814815 -1.0 117.94444444444444 0.595679012345679 135.5185185185185 45.333333333333336 0.0 45.333333333333336 1.689560699975118
220000 145.24074074074073 -1.0 117.85185185185185 0.5246913580246912 135.5185185185185 45.333333333333336 0.0 45.333333333333336 1.546327600022778
222000 145.24074074074073 -1.0 117.85185185185185 0.5246913580246912 135.5185185185185 45.333333333333336 0.0 45.333333333333336 1.5386248999275267
224000 145.24074074074073 -1.0 117.85185185185185 0.5246913580246912 135.5185185185185 45.333333333333336 0.0 45.333333333333336 1.7060689001809806
226000 145.24074074074073 -1.0 117.85185185185185 0.5246913580246912 135.5185185185185 45.333333333333336 0.0 45.333333333333336 1.496068000094965
228000 145.24074074074073 -1.0 117.85185185185185 0.5246913580246912 135.5185185185185 45.333333333333336 0.0 45.333333333333336 1.547062600031495
230000 145.24074074074073 -1.0 117.85185185185185 0.5246913580246912 135.5185185185185 45.333333333333336 0.0 45.333333333333336 1.679681400069967
232000 145.24074074074073 -1.0 117.85185185185185 0.5246913580246912 135.5185185185185 45.333333333333336 0.0 45.333333333333336 1.515633000060916
234000 145.24074074074073 -1.0 117.85185185185185 0.5246913580246912 135.5185185185185 45.333333333333336 0.0 45.333333333333336 1.6555308001115918
236000 136.9814814814815 -1.0 117.94444444444444 0.595679012345679 135.5185185185185 45.333333333333336 0.0 45.333333333333336 1.4881042998749763
238000 136.9814814814815 -1.0 117.94444444444444 0.595679012345679 135.5185185185185 45.333333333333336 0.0 45.333333333333336 1.5047468000557274
240000 145.24074074074073 -1.0 117.85185185185185 0.5246913580246912 135.5185185185185 45.333333333333336 0.0 45.333333333333336 1.533886400051415
242000 145.24074074074073 -1.0 117.85185185185185 0.5246913580246912 135.5185185185185 45.333333333333336 0.0 45.333333333333336 1.3450789998751134
244000 136.9814814814815 -1.0 117.94444444444444 0.595679012345679 135.5185185185185 45.333333333333336 0.0 45.333333333333336 1.2933086999692023
246000 136.9814814814815 -1.0 117.94444444444444 0.595679012345679 135.5185185185185 45.333333333333336 0.0 45.333333333333336 1.3398762999568135
248000 171.83333333333334 51.611111111111114 117.77777777777777 0.595679012345679 135.5185185185185 45.333333333333336 0.0 45.333333333333336 1.3588849999941885
250000 136.9814814814815 -1.0 117.94444444444444 0.595679012345679 135.5185185185185 45.333333333333336 0.0 45.333333333333336 1.3136043997947127
252000 145.24074074074073 -1.0 117.85185185185185 0.5246913580246912 135.5185185185185 45.333333333333336 0.0 45.333333333333336 1.4038409998174757
254000 151.0 20.296296296296298 117.88888888888889 0.595679012345679 135.5185185185185 45.333333333333336 0.0 45.333333333333336 1.3231381999794394
256000 145.24074074074073 -1.0 117.85185185185185 0.5246913580246912 135.5185185185185 45.333333333333336 0.0 45.333333333333336 1.3281202998477966
258000 145.24074074074073 -1.0 117.85185185185185 0.5246913580246912 135.5185185185185 45.333333333333336 0.0 45.333333333333336 1.3075357000343502
260000 136.9814814814815 -1.0 117.94444444444444 0.595679012345679 135.5185185185185 45.333333333333336 0.0 45.333333333333336 1.2737493999302387
262000 136.9814814814815 -1.0 117.94444444444444 0.595679012345679 135.5185185185185 45.333333333333336 0.0 45.333333333333336 1.3215526000130922
264000 136.9814814814815 -1.0 117.94444444444444 0.595679012345679 135.5185185185185 45.333333333333336 0.0 45.333333333333336 1.3360824000556022
266000 136.9814814814815 -1.0 117.94444444444444 0.595679012345679 135.5185185185185 45.333333333333336 0.0 45.333333333333336 1.2956300999503583
268000 145.24074074074073 -1.0 117.85185185185185 0.5246913580246912 135.5185185185185 45.333333333333336 0.0 45.333333333333336 1.3456850000657141
270000 145.24074074074073 -1.0 117.85185185185185 0.5246913580246912 135.5185185185185 45.333333333333336 0.0 45.333333333333336 1.2691389000974596
272000 136.9814814814815 -1.0 117.94444444444444 0.595679012345679 135.5185185185185 45.333333333333336 0.0 45.333333333333336 1.2577645999845117
274000 145.24074074074073 -1.0 117.85185185185185 0.5246913580246912 135.5185185185185 45.333333333333336 0.0 45.333333333333336 1.4149262001737952
276000 136.9814814814815 -1.0 117.94444444444444 0.595679012345679 135.5185185185185 45.333333333333336 0.0 45.333333333333336 1.3204789999872446
278000 136.9814814814815 -1.0 117.94444444444444 0.595679012345679 135.5185185185185 45.333333333333336 0.0 45.333333333333336 1.3527273000217974
280000 145.24074074074073 -1.0 117.85185185185185 0.5246913580246912 135.5185185185185 45.333333333333336 0.0 45.333333333333336 1.294426599983126
282000 185.92592592592592 74.11111111111111 117.64814814814815 0.595679012345679 135.5185185185185 45.333333333333336 0.0 45.333333333333336 1.3366398999933153
284000 369.6666666666667 346.68518518518516 116.48148148148148 0.6234567901234568 135.5185185185185 45.333333333333336 0.0 45.333333333333336 1.5090562000405043
286000 145.24074074074073 -1.0 117.85185185185185 0.5246913580246912 135.5185185185185 45.333333333333336 0.0 45.333333333333336 1.443991299951449
288000 136.9814814814815 -1.0 117.94444444444444 0.595679012345679 135.5185185185185 45.333333333333336 0.0 45.333333333333336 1.399191299919039
290000 156.96296296296296 16.98148148148148 117.75925925925925 0.5246913580246912 135.5185185185185 45.333333333333336 0.0 45.333333333333336 1.264814699999988
292000 136.9814814814815 -1.0 117.94444444444444 0.595679012345679 135.5185185185185 45.333333333333336 0.0 45.333333333333336 1.390199099900201
294000 145.24074074074073 -1.0 117.85185185185185 0.5246913580246912 135.5185185185185 45.333333333333336 0.0 45.333333333333336 1.382585900137201
296000 185.92592592592592 74.11111111111111 117.64814814814815 0.595679012345679 135.5185185185185 45.333333333333336 0.0 45.333333333333336 1.400320999789983
298000 145.24074074074073 -1.0 117.85185185185185 0.5246913580246912 135.5185185185185 45.333333333333336 0.0 45.333333333333336 1.4524012999609113
300000 145.24074074074073 -1.0 117.85185185185185 0.5246913580246912 135.5185185185185 45.333333333333336 0.0 45.333333333333336 1.4055298999883235
302000 145.24074074074073 -1.0 117.85185185185185 0.5246913580246912 135.5185185185185 45.333333333333336 0.0 45.333333333333336 1.4144256999716163
304000 136.9814814814815 -1.0 117.94444444444444 0.595679012345679 135.5185185185185 45.333333333333336 0.0 45.333333333333336 1.3818135999608785
306000 136.9814814814815 -1.0 117.94444444444444 0.595679012345679 135.5185185185185 45.333333333333336 0.0 45.333333333333336 1.252060699975118
308000 136.9814814814815 -1.0 117.94444444444444 0.595679012345679 135.5185185185185 45.333333333333336 0.0 45.333333333333336 1.3799447000492364
310000 136.9814814814815 -1.0 117.94444444444444 0.595679012345679 135.5185185185185 45.333333333333336 0.0 45.333333333333336 1.3482379999477416
312000 136.9814814814815 -1.0 117.94444444444444 0.595679012345679 135.5185185185185 45.333333333333336 0.0 45.333333333333336 1.3659037000034004
314000 136.9814814814815 -1.0 117.94444444444444 0.595679012345679 135.5185185185185 45.333333333333336 0.0 45.333333333333336 1.3868399998173118
316000 136.9814814814815 -1.0 117.94444444444444 0.595679012345679 135.5185185185185 45.333333333333336 0.0 45.333333333333336 1.3098446000367403
318000 136.9814814814815 -1.0 117.94444444444444 0.595679012345679 135.5185185185185 45.333333333333336 0.0 45.333333333333336 1.4061047998256981
320000 136.9814814814815 -1.0 117.94444444444444 0.595679012345679 135.5185185185185 45.333333333333336 0.0 45.333333333333336 1.3675408998969942
322000 145.24074074074073 -1.0 117.85185185185185 0.5246913580246912 135.5185185185185 45.333333333333336 0.0 45.333333333333336 1.3166328999213874
324000 145.24074074074073 -1.0 117.85185185185185 0.5246913580246912 135.5185185185185 45.333333333333336 0.0 45.333333333333336 1.3595624999143183
326000 145.24074074074073 -1.0 117.85185185185185 0.5246913580246912 135.5185185185185 45.333333333333336 0.0 45.333333333333336 1.2824336998164654
328000 145.24074074074073 -1.0 117.85185185185185 0.5246913580246912 135.5185185185185 45.333333333333336 0.0 45.333333333333336 1.2657580999657512
330000 145.24074074074073 -1.0 117.85185185185185 0.5246913580246912 135.5185185185185 45.333333333333336 0.0 45.333333333333336 1.3084228998050094
332000 145.24074074074073 -1.0 117.85185185185185 0.5246913580246912 135.5185185185185 45.333333333333336 0.0 45.333333333333336 1.2715477999299765
334000 171.83333333333334 51.611111111111114 117.77777777777777 0.595679012345679 135.5185185185185 45.333333333333336 0.0 45.333333333333336 1.3451413000002503
336000 136.9814814814815 -1.0 117.94444444444444 0.595679012345679 135.5185185185185 45.333333333333336 0.0 45.333333333333336 1.3061746000312269
338000 145.24074074074073 -1.0 117.85185185185185 0.5246913580246912 135.5185185185185 45.333333333333336 0.0 45.333333333333336 1.261907699983567
340000 136.9814814814815 -1.0 117.94444444444444 0.595679012345679 135.5185185185185 45.333333333333336 0.0 45.333333333333336 1.2500014000106603
342000 136.9814814814815 -1.0 117.94444444444444 0.595679012345679 135.5185185185185 45.333333333333336 0.0 45.333333333333336 1.3319375000428408
344000 145.24074074074073 -1.0 117.85185185185185 0.5246913580246912 135.5185185185185 45.333333333333336 0.0 45.333333333333336 1.2581346000079066
346000 145.24074074074073 -1.0 117.85185185185185 0.5246913580246912 135.5185185185185 45.333333333333336 0.0 45.333333333333336 1.3058259000536054
348000 145.24074074074073 -1.0 117.85185185185185 0.5246913580246912 135.5185185185185 45.333333333333336 0.0 45.333333333333336 1.2771840000059456
350000 226.11111111111111 140.53703703703704 117.38888888888889 0.595679012345679 135.5185185185185 45.333333333333336 0.0 45.333333333333336 1.302196400007233
352000 136.9814814814815 -1.0 117.94444444444444 0.595679012345679 135.5185185185185 45.333333333333336 0.0 45.333333333333336 1.402180700097233
354000 136.9814814814815 -1.0 117.94444444444444 0.595679012345679 135.5185185185185 45.333333333333336 0.0 45.333333333333336 1.3491257999558002
356000 136.9814814814815 -1.0 117.94444444444444 0.595679012345679 135.5185185185185 45.333333333333336 0.0 45.333333333333336 1.3421806001570076
358000 136.9814814814815 -1.0 117.94444444444444 0.595679012345679 135.5185185185185 45.333333333333336 0.0 45.333333333333336 1.3129761000163853
360000 145.24074074074073 -1.0 117.85185185185185 0.5246913580246912 135.5185185185185 45.333333333333336 0.0 45.333333333333336 1.3786765998229384
362000 136.9814814814815 -1.0 117.94444444444444 0.595679012345679 135.5185185185185 45.333333333333336 0.0 45.333333333333336 1.474925999995321
364000 136.9814814814815 -1.0 117.94444444444444 0.595679012345679 135.5185185185185 45.333333333333336 0.0 45.333333333333336 1.285163100110367
366000 145.22222222222223 12.148148148148149 117.9074074074074 0.595679012345679 135.5185185185185 45.333333333333336 0.0 45.333333333333336 1.385042300214991
368000 152.74074074074073 10.981481481481481 117.79629629629629 0.5246913580246912 135.5185185185185 45.333333333333336 0.0 45.333333333333336 1.2958156999666244
370000 136.9814814814815 -1.0 117.94444444444444 0.595679012345679 135.5185185185185 45.333333333333336 0.0 45.333333333333336 1.3226779999677092
372000 145.24074074074073 -1.0 117.85185185185185 0.5246913580246912 135.5185185185185 45.333333333333336 0.0 45.333333333333336 1.2938987000379711
374000 145.24074074074073 -1.0 117.85185185185185 0.5246913580246912 135.5185185185185 45.333333333333336 0.0 45.333333333333336 1.3336127998773009
376000 145.24074074074073 -1.0 117.85185185185185 0.5246913580246912 135.5185185185185 45.333333333333336 0.0 45.333333333333336 1.3614000999368727
378000 145.24074074074073 -1.0 117.85185185185185 0.5246913580246912 135.5185185185185 45.333333333333336 0.0 45.333333333333336 1.4036288000643253
380000 145.24074074074073 -1.0 117.85185185185185 0.5246913580246912 135.5185185185185 45.333333333333336 0.0 45.333333333333336 1.3262633001431823
382000 145.24074074074073 -1.0 117.85185185185185 0.5246913580246912 135.5185185185185 45.333333333333336 0.0 45.333333333333336 1.4088755000848323
384000 145.24074074074073 -1.0 117.85185185185185 0.5246913580246912 135.5185185185185 45.333333333333336 0.0 45.333333333333336 1.2791211002040654
386000 145.24074074074073 -1.0 117.85185185185185 0.5246913580246912 135.5185185185185 45.333333333333336 0.0 45.333333333333336 1.4683576000388712
388000 145.24074074074073 -1.0 117.85185185185185 0.5246913580246912 135.5185185185185 45.333333333333336 0.0 45.333333333333336 1.3329813000746071
390000 136.9814814814815 -1.0 117.94444444444444 0.595679012345679 135.5185185185185 45.333333333333336 0.0 45.333333333333336 1.485854099970311
392000 145.24074074074073 -1.0 117.85185185185185 0.5246913580246912 135.5185185185185 45.333333333333336 0.0 45.333333333333336 1.268697600113228
394000 145.24074074074073 -1.0 117.85185185185185 0.5246913580246912 135.5185185185185 45.333333333333336 0.0 45.333333333333336 1.2985227000899613
396000 145.24074074074073 -1.0 117.85185185185185 0.5246913580246912 135.5185185185185 45.333333333333336 0.0 45.333333333333336 1.5037841000594199
398000 145.24074074074073 -1.0 117.85185185185185 0.5246913580246912 135.5185185185185 45.333333333333336 0.0 45.333333333333336 1.3715512999333441
400000 145.24074074074073 -1.0 117.85185185185185 0.5246913580246912 135.5185185185185 45.333333333333336 0.0 45.333333333333336 1.3882379999849945
402000 145.24074074074073 -1.0 117.85185185185185 0.5246913580246912 135.5185185185185 45.333333333333336 0.0 45.333333333333336 1.4443393000401556
404000 145.24074074074073 -1.0 117.85185185185185 0.5246913580246912 135.5185185185185 45.333333333333336 0.0 45.333333333333336 1.2961762000340968
406000 145.24074074074073 -1.0 117.85185185185185 0.5246913580246912 135.5185185185185 45.333333333333336 0.0 45.333333333333336 1.2803211999125779
408000 152.74074074074073 10.981481481481481 117.79629629629629 0.5246913580246912 135.5185185185185 45.333333333333336 0.0 45.333333333333336 1.358257699990645
410000 136.9814814814815 -1.0 117.94444444444444 0.595679012345679 135.5185185185185 45.333333333333336 0.0 45.333333333333336 1.291234799893573
412000 145.24074074074073 -1.0 117.85185185185185 0.5246913580246912 135.5185185185185 45.333333333333336 0.0 45.333333333333336 1.2974094001110643
414000 145.24074074074073 -1.0 117.85185185185185 0.5246913580246912 135.5185185185185 45.333333333333336 0.0 45.333333333333336 1.2727493001148105
416000 136.9814814814815 -1.0 117.94444444444444 0.595679012345679 135.5185185185185 45.333333333333336 0.0 45.333333333333336 1.3231361000798643
418000 289.74074074074076 234.33333333333334 116.87037037037037 0.595679012345679 135.5185185185185 45.333333333333336 0.0 45.333333333333336 1.2869408000260592
420000 136.9814814814815 -1.0 117.94444444444444 0.595679012345679 135.5185185185185 45.333333333333336 0.0 45.333333333333336 1.381140099838376
422000 136.9814814814815 -1.0 117.94444444444444 0.595679012345679 135.5185185185185 45.333333333333336 0.0 45.333333333333336 1.4311559000052512
424000 136.9814814814815 -1.0 117.94444444444444 0.595679012345679 135.5185185185185 45.333333333333336 0.0 45.333333333333336 1.3717044000513852
426000 136.9814814814815 -1.0 117.94444444444444 0.595679012345679 135.5185185185185 45.333333333333336 0.0 45.333333333333336 1.2951690000481904
428000 136.9814814814815 -1.0 117.94444444444444 0.595679012345679 135.5185185185185 45.333333333333336 0.0 45.333333333333336 1.306450900156051
430000 145.24074074074073 -1.0 117.85185185185185 0.5246913580246912 135.5185185185185 45.333333333333336 0.0 45.333333333333336 1.2927266999613494
432000 364.962962962963 344.6666666666667 116.53703703703704 0.6234567901234568 135.5185185185185 45.333333333333336 0.0 45.333333333333336 1.433578599942848
434000 136.9814814814815 -1.0 117.94444444444444 0.595679012345679 135.5185185185185 45.333333333333336 0.0 45.333333333333336 1.4308512997813523
436000 136.9814814814815 -1.0 117.94444444444444 0.595679012345679 135.5185185185185 45.333333333333336 0.0 45.333333333333336 1.3307098001241684
438000 185.92592592592592 74.11111111111111 117.64814814814815 0.595679012345679 135.5185185185185 45.333333333333336 0.0 45.333333333333336 1.3511708998121321
440000 136.9814814814815 -1.0 117.94444444444444 0.595679012345679 135.5185185185185 45.333333333333336 0.0 45.333333333333336 1.4170475001446903
442000 136.9814814814815 -1.0 117.94444444444444 0.595679012345679 135.5185185185185 45.333333333333336 0.0 45.333333333333336 1.2948901001363993
444000 198.38888888888889 99.62962962962963 117.53703703703704 0.595679012345679 135.5185185185185 45.333333333333336 0.0 45.333333333333336 1.4200882001314312
446000 322.5740740740741 283.1666666666667 116.72222222222223 0.6080246913580247 135.5185185185185 45.333333333333336 0.0 45.333333333333336 1.334789999993518
448000 136.9814814814815 -1.0 117.94444444444444 0.595679012345679 135.5185185185185 45.333333333333336 0.0 45.333333333333336 1.3290808000601828
450000 136.9814814814815 -1.0 117.94444444444444 0.595679012345679 135.5185185185185 45.333333333333336 0.0 45.333333333333336 1.3435025999788195
452000 136.9814814814815 -1.0 117.94444444444444 0.595679012345679 135.5185185185185 45.333333333333336 0.0 45.333333333333336 1.3271280000917614
454000 136.9814814814815 -1.0 117.94444444444444 0.595679012345679 135.5185185185185 45.333333333333336 0.0 45.333333333333336 1.318775799823925
456000 136.9814814814815 -1.0 117.94444444444444 0.595679012345679 135.5185185185185 45.333333333333336 0.0 45.333333333333336 1.3701808000914752
458000 136.9814814814815 -1.0 117.94444444444444 0.595679012345679 135.5185185185185 45.333333333333336 0.0 45.333333333333336 1.4388399999588728
460000 136.9814814814815 -1.0 117.94444444444444 0.595679012345679 135.5185185185185 45.333333333333336 0.0 45.333333333333336 1.3041905998252332
462000 145.24074074074073 -1.0 117.85185185185185 0.5246913580246912 135.5185185185185 45.333333333333336 0.0 45.333333333333336 1.6102674000430852
464000 136.9814814814815 -1.0 117.94444444444444 0.595679012345679 135.5185185185185 45.333333333333336 0.0 45.333333333333336 1.530561299994588
466000 136.9814814814815 -1.0 117.94444444444444 0.595679012345679 135.5185185185185 45.333333333333336 0.0 45.333333333333336 1.671058400068432
468000 145.24074074074073 -1.0 117.85185185185185 0.5246913580246912 135.5185185185185 45.333333333333336 0.0 45.333333333333336 1.651120799826458
470000 145.24074074074073 -1.0 117.85185185185185 0.5246913580246912 135.5185185185185 45.333333333333336 0.0 45.333333333333336 1.5898617000784725
472000 145.24074074074073 -1.0 117.85185185185185 0.5246913580246912 135.5185185185185 45.333333333333336 0.0 45.333333333333336 1.6238282998092473
474000 145.24074074074073 -1.0 117.85185185185185 0.5246913580246912 135.5185185185185 45.333333333333336 0.0 45.333333333333336 1.7710019000805914
476000 145.24074074074073 -1.0 117.85185185185185 0.5246913580246912 135.5185185185185 45.333333333333336 0.0 45.333333333333336 1.7193050999194384
478000 145.24074074074073 -1.0 117.85185185185185 0.5246913580246912 135.5185185185185 45.333333333333336 0.0 45.333333333333336 1.5626158998347819
480000 145.24074074074073 -1.0 117.85185185185185 0.5246913580246912 135.5185185185185 45.333333333333336 0.0 45.333333333333336 1.6990749000106007
482000 145.24074074074073 -1.0 117.85185185185185 0.5246913580246912 135.5185185185185 45.333333333333336 0.0 45.333333333333336 1.7522998000495136
484000 145.24074074074073 -1.0 117.85185185185185 0.5246913580246912 135.5185185185185 45.333333333333336 0.0 45.333333333333336 1.651930300053209
486000 145.24074074074073 -1.0 117.85185185185185 0.5246913580246912 135.5185185185185 45.333333333333336 0.0 45.333333333333336 1.572328699985519
488000 145.24074074074073 -1.0 117.85185185185185 0.5246913580246912 135.5185185185185 45.333333333333336 0.0 45.333333333333336 1.7250306999776512
490000 145.22222222222223 12.148148148148149 117.9074074074074 0.595679012345679 135.5185185185185 45.333333333333336 0.0 45.333333333333336 1.6523017000872642
492000 136.9814814814815 -1.0 117.94444444444444 0.595679012345679 135.5185185185185 45.333333333333336 0.0 45.333333333333336 1.3969674999825656
494000 136.9814814814815 -1.0 117.94444444444444 0.595679012345679 135.5185185185185 45.333333333333336 0.0 45.333333333333336 1.418927100021392
496000 188.6851851851852 78.18518518518519 117.5925925925926 0.595679012345679 135.5185185185185 45.333333333333336 0.0 45.333333333333336 1.461981700034812
498000 136.9814814814815 -1.0 117.94444444444444 0.595679012345679 135.5185185185185 45.333333333333336 0.0 45.333333333333336 1.3072117001283914
500000 136.9814814814815 -1.0 117.94444444444444 0.595679012345679 135.5185185185185 45.333333333333336 0.0 45.333333333333336 1.1092006999533623
