2000 1.3461538461538463 -0.5576923076923077 128.94230769230768 0.05448717948717949 135.46153846153845 45.30769230769231 0.0 45.30769230769231 0.7321585000026971
4000 1.5576923076923077 0.40384615384615385 129.0 0.07532051282051282 135.46153846153845 45.30769230769231 0.0 45.30769230769231 0.9578823999036103
6000 8.442307692307692 8.211538461538462 125.01923076923077 0.2387820512820513 135.46153846153845 45.30769230769231 0.019230769230769232 45.28846153846154 1.1189560000784695
8000 26.73076923076923 26.73076923076923 121.76923076923077 0.41025641025641024 135.46153846153845 45.30769230769231 0.0 45.30769230769231 1.166587500134483
10000 34.21153846153846 34.21153846153846 121.5576923076923 0.4326923076923077 135.46153846153845 45.30769230769231 0.0 45.30769230769231 1.2224310000892729
12000 39.30769230769231 39.30769230769231 121.21153846153847 0.4230769230769231 135.46153846153845 45.30769230769231 0.0 45.30769230769231 1.175356199964881
14000 47.09615384615385 47.09615384615385 120.48076923076923 0.47115384615384615 135.46153846153845 45.30769230769231 0.0 45.30769230769231 1.2764424001798034
16000 47.09615384615385 41.63461538461539 120.48076923076923 0.47115384615384615 135.46153846153845 45.30769230769231 0.0 45.30769230769231 1.218469399958849
18000 47.09615384615385 41.63461538461539 120.48076923076923 0.47115384615384615 135.46153846153845 45.30769230769231 0.0 45.30769230769231 1.4761977000162005
20000 35.11538461538461 -1.0 120.8076923076923 0.46153846153846156 135.46153846153845 45.30769230769231 0.0 45.30769230769231 1.2881979001685977
22000 35.11538461538461 -1.0 120.8076923076923 0.46153846153846156 135.46153846153845 45.30769230769231 0.0 45.30769230769231 1.2386777999345213
24000 35.11538461538461 -1.0 120.8076923076923 0.46153846153846156 135.46153846153845 45.30769230769231 0.0 45.30769230769231 1.3312015000265092
26000 29.365384615384617 -1.0 121.25 0.42788461538461536 135.46153846153845 45.30769230769231 0.0 45.30769230769231 1.0668823001906276
28000 29.365384615384617 -1.0 121.25 0.42788461538461536 135.46153846153845 45.30769230769231 0.0 45.30769230769231 1.0807731000240892
30000 29.365384615384617 -1.0 121.25 0.42788461538461536 135.46153846153845 45.30769230769231 0.0 45.30769230769231 1.0137611001264304
32000 34.0 -1.0 121.11538461538461 0.4326923076923077 135.46153846153845 45.30769230769231 0.0 45.30769230769231 1.127527000149712
34000 34.0 -1.0 121.11538461538461 0.4326923076923077 135.46153846153845 45.30769230769231 0.0 45.30769230769231 1.0608583998400718
36000 34.0 -1.0 121.11538461538461 0.4326923076923077 135.46153846153845 45.30769230769231 0.0 45.30769230769231 1.0477697998285294
38000 34.0 -1.0 121.11538461538461 0.4326923076923077 135.46153846153845 45.30769230769231 0.0 45.30769230769231 1.1327162999659777
40000 34.0 -1.0 121.11538461538461 0.4326923076923077 135.46153846153845 45.30769230769231 0.0 45.30769230769231 1.0425778001081198
42000 96.40384615384616 96.40384615384616 118.0576923076923 0.5560897435897436 135.46153846153845 45.30769230769231 0.019230769230769232 45.28846153846154 1.3057790999300778
44000 96.40384615384616 96.40384615384616 118.0576923076923 0.5560897435897436 135.46153846153845 45.30769230769231 0.019230769230769232 45.28846153846154 1.452981400070712
46000 96.40384615384616 95.3076923076923 118.0576923076923 0.5560897435897436 135.46153846153845 45.30769230769231 0.019230769230769232 45.28846153846154 1.331969300052151
48000 96.40384615384616 95.3076923076923 118.0576923076923 0.5560897435897436 135.46153846153845 45.30769230769231 0.019230769230769232 45.28846153846154 1.2732167998328805
50000 113.86538461538461 113.86538461538461 117.09615384615384 0.5865384615384616 135.46153846153845 45.30769230769231 0.019230769230769232 45.28846153846154 1.3177176001481712
52000 113.86538461538461 113.86538461538461 117.09615384615384 0.5865384615384616 135.46153846153845 45.30769230769231 0.019230769230769232 45.28846153846154 1.4444734000135213
54000 113.86538461538461 113.86538461538461 117.09615384615384 0.5865384615384616 135.46153846153845 45.30769230769231 0.019230769230769232 45.28846153846154 1.2868415000848472
56000 113.86538461538461 113.86538461538461 117.09615384615384 0.5865384615384616 135.46153846153845 45.30769230769231 0.019230769230769232 45.28846153846154 1.2629323001019657
58000 113.86538461538461 113.86538461538461 117.09615384615384 0.5865384615384616 135.46153846153845 45.30769230769231 0.019230769230769232 45.28846153846154 1.2708020999561995
60000 113.86538461538461 113.86538461538461 117.09615384615384 0.5865384615384616 135.46153846153845 45.30769230769231 0.019230769230769232 45.28846153846154 1.263659599935636
62000 113.86538461538461 113.86538461538461 117.09615384615384 0.5865384615384616 135.46153846153845 45.30769230769231 0.019230769230769232 45.28846153846154 1.31040080008097
64000 113.86538461538461 113.86538461538461 117.09615384615384 0.5865384615384616 135.46153846153845 45.30769230769231 0.019230769230769232 45.28846153846154 1.313946400070563
66000 113.86538461538461 113.86538461538461 117.09615384615384 0.5865384615384616 135.46153846153845 45.30769230769231 0.019230769230769232 45.28846153846154 1.3314855000935495
68000 113.86538461538461 113.86538461538461 117.09615384615384 0.5865384615384616 135.46153846153845 45.30769230769231 0.019230769230769232 45.28846153846154 1.258966499939561
70000 113.86538461538461 113.86538461538461 117.09615384615384 0.5865384615384616 135.46153846153845 45.30769230769231 0.019230769230769232 45.28846153846154 1.3862862999085337
72000 113.86538461538461 113.86538461538461 117.09615384615384 0.5865384615384616 135.46153846153845 45.30769230769231 0.019230769230769232 45.28846153846154 1.422620499972254
74000 113.86538461538461 113.86538461538461 117.09615384615384 0.5865384615384616 135.46153846153845 45.30769230769231 0.019230769230769232 45.28846153846154 1.4172076999675483
76000 113.86538461538461 113.86538461538461 117.09615384615384 0.5865384615384616 135.46153846153845 45.30769230769231 0.019230769230769232 45.28846153846154 1.3735426999628544
78000 112.78846153846153 112.78846153846153 117.11538461538461 0.576923076923077 135.46153846153845 45.30769230769231 0.019230769230769232 45.28846153846154 1.251868300139904
80000 112.78846153846153 112.78846153846153 117.11538461538461 0.576923076923077 135.46153846153845 45.30769230769231 0.019230769230769232 45.28846153846154 1.2927630001213402
82000 112.78846153846153 112.78846153846153 117.11538461538461 0.576923076923077 135.46153846153845 45.30769230769231 0.019230769230769232 45.28846153846154 1.3182665000203997
84000 112.78846153846153 112.78846153846153 117.11538461538461 0.576923076923077 135.46153846153845 45.30769230769231 0.019230769230769232 45.28846153846154 1.43673439999111
86000 112.78846153846153 112.78846153846153 117.11538461538461 0.576923076923077 135.46153846153845 45.30769230769231 0.019230769230769232 45.28846153846154 1.2427336000837386
88000 112.78846153846153 112.78846153846153 117.11538461538461 0.576923076923077 135.46153846153845 45.30769230769231 0.019230769230769232 45.28846153846154 1.2282849000766873
90000 112.78846153846153 112.78846153846153 117.11538461538461 0.576923076923077 135.46153846153845 45.30769230769231 0.019230769230769232 45.28846153846154 1.3174198002088815
92000 112.78846153846153 112.78846153846153 117.11538461538461 0.576923076923077 135.46153846153845 45.30769230769231 0.019230769230769232 45.28846153846154 1.3895853001158684
94000 113.86538461538461 113.86538461538461 117.09615384615384 0.5865384615384616 135.46153846153845 45.30769230769231 0.019230769230769232 45.28846153846154 1.2603632998652756
96000 112.78846153846153 112.78846153846153 117.11538461538461 0.576923076923077 135.46153846153845 45.30769230769231 0.019230769230769232 45.28846153846154 1.201662000035867
98000 112.78846153846153 112.78846153846153 117.11538461538461 0.576923076923077 135.46153846153845 45.30769230769231 0.019230769230769232 45.28846153846154 1.2535538000520319
100000 112.78846153846153 112.78846153846153 117.11538461538461 0.576923076923077 135.46153846153845 45.30769230769231 0.019230769230769232 45.28846153846154 1.3424426999408752
102000 112.78846153846153 112.78846153846153 117.11538461538461 0.576923076923077 135.46153846153845 45.30769230769231 0.019230769230769232 45.28846153846154 1.4736488999333233
104000 113.86538461538461 113.86538461538461 117.09615384615384 0.5865384615384616 135.46153846153845 45.30769230769231 0.019230769230769232 45.28846153846154 1.3824779998976737
106000 116.98076923076923 116.98076923076923 117.09615384615384 0.5865384615384616 135.46153846153845 45.30769230769231 0.019230769230769232 45.28846153846154 1.4058687000069767
108000 112.78846153846153 112.78846153846153 117.11538461538461 0.576923076923077 135.46153846153845 45.30769230769231 0.019230769230769232 45.28846153846154 1.379881399916485
110000 112.78846153846153 112.78846153846153 117.11538461538461 0.576923076923077 135.46153846153845 45.30769230769231 0.019230769230769232 45.28846153846154 1.324522800045088
112000 149.53846153846155 147.17307692307693 116.92307692307692 0.546474358974359 135.46153846153845 45.30769230769231 0.019230769230769232 45.28846153846154 1.251842100173235
114000 149.53846153846155 147.17307692307693 116.92307692307692 0.546474358974359 135.46153846153845 45.30769230769231 0.019230769230769232 45.28846153846154 1.3106990999076515
116000 149.53846153846155 149.53846153846155 116.92307692307692 0.546474358974359 135.46153846153845 45.30769230769231 0.019230769230769232 45.28846153846154 1.300044999923557
118000 149.53846153846155 147.17307692307693 116.92307692307692 0.546474358974359 135.46153846153845 45.30769230769231 0.019230769230769232 45.28846153846154 1.3773996999952942
120000 149.53846153846155 147.17307692307693 116.92307692307692 0.546474358974359 135.46153846153845 45.30769230769231 0.019230769230769232 45.28846153846154 1.2951317999977618
122000 149.53846153846155 147.17307692307693 116.92307692307692 0.546474358974359 135.46153846153845 45.30769230769231 0.019230769230769232 45.28846153846154 1.2711353998165578
124000 149.53846153846155 147.17307692307693 116.92307692307692 0.546474358974359 135.46153846153845 45.30769230769231 0.019230769230769232 45.28846153846154 1.2777132999617606
126000 149.53846153846155 149.53846153846155 116.92307692307692 0.546474358974359 135.46153846153845 45.30769230769231 0.019230769230769232 45.28846153846154 1.3761058999225497
128000 149.53846153846155 149.53846153846155 116.92307692307692 0.546474358974359 135.46153846153845 45.30769230769231 0.019230769230769232 45.28846153846154 1.2247722998727113
130000 149.53846153846155 147.17307692307693 116.92307692307692 0.546474358974359 135.46153846153845 45.30769230769231 0.019230769230769232 45.28846153846154 1.3297810999210924
132000 149.53846153846155 149.53846153846155 116.92307692307692 0.546474358974359 135.46153846153845 45.30769230769231 0.019230769230769232 45.28846153846154 1.3636755000334233
134000 149.53846153846155 147.17307692307693 116.92307692307692 0.546474358974359 135.46153846153845 45.30769230769231 0.019230769230769232 45.28846153846154 1.3753802999854088
136000 149.53846153846155 147.17307692307693 116.92307692307692 0.546474358974359 135.46153846153845 45.30769230769231 0.019230769230769232 45.28846153846154 1.373327200068161
138000 149.53846153846155 149.53846153846155 116.92307692307692 0.546474358974359 135.46153846153845 45.30769230769231 0.019230769230769232 45.28846153846154 1.2815380999818444
140000 149.53846153846155 149.53846153846155 116.92307692307692 0.546474358974359 135.46153846153845 45.30769230769231 0.019230769230769232 45.28846153846154 1.5392012000083923
142000 149.53846153846155 149.53846153846155 116.92307692307692 0.546474358974359 135.46153846153845 45.30769230769231 0.019230769230769232 45.28846153846154 1.388611099915579
144000 149.53846153846155 149.53846153846155 116.92307692307692 0.546474358974359 135.46153846153845 45.30769230769231 0.019230769230769232 45.28846153846154 1.2543828000780195
146000 149.53846153846155 149.53846153846155 116.92307692307692 0.546474358974359 135.46153846153845 45.30769230769231 0.019230769230769232 45.28846153846154 1.2604136001318693
148000 149.53846153846155 149.53846153846155 116.92307692307692 0.546474358974359 135.46153846153845 45.30769230769231 0.019230769230769232 45.28846153846154 1.3956587999127805
150000 149.53846153846155 149.53846153846155 116.92307692307692 0.546474358974359 135.46153846153845 45.30769230769231 0.019230769230769232 45.28846153846154 1.3153540999628603
152000 149.53846153846155 149.53846153846155 116.92307692307692 0.546474358974359 135.46153846153845 45.30769230769231 0.019230769230769232 45.28846153846154 1.3071716998238117
154000 149.53846153846155 149.53846153846155 116.92307692307692 0.546474358974359 135.46153846153845 45.30769230769231 0.019230769230769232 45.28846153846154 1.215834500035271
156000 149.53846153846155 149.53846153846155 116.92307692307692 0.546474358974359 135.46153846153845 45.30769230769231 0.019230769230769232 45.28846153846154 1.3579935999587178
158000 149.53846153846155 149.53846153846155 116.92307692307692 0.546474358974359 135.46153846153845 45.30769230769231 0.019230769230769232 45.28846153846154 1.2798715999815613
160000 149.53846153846155 149.53846153846155 116.92307692307692 0.546474358974359 135.46153846153845 45.30769230769231 0.019230769230769232 45.28846153846154 1.3175778000149876
162000 149.53846153846155 149.53846153846155 116.92307692307692 0.546474358974359 135.46153846153845 45.30769230769231 0.019230769230769232 45.28846153846154 1.3006713001523167
164000 149.53846153846155 149.53846153846155 116.92307692307692 0.546474358974359 135.46153846153845 45.30769230769231 0.019230769230769232 45.28846153846154 1.2815174001734704
166000 149.53846153846155 149.53846153846155 116.92307692307692 0.546474358974359 135.46153846153845 45.30769230769231 0.019230769230769232 45.28846153846154 1.2911328000482172
168000 149.53846153846155 149.53846153846155 116.92307692307692 0.546474358974359 135.46153846153845 45.30769230769231 0.019230769230769232 45.28846153846154 1.3031897000037134
170000 149.53846153846155 149.53846153846155 116.92307692307692 0.546474358974359 135.46153846153845 45.30769230769231 0.019230769230769232 45.28846153846154 1.492616199888289
172000 149.53846153846155 149.53846153846155 116.92307692307692 0.546474358974359 135.46153846153845 45.30769230769231 0.019230769230769232 45.28846153846154 1.2590873001608998
174000 149.53846153846155 149.53846153846155 116.92307692307692 0.546474358974359 135.46153846153845 45.30769230769231 0.019230769230769232 45.28846153846154 1.434102299856022
176000 149.53846153846155 149.53846153846155 116.92307692307692 0.546474358974359 135.46153846153845 45.30769230769231 0.019230769230769232 45.28846153846154 1.4135139000136405
178000 149.53846153846155 149.53846153846155 116.92307692307692 0.546474358974359 135.46153846153845 45.30769230769231 0.019230769230769232 45.28846153846154 1.310084099881351
180000 149.53846153846155 149.53846153846155 116.92307692307692 0.546474358974359 135.46153846153845 45.30769230769231 0.019230769230769232 45.28846153846154 1.417559899855405
182000 149.53846153846155 149.53846153846155 116.92307692307692 0.546474358974359 135.46153846153845 45.30769230769231 0.019230769230769232 45.28846153846154 1.2590392001438886
184000 149.53846153846155 149.53846153846155 116.92307692307692 0.546474358974359 135.46153846153845 45.30769230769231 0.019230769230769232 45.28846153846154 1.3598340000025928
186000 149.53846153846155 149.53846153846155 116.92307692307692 0.546474358974359 135.46153846153845 45.30769230769231 0.019230769230769232 45.28846153846154 1.4633746999315917
188000 149.53846153846155 149.53846153846155 116.92307692307692 0.546474358974359 135.46153846153845 45.30769230769231 0.019230769230769232 45.28846153846154 1.2167082999367267
190000 149.53846153846155 149.53846153846155 116.92307692307692 0.546474358974359 135.46153846153845 45.30769230769231 0.019230769230769232 45.28846153846154 1.2325337999500334
192000 149.53846153846155 149.53846153846155 116.92307692307692 0.546474358974359 135.46153846153845 45.30769230769231 0.019230769230769232 45.28846153846154 1.2206466000061482
194000 149.53846153846155 149.53846153846155 116.92307692307692 0.546474358974359 135.46153846153845 45.30769230769231 0.019230769230769232 45.28846153846154 1.4030041000805795
196000 149.53846153846155 149.53846153846155 116.92307692307692 0.546474358974359 135.46153846153845 45.30769230769231 0.019230769230769232 45.28846153846154 1.3435145998373628
198000 149.53846153846155 149.53846153846155 116.92307692307692 0.546474358974359 135.46153846153845 45.30769230769231 0.019230769230769232 45.28846153846154 1.234255800023675
200000 149.53846153846155 149.53846153846155 116.92307692307692 0.546474358974359 135.46153846153845 45.30769230769231 0.019230769230769232 45.28846153846154 1.2632679000962526
202000 149.53846153846155 149.53846153846155 116.92307692307692 0.546474358974359 135.46153846153845 45.30769230769231 0.019230769230769232 45.28846153846154 1.2156083998270333
204000 149.53846153846155 149.53846153846155 116.92307692307692 0.546474358974359 135.46153846153845 45.30769230769231 0.019230769230769232 45.28846153846154 1.234197000041604
206000 149.53846153846155 149.53846153846155 116.92307692307692 0.546474358974359 135.46153846153845 45.30769230769231 0.019230769230769232 45.28846153846154 1.2201813999563456
208000 149.53846153846155 149.53846153846155 116.92307692307692 0.546474358974359 135.46153846153845 45.30769230769231 0.019230769230769232 45.28846153846154 1.23293639998883
210000 149.53846153846155 149.53846153846155 116.92307692307692 0.546474358974359 135.46153846153845 45.30769230769231 0.019230769230769232 45.28846153846154 1.3464321999344975
212000 149.53846153846155 149.53846153846155 116.92307692307692 0.546474358974359 135.46153846153845 45.30769230769231 0.019230769230769232 45.28846153846154 1.371102999895811
214000 149.53846153846155 149.53846153846155 116.92307692307692 0.546474358974359 135.46153846153845 45.30769230769231 0.019230769230769232 45.28846153846154 1.3553577999118716
216000 149.53846153846155 149.53846153846155 116.92307692307692 0.546474358974359 135.46153846153845 45.30769230769231 0.019230769230769232 45.28846153846154 1.3737092998344451
218000 149.53846153846155 149.53846153846155 116.92307692307692 0.546474358974359 135.46153846153845 45.30769230769231 0.019230769230769232 45.28846153846154 1.239417500095442
220000 149.53846153846155 147.17307692307693 116.92307692307692 0.546474358974359 135.46153846153845 45.30769230769231 0.019230769230769232 45.28846153846154 1.5937038999982178
222000 149.53846153846155 149.53846153846155 116.92307692307692 0.546474358974359 135.46153846153845 45.30769230769231 0.019230769230769232 45.28846153846154 1.746345599880442
224000 149.53846153846155 149.53846153846155 116.92307692307692 0.546474358974359 135.46153846153845 45.30769230769231 0.019230769230769232 45.28846153846154 1.4858170999214053
226000 149.53846153846155 149.53846153846155 116.92307692307692 0.546474358974359 135.46153846153845 45.30769230769231 0.019230769230769232 45.28846153846154 1.5046959000173956
228000 149.53846153846155 149.53846153846155 116.92307692307692 0.546474358974359 135.46153846153845 45.30769230769231 0.019230769230769232 45.28846153846154 1.4901638000737876
230000 149.53846153846155 149.53846153846155 116.92307692307692 0.546474358974359 135.46153846153845 45.30769230769231 0.019230769230769232 45.28846153846154 1.5073993999976665
232000 149.53846153846155 149.53846153846155 116.92307692307692 0.546474358974359 135.46153846153845 45.30769230769231 0.019230769230769232 45.28846153846154 1.4992744999472052
234000 149.53846153846155 149.53846153846155 116.92307692307692 0.546474358974359 135.46153846153845 45.30769230769231 0.019230769230769232 45.28846153846154 1.4869677000679076
236000 149.53846153846155 149.53846153846155 116.92307692307692 0.546474358974359 135.46153846153845 45.30769230769231 0.019230769230769232 45.28846153846154 1.4410634997766465
238000 149.53846153846155 149.53846153846155 116.92307692307692 0.546474358974359 135.46153846153845 45.30769230769231 0.019230769230769232 45.28846153846154 1.500254200072959
240000 149.53846153846155 149.53846153846155 116.92307692307692 0.546474358974359 135.46153846153845 45.30769230769231 0.019230769230769232 45.28846153846154 1.4938289001584053
242000 149.53846153846155 149.53846153846155 116.92307692307692 0.546474358974359 135.46153846153845 45.30769230769231 0.019230769230769232 45.28846153846154 1.4597043998073786
244000 149.53846153846155 149.53846153846155 116.92307692307692 0.546474358974359 135.46153846153845 45.30769230769231 0.019230769230769232 45.28846153846154 1.491336600156501
246000 149.53846153846155 147.17307692307693 116.92307692307692 0.546474358974359 135.46153846153845 45.30769230769231 0.019230769230769232 45.28846153846154 1.5287554000969976
248000 149.53846153846155 147.17307692307693 116.92307692307692 0.546474358974359 135.46153846153845 45.30769230769231 0.019230769230769232 45.28846153846154 1.4935790000017732
250000 149.53846153846155 147.17307692307693 116.92307692307692 0.546474358974359 135.46153846153845 45.30769230769231 0.019230769230769232 45.28846153846154 1.3830635000485927
252000 149.53846153846155 147.17307692307693 116.92307692307692 0.546474358974359 135.46153846153845 45.30769230769231 0.019230769230769232 45.28846153846154 1.5240058000199497
254000 149.53846153846155 147.17307692307693 116.92307692307692 0.546474358974359 135.46153846153845 45.30769230769231 0.019230769230769232 45.28846153846154 1.448175200028345
256000 149.53846153846155 147.17307692307693 116.92307692307692 0.546474358974359 135.46153846153845 45.30769230769231 0.019230769230769232 45.28846153846154 1.3429214998614043
258000 149.53846153846155 147.17307692307693 116.92307692307692 0.546474358974359 135.46153846153845 45.30769230769231 0.019230769230769232 45.28846153846154 1.3121231000404805
260000 149.53846153846155 147.17307692307693 116.92307692307692 0.546474358974359 135.46153846153845 45.30769230769231 0.019230769230769232 45.28846153846154 1.3260645000264049
262000 149.53846153846155 147.17307692307693 116.92307692307692 0.546474358974359 135.46153846153845 45.30769230769231 0.019230769230769232 45.28846153846154 1.274855700088665
264000 149.53846153846155 147.17307692307693 116.92307692307692 0.546474358974359 135.46153846153845 45.30769230769231 0.019230769230769232 45.28846153846154 1.2626241999678314
266000 149.53846153846155 147.17307692307693 116.92307692307692 0.546474358974359 135.46153846153845 45.30769230769231 0.019230769230769232 45.28846153846154 1.3907149999868125
268000 149.53846153846155 147.17307692307693 116.92307692307692 0.546474358974359 135.46153846153845 45.30769230769231 0.019230769230769232 45.28846153846154 1.284640499856323
270000 149.53846153846155 149.53846153846155 116.92307692307692 0.546474358974359 135.46153846153845 45.30769230769231 0.019230769230769232 45.28846153846154 1.3595698999706656
272000 149.53846153846155 149.53846153846155 116.92307692307692 0.546474358974359 135.46153846153845 45.30769230769231 0.019230769230769232 45.28846153846154 1.3678609000053257
274000 149.53846153846155 149.53846153846155 116.92307692307692 0.546474358974359 135.46153846153845 45.30769230769231 0.019230769230769232 45.28846153846154 1.2478795000351965
276000 149.53846153846155 147.17307692307693 116.92307692307692 0.546474358974359 135.46153846153845 45.30769230769231 0.019230769230769232 45.28846153846154 1.3715570999775082
278000 149.53846153846155 147.17307692307693 116.92307692307692 0.546474358974359 135.46153846153845 45.30769230769231 0.019230769230769232 45.28846153846154 1.232118499930948
280000 149.53846153846155 147.17307692307693 116.92307692307692 0.546474358974359 135.46153846153845 45.30769230769231 0.019230769230769232 45.28846153846154 1.3375166999176145
282000 149.53846153846155 147.17307692307693 116.92307692307692 0.546474358974359 135.46153846153845 45.30769230769231 0.019230769230769232 45.28846153846154 1.358796900138259
284000 149.53846153846155 147.17307692307693 116.92307692307692 0.546474358974359 135.46153846153845 45.30769230769231 0.019230769230769232 45.28846153846154 1.273558899993077
286000 149.53846153846155 147.17307692307693 116.92307692307692 0.546474358974359 135.46153846153845 45.30769230769231 0.019230769230769232 45.28846153846154 1.2587820999324322
288000 149.53846153846155 147.17307692307693 116.92307692307692 0.546474358974359 135.46153846153845 45.30769230769231 0.019230769230769232 45.28846153846154 1.4067179998382926
290000 149.53846153846155 149.53846153846155 116.92307692307692 0.546474358974359 135.46153846153845 45.30769230769231 0.019230769230769232 45.28846153846154 1.4225023998878896
292000 149.53846153846155 149.53846153846155 116.92307692307692 0.546474358974359 135.46153846153845 45.30769230769231 0.019230769230769232 45.28846153846154 1.3673002999275923
294000 149.53846153846155 149.53846153846155 116.92307692307692 0.546474358974359 135.46153846153845 45.30769230769231 0.019230769230769232 45.28846153846154 1.3422021002043039
296000 149.53846153846155 149.53846153846155 116.92307692307692 0.546474358974359 135.46153846153845 45.30769230769231 0.019230769230769232 45.28846153846154 1.220246999990195
298000 149.53846153846155 149.53846153846155 116.92307692307692 0.546474358974359 135.46153846153845 45.30769230769231 0.019230769230769232 45.28846153846154 1.3194275998976082
300000 149.53846153846155 149.53846153846155 116.92307692307692 0.546474358974359 135.46153846153845 45.30769230769231 0.019230769230769232 45.28846153846154 1.2637195000424981
302000 149.53846153846155 149.53846153846155 116.92307692307692 0.546474358974359 135.46153846153845 45.30769230769231 0.019230769230769232 45.28846153846154 1.2405743000563234
304000 149.53846153846155 147.17307692307693 116.92307692307692 0.546474358974359 135.46153846153845 45.30769230769231 0.019230769230769232 45.28846153846154 1.2922708000987768
306000 149.53846153846155 147.17307692307693 116.92307692307692 0.546474358974359 135.46153846153845 45.30769230769231 0.019230769230769232 45.28846153846154 1.2998112000059336
308000 149.53846153846155 149.53846153846155 116.92307692307692 0.546474358974359 135.46153846153845 45.30769230769231 0.019230769230769232 45.28846153846154 1.3441365000326186
310000 149.53846153846155 149.53846153846155 116.92307692307692 0.546474358974359 135.46153846153845 45.30769230769231 0.019230769230769232 45.28846153846154 1.3148601001594216
312000 149.53846153846155 149.53846153846155 116.92307692307692 0.546474358974359 135.46153846153845 45.30769230769231 0.019230769230769232 45.28846153846154 1.272987199947238
314000 149.53846153846155 149.53846153846155 116.92307692307692 0.546474358974359 135.46153846153845 45.30769230769231 0.019230769230769232 45.28846153846154 1.3580946000292897
316000 149.53846153846155 149.53846153846155 116.92307692307692 0.546474358974359 135.46153846153845 45.30769230769231 0.019230769230769232 45.28846153846154 1.2644559000618756
318000 149.53846153846155 149.53846153846155 116.92307692307692 0.546474358974359 135.46153846153845 45.30769230769231 0.019230769230769232 45.28846153846154 1.2087564000394195
320000 149.53846153846155 149.53846153846155 116.92307692307692 0.546474358974359 135.46153846153845 45.30769230769231 0.019230769230769232 45.28846153846154 1.3320221998728812
322000 149.53846153846155 149.53846153846155 116.92307692307692 0.546474358974359 135.46153846153845 45.30769230769231 0.019230769230769232 45.28846153846154 1.317817300092429
324000 149.53846153846155 149.53846153846155 116.92307692307692 0.546474358974359 135.46153846153845 45.30769230769231 0.019230769230769232 45.28846153846154 1.287417999934405
326000 149.53846153846155 149.53846153846155 116.92307692307692 0.546474358974359 135.46153846153845 45.30769230769231 0.019230769230769232 45.28846153846154 1.2964207998011261
328000 149.53846153846155 147.17307692307693 116.92307692307692 0.546474358974359 135.46153846153845 45.30769230769231 0.019230769230769232 45.28846153846154 1.3134987999219447
330000 149.53846153846155 149.53846153846155 116.92307692307692 0.546474358974359 135.46153846153845 45.30769230769231 0.019230769230769232 45.28846153846154 1.3229317001532763
332000 149.53846153846155 149.53846153846155 116.92307692307692 0.546474358974359 135.46153846153845 45.30769230769231 0.019230769230769232 45.28846153846154 1.243516999995336
334000 149.53846153846155 149.53846153846155 116.92307692307692 0.546474358974359 135.46153846153845 45.30769230769231 0.019230769230769232 45.28846153846154 1.2672222999390215
336000 149.53846153846155 149.53846153846155 116.92307692307692 0.546474358974359 135.46153846153845 45.30769230769231 0.019230769230769232 45.28846153846154 1.3348713000304997
338000 149.53846153846155 149.53846153846155 116.92307692307692 0.546474358974359 135.46153846153845 45.30769230769231 0.019230769230769232 45.28846153846154 1.3025715998373926
340000 149.53846153846155 149.53846153846155 116.92307692307692 0.546474358974359 135.46153846153845 45.30769230769231 0.019230769230769232 45.28846153846154 1.2794931000098586
342000 149.53846153846155 149.53846153846155 116.92307692307692 0.546474358974359 135.46153846153845 45.30769230769231 0.019230769230769232 45.28846153846154 1.2478367001749575
344000 149.53846153846155 149.53846153846155 116.92307692307692 0.546474358974359 135.46153846153845 45.30769230769231 0.019230769230769232 45.28846153846154 1.2600505999289453
346000 149.53846153846155 149.53846153846155 116.92307692307692 0.546474358974359 135.46153846153845 45.30769230769231 0.019230769230769232 45.28846153846154 1.2690208000130951
348000 149.53846153846155 149.53846153846155 116.92307692307692 0.546474358974359 135.46153846153845 45.30769230769231 0.019230769230769232 45.28846153846154 1.4255790000315756
350000 149.53846153846155 149.53846153846155 116.92307692307692 0.546474358974359 135.46153846153845 45.30769230769231 0.019230769230769232 45.28846153846154 1.357439300045371
352000 149.53846153846155 149.53846153846155 116.92307692307692 0.546474358974359 135.46153846153845 45.30769230769231 0.019230769230769232 45.28846153846154 1.3053832000587136
354000 149.53846153846155 149.53846153846155 116.92307692307692 0.546474358974359 135.46153846153845 45.30769230769231 0.019230769230769232 45.28846153846154 1.3478279998525977
356000 149.53846153846155 149.53846153846155 116.92307692307692 0.546474358974359 135.46153846153845 45.30769230769231 0.019230769230769232 45.28846153846154 1.3101986001711339
358000 149.53846153846155 149.53846153846155 116.92307692307692 0.546474358974359 135.46153846153845 45.30769230769231 0.019230769230769232 45.28846153846154 1.3638772999402136
360000 149.53846153846155 149.53846153846155 116.92307692307692 0.546474358974359 135.46153846153845 45.30769230769231 0.019230769230769232 45.28846153846154 1.3678513001650572
362000 149.53846153846155 149.53846153846155 116.92307692307692 0.546474358974359 135.46153846153845 45.30769230769231 0.019230769230769232 45.28846153846154 1.3230588999576867
364000 149.53846153846155 149.53846153846155 116.92307692307692 0.546474358974359 135.46153846153845 45.30769230769231 0.019230769230769232 45.28846153846154 1.22908839979209
366000 149.53846153846155 149.53846153846155 116.92307692307692 0.546474358974359 135.46153846153845 45.30769230769231 0.019230769230769232 45.28846153846154 1.281579399947077
368000 149.53846153846155 149.53846153846155 116.92307692307692 0.546474358974359 135.46153846153845 45.30769230769231 0.019230769230769232 45.28846153846154 1.3355746001470834
370000 149.53846153846155 149.53846153846155 116.92307692307692 0.546474358974359 135.46153846153845 45.30769230769231 0.019230769230769232 45.28846153846154 1.4176479999441653
372000 149.53846153846155 149.53846153846155 116.92307692307692 0.546474358974359 135.46153846153845 45.30769230769231 0.019230769230769232 45.28846153846154 1.291587500134483
374000 149.53846153846155 149.53846153846155 116.92307692307692 0.546474358974359 135.46153846153845 45.30769230769231 0.019230769230769232 45.28846153846154 1.241938899969682
376000 149.53846153846155 149.53846153846155 116.92307692307692 0.546474358974359 135.46153846153845 45.30769230769231 0.019230769230769232 45.28846153846154 1.358060299884528
378000 149.53846153846155 149.53846153846155 116.92307692307692 0.546474358974359 135.46153846153845 45.30769230769231 0.019230769230769232 45.28846153846154 1.2723457999527454
380000 149.53846153846155 149.53846153846155 116.92307692307692 0.546474358974359 135.46153846153845 45.30769230769231 0.019230769230769232 45.28846153846154 1.302301699994132
382000 149.53846153846155 149.53846153846155 116.92307692307692 0.546474358974359 135.46153846153845 45.30769230769231 0.019230769230769232 45.28846153846154 1.2606135001406074
384000 149.53846153846155 149.53846153846155 116.92307692307692 0.546474358974359 135.46153846153845 45.30769230769231 0.019230769230769232 45.28846153846154 1.3402018998749554
386000 149.53846153846155 149.53846153846155 116.92307692307692 0.546474358974359 135.46153846153845 45.30769230769231 0.019230769230769232 45.28846153846154 1.2492665001191199
388000 149.53846153846155 149.53846153846155 116.92307692307692 0.546474358974359 135.46153846153845 45.30769230769231 0.019230769230769232 45.28846153846154 1.3748173001222312
390000 149.53846153846155 149.53846153846155 116.92307692307692 0.546474358974359 135.46153846153845 45.30769230769231 0.019230769230769232 45.28846153846154 1.3793903000187129
392000 149.53846153846155 149.53846153846155 116.92307692307692 0.546474358974359 135.46153846153845 45.30769230769231 0.019230769230769232 45.28846153846154 1.3138569998554885
394000 149.53846153846155 149.53846153846155 116.92307692307692 0.546474358974359 135.46153846153845 45.30769230769231 0.019230769230769232 45.28846153846154 1.2490324000827968
396000 149.53846153846155 149.53846153846155 116.92307692307692 0.546474358974359 135.46153846153845 45.30769230769231 0.019230769230769232 45.28846153846154 1.3456109000835568
398000 149.53846153846155 149.53846153846155 116.92307692307692 0.546474358974359 135.46153846153845 45.30769230769231 0.019230769230769232 45.28846153846154 1.2266899000387639
400000 149.53846153846155 147.17307692307693 116.92307692307692 0.546474358974359 135.46153846153845 45.30769230769231 0.019230769230769232 45.28846153846154 1.3832073998637497
402000 149.53846153846155 149.53846153846155 116.92307692307692 0.546474358974359 135.46153846153845 45.30769230769231 0.019230769230769232 45.28846153846154 1.2957411999814212
404000 149.53846153846155 147.17307692307693 116.92307692307692 0.546474358974359 135.46153846153845 45.30769230769231 0.019230769230769232 45.28846153846154 1.4540218999609351
406000 149.53846153846155 149.53846153846155 116.92307692307692 0.546474358974359 135.46153846153845 45.30769230769231 0.019230769230769232 45.28846153846154 1.2672908999957144
408000 149.53846153846155 149.53846153846155 116.92307692307692 0.546474358974359 135.46153846153845 45.30769230769231 0.019230769230769232 45.28846153846154 1.2484456000383943
410000 149.53846153846155 149.53846153846155 116.92307692307692 0.546474358974359 135.46153846153845 45.30769230769231 0.019230769230769232 45.28846153846154 1.3427969999611378
412000 149.53846153846155 149.53846153846155 116.92307692307692 0.546474358974359 135.46153846153845 45.30769230769231 0.019230769230769232 45.28846153846154 1.307830300182104
414000 149.53846153846155 149.53846153846155 116.92307692307692 0.546474358974359 135.46153846153845 45.30769230769231 0.019230769230769232 45.28846153846154 1.2251414998900145
416000 149.53846153846155 149.53846153846155 116.92307692307692 0.546474358974359 135.46153846153845 45.30769230769231 0.019230769230769232 45.28846153846154 1.3151962000411004
418000 149.53846153846155 149.53846153846155 116.92307692307692 0.546474358974359 135.46153846153845 45.30769230769231 0.019230769230769232 45.28846153846154 1.341600899817422
420000 149.53846153846155 149.53846153846155 116.92307692307692 0.546474358974359 135.46153846153845 45.30769230769231 0.019230769230769232 45.28846153846154 1.4311488000676036
422000 149.53846153846155 149.53846153846155 116.92307692307692 0.546474358974359 135.46153846153845 45.30769230769231 0.019230769230769232 45.28846153846154 1.239213600056246
424000 149.53846153846155 149.53846153846155 116.92307692307692 0.546474358974359 135.46153846153845 45.30769230769231 0.019230769230769232 45.28846153846154 1.2787079000845551
426000 149.53846153846155 149.53846153846155 116.92307692307692 0.546474358974359 135.46153846153845 45.30769230769231 0.019230769230769232 45.28846153846154 1.2502478000242263
428000 149.53846153846155 149.53846153846155 116.92307692307692 0.546474358974359 135.46153846153845 45.30769230769231 0.019230769230769232 45.28846153846154 1.26889570010826
430000 149.53846153846155 149.53846153846155 116.92307692307692 0.546474358974359 135.46153846153845 45.30769230769231 0.019230769230769232 45.28846153846154 1.36382419988513
432000 149.53846153846155 149.53846153846155 116.92307692307692 0.546474358974359 135.46153846153845 45.30769230769231 0.019230769230769232 45.28846153846154 1.2999807000160217
434000 149.53846153846155 149.53846153846155 116.92307692307692 0.546474358974359 135.46153846153845 45.30769230769231 0.019230769230769232 45.28846153846154 1.2766990000382066
436000 149.53846153846155 149.53846153846155 116.92307692307692 0.546474358974359 135.46153846153845 45.30769230769231 0.019230769230769232 45.28846153846154 1.2589642000384629
438000 149.53846153846155 149.53846153846155 116.92307692307692 0.546474358974359 135.46153846153845 45.30769230769231 0.019230769230769232 45.28846153846154 1.3277910000178963
440000 149.53846153846155 149.53846153846155 116.92307692307692 0.546474358974359 135.46153846153845 45.30769230769231 0.019230769230769232 45.28846153846154 1.3852230999618769
442000 149.53846153846155 149.53846153846155 116.92307692307692 0.546474358974359 135.46153846153845 45.30769230769231 0.019230769230769232 45.28846153846154 1.268205099971965
444000 149.53846153846155 149.53846153846155 116.92307692307692 0.546474358974359 135.46153846153845 45.30769230769231 0.019230769230769232 45.28846153846154 1.3985735999885947
446000 149.53846153846155 149.53846153846155 116.92307692307692 0.546474358974359 135.46153846153845 45.30769230769231 0.019230769230769232 45.28846153846154 1.2291532000526786
448000 149.53846153846155 149.53846153846155 116.92307692307692 0.546474358974359 135.46153846153845 45.30769230769231 0.019230769230769232 45.28846153846154 1.2586347002070397
450000 149.53846153846155 149.53846153846155 116.92307692307692 0.546474358974359 135.46153846153845 45.30769230769231 0.019230769230769232 45.28846153846154 1.2493282998912036
452000 149.53846153846155 149.53846153846155 116.92307692307692 0.546474358974359 135.46153846153845 45.30769230769231 0.019230769230769232 45.28846153846154 1.376644599949941
454000 149.53846153846155 149.53846153846155 116.92307692307692 0.546474358974359 135.46153846153845 45.30769230769231 0.019230769230769232 45.28846153846154 1.3042097000870854
456000 149.53846153846155 149.53846153846155 116.92307692307692 0.546474358974359 135.46153846153845 45.30769230769231 0.019230769230769232 45.28846153846154 1.2712077000178397
458000 149.53846153846155 149.53846153846155 116.92307692307692 0.546474358974359 135.46153846153845 45.30769230769231 0.019230769230769232 45.28846153846154 1.2035131000448018
460000 149.53846153846155 149.53846153846155 116.92307692307692 0.546474358974359 135.46153846153845 45.30769230769231 0.019230769230769232 45.28846153846154 1.2257276999298483
462000 149.53846153846155 149.53846153846155 116.92307692307692 0.546474358974359 135.46153846153845 45.30769230769231 0.019230769230769232 45.28846153846154 1.3311922000721097
464000 149.53846153846155 149.53846153846155 116.92307692307692 0.546474358974359 135.46153846153845 45.30769230769231 0.019230769230769232 45.28846153846154 1.3494795998558402
466000 149.53846153846155 149.53846153846155 116.92307692307692 0.546474358974359 135.46153846153845 45.30769230769231 0.019230769230769232 45.28846153846154 1.3735901999752969
468000 149.53846153846155 149.53846153846155 116.92307692307692 0.546474358974359 135.46153846153845 45.30769230769231 0.019230769230769232 45.28846153846154 1.3365893000736833
470000 149.53846153846155 149.53846153846155 116.92307692307692 0.546474358974359 135.46153846153845 45.30769230769231 0.019230769230769232 45.28846153846154 1.3730981000699103
472000 149.53846153846155 149.53846153846155 116.92307692307692 0.546474358974359 135.46153846153845 45.30769230769231 0.019230769230769232 45.28846153846154 1.4874627999961376
474000 149.53846153846155 149.53846153846155 116.92307692307692 0.546474358974359 135.46153846153845 45.30769230769231 0.019230769230769232 45.28846153846154 1.6689357000868767
476000 149.53846153846155 149.53846153846155 116.92307692307692 0.546474358974359 135.46153846153845 45.30769230769231 0.019230769230769232 45.28846153846154 1.5155502001289278
478000 149.53846153846155 149.53846153846155 116.92307692307692 0.546474358974359 135.46153846153845 45.30769230769231 0.019230769230769232 45.28846153846154 1.5996344999875873
480000 149.53846153846155 149.53846153846155 116.92307692307692 0.546474358974359 135.46153846153845 45.30769230769231 0.019230769230769232 45.28846153846154 1.6996436999179423
482000 149.53846153846155 149.53846153846155 116.92307692307692 0.546474358974359 135.46153846153845 45.30769230769231 0.019230769230769232 45.28846153846154 1.5306952998507768
484000 149.53846153846155 149.53846153846155 116.92307692307692 0.546474358974359 135.46153846153845 45.30769230769231 0.019230769230769232 45.28846153846154 1.6679140999913216
486000 149.53846153846155 149.53846153846155 116.92307692307692 0.546474358974359 135.46153846153845 45.30769230769231 0.019230769230769232 45.28846153846154 1.578648499911651
488000 149.53846153846155 149.53846153846155 116.92307692307692 0.546474358974359 135.46153846153845 45.30769230769231 0.019230769230769232 45.28846153846154 1.6138732000254095
490000 149.53846153846155 149.53846153846155 116.92307692307692 0.546474358974359 135.46153846153845 45.30769230769231 0.019230769230769232 45.28846153846154 1.536482300143689
492000 149.53846153846155 149.53846153846155 116.92307692307692 0.546474358974359 135.46153846153845 45.30769230769231 0.019230769230769232 45.28846153846154 1.5498478999361396
494000 149.53846153846155 149.53846153846155 116.92307692307692 0.546474358974359 135.46153846153845 45.30769230769231 0.019230769230769232 45.28846153846154 1.6276881999801844
496000 149.53846153846155 149.53846153846155 116.92307692307692 0.546474358974359 135.46153846153845 45.30769230769231 0.019230769230769232 45.28846153846154 1.545430100057274
498000 149.53846153846155 149.53846153846155 116.92307692307692 0.546474358974359 135.46153846153845 45.30769230769231 0.019230769230769232 45.28846153846154 1.5434814998880029
500000 149.53846153846155 149.53846153846155 116.92307692307692 0.546474358974359 135.46153846153845 45.30769230769231 0.019230769230769232 45.28846153846154 1.5894188000820577
