2000 11.481481481481481 4.7592592592592595 124.61111111111111 0.28240740740740744 135.5185185185185 45.333333333333336 0.018518518518518517 45.31481481481482 0.7690059999004006
4000 1.8518518518518519 -1.0 129.0185185185185 0.043209876543209874 135.5185185185185 45.333333333333336 0.0 45.333333333333336 0.7756610000506043
6000 7.222222222222222 0.2222222222222222 125.92592592592592 0.14660493827160492 135.5185185185185 45.333333333333336 0.0 45.333333333333336 1.1130900999996811
8000 23.01851851851852 22.944444444444443 122.48148148148148 0.3024691358024691 135.5185185185185 45.333333333333336 0.0 45.333333333333336 1.251426399918273
10000 31.51851851851852 31.51851851851852 121.31481481481481 0.3919753086419753 135.5185185185185 45.333333333333336 0.0 45.333333333333336 1.3129710999783128
12000 43.7962962962963 39.74074074074074 120.96296296296296 0.4212962962962963 135.5185185185185 45.333333333333336 0.0 45.333333333333336 1.4189772999379784
14000 36.851851851851855 36.2962962962963 120.94444444444444 0.44444444444444453 135.5185185185185 45.333333333333336 0.0 45.333333333333336 1.2905510999262333
16000 54.7037037037037 -1.0 120.33333333333333 0.44907407407407407 135.5185185185185 45.333333333333336 0.0 45.333333333333336 1.3485975000075996
18000 45.46296296296296 44.907407407407405 120.72222222222223 0.4398148148148149 135.5185185185185 45.333333333333336 0.0 45.333333333333336 1.2912661998998374
20000 54.7037037037037 -1.0 120.33333333333333 0.44907407407407407 135.5185185185185 45.333333333333336 0.0 45.333333333333336 1.3073640000075102
22000 51.74074074074074 -1.0 120.55555555555556 0.39969135802469136 135.5185185185185 45.333333333333336 0.0 45.333333333333336 1.30423319991678
24000 208.53703703703704 208.53703703703704 116.37037037037037 0.5354938271604938 135.5185185185185 45.333333333333336 0.0 45.333333333333336 1.2941886999178678
26000 208.53703703703704 208.53703703703704 116.37037037037037 0.5354938271604938 135.5185185185185 45.333333333333336 0.0 45.333333333333336 1.324785300064832
28000 208.53703703703704 208.53703703703704 116.37037037037037 0.5354938271604938 135.5185185185185 45.333333333333336 0.0 45.333333333333336 1.2827961000148207
30000 208.53703703703704 180.64814814814815 116.37037037037037 0.5354938271604938 135.5185185185185 45.333333333333336 0.0 45.333333333333336 1.2708604999352247
32000 208.53703703703704 180.64814814814815 116.37037037037037 0.5354938271604938 135.5185185185185 45.333333333333336 0.0 45.333333333333336 1.2921881000511348
34000 208.53703703703704 180.64814814814815 116.37037037037037 0.5354938271604938 135.5185185185185 45.333333333333336 0.0 45.333333333333336 1.37861829996109
36000 208.53703703703704 180.64814814814815 116.37037037037037 0.5354938271604938 135.5185185185185 45.333333333333336 0.0 45.333333333333336 1.3237712001428008
38000 208.53703703703704 180.64814814814815 116.37037037037037 0.5354938271604938 135.5185185185185 45.333333333333336 0.0 45.333333333333336 1.3635161998681724
40000 208.53703703703704 180.64814814814815 116.37037037037037 0.5354938271604938 135.5185185185185 45.333333333333336 0.0 45.333333333333336 1.3795478998217732
42000 202.07407407407408 -1.0 116.74074074074075 0.5200617283950616 135.5185185185185 45.333333333333336 0.0 45.333333333333336 1.3407219001092017
44000 202.07407407407408 -1.0 116.74074074074075 0.5200617283950616 135.5185185185185 45.333333333333336 0.0 45.333333333333336 1.523314299993217
46000 202.07407407407408 -1.0 116.74074074074075 0.5200617283950616 135.5185185185185 45.333333333333336 0.0 45.333333333333336 1.345481000142172
48000 202.07407407407408 -1.0 116.74074074074075 0.5200617283950616 135.5185185185185 45.333333333333336 0.0 45.333333333333336 1.3410269001033157
50000 202.07407407407408 -1.0 116.74074074074075 0.5200617283950616 135.5185185185185 45.333333333333336 0.0 45.333333333333336 1.280773000093177
52000 202.07407407407408 -1.0 116.74074074074075 0.5200617283950616 135.5185185185185 45.333333333333336 0.0 45.333333333333336 1.3537328999955207
54000 202.07407407407408 -1.0 116.74074074074075 0.5200617283950616 135.5185185185185 45.333333333333336 0.0 45.333333333333336 1.4186275999527425
56000 202.07407407407408 -1.0 116.74074074074075 0.5200617283950616 135.5185185185185 45.333333333333336 0.0 45.333333333333336 1.4618259000126272
58000 202.07407407407408 -1.0 116.74074074074075 0.5200617283950616 135.5185185185185 45.333333333333336 0.0 45.333333333333336 1.4634152001235634
60000 202.07407407407408 -1.0 116.74074074074075 0.5200617283950616 135.5185185185185 45.333333333333336 0.0 45.333333333333336 1.5398883000016212
62000 202.07407407407408 -1.0 116.74074074074075 0.5200617283950616 135.5185185185185 45.333333333333336 0.0 45.333333333333336 1.4357751000206918
64000 202.07407407407408 -1.0 116.74074074074075 0.5200617283950616 135.5185185185185 45.333333333333336 0.0 45.333333333333336 1.2683359999209642
66000 202.07407407407408 -1.0 116.74074074074075 0.5200617283950616 135.5185185185185 45.333333333333336 0.0 45.333333333333336 1.4346990000922233
68000 202.07407407407408 -1.0 116.74074074074075 0.5200617283950616 135.5185185185185 45.333333333333336 0.0 45.333333333333336 1.3276434999424964
70000 202.07407407407408 -1.0 116.74074074074075 0.5200617283950616 135.5185185185185 45.333333333333336 0.0 45.333333333333336 1.3316611999180168
72000 202.07407407407408 -1.0 116.74074074074075 0.5200617283950616 135.5185185185185 45.333333333333336 0.0 45.333333333333336 1.2978028000798076
74000 202.07407407407408 -1.0 116.74074074074075 0.5200617283950616 135.5185185185185 45.333333333333336 0.0 45.333333333333336 1.3862099000252783
76000 202.07407407407408 -1.0 116.74074074074075 0.5200617283950616 135.5185185185185 45.333333333333336 0.0 45.333333333333336 1.4425214000511914
78000 202.07407407407408 -1.0 116.74074074074075 0.5200617283950616 135.5185185185185 45.333333333333336 0.0 45.333333333333336 1.4441335999872535
80000 202.07407407407408 -1.0 116.74074074074075 0.5200617283950616 135.5185185185185 45.333333333333336 0.0 45.333333333333336 1.314193099969998
82000 202.07407407407408 -1.0 116.74074074074075 0.5200617283950616 135.5185185185185 45.333333333333336 0.0 45.333333333333336 1.3024015999399126
84000 202.07407407407408 -1.0 116.74074074074075 0.5200617283950616 135.5185185185185 45.333333333333336 0.0 45.333333333333336 1.2446697999257594
86000 202.07407407407408 -1.0 116.74074074074075 0.5200617283950616 135.5185185185185 45.333333333333336 0.0 45.333333333333336 1.3887891001068056
88000 202.07407407407408 -1.0 116.74074074074075 0.5200617283950616 135.5185185185185 45.333333333333336 0.0 45.333333333333336 1.2667537000961602
90000 202.07407407407408 -1.0 116.74074074074075 0.5200617283950616 135.5185185185185 45.333333333333336 0.0 45.333333333333336 1.413931299932301
92000 202.07407407407408 -1.0 116.74074074074075 0.5200617283950616 135.5185185185185 45.333333333333336 0.0 45.333333333333336 1.2985682000871748
94000 202.07407407407408 -1.0 116.74074074074075 0.5200617283950616 135.5185185185185 45.333333333333336 0.0 45.333333333333336 1.2653830000199378
96000 191.35185185185185 -1.0 117.55555555555556 0.4629629629629629 135.5185185185185 45.333333333333336 0.0 45.333333333333336 1.3379064002074301
98000 191.35185185185185 -1.0 117.55555555555556 0.4629629629629629 135.5185185185185 45.333333333333336 0.0 45.333333333333336 1.4103255001828074
100000 191.35185185185185 -1.0 117.55555555555556 0.4629629629629629 135.5185185185185 45.333333333333336 0.0 45.333333333333336 1.3982241000048816
102000 184.46296296296296 -1.0 117.46296296296296 0.5478395061728395 135.5185185185185 45.333333333333336 0.0 45.333333333333336 1.376840100158006
104000 184.46296296296296 -1.0 117.46296296296296 0.5478395061728395 135.5185185185185 45.333333333333336 0.0 45.333333333333336 1.2921988000161946
106000 191.35185185185185 -1.0 117.55555555555556 0.4629629629629629 135.5185185185185 45.333333333333336 0.0 45.333333333333336 1.4249728000722826
108000 191.35185185185185 -1.0 117.55555555555556 0.4629629629629629 135.5185185185185 45.333333333333336 0.0 45.333333333333336 1.2864890999626368
110000 191.35185185185185 -1.0 117.55555555555556 0.4629629629629629 135.5185185185185 45.333333333333336 0.0 45.333333333333336 1.4345849000383168
112000 191.35185185185185 -1.0 117.55555555555556 0.4629629629629629 135.5185185185185 45.333333333333336 0.0 45.333333333333336 1.4354179999791086
114000 191.35185185185185 -1.0 117.55555555555556 0.4629629629629629 135.5185185185185 45.333333333333336 0.0 45.333333333333336 1.2967987000010908
116000 191.35185185185185 -1.0 117.55555555555556 0.4629629629629629 135.5185185185185 45.333333333333336 0.0 45.333333333333336 1.4146525000687689
118000 191.35185185185185 -1.0 117.55555555555556 0.4629629629629629 135.5185185185185 45.333333333333336 0.0 45.333333333333336 1.284347099950537
120000 191.35185185185185 -1.0 117.55555555555556 0.4629629629629629 135.5185185185185 45.333333333333336 0.0 45.333333333333336 1.4491405000444502
122000 191.35185185185185 -1.0 117.55555555555556 0.4629629629629629 135.5185185185185 45.333333333333336 0.0 45.333333333333336 1.3281706999987364
124000 191.35185185185185 -1.0 117.55555555555556 0.4629629629629629 135.5185185185185 45.333333333333336 0.0 45.333333333333336 1.3656212999485433
126000 191.35185185185185 -1.0 117.55555555555556 0.4629629629629629 135.5185185185185 45.333333333333336 0.0 45.333333333333336 1.2735502000432462
128000 191.35185185185185 -1.0 117.55555555555556 0.4629629629629629 135.5185185185185 45.333333333333336 0.0 45.333333333333336 1.2566724000498652
130000 191.35185185185185 -1.0 117.55555555555556 0.4629629629629629 135.5185185185185 45.333333333333336 0.0 45.333333333333336 1.4126554001122713
132000 191.35185185185185 -1.0 117.55555555555556 0.4629629629629629 135.5185185185185 45.333333333333336 0.0 45.333333333333336 1.3348811999894679
134000 191.35185185185185 -1.0 117.55555555555556 0.4629629629629629 135.5185185185185 45.333333333333336 0.0 45.333333333333336 1.3225713002029806
136000 220.24074074074073 -1.0 116.51851851851852 0.5108024691358024 135.5185185185185 45.333333333333336 0.0 45.333333333333336 1.3144787000492215
138000 220.24074074074073 -1.0 116.51851851851852 0.5108024691358024 135.5185185185185 45.333333333333336 0.0 45.333333333333336 1.2964742998592556
140000 191.35185185185185 -1.0 117.55555555555556 0.4629629629629629 135.5185185185185 45.333333333333336 0.0 45.333333333333336 1.2834523001220077
142000 184.46296296296296 -1.0 117.46296296296296 0.5478395061728395 135.5185185185185 45.333333333333336 0.0 45.333333333333336 1.3512337999418378
144000 191.35185185185185 -1.0 117.55555555555556 0.4629629629629629 135.5185185185185 45.333333333333336 0.0 45.333333333333336 1.2911970000714064
146000 191.35185185185185 -1.0 117.55555555555556 0.4629629629629629 135.5185185185185 45.333333333333336 0.0 45.333333333333336 1.3401965000666678
148000 191.35185185185185 -1.0 117.55555555555556 0.4629629629629629 135.5185185185185 45.333333333333336 0.0 45.333333333333336 1.375666500069201
150000 191.35185185185185 -1.0 117.55555555555556 0.4629629629629629 135.5185185185185 45.333333333333336 0.0 45.333333333333336 1.325585899874568
152000 191.35185185185185 -1.0 117.55555555555556 0.4629629629629629 135.5185185185185 45.333333333333336 0.0 45.333333333333336 1.3029635001439601
154000 191.35185185185185 -1.0 117.55555555555556 0.4629629629629629 135.5185185185185 45.333333333333336 0.0 45.333333333333336 1.2910168999806046
156000 191.35185185185185 -1.0 117.55555555555556 0.4629629629629629 135.5185185185185 45.333333333333336 0.0 45.333333333333336 1.278946600155905
158000 191.35185185185185 -1.0 117.55555555555556 0.4629629629629629 135.5185185185185 45.333333333333336 0.0 45.333333333333336 1.3533932999707758
160000 184.46296296296296 -1.0 117.46296296296296 0.5478395061728395 135.5185185185185 45.333333333333336 0.0 45.333333333333336 1.4119524001143873
162000 184.46296296296296 -1.0 117.46296296296296 0.5478395061728395 135.5185185185185 45.333333333333336 0.0 45.333333333333336 1.2659207999240607
164000 191.35185185185185 -1.0 117.55555555555556 0.4629629629629629 135.5185185185185 45.333333333333336 0.0 45.333333333333336 1.334082200191915
166000 191.35185185185185 -1.0 117.55555555555556 0.4629629629629629 135.5185185185185 45.333333333333336 0.0 45.333333333333336 1.3090573002118617
168000 191.35185185185185 -1.0 117.55555555555556 0.4629629629629629 135.5185185185185 45.333333333333336 0.0 45.333333333333336 1.3201353000476956
170000 191.35185185185185 -1.0 117.55555555555556 0.4629629629629629 135.5185185185185 45.333333333333336 0.0 45.333333333333336 1.3807298999745399
172000 191.35185185185185 -1.0 117.55555555555556 0.4629629629629629 135.5185185185185 45.333333333333336 0.0 45.333333333333336 1.3422859001439065
174000 184.46296296296296 -1.0 117.46296296296296 0.5478395061728395 135.5185185185185 45.333333333333336 0.0 45.333333333333336 1.4358133999630809
176000 213.2037037037037 49.72222222222222 117.33333333333333 0.5478395061728395 135.5185185185185 45.333333333333336 0.0 45.333333333333336 1.3335388998966664
178000 191.35185185185185 -1.0 117.55555555555556 0.4629629629629629 135.5185185185185 45.333333333333336 0.0 45.333333333333336 1.3958602000493556
180000 191.35185185185185 -1.0 117.55555555555556 0.4629629629629629 135.5185185185185 45.333333333333336 0.0 45.333333333333336 1.2682286000344902
182000 191.35185185185185 -1.0 117.55555555555556 0.4629629629629629 135.5185185185185 45.333333333333336 0.0 45.333333333333336 1.3331160000525415
184000 191.35185185185185 -1.0 117.55555555555556 0.4629629629629629 135.5185185185185 45.333333333333336 0.0 45.333333333333336 1.2604047998320311
186000 191.35185185185185 -1.0 117.55555555555556 0.4629629629629629 135.5185185185185 45.333333333333336 0.0 45.333333333333336 1.3226069000083953
188000 191.35185185185185 -1.0 117.55555555555556 0.4629629629629629 135.5185185185185 45.333333333333336 0.0 45.333333333333336 1.3138570000883192
190000 191.35185185185185 -1.0 117.55555555555556 0.4629629629629629 135.5185185185185 45.333333333333336 0.0 45.333333333333336 1.319177000084892
192000 184.46296296296296 -1.0 117.46296296296296 0.5478395061728395 135.5185185185185 45.333333333333336 0.0 45.333333333333336 1.3571273998823017
194000 191.35185185185185 -1.0 117.55555555555556 0.4629629629629629 135.5185185185185 45.333333333333336 0.0 45.333333333333336 1.3153278999961913
196000 191.35185185185185 -1.0 117.55555555555556 0.4629629629629629 135.5185185185185 45.333333333333336 0.0 45.333333333333336 1.2599545998964459
198000 191.35185185185185 -1.0 117.55555555555556 0.4629629629629629 135.5185185185185 45.333333333333336 0.0 45.333333333333336 1.4069108001422137
200000 191.35185185185185 -1.0 117.55555555555556 0.4629629629629629 135.5185185185185 45.333333333333336 0.0 45.333333333333336 1.4714423997793347
202000 191.35185185185185 -1.0 117.55555555555556 0.4629629629629629 135.5185185185185 45.333333333333336 0.0 45.333333333333336 1.422018899815157
204000 184.46296296296296 -1.0 117.46296296296296 0.5478395061728395 135.5185185185185 45.333333333333336 0.0 45.333333333333336 1.3061752999201417
206000 191.35185185185185 -1.0 117.55555555555556 0.4629629629629629 135.5185185185185 45.333333333333336 0.0 45.333333333333336 1.362023700028658
208000 184.46296296296296 -1.0 117.46296296296296 0.5478395061728395 135.5185185185185 45.333333333333336 0.0 45.333333333333336 1.3598992000333965
210000 184.46296296296296 -1.0 117.46296296296296 0.5478395061728395 135.5185185185185 45.333333333333336 0.0 45.333333333333336 1.2942352001555264
212000 184.46296296296296 -1.0 117.46296296296296 0.5478395061728395 135.5185185185185 45.333333333333336 0.0 45.333333333333336 1.2970026000402868
214000 184.46296296296296 -1.0 117.46296296296296 0.5478395061728395 135.5185185185185 45.333333333333336 0.0 45.333333333333336 1.600305600091815
216000 191.35185185185185 -1.0 117.55555555555556 0.4629629629629629 135.5185185185185 45.333333333333336 0.0 45.333333333333336 1.6147906000260264
218000 184.46296296296296 -1.0 117.46296296296296 0.5478395061728395 135.5185185185185 45.333333333333336 0.0 45.333333333333336 1.5038577001541853
220000 191.35185185185185 -1.0 117.55555555555556 0.4629629629629629 135.5185185185185 45.333333333333336 0.0 45.333333333333336 1.549083000048995
222000 191.35185185185185 -1.0 117.55555555555556 0.4629629629629629 135.5185185185185 45.333333333333336 0.0 45.333333333333336 1.5929817000869662
224000 191.35185185185185 -1.0 117.55555555555556 0.4629629629629629 135.5185185185185 45.333333333333336 0.0 45.333333333333336 1.5094933998771012
226000 191.35185185185185 -1.0 117.55555555555556 0.4629629629629629 135.5185185185185 45.333333333333336 0.0 45.333333333333336 1.5354251998942345
228000 191.35185185185185 -1.0 117.55555555555556 0.4629629629629629 135.5185185185185 45.333333333333336 0.0 45.333333333333336 1.5950676000211388
230000 191.35185185185185 -1.0 117.55555555555556 0.4629629629629629 135.5185185185185 45.333333333333336 0.0 45.333333333333336 1.5705279000103474
232000 191.35185185185185 -1.0 117.55555555555556 0.4629629629629629 135.5185185185185 45.333333333333336 0.0 45.333333333333336 1.4855816001072526
234000 191.35185185185185 -1.0 117.55555555555556 0.4629629629629629 135.5185185185185 45.333333333333336 0.0 45.333333333333336 1.6388767000753433
236000 184.46296296296296 -1.0 117.46296296296296 0.5478395061728395 135.5185185185185 45.333333333333336 0.0 45.333333333333336 1.496219600085169
238000 184.46296296296296 -1.0 117.46296296296296 0.5478395061728395 135.5185185185185 45.333333333333336 0.0 45.333333333333336 1.585182199953124
240000 191.35185185185185 -1.0 117.55555555555556 0.4629629629629629 135.5185185185185 45.333333333333336 0.0 45.333333333333336 1.4776691000442952
242000 191.35185185185185 -1.0 117.55555555555556 0.4629629629629629 135.5185185185185 45.333333333333336 0.0 45.333333333333336 1.3356230000499636
244000 184.46296296296296 -1.0 117.46296296296296 0.5478395061728395 135.5185185185185 45.333333333333336 0.0 45.333333333333336 1.467040300136432
246000 184.46296296296296 -1.0 117.46296296296296 0.5478395061728395 135.5185185185185 45.333333333333336 0.0 45.333333333333336 1.3662791000679135
248000 221.85185185185185 64.20370370370371 117.29629629629629 0.5478395061728395 135.5185185185185 45.333333333333336 0.0 45.333333333333336 1.4729347999673337
250000 184.46296296296296 -1.0 117.46296296296296 0.5478395061728395 135.5185185185185 45.333333333333336 0.0 45.333333333333336 1.3281693998724222
252000 191.35185185185185 -1.0 117.55555555555556 0.4629629629629629 135.5185185185185 45.333333333333336 0.0 45.333333333333336 1.4108303000684828
254000 213.2037037037037 49.72222222222222 117.33333333333333 0.5478395061728395 135.5185185185185 45.333333333333336 0.0 45.333333333333336 1.2812149999663234
256000 191.35185185185185 -1.0 117.55555555555556 0.4629629629629629 135.5185185185185 45.333333333333336 0.0 45.333333333333336 1.3739992999471724
258000 191.35185185185185 -1.0 117.55555555555556 0.4629629629629629 135.5185185185185 45.333333333333336 0.0 45.333333333333336 1.4595578000880778
260000 184.46296296296296 -1.0 117.46296296296296 0.5478395061728395 135.5185185185185 45.333333333333336 0.0 45.333333333333336 1.3345220000483096
262000 184.46296296296296 -1.0 117.46296296296296 0.5478395061728395 135.5185185185185 45.333333333333336 0.0 45.333333333333336 1.5402373000979424
264000 184.46296296296296 -1.0 117.46296296296296 0.5478395061728395 135.5185185185185 45.333333333333336 0.0 45.333333333333336 1.3796618999913335
266000 184.46296296296296 -1.0 117.46296296296296 0.5478395061728395 135.5185185185185 45.333333333333336 0.0 45.333333333333336 1.4091008000541478
268000 191.35185185185185 -1.0 117.55555555555556 0.4629629629629629 135.5185185185185 45.333333333333336 0.0 45.333333333333336 1.4007412001956254
270000 191.35185185185185 -1.0 117.55555555555556 0.4629629629629629 135.5185185185185 45.333333333333336 0.0 45.333333333333336 1.4726307999808341
272000 184.46296296296296 -1.0 117.46296296296296 0.5478395061728395 135.5185185185185 45.333333333333336 0.0 45.333333333333336 1.3524946998804808
274000 191.35185185185185 -1.0 117.55555555555556 0.4629629629629629 135.5185185185185 45.333333333333336 0.0 45.333333333333336 1.4221530000213534
276000 184.46296296296296 -1.0 117.46296296296296 0.5478395061728395 135.5185185185185 45.333333333333336 0.0 45.333333333333336 1.3923837000038475
278000 184.46296296296296 -1.0 117.46296296296296 0.5478395061728395 135.5185185185185 45.333333333333336 0.0 45.333333333333336 1.4264344999101013
280000 191.35185185185185 -1.0 117.55555555555556 0.4629629629629629 135.5185185185185 45.333333333333336 0.0 45.333333333333336 1.34430310013704
282000 229.37037037037038 79.81481481481481 117.18518518518519 0.5478395061728395 135.5185185185185 45.333333333333336 0.0 45.333333333333336 1.3256392998155206
284000 421.72222222222223 380.75925925925924 116.33333333333333 0.5555555555555556 135.5185185185185 45.333333333333336 0.0 45.333333333333336 1.2679091999307275
286000 191.35185185185185 -1.0 117.55555555555556 0.4629629629629629 135.5185185185185 45.333333333333336 0.0 45.333333333333336 1.5378709000069648
288000 184.46296296296296 -1.0 117.46296296296296 0.5478395061728395 135.5185185185185 45.333333333333336 0.0 45.333333333333336 1.2947283000685275
290000 204.11111111111111 19.425925925925927 117.46296296296296 0.4629629629629629 135.5185185185185 45.333333333333336 0.0 45.333333333333336 1.2623863001354039
292000 184.46296296296296 -1.0 117.46296296296296 0.5478395061728395 135.5185185185185 45.333333333333336 0.0 45.333333333333336 1.2544656000100076
294000 191.35185185185185 -1.0 117.55555555555556 0.4629629629629629 135.5185185185185 45.333333333333336 0.0 45.333333333333336 1.3072257000021636
296000 239.66666666666666 96.14814814814815 117.12962962962963 0.5478395061728395 135.5185185185185 45.333333333333336 0.0 45.333333333333336 1.3276808001101017
298000 191.35185185185185 -1.0 117.55555555555556 0.4629629629629629 135.5185185185185 45.333333333333336 0.0 45.333333333333336 1.3991438001394272
300000 191.35185185185185 -1.0 117.55555555555556 0.4629629629629629 135.5185185185185 45.333333333333336 0.0 45.333333333333336 1.4012547000311315
302000 191.35185185185185 -1.0 117.55555555555556 0.4629629629629629 135.5185185185185 45.333333333333336 0.0 45.333333333333336 1.3335424000397325
304000 184.46296296296296 -1.0 117.46296296296296 0.5478395061728395 135.5185185185185 45.333333333333336 0.0 45.333333333333336 1.4478515000082552
306000 184.46296296296296 -1.0 117.46296296296296 0.5478395061728395 135.5185185185185 45.333333333333336 0.0 45.333333333333336 1.3568158999551088
308000 184.46296296296296 -1.0 117.46296296296296 0.5478395061728395 135.5185185185185 45.333333333333336 0.0 45.333333333333336 1.3262163000181317
310000 184.46296296296296 -1.0 117.46296296296296 0.5478395061728395 135.5185185185185 45.333333333333336 0.0 45.333333333333336 1.3860905000474304
312000 184.46296296296296 -1.0 117.46296296296296 0.5478395061728395 135.5185185185185 45.333333333333336 0.0 45.333333333333336 1.3174600000493228
314000 184.46296296296296 -1.0 117.46296296296296 0.5478395061728395 135.5185185185185 45.333333333333336 0.0 45.333333333333336 1.283074100036174
316000 184.46296296296296 -1.0 117.46296296296296 0.5478395061728395 135.5185185185185 45.333333333333336 0.0 45.333333333333336 1.2907847000751644
318000 184.46296296296296 -1.0 117.46296296296296 0.5478395061728395 135.5185185185185 45.333333333333336 0.0 45.333333333333336 1.2568280999548733
320000 184.46296296296296 -1.0 117.46296296296296 0.5478395061728395 135.5185185185185 45.333333333333336 0.0 45.333333333333336 1.5546699999831617
322000 191.35185185185185 -1.0 117.55555555555556 0.4629629629629629 135.5185185185185 45.333333333333336 0.0 45.333333333333336 1.382800699910149
324000 191.35185185185185 -1.0 117.55555555555556 0.4629629629629629 135.5185185185185 45.333333333333336 0.0 45.333333333333336 1.2590312999673188
326000 191.35185185185185 -1.0 117.55555555555556 0.4629629629629629 135.5185185185185 45.333333333333336 0.0 45.333333333333336 1.3623919000383466
328000 191.35185185185185 -1.0 117.55555555555556 0.4629629629629629 135.5185185185185 45.333333333333336 0.0 45.333333333333336 1.327278499957174
330000 191.35185185185185 -1.0 117.55555555555556 0.4629629629629629 135.5185185185185 45.333333333333336 0.0 45.333333333333336 1.3143311999738216
332000 191.35185185185185 -1.0 117.55555555555556 0.4629629629629629 135.5185185185185 45.333333333333336 0.0 45.333333333333336 1.3374453999567777
334000 225.1851851851852 73.11111111111111 117.25925925925925 0.5478395061728395 135.5185185185185 45.333333333333336 0.0 45.333333333333336 1.4486236998345703
336000 184.46296296296296 -1.0 117.46296296296296 0.5478395061728395 135.5185185185185 45.333333333333336 0.0 45.333333333333336 1.3715460000094026
338000 191.35185185185185 -1.0 117.55555555555556 0.4629629629629629 135.5185185185185 45.333333333333336 0.0 45.333333333333336 1.3794850001577288
340000 184.46296296296296 -1.0 117.46296296296296 0.5478395061728395 135.5185185185185 45.333333333333336 0.0 45.333333333333336 1.2764039000030607
342000 184.46296296296296 -1.0 117.46296296296296 0.5478395061728395 135.5185185185185 45.333333333333336 0.0 45.333333333333336 1.262257100082934
344000 191.35185185185185 -1.0 117.55555555555556 0.4629629629629629 135.5185185185185 45.333333333333336 0.0 45.333333333333336 1.2878731000237167
346000 191.35185185185185 -1.0 117.55555555555556 0.4629629629629629 135.5185185185185 45.333333333333336 0.0 45.333333333333336 1.2633336998987943
348000 191.35185185185185 -1.0 117.55555555555556 0.4629629629629629 135.5185185185185 45.333333333333336 0.0 45.333333333333336 1.3178652999922633
350000 284.85185185185185 174.09259259259258 116.88888888888889 0.5478395061728395 135.5185185185185 45.333333333333336 0.0 45.333333333333336 1.262596899876371
352000 184.46296296296296 -1.0 117.46296296296296 0.5478395061728395 135.5185185185185 45.333333333333336 0.0 45.333333333333336 1.3302571999374777
354000 184.46296296296296 -1.0 117.46296296296296 0.5478395061728395 135.5185185185185 45.333333333333336 0.0 45.333333333333336 1.2810736999381334
356000 184.46296296296296 -1.0 117.46296296296296 0.5478395061728395 135.5185185185185 45.333333333333336 0.0 45.333333333333336 1.2817824000958353
358000 184.46296296296296 -1.0 117.46296296296296 0.5478395061728395 135.5185185185185 45.333333333333336 0.0 45.333333333333336 1.2765828999690711
360000 191.35185185185185 -1.0 117.55555555555556 0.4629629629629629 135.5185185185185 45.333333333333336 0.0 45.333333333333336 1.3961065001785755
362000 184.46296296296296 -1.0 117.46296296296296 0.5478395061728395 135.5185185185185 45.333333333333336 0.0 45.333333333333336 1.426247299881652
364000 184.46296296296296 -1.0 117.46296296296296 0.5478395061728395 135.5185185185185 45.333333333333336 0.0 45.333333333333336 1.3986116000451148
366000 213.2037037037037 49.72222222222222 117.33333333333333 0.5478395061728395 135.5185185185185 45.333333333333336 0.0 45.333333333333336 1.3141513001173735
368000 191.35185185185185 -1.0 117.55555555555556 0.4629629629629629 135.5185185185185 45.333333333333336 0.0 45.333333333333336 1.3255404001101851
370000 184.46296296296296 -1.0 117.46296296296296 0.5478395061728395 135.5185185185185 45.333333333333336 0.0 45.333333333333336 1.365940700052306
372000 191.35185185185185 -1.0 117.55555555555556 0.4629629629629629 135.5185185185185 45.333333333333336 0.0 45.333333333333336 1.4147185999900103
374000 191.35185185185185 -1.0 117.55555555555556 0.4629629629629629 135.5185185185185 45.333333333333336 0.0 45.333333333333336 1.2694526000414044
376000 191.35185185185185 -1.0 117.55555555555556 0.4629629629629629 135.5185185185185 45.333333333333336 0.0 45.333333333333336 1.2592639999929816
378000 191.35185185185185 -1.0 117.55555555555556 0.4629629629629629 135.5185185185185 45.333333333333336 0.0 45.333333333333336 1.4114627002272755
380000 191.35185185185185 -1.0 117.55555555555556 0.4629629629629629 135.5185185185185 45.333333333333336 0.0 45.333333333333336 1.275370900053531
382000 191.35185185185185 -1.0 117.55555555555556 0.4629629629629629 135.5185185185185 45.333333333333336 0.0 45.333333333333336 1.2981288998853415
384000 191.35185185185185 -1.0 117.55555555555556 0.4629629629629629 135.5185185185185 45.333333333333336 0.0 45.333333333333336 1.2722405998501927
386000 191.35185185185185 -1.0 117.55555555555556 0.4629629629629629 135.5185185185185 45.333333333333336 0.0 45.333333333333336 1.4244839998427778
388000 191.35185185185185 -1.0 117.55555555555556 0.4629629629629629 135.5185185185185 45.333333333333336 0.0 45.333333333333336 1.3374447000678629
390000 184.46296296296296 -1.0 117.46296296296296 0.5478395061728395 135.5185185185185 45.333333333333336 0.0 45.333333333333336 1.3443205000367016
392000 191.35185185185185 -1.0 117.55555555555556 0.4629629629629629 135.5185185185185 45.333333333333336 0.0 45.333333333333336 1.2940632998943329
394000 191.35185185185185 -1.0 117.55555555555556 0.4629629629629629 135.5185185185185 45.333333333333336 0.0 45.333333333333336 1.3208522000350058
396000 191.35185185185185 -1.0 117.55555555555556 0.4629629629629629 135.5185185185185 45.333333333333336 0.0 45.333333333333336 1.3655946999788284
398000 191.35185185185185 -1.0 117.55555555555556 0.4629629629629629 135.5185185185185 45.333333333333336 0.0 45.333333333333336 1.4217642000876367
400000 191.35185185185185 -1.0 117.55555555555556 0.4629629629629629 135.5185185185185 45.333333333333336 0.0 45.333333333333336 1.3083697999827564
402000 191.35185185185185 -1.0 117.55555555555556 0.4629629629629629 135.5185185185185 45.333333333333336 0.0 45.333333333333336 1.279617999913171
404000 191.35185185185185 -1.0 117.55555555555556 0.4629629629629629 135.5185185185185 45.333333333333336 0.0 45.333333333333336 1.388972100103274
406000 191.35185185185185 -1.0 117.55555555555556 0.4629629629629629 135.5185185185185 45.333333333333336 0.0 45.333333333333336 1.331529000075534
408000 191.35185185185185 -1.0 117.55555555555556 0.4629629629629629 135.5185185185185 45.333333333333336 0.0 45.333333333333336 1.396529900142923
410000 184.46296296296296 -1.0 117.46296296296296 0.5478395061728395 135.5185185185185 45.333333333333336 0.0 45.333333333333336 1.2592410000506788
412000 191.35185185185185 -1.0 117.55555555555556 0.4629629629629629 135.5185185185185 45.333333333333336 0.0 45.333333333333336 1.4208395001478493
414000 191.35185185185185 -1.0 117.55555555555556 0.4629629629629629 135.5185185185185 45.333333333333336 0.0 45.333333333333336 1.4410035000182688
416000 184.46296296296296 -1.0 117.46296296296296 0.5478395061728395 135.5185185185185 45.333333333333336 0.0 45.333333333333336 1.4454242000356317
418000 368.14814814814815 312.14814814814815 116.51851851851852 0.5540123456790124 135.5185185185185 45.333333333333336 0.0 45.333333333333336 1.4832343999296427
420000 184.46296296296296 -1.0 117.46296296296296 0.5478395061728395 135.5185185185185 45.333333333333336 0.0 45.333333333333336 1.4551963000558317
422000 184.46296296296296 -1.0 117.46296296296296 0.5478395061728395 135.5185185185185 45.333333333333336 0.0 45.333333333333336 1.30086880014278
424000 184.46296296296296 -1.0 117.46296296296296 0.5478395061728395 135.5185185185185 45.333333333333336 0.0 45.333333333333336 1.4025578999426216
426000 184.46296296296296 -1.0 117.46296296296296 0.5478395061728395 135.5185185185185 45.333333333333336 0.0 45.333333333333336 1.2980923000723124
428000 184.46296296296296 -1.0 117.46296296296296 0.5478395061728395 135.5185185185185 45.333333333333336 0.0 45.333333333333336 1.4171515998896211
430000 191.35185185185185 -1.0 117.55555555555556 0.4629629629629629 135.5185185185185 45.333333333333336 0.0 45.333333333333336 1.5011112000793219
432000 433.48148148148147 405.1296296296296 116.27777777777777 0.5740740740740742 135.5185185185185 45.333333333333336 0.0 45.333333333333336 1.4209229999687523
434000 184.46296296296296 -1.0 117.46296296296296 0.5478395061728395 135.5185185185185 45.333333333333336 0.0 45.333333333333336 1.3740918999537826
436000 184.46296296296296 -1.0 117.46296296296296 0.5478395061728395 135.5185185185185 45.333333333333336 0.0 45.333333333333336 1.2624337999150157
438000 229.37037037037038 79.81481481481481 117.18518518518519 0.5478395061728395 135.5185185185185 45.333333333333336 0.0 45.333333333333336 1.3801577999256551
440000 184.46296296296296 -1.0 117.46296296296296 0.5478395061728395 135.5185185185185 45.333333333333336 0.0 45.333333333333336 1.3582955999299884
442000 184.46296296296296 -1.0 117.46296296296296 0.5478395061728395 135.5185185185185 45.333333333333336 0.0 45.333333333333336 1.3088302998803556
444000 255.96296296296296 127.16666666666667 117.0925925925926 0.5478395061728395 135.5185185185185 45.333333333333336 0.0 45.333333333333336 1.3123095999471843
446000 391.0 347.962962962963 116.42592592592592 0.5601851851851852 135.5185185185185 45.333333333333336 0.0 45.333333333333336 1.3770584999583662
448000 184.46296296296296 -1.0 117.46296296296296 0.5478395061728395 135.5185185185185 45.333333333333336 0.0 45.333333333333336 1.3718878000508994
450000 184.46296296296296 -1.0 117.46296296296296 0.5478395061728395 135.5185185185185 45.333333333333336 0.0 45.333333333333336 1.3049531998112798
452000 184.46296296296296 -1.0 117.46296296296296 0.5478395061728395 135.5185185185185 45.333333333333336 0.0 45.333333333333336 1.2998677000869066
454000 184.46296296296296 -1.0 117.46296296296296 0.5478395061728395 135.5185185185185 45.333333333333336 0.0 45.333333333333336 1.3624436999671161
456000 184.46296296296296 -1.0 117.46296296296296 0.5478395061728395 135.5185185185185 45.333333333333336 0.0 45.333333333333336 1.4143899001646787
458000 184.46296296296296 -1.0 117.46296296296296 0.5478395061728395 135.5185185185185 45.333333333333336 0.0 45.333333333333336 1.285450299968943
460000 184.46296296296296 -1.0 117.46296296296296 0.5478395061728395 135.5185185185185 45.333333333333336 0.0 45.333333333333336 1.2999024998862296
462000 191.35185185185185 -1.0 117.55555555555556 0.4629629629629629 135.5185185185185 45.333333333333336 0.0 45.333333333333336 1.565599299967289
464000 184.46296296296296 -1.0 117.46296296296296 0.5478395061728395 135.5185185185185 45.333333333333336 0.0 45.333333333333336 1.6314963998738676
466000 184.46296296296296 -1.0 117.46296296296296 0.5478395061728395 135.5185185185185 45.333333333333336 0.0 45.333333333333336 1.5655833999626338
468000 191.35185185185185 -1.0 117.55555555555556 0.4629629629629629 135.5185185185185 45.333333333333336 0.0 45.333333333333336 1.5912925999145955
470000 191.35185185185185 -1.0 117.55555555555556 0.4629629629629629 135.5185185185185 45.333333333333336 0.0 45.333333333333336 1.6288493000902236
472000 191.35185185185185 -1.0 117.55555555555556 0.4629629629629629 135.5185185185185 45.333333333333336 0.0 45.333333333333336 1.7565211998298764
474000 191.35185185185185 -1.0 117.55555555555556 0.4629629629629629 135.5185185185185 45.333333333333336 0.0 45.333333333333336 1.654261900112033
476000 191.35185185185185 -1.0 117.55555555555556 0.4629629629629629 135.5185185185185 45.333333333333336 0.0 45.333333333333336 1.6837595000397414
478000 191.35185185185185 -1.0 117.55555555555556 0.4629629629629629 135.5185185185185 45.333333333333336 0.0 45.333333333333336 1.7068943998310715
480000 191.35185185185185 -1.0 117.55555555555556 0.4629629629629629 135.5185185185185 45.333333333333336 0.0 45.333333333333336 1.6710349000059068
482000 191.35185185185185 -1.0 117.55555555555556 0.4629629629629629 135.5185185185185 45.333333333333336 0.0 45.333333333333336 1.6916343001648784
484000 191.35185185185185 -1.0 117.55555555555556 0.4629629629629629 135.5185185185185 45.333333333333336 0.0 45.333333333333336 1.609381299931556
486000 191.35185185185185 -1.0 117.55555555555556 0.4629629629629629 135.5185185185185 45.333333333333336 0.0 45.333333333333336 1.5967596999835223
488000 191.35185185185185 -1.0 117.55555555555556 0.4629629629629629 135.5185185185185 45.333333333333336 0.0 45.333333333333336 1.7909229998476803
490000 213.2037037037037 49.72222222222222 117.33333333333333 0.5478395061728395 135.5185185185185 45.333333333333336 0.0 45.333333333333336 1.5851342000532895
492000 184.46296296296296 -1.0 117.46296296296296 0.5478395061728395 135.5185185185185 45.333333333333336 0.0 45.333333333333336 1.6377244999166578
494000 184.46296296296296 -1.0 117.46296296296296 0.5478395061728395 135.5185185185185 45.333333333333336 0.0 45.333333333333336 1.3979682000353932
496000 239.66666666666666 96.14814814814815 117.12962962962963 0.5478395061728395 135.5185185185185 45.333333333333336 0.0 45.333333333333336 1.3768800999969244
498000 184.46296296296296 -1.0 117.46296296296296 0.5478395061728395 135.5185185185185 45.333333333333336 0.0 45.333333333333336 1.4018599998671561
500000 184.46296296296296 -1.0 117.46296296296296 0.5478395061728395 135.5185185185185 45.333333333333336 0.0 45.333333333333336 1.3760654998477548
