2000 2.6296296296296298 -0.8887148191895256 128.64814814814815 0.044753086419753084 135.5185185185185 45.333333333333336 0.0 45.333333333333336 1.100322700003744
4000 3.3518518518518516 -0.8518256543384568 127.85185185185185 0.0771604938271605 135.5185185185185 45.333333333333336 0.0 45.333333333333336 1.2830954999953974
6000 3.611111111111111 -1.0 126.85185185185185 0.13888888888888887 135.5185185185185 45.333333333333336 0.0 45.333333333333336 0.8117408999969484
8000 3.1481481481481484 -0.9628628316537484 126.94444444444444 0.11419753086419752 135.5185185185185 45.333333333333336 0.018518518518518517 45.31481481481482 0.9128702999951201
10000 11.203703703703704 -0.9629364638421137 123.92592592592592 0.25925925925925924 135.5185185185185 45.333333333333336 0.018518518518518517 45.31481481481482 1.3313771000030101
12000 4.185185185185185 -0.18476841805616057 126.4074074074074 0.15895061728395063 135.5185185185185 45.333333333333336 0.0 45.333333333333336 1.7290714999980992
14000 2.9444444444444446 -0.5925437191366402 127.98148148148148 0.11419753086419752 135.5185185185185 45.333333333333336 0.0 45.333333333333336 1.2555481000017608
16000 6.962962962962963 0.0009228960191006642 125.9074074074074 0.12654320987654322 135.5185185185185 45.333333333333336 0.0 45.333333333333336 1.7656530999956885
18000 17.037037037037038 -0.10827848309100059 121.77777777777777 0.2932098765432099 135.5185185185185 45.333333333333336 0.018518518518518517 45.31481481481482 1.637482899997849
20000 19.333333333333332 0.002661520696945042 121.25925925925925 0.3101851851851851 135.5185185185185 45.333333333333336 0.018518518518518517 45.31481481481482 1.6778186000010464
22000 24.796296296296298 0.004017017755209897 121.94444444444444 0.2638888888888889 135.5185185185185 45.333333333333336 0.018518518518518517 45.31481481481482 1.802263400000811
24000 15.074074074074074 -0.8331256289284061 122.46296296296296 0.28703703703703703 135.5185185185185 45.333333333333336 0.018518518518518517 45.31481481481482 1.6556707999989158
26000 5.351851851851852 -0.9629583942394062 127.11111111111111 0.11728395061728396 135.5185185185185 45.333333333333336 0.0 45.333333333333336 0.9030485999974189
28000 4.0 -1.0 127.24074074074075 0.13425925925925927 135.5185185185185 45.333333333333336 0.0 45.333333333333336 1.0927250000022468
30000 26.333333333333332 0.006221169673003415 121.85185185185185 0.3271604938271605 135.5185185185185 45.333333333333336 0.018518518518518517 45.31481481481482 1.7905353000023752
32000 26.296296296296298 0.005363644847875347 121.31481481481481 0.3302469135802469 135.5185185185185 45.333333333333336 0.018518518518518517 45.31481481481482 1.7051317000004929
34000 24.685185185185187 0.00483886403135322 121.72222222222223 0.3132716049382716 135.5185185185185 45.333333333333336 0.018518518518518517 45.31481481481482 1.7291033000001335
36000 28.11111111111111 0.0051356509753606285 120.29629629629629 0.3564814814814814 135.5185185185185 45.333333333333336 0.018518518518518517 45.31481481481482 1.7203225000048405
38000 28.703703703703702 0.0053868830653772334 122.53703703703704 0.271604938271605 135.5185185185185 45.333333333333336 0.0 45.333333333333336 1.6419376000048942
40000 8.407407407407407 -0.09098941053922134 125.79629629629629 0.13425925925925924 135.5185185185185 45.333333333333336 0.0 45.333333333333336 1.8110331000061706
42000 7.703703703703703 0.0013596992949396257 125.92592592592592 0.13888888888888887 135.5185185185185 45.333333333333336 0.018518518518518517 45.31481481481482 1.718471900006989
44000 21.037037037037038 0.005620000570233647 123.31481481481481 0.220679012345679 135.5185185185185 45.333333333333336 0.018518518518518517 45.31481481481482 1.7386597000004258
46000 18.48148148148148 -0.12584586108797022 123.87037037037037 0.25000000000000006 135.5185185185185 45.333333333333336 0.018518518518518517 45.31481481481482 1.7111455999984173
48000 13.425925925925926 0.002400309620442278 125.27777777777777 0.20679012345679015 135.5185185185185 45.333333333333336 0.018518518518518517 45.31481481481482 1.838667500000156
50000 11.314814814814815 0.00233758043021004 125.33333333333333 0.2191358024691358 135.5185185185185 45.333333333333336 0.0 45.333333333333336 1.7708129000020563
52000 12.592592592592593 0.004063786367831608 125.33333333333333 0.2191358024691358 135.5185185185185 45.333333333333336 0.0 45.333333333333336 1.8007795000012266
54000 18.185185185185187 0.0036629556620915503 124.38888888888889 0.24537037037037038 135.5185185185185 45.333333333333336 0.0 45.333333333333336 1.7458145999989938
56000 15.148148148148149 0.0023788929391452916 124.62962962962963 0.24228395061728397 135.5185185185185 45.333333333333336 0.0 45.333333333333336 1.8222524000011617
58000 9.944444444444445 0.0016274608471675027 125.55555555555556 0.18981481481481483 135.5185185185185 45.333333333333336 0.0 45.333333333333336 1.7310126000011223
60000 16.22222222222222 0.0034459620521969502 124.57407407407408 0.22067901234567902 135.5185185185185 45.333333333333336 0.0 45.333333333333336 1.7373453999971389
62000 21.685185185185187 0.0058125062158454425 124.24074074074075 0.24382716049382722 135.5185185185185 45.333333333333336 0.0 45.333333333333336 1.8275241000010283
64000 17.74074074074074 0.003464038112149636 124.5925925925926 0.22067901234567908 135.5185185185185 45.333333333333336 0.0 45.333333333333336 1.7840494000047329
66000 18.61111111111111 0.0032703341895389125 124.57407407407408 0.22839506172839508 135.5185185185185 45.333333333333336 0.0 45.333333333333336 1.7278535000004922
68000 20.11111111111111 0.00326276244831468 124.0 0.23919753086419757 135.5185185185185 45.333333333333336 0.0 45.333333333333336 1.676730300001509
70000 29.38888888888889 -0.015079533738140636 122.5 0.3040123456790123 135.5185185185185 45.333333333333336 0.0 45.333333333333336 1.7706581000020378
72000 29.185185185185187 0.004061067596393452 122.22222222222223 0.30555555555555547 135.5185185185185 45.333333333333336 0.0 45.333333333333336 1.8442666999981157
74000 28.444444444444443 -0.03337174150118411 122.38888888888889 0.3503086419753086 135.5185185185185 45.333333333333336 0.0 45.333333333333336 1.7908678999956464
76000 29.64814814814815 -0.03307703107953624 122.18518518518519 0.33487654320987653 135.5185185185185 45.333333333333336 0.0 45.333333333333336 1.722424499996123
78000 34.48148148148148 -0.06760477276207895 122.05555555555556 0.3379629629629629 135.5185185185185 45.333333333333336 0.0 45.333333333333336 1.840423900001042
80000 24.98148148148148 -0.12611652623967895 123.07407407407408 0.2916666666666667 135.5185185185185 45.333333333333336 0.0 45.333333333333336 1.5735849000047892
82000 24.98148148148148 -0.14687032821040474 122.24074074074075 0.30864197530864196 135.5185185185185 45.333333333333336 0.0 45.333333333333336 1.7639534999980242
84000 30.962962962962962 0.005268529638695973 121.5 0.3996913580246914 135.5185185185185 45.333333333333336 0.0 45.333333333333336 1.735878600004071
86000 36.407407407407405 0.004198728972169584 120.92592592592592 0.4537037037037038 135.5185185185185 45.333333333333336 0.0 45.333333333333336 1.653754500002833
88000 26.38888888888889 0.007464253050987134 122.29629629629629 0.3842592592592593 135.5185185185185 45.333333333333336 0.0 45.333333333333336 1.7351902000009432
90000 17.203703703703702 -1.0 122.88888888888889 0.36111111111111116 135.5185185185185 45.333333333333336 0.0 45.333333333333336 1.7083073999965563
92000 6.462962962962963 -0.9256784114500926 125.79629629629629 0.14660493827160492 135.5185185185185 45.333333333333336 0.0 45.333333333333336 1.3994147000048542
94000 25.37037037037037 0.0059217854633862085 122.55555555555556 0.2808641975308642 135.5185185185185 45.333333333333336 0.0 45.333333333333336 1.6672490000055404
96000 24.14814814814815 -0.0126835229088287 122.55555555555556 0.3040123456790123 135.5185185185185 45.333333333333336 0.0 45.333333333333336 1.7456253999989713
98000 26.11111111111111 0.003680330075064247 122.12962962962963 0.28703703703703703 135.5185185185185 45.333333333333336 0.0 45.333333333333336 1.825125499999558
100000 60.333333333333336 0.011357182990706158 119.70370370370371 0.42592592592592593 135.5185185185185 45.333333333333336 0.018518518518518517 45.31481481481482 1.7223156000036397
102000 70.66666666666667 0.027676908620080386 120.07407407407408 0.40895061728395055 135.5185185185185 45.333333333333336 0.018518518518518517 45.31481481481482 1.7454412000006414
104000 34.148148148148145 0.009003841621059619 121.92592592592592 0.32098765432098764 135.5185185185185 45.333333333333336 0.018518518518518517 45.31481481481482 1.693696700000146
106000 59.833333333333336 0.010308604525368501 119.42592592592592 0.4166666666666666 135.5185185185185 45.333333333333336 0.018518518518518517 45.31481481481482 1.7573867999963113
108000 69.68518518518519 0.02007872671985519 119.29629629629629 0.43981481481481477 135.5185185185185 45.333333333333336 0.018518518518518517 45.31481481481482 1.7906183000013698
110000 28.98148148148148 0.002614983220155597 121.85185185185185 0.32716049382716045 135.5185185185185 45.333333333333336 0.0 45.333333333333336 1.7961800999983097
112000 26.574074074074073 0.005806401600301462 121.74074074074075 0.316358024691358 135.5185185185185 45.333333333333336 0.0 45.333333333333336 1.9439553999982309
114000 44.648148148148145 -0.3034490340205971 122.9074074074074 0.2746913580246914 135.5185185185185 45.333333333333336 0.0 45.333333333333336 1.5421090000018012
116000 65.12962962962963 0.011098300523516695 119.27777777777777 0.4151234567901234 135.5185185185185 45.333333333333336 0.018518518518518517 45.31481481481482 1.7289566000035848
118000 76.4074074074074 0.01123689366682336 119.03703703703704 0.4567901234567901 135.5185185185185 45.333333333333336 0.018518518518518517 45.31481481481482 1.7400096999990637
120000 72.72222222222223 0.01032174834495 119.81481481481481 0.441358024691358 135.5185185185185 45.333333333333336 0.018518518518518517 45.31481481481482 1.7170554000040283
122000 79.74074074074075 0.012242248765876176 119.01851851851852 0.4691358024691358 135.5185185185185 45.333333333333336 0.018518518518518517 45.31481481481482 1.5921049999960815
124000 103.57407407407408 0.02459691431108981 118.92592592592592 0.5015432098765432 135.5185185185185 45.333333333333336 0.018518518518518517 45.31481481481482 1.782776100000774
126000 47.46296296296296 -0.9615556587921167 120.87037037037037 0.43055555555555547 135.5185185185185 45.333333333333336 0.0 45.333333333333336 1.4121441000024788
128000 140.16666666666666 0.04721512138823658 117.87037037037037 0.523148148148148 135.5185185185185 45.333333333333336 0.018518518518518517 45.31481481481482 1.81602379999822
130000 104.35185185185185 0.026232019489409713 118.79629629629629 0.4953703703703703 135.5185185185185 45.333333333333336 0.018518518518518517 45.31481481481482 1.7627200999995694
132000 99.48148148148148 0.025705420045848772 119.25925925925925 0.47685185185185186 135.5185185185185 45.333333333333336 0.018518518518518517 45.31481481481482 1.790979999997944
134000 71.12962962962963 0.011646997131994772 119.51851851851852 0.41975308641975306 135.5185185185185 45.333333333333336 0.018518518518518517 45.31481481481482 1.6921426999979303
136000 103.53703703703704 0.023680040164067457 118.42592592592592 0.4907407407407406 135.5185185185185 45.333333333333336 0.018518518518518517 45.31481481481482 1.7542185000056634
138000 96.81481481481481 0.02144384117905016 118.83333333333333 0.4799382716049382 135.5185185185185 45.333333333333336 0.018518518518518517 45.31481481481482 1.7585556999983964
140000 103.01851851851852 0.012811211577818267 118.31481481481481 0.49228395061728386 135.5185185185185 45.333333333333336 0.018518518518518517 45.31481481481482 1.6425842000026023
142000 102.72222222222223 0.022282898905750376 118.44444444444444 0.4907407407407406 135.5185185185185 45.333333333333336 0.018518518518518517 45.31481481481482 1.7160270999956992
144000 123.20370370370371 0.02189305220801652 118.03703703703704 0.5046296296296295 135.5185185185185 45.333333333333336 0.018518518518518517 45.31481481481482 1.7832692000010866
146000 125.5 0.022727821643873547 117.98148148148148 0.5138888888888887 135.5185185185185 45.333333333333336 0.018518518518518517 45.31481481481482 1.7648507000048994
148000 125.5 0.022727821643873547 117.98148148148148 0.5138888888888887 135.5185185185185 45.333333333333336 0.018518518518518517 45.31481481481482 1.7577522999999928
150000 126.31481481481481 0.0231294462698961 117.96296296296296 0.5092592592592591 135.5185185185185 45.333333333333336 0.018518518518518517 45.31481481481482 1.7189013000024715
152000 124.16666666666667 0.03312357860749861 118.0 0.5092592592592591 135.5185185185185 45.333333333333336 0.018518518518518517 45.31481481481482 1.7147637000016402
154000 124.03703703703704 0.03297672491099867 118.03703703703704 0.5092592592592591 135.5185185185185 45.333333333333336 0.018518518518518517 45.31481481481482 1.7581011000002036
156000 123.44444444444444 0.032686473523467485 118.05555555555556 0.5092592592592591 135.5185185185185 45.333333333333336 0.018518518518518517 45.31481481481482 1.7715543000012985
158000 127.96296296296296 0.03614843102097776 118.01851851851852 0.5092592592592591 135.5185185185185 45.333333333333336 0.018518518518518517 45.31481481481482 1.9115657000002102
160000 123.44444444444444 0.032686473523467485 118.05555555555556 0.5092592592592591 135.5185185185185 45.333333333333336 0.018518518518518517 45.31481481481482 1.809979999998177
162000 126.27777777777777 0.034132604480147224 118.0 0.5138888888888887 135.5185185185185 45.333333333333336 0.018518518518518517 45.31481481481482 1.7272583000012673
164000 98.75925925925925 0.01903347359016188 118.44444444444444 0.49691358024691357 135.5185185185185 45.333333333333336 0.018518518518518517 45.31481481481482 1.7933514999967883
166000 105.37037037037037 0.023420999440359438 118.33333333333333 0.5061728395061729 135.5185185185185 45.333333333333336 0.018518518518518517 45.31481481481482 1.7206566000022576
168000 98.4074074074074 0.018468077037728528 118.42592592592592 0.49691358024691357 135.5185185185185 45.333333333333336 0.018518518518518517 45.31481481481482 1.7363538999998127
170000 170.55555555555554 0.05773096885614834 117.20370370370371 0.5771604938271605 135.5185185185185 45.333333333333336 0.018518518518518517 45.31481481481482 1.80131049999909
172000 132.8148148148148 0.0379664047054399 117.92592592592592 0.5046296296296295 135.5185185185185 45.333333333333336 0.018518518518518517 45.31481481481482 1.7773031999968225
174000 143.0185185185185 0.04491868461784531 117.68518518518519 0.5324074074074073 135.5185185185185 45.333333333333336 0.018518518518518517 45.31481481481482 1.7633485999976983
176000 170.55555555555554 0.05935430615167244 117.20370370370371 0.5771604938271605 135.5185185185185 45.333333333333336 0.018518518518518517 45.31481481481482 1.8560725999996066
178000 130.8148148148148 0.03802951029721328 117.98148148148148 0.5185185185185184 135.5185185185185 45.333333333333336 0.018518518518518517 45.31481481481482 1.7076229999947827
180000 163.25925925925927 0.056795226353367013 117.27777777777777 0.5756172839506173 135.5185185185185 45.333333333333336 0.018518518518518517 45.31481481481482 1.7254385000051116
182000 163.59259259259258 0.05497847453883767 117.22222222222223 0.5817901234567902 135.5185185185185 45.333333333333336 0.018518518518518517 45.31481481481482 1.7683078999980353
184000 113.12962962962963 0.029682648027712102 117.64814814814815 0.5601851851851851 135.5185185185185 45.333333333333336 0.018518518518518517 45.31481481481482 1.7914706000010483
186000 113.12962962962963 0.029682648027712102 117.64814814814815 0.5601851851851851 135.5185185185185 45.333333333333336 0.018518518518518517 45.31481481481482 1.77623339999991
188000 113.12962962962963 0.029682648027712102 117.64814814814815 0.5601851851851851 135.5185185185185 45.333333333333336 0.018518518518518517 45.31481481481482 1.8755595999973593
190000 113.12962962962963 0.026099162250476038 117.64814814814815 0.5601851851851851 135.5185185185185 45.333333333333336 0.018518518518518517 45.31481481481482 1.7025884999966365
192000 109.68518518518519 -0.09080648658083522 117.62962962962963 0.5262345679012345 135.5185185185185 45.333333333333336 0.018518518518518517 45.31481481481482 1.7092499999998836
194000 113.12962962962963 0.029682648027712102 117.64814814814815 0.5601851851851851 135.5185185185185 45.333333333333336 0.018518518518518517 45.31481481481482 1.6462012999982107
196000 113.12962962962963 0.026099162250476038 117.64814814814815 0.5601851851851851 135.5185185185185 45.333333333333336 0.018518518518518517 45.31481481481482 1.696537999996508
198000 113.44444444444444 0.02606407970602547 117.62962962962963 0.5601851851851851 135.5185185185185 45.333333333333336 0.018518518518518517 45.31481481481482 1.8147566999978153
200000 117.79629629629629 0.02938516214637821 117.5925925925926 0.5601851851851851 135.5185185185185 45.333333333333336 0.018518518518518517 45.31481481481482 1.708906300002127
202000 140.25925925925927 0.04262605690154716 117.66666666666667 0.4645061728395061 135.5185185185185 45.333333333333336 0.018518518518518517 45.31481481481482 1.7171071999982814
204000 103.12962962962963 -0.7900091739805931 118.79629629629629 0.412037037037037 135.5185185185185 45.333333333333336 0.018518518518518517 45.31481481481482 1.5399163999973098
206000 108.81481481481481 -0.034316250639911 117.87037037037037 0.4645061728395061 135.5185185185185 45.333333333333336 0.018518518518518517 45.31481481481482 1.7456793999954243
208000 139.7037037037037 -0.07109704874920895 116.94444444444444 0.5108024691358024 135.5185185185185 45.333333333333336 0.018518518518518517 45.31481481481482 1.7785831000001053
210000 120.87037037037037 -0.02411671083926739 118.24074074074075 0.4645061728395061 135.5185185185185 45.333333333333336 0.018518518518518517 45.31481481481482 1.9167096000019228
212000 98.77777777777777 -0.4849737948041436 118.68518518518519 0.43981481481481477 135.5185185185185 45.333333333333336 0.018518518518518517 45.31481481481482 1.7308798000012757
214000 97.18518518518519 -0.6589791599777305 118.5925925925926 0.4382716049382716 135.5185185185185 45.333333333333336 0.018518518518518517 45.31481481481482 1.6611537999997381
216000 130.7962962962963 0.017508618969749302 117.61111111111111 0.507716049382716 135.5185185185185 45.333333333333336 0.018518518518518517 45.31481481481482 1.7205749999993714
218000 84.98148148148148 0.015218836178357268 118.9074074074074 0.43981481481481466 135.5185185185185 45.333333333333336 0.018518518518518517 45.31481481481482 1.7136691999985487
220000 110.77777777777777 0.005841378142719893 117.85185185185185 0.4645061728395061 135.5185185185185 45.333333333333336 0.018518518518518517 45.31481481481482 1.704316800001834
222000 92.46296296296296 0.014260529156147752 118.5925925925926 0.449074074074074 135.5185185185185 45.333333333333336 0.018518518518518517 45.31481481481482 1.6593775000001187
224000 92.64814814814815 0.01429726043827608 118.68518518518519 0.4753086419753086 135.5185185185185 45.333333333333336 0.018518518518518517 45.31481481481482 1.7009764999966137
226000 78.96296296296296 0.008526541384594662 118.79629629629629 0.44444444444444436 135.5185185185185 45.333333333333336 0.018518518518518517 45.31481481481482 1.7552482000028249
228000 101.85185185185185 0.020912931229072403 118.48148148148148 0.48456790123456783 135.5185185185185 45.333333333333336 0.018518518518518517 45.31481481481482 1.7036617999983719
230000 103.79629629629629 0.022030577179698325 118.35185185185185 0.45370370370370366 135.5185185185185 45.333333333333336 0.018518518518518517 45.31481481481482 1.707138899997517
232000 92.42592592592592 0.018783076992183116 118.48148148148148 0.449074074074074 135.5185185185185 45.333333333333336 0.018518518518518517 45.31481481481482 1.764437399993767
234000 92.25925925925925 0.01864602181581485 118.5 0.449074074074074 135.5185185185185 45.333333333333336 0.018518518518518517 45.31481481481482 1.7810691999984556
236000 122.64814814814815 0.03312736784424744 117.79629629629629 0.49845679012345673 135.5185185185185 45.333333333333336 0.018518518518518517 45.31481481481482 1.8286271000033594
238000 108.5 0.022992471146815654 118.05555555555556 0.449074074074074 135.5185185185185 45.333333333333336 0.018518518518518517 45.31481481481482 1.7833649999956833
240000 167.12962962962962 0.050469400969858365 116.72222222222223 0.5046296296296295 135.5185185185185 45.333333333333336 0.018518518518518517 45.31481481481482 1.722700900005293
242000 130.77777777777777 0.030992693355330628 117.83333333333333 0.46141975308641975 135.5185185185185 45.333333333333336 0.018518518518518517 45.31481481481482 1.7287976000006893
244000 184.40740740740742 0.05992330035872371 116.31481481481481 0.5262345679012345 135.5185185185185 45.333333333333336 0.018518518518518517 45.31481481481482 1.8444568000049912
246000 183.88888888888889 0.05963848245696795 116.37037037037037 0.5262345679012345 135.5185185185185 45.333333333333336 0.018518518518518517 45.31481481481482 1.7995345999952406
248000 177.46296296296296 0.055591094117673864 116.74074074074075 0.5169753086419752 135.5185185185185 45.333333333333336 0.018518518518518517 45.31481481481482 1.6788127999971039
250000 184.27777777777777 0.059310311885207724 116.4074074074074 0.5324074074074073 135.5185185185185 45.333333333333336 0.018518518518518517 45.31481481481482 1.7626693999991403
252000 180.96296296296296 0.057410537946958 116.64814814814815 0.5216049382716049 135.5185185185185 45.333333333333336 0.018518518518518517 45.31481481481482 1.8079144000002998
254000 149.61111111111111 0.04013851391830315 117.44444444444444 0.5262345679012346 135.5185185185185 45.333333333333336 0.018518518518518517 45.31481481481482 1.8119871000017156
256000 143.03703703703704 0.037739281508666206 117.53703703703704 0.5246913580246912 135.5185185185185 45.333333333333336 0.018518518518518517 45.31481481481482 1.7273365000000922
258000 139.24074074074073 0.03643896517904651 117.61111111111111 0.5246913580246912 135.5185185185185 45.333333333333336 0.018518518518518517 45.31481481481482 1.727435400003742
260000 181.55555555555554 0.05719663484668572 116.92592592592592 0.49537037037037035 135.5185185185185 45.333333333333336 0.018518518518518517 45.31481481481482 1.658661100002064
262000 124.35185185185185 -0.6845063772500279 118.27777777777777 0.4799382716049382 135.5185185185185 45.333333333333336 0.018518518518518517 45.31481481481482 1.7361655999993673
264000 132.55555555555554 0.03363782332642611 117.35185185185185 0.5478395061728395 135.5185185185185 45.333333333333336 0.018518518518518517 45.31481481481482 1.7598938000010094
266000 123.68518518518519 0.02535061802174441 118.29629629629629 0.5462962962962963 135.5185185185185 45.333333333333336 0.018518518518518517 45.31481481481482 1.7663963999948464
268000 104.35185185185185 0.018184144233899188 118.70370370370371 0.5308641975308641 135.5185185185185 45.333333333333336 0.018518518518518517 45.31481481481482 1.7552943999980926
270000 123.27777777777777 0.030279362621646655 118.88888888888889 0.4922839506172838 135.5185185185185 45.333333333333336 0.018518518518518517 45.31481481481482 1.695475799999258
272000 124.18518518518519 0.03486669899084777 118.87037037037037 0.4922839506172838 135.5185185185185 45.333333333333336 0.018518518518518517 45.31481481481482 1.7152958000006038
274000 124.4074074074074 0.0295393395574733 118.87037037037037 0.5015432098765431 135.5185185185185 45.333333333333336 0.018518518518518517 45.31481481481482 1.704695400003402
276000 117.16666666666667 0.02543905528620453 118.94444444444444 0.5061728395061726 135.5185185185185 45.333333333333336 0.018518518518518517 45.31481481481482 1.7860887999995612
278000 111.37037037037037 0.019511735167036436 118.68518518518519 0.4799382716049382 135.5185185185185 45.333333333333336 0.018518518518518517 45.31481481481482 1.7218199999988428
280000 144.0185185185185 0.04061844598649354 117.9074074074074 0.5015432098765431 135.5185185185185 45.333333333333336 0.018518518518518517 45.31481481481482 1.7958290000024135
282000 142.35185185185185 0.03982365024233673 117.9074074074074 0.49228395061728386 135.5185185185185 45.333333333333336 0.018518518518518517 45.31481481481482 1.7730001000018092
284000 128.37037037037038 0.026752463856117417 118.01851851851852 0.5200617283950616 135.5185185185185 45.333333333333336 0.018518518518518517 45.31481481481482 1.7142710000043735
286000 129.96296296296296 0.028572407754672693 117.94444444444444 0.5123456790123456 135.5185185185185 45.333333333333336 0.018518518518518517 45.31481481481482 1.9728762000013376
288000 121.29629629629629 0.020513650300013155 117.9074074074074 0.49999999999999994 135.5185185185185 45.333333333333336 0.018518518518518517 45.31481481481482 1.722174599999562
290000 180.75925925925927 0.008289211073998728 117.64814814814815 0.5308641975308641 135.5185185185185 45.333333333333336 0.018518518518518517 45.31481481481482 1.8380114000028698
292000 208.25925925925927 0.0464459525873518 117.33333333333333 0.5185185185185185 135.5185185185185 45.333333333333336 0.018518518518518517 45.31481481481482 1.8989714000053937
294000 242.16666666666666 0.08185757756271793 117.14814814814815 0.5262345679012345 135.5185185185185 45.333333333333336 0.018518518518518517 45.31481481481482 1.7832651999997324
296000 260.51851851851853 0.06305154479835881 117.0925925925926 0.5185185185185185 135.5185185185185 45.333333333333336 0.018518518518518517 45.31481481481482 1.7299713000029442
298000 258.85185185185185 -0.02022880673204827 117.18518518518519 0.5185185185185185 135.5185185185185 45.333333333333336 0.018518518518518517 45.31481481481482 1.7376225999978487
300000 254.12962962962962 -0.27983889493222336 117.25925925925925 0.523148148148148 135.5185185185185 45.333333333333336 0.018518518518518517 45.31481481481482 1.7793415999985882
302000 242.05555555555554 -0.4692772662238197 117.46296296296296 0.5046296296296295 135.5185185185185 45.333333333333336 0.0 45.333333333333336 1.7617467000018223
304000 209.4814814814815 -0.6231323969415219 117.83333333333333 0.5432098765432098 135.5185185185185 45.333333333333336 0.0 45.333333333333336 1.6349437999961083
306000 176.9814814814815 -0.22547657779406835 117.66666666666667 0.5416666666666666 135.5185185185185 45.333333333333336 0.018518518518518517 45.31481481481482 1.6691250000003492
308000 215.22222222222223 -0.6897910666964019 117.79629629629629 0.5061728395061728 135.5185185185185 45.333333333333336 0.0 45.333333333333336 1.6695486000025994
310000 185.83333333333334 -0.4174449836354156 117.74074074074075 0.5154320987654321 135.5185185185185 45.333333333333336 0.0 45.333333333333336 1.7406689999988885
312000 180.35185185185185 -0.6705743940026565 117.98148148148148 0.5262345679012346 135.5185185185185 45.333333333333336 0.0 45.333333333333336 1.7269534000006388
314000 187.16666666666666 -0.729496645088619 117.9074074074074 0.5030864197530863 135.5185185185185 45.333333333333336 0.0 45.333333333333336 1.6570175000015297
316000 170.75925925925927 -0.729483195386508 117.92592592592592 0.5169753086419753 135.5185185185185 45.333333333333336 0.0 45.333333333333336 1.732734499993967
318000 203.9814814814815 -0.7397805877065695 117.96296296296296 0.5308641975308641 135.5185185185185 45.333333333333336 0.0 45.333333333333336 1.6261763000002247
320000 262.2037037037037 -0.7033978832683198 117.51851851851852 0.5262345679012346 135.5185185185185 45.333333333333336 0.0 45.333333333333336 1.6178784000003361
322000 235.22222222222223 -0.7834644550369629 117.61111111111111 0.5200617283950616 135.5185185185185 45.333333333333336 0.0 45.333333333333336 1.688320700006443
324000 236.5 -0.863816098953283 117.57407407407408 0.5216049382716048 135.5185185185185 45.333333333333336 0.0 45.333333333333336 1.7564455999963684
326000 240.05555555555554 -0.8993118454675866 117.62962962962963 0.5216049382716048 135.5185185185185 45.333333333333336 0.0 45.333333333333336 1.647714899998391
328000 236.22222222222223 -0.901835527545921 117.62962962962963 0.5092592592592592 135.5185185185185 45.333333333333336 0.0 45.333333333333336 1.7090772000010475
330000 362.74074074074076 -0.3466481223880126 115.85185185185185 0.6064814814814815 135.5185185185185 45.333333333333336 0.0 45.333333333333336 1.6958538000035333
332000 312.1296296296296 -0.7170481663860436 116.35185185185185 0.5864197530864197 135.5185185185185 45.333333333333336 0.0 45.333333333333336 1.7438054000012926
334000 312.81481481481484 -0.8399222820418278 116.20370370370371 0.566358024691358 135.5185185185185 45.333333333333336 0.0 45.333333333333336 1.759705300006317
336000 315.24074074074076 -0.8574036109073603 116.18518518518519 0.5725308641975307 135.5185185185185 45.333333333333336 0.0 45.333333333333336 1.6623394999987795
338000 354.5 -0.6078814523367568 115.92592592592592 0.6003086419753086 135.5185185185185 45.333333333333336 0.0 45.333333333333336 1.6349357999934
340000 301.0740740740741 -1.0 116.18518518518519 0.566358024691358 135.5185185185185 45.333333333333336 0.0 45.333333333333336 1.5530307999943034
342000 301.0740740740741 -1.0 116.18518518518519 0.566358024691358 135.5185185185185 45.333333333333336 0.0 45.333333333333336 1.6758134999981849
344000 314.9074074074074 -0.9763156559091128 116.12962962962963 0.5756172839506172 135.5185185185185 45.333333333333336 0.0 45.333333333333336 1.6259112999978242
346000 293.5 -0.9776011729786453 115.88888888888889 0.5895061728395061 135.5185185185185 45.333333333333336 0.0 45.333333333333336 1.6812252000017907
348000 286.6111111111111 -1.0 115.9074074074074 0.5895061728395061 135.5185185185185 45.333333333333336 0.0 45.333333333333336 1.7615736999941873
350000 320.6296296296296 -0.9317812816023474 115.79629629629629 0.6049382716049382 135.5185185185185 45.333333333333336 0.0 45.333333333333336 1.66570650000358
352000 283.14814814814815 -1.0 115.92592592592592 0.5895061728395061 135.5185185185185 45.333333333333336 0.0 45.333333333333336 1.6804208000030485
354000 290.037037037037 -0.9776011729786453 115.9074074074074 0.5895061728395061 135.5185185185185 45.333333333333336 0.0 45.333333333333336 1.6721901000055368
356000 305.7037037037037 -0.9333546868576529 116.38888888888889 0.5663580246913581 135.5185185185185 45.333333333333336 0.0 45.333333333333336 1.6904834000015398
358000 323.9259259259259 -0.8551716686368596 116.5925925925926 0.5910493827160493 135.5185185185185 45.333333333333336 0.0 45.333333333333336 1.6478533999979845
360000 253.09259259259258 -0.9574967161711089 116.5 0.5401234567901234 135.5185185185185 45.333333333333336 0.018518518518518517 45.31481481481482 1.6221723999988171
362000 357.462962962963 -0.7616313709082537 116.14814814814815 0.5895061728395061 135.5185185185185 45.333333333333336 0.0 45.333333333333336 1.682933399999456
364000 274.0 -0.9330139649824061 116.31481481481481 0.5540123456790124 135.5185185185185 45.333333333333336 0.0 45.333333333333336 1.6839107999985572
366000 313.537037037037 -0.9353427730889279 116.51851851851852 0.5663580246913581 135.5185185185185 45.333333333333336 0.0 45.333333333333336 1.5596241999955964
368000 254.07407407407408 -0.8950273602117872 116.37037037037037 0.5632716049382717 135.5185185185185 45.333333333333336 0.018518518518518517 45.31481481481482 1.643641499998921
370000 264.6296296296296 -0.8756079931843354 116.4074074074074 0.5401234567901234 135.5185185185185 45.333333333333336 0.018518518518518517 45.31481481481482 1.6342476999998325
372000 248.24074074074073 -0.9014988928329922 116.5925925925926 0.5401234567901234 135.5185185185185 45.333333333333336 0.018518518518518517 45.31481481481482 1.6332899999979418
374000 304.9074074074074 -0.8624473565679951 116.51851851851852 0.58179012345679 135.5185185185185 45.333333333333336 0.0 45.333333333333336 1.7703068999981042
376000 292.537037037037 -0.941965397716976 117.16666666666667 0.5632716049382717 135.5185185185185 45.333333333333336 0.0 45.333333333333336 1.6747048000033828
378000 307.31481481481484 -0.915816105974523 117.0 0.58179012345679 135.5185185185185 45.333333333333336 0.0 45.333333333333336 1.7242905999955838
380000 247.61111111111111 -0.9407687546110692 117.22222222222223 0.5555555555555556 135.5185185185185 45.333333333333336 0.018518518518518517 45.31481481481482 1.5875715000001946
382000 306.6111111111111 -0.9366280086721652 116.61111111111111 0.5709876543209875 135.5185185185185 45.333333333333336 0.0 45.333333333333336 1.6125335000033374
384000 312.48148148148147 -0.8835522519993468 116.53703703703704 0.5617283950617283 135.5185185185185 45.333333333333336 0.0 45.333333333333336 1.607551399996737
386000 306.6111111111111 -0.9370556583715848 116.61111111111111 0.5709876543209875 135.5185185185185 45.333333333333336 0.0 45.333333333333336 1.6723978000009083
388000 315.85185185185185 -0.8699470750344345 116.66666666666667 0.5524691358024691 135.5185185185185 45.333333333333336 0.0 45.333333333333336 1.691895400006615
390000 305.85185185185185 -0.8923937388334662 116.77777777777777 0.5524691358024691 135.5185185185185 45.333333333333336 0.0 45.333333333333336 1.6488557999982731
392000 303.5925925925926 -0.8895777603648212 116.75925925925925 0.5524691358024691 135.5185185185185 45.333333333333336 0.0 45.333333333333336 1.7579050999993342
394000 306.1666666666667 -0.8980001619554514 116.64814814814815 0.5802469135802469 135.5185185185185 45.333333333333336 0.0 45.333333333333336 1.6088646999996854
396000 289.85185185185185 -0.9417241741384558 117.14814814814815 0.5540123456790124 135.5185185185185 45.333333333333336 0.0 45.333333333333336 1.6267950999972527
398000 295.1666666666667 -0.981298832499194 117.20370370370371 0.5447530864197531 135.5185185185185 45.333333333333336 0.0 45.333333333333336 1.6369561000028625
400000 292.7962962962963 -0.9626406963712872 117.14814814814815 0.5540123456790124 135.5185185185185 45.333333333333336 0.0 45.333333333333336 1.6796845000062604
402000 305.81481481481484 -0.8773401493652648 116.75925925925925 0.558641975308642 135.5185185185185 45.333333333333336 0.0 45.333333333333336 1.6796998999998323
404000 305.6666666666667 -0.9196025098713337 116.51851851851852 0.5679012345679012 135.5185185185185 45.333333333333336 0.0 45.333333333333336 1.632577999997011
406000 297.6296296296296 -0.9626406963712872 116.92592592592592 0.5632716049382717 135.5185185185185 45.333333333333336 0.0 45.333333333333336 1.6914229999965755
408000 302.22222222222223 -0.9392928835604825 116.85185185185185 0.5725308641975309 135.5185185185185 45.333333333333336 0.0 45.333333333333336 1.7279711999944993
410000 301.0740740740741 -0.9608867811346816 116.88888888888889 0.5725308641975309 135.5185185185185 45.333333333333336 0.0 45.333333333333336 1.667790799998329
412000 300.1111111111111 -0.9626010132855279 116.94444444444444 0.5540123456790124 135.5185185185185 45.333333333333336 0.0 45.333333333333336 1.6775204000005033
414000 259.68518518518516 -0.9160409387362849 116.72222222222223 0.5694444444444444 135.5185185185185 45.333333333333336 0.018518518518518517 45.31481481481482 1.6286805999989156
416000 251.1851851851852 -0.9576196136994904 116.85185185185185 0.5632716049382717 135.5185185185185 45.333333333333336 0.018518518518518517 45.31481481481482 1.8461243999990984
418000 246.90740740740742 -0.9789616026506073 116.85185185185185 0.558641975308642 135.5185185185185 45.333333333333336 0.018518518518518517 45.31481481481482 1.8092664000068908
420000 254.9814814814815 -0.9804564018480169 116.88888888888889 0.5694444444444444 135.5185185185185 45.333333333333336 0.018518518518518517 45.31481481481482 1.7996947999999975
422000 247.09259259259258 -1.0 116.9074074074074 0.5679012345679012 135.5185185185185 45.333333333333336 0.018518518518518517 45.31481481481482 1.7446582000047783
424000 302.81481481481484 -1.0 116.94444444444444 0.5679012345679012 135.5185185185185 45.333333333333336 0.0 45.333333333333336 1.8851030000005267
426000 302.81481481481484 -1.0 116.94444444444444 0.5679012345679012 135.5185185185185 45.333333333333336 0.0 45.333333333333336 1.7791489000010188
428000 302.81481481481484 -1.0 116.94444444444444 0.5679012345679012 135.5185185185185 45.333333333333336 0.0 45.333333333333336 1.7261218999992707
430000 302.81481481481484 -1.0 116.94444444444444 0.5679012345679012 135.5185185185185 45.333333333333336 0.0 45.333333333333336 1.7254625000059605
432000 302.81481481481484 -1.0 116.94444444444444 0.5679012345679012 135.5185185185185 45.333333333333336 0.0 45.333333333333336 1.7910814999995637
434000 301.44444444444446 -1.0 116.88888888888889 0.5632716049382717 135.5185185185185 45.333333333333336 0.0 45.333333333333336 1.8300050999969244
436000 302.81481481481484 -1.0 116.94444444444444 0.5679012345679012 135.5185185185185 45.333333333333336 0.0 45.333333333333336 1.7768034000037005
438000 304.0925925925926 -0.9563251575855456 116.77777777777777 0.5632716049382717 135.5185185185185 45.333333333333336 0.0 45.333333333333336 1.9023580999928527
440000 289.5740740740741 -0.9798875848809763 115.88888888888889 0.5895061728395061 135.5185185185185 45.333333333333336 0.0 45.333333333333336 1.97789819999889
442000 302.81481481481484 -1.0 116.94444444444444 0.5679012345679012 135.5185185185185 45.333333333333336 0.0 45.333333333333336 1.811870400000771
444000 306.8333333333333 -0.9790115331783089 116.14814814814815 0.5725308641975309 135.5185185185185 45.333333333333336 0.0 45.333333333333336 1.7736000000004424
446000 302.3333333333333 -1.0 116.27777777777777 0.5725308641975309 135.5185185185185 45.333333333333336 0.0 45.333333333333336 1.755950099999609
448000 305.5925925925926 -1.0 116.29629629629629 0.5771604938271605 135.5185185185185 45.333333333333336 0.0 45.333333333333336 1.7622358000007807
450000 306.24074074074076 -0.9790115331783089 116.14814814814815 0.5771604938271605 135.5185185185185 45.333333333333336 0.0 45.333333333333336 1.7981529000026057
452000 306.0740740740741 -1.0 116.27777777777777 0.5725308641975309 135.5185185185185 45.333333333333336 0.0 45.333333333333336 1.7075264000013703
454000 322.8333333333333 -0.9114149190712728 115.94444444444444 0.5895061728395061 135.5185185185185 45.333333333333336 0.0 45.333333333333336 1.9081856000047992
456000 291.2037037037037 -0.9790115331783089 115.87037037037037 0.5895061728395061 135.5185185185185 45.333333333333336 0.0 45.333333333333336 1.6942745999986073
458000 304.48148148148147 -0.9725589223688655 116.22222222222223 0.5725308641975309 135.5185185185185 45.333333333333336 0.0 45.333333333333336 1.6999087000003783
460000 315.6111111111111 -0.930532496586396 115.98148148148148 0.5987654320987654 135.5185185185185 45.333333333333336 0.0 45.333333333333336 1.667453399997612
462000 301.8888888888889 -1.0 116.29629629629629 0.5725308641975309 135.5185185185185 45.333333333333336 0.0 45.333333333333336 1.7361430999953882
464000 291.2037037037037 -0.9790115331783089 115.87037037037037 0.5895061728395061 135.5185185185185 45.333333333333336 0.0 45.333333333333336 1.7595356999954674
466000 301.8888888888889 -1.0 116.29629629629629 0.5725308641975309 135.5185185185185 45.333333333333336 0.0 45.333333333333336 1.7294705000022077
468000 291.2037037037037 -0.9790115331783089 115.87037037037037 0.5895061728395061 135.5185185185185 45.333333333333336 0.0 45.333333333333336 1.8517544999995152
470000 245.83333333333334 -1.0 116.83333333333333 0.5632716049382717 135.5185185185185 45.333333333333336 0.018518518518518517 45.31481481481482 1.746118299997761
472000 301.74074074074076 -1.0 116.20370370370371 0.5771604938271605 135.5185185185185 45.333333333333336 0.0 45.333333333333336 1.7397630999985267
474000 291.2037037037037 -0.9790115331783089 115.87037037037037 0.5895061728395061 135.5185185185185 45.333333333333336 0.0 45.333333333333336 1.7632502000051318
476000 307.05555555555554 -0.9790115331783089 116.14814814814815 0.5725308641975309 135.5185185185185 45.333333333333336 0.0 45.333333333333336 1.7473167999996804
478000 245.53703703703704 -0.977240449389641 116.87037037037037 0.5540123456790124 135.5185185185185 45.333333333333336 0.018518518518518517 45.31481481481482 1.7884865000014543
480000 246.38888888888889 -0.9802587487740847 116.83333333333333 0.5632716049382717 135.5185185185185 45.333333333333336 0.018518518518518517 45.31481481481482 1.7964062999963062
482000 302.81481481481484 -1.0 116.94444444444444 0.5679012345679012 135.5185185185185 45.333333333333336 0.0 45.333333333333336 1.7379828000048292
484000 246.2037037037037 -1.0 116.81481481481481 0.558641975308642 135.5185185185185 45.333333333333336 0.018518518518518517 45.31481481481482 1.6382827999987057
486000 238.85185185185185 -1.0 116.9074074074074 0.5540123456790124 135.5185185185185 45.333333333333336 0.018518518518518517 45.31481481481482 1.7243958999970346
488000 289.85185185185185 -1.0 116.5 0.5679012345679012 135.5185185185185 45.333333333333336 0.0 45.333333333333336 1.7125292999990052
490000 302.27777777777777 -1.0 116.27777777777777 0.5725308641975309 135.5185185185185 45.333333333333336 0.0 45.333333333333336 1.7097428000051877
492000 306.7037037037037 -1.0 116.29629629629629 0.5771604938271605 135.5185185185185 45.333333333333336 0.0 45.333333333333336 1.7651908999978332
494000 303.1111111111111 -1.0 116.24074074074075 0.5725308641975309 135.5185185185185 45.333333333333336 0.0 45.333333333333336 1.6437221999949543
496000 291.2037037037037 -0.9790115331783089 115.87037037037037 0.5895061728395061 135.5185185185185 45.333333333333336 0.0 45.333333333333336 1.5803635999982362
498000 286.6111111111111 -1.0 115.9074074074074 0.5895061728395061 135.5185185185185 45.333333333333336 0.0 45.333333333333336 1.4408017999958247
500000 352.01851851851853 -0.8641607409503577 115.64814814814815 0.5987654320987653 135.5185185185185 45.333333333333336 0.0 45.333333333333336 1.7902600999950664
