2000 0.9807692307692307 -0.9230542225890466 128.94230769230768 0.05128205128205128 135.46153846153845 45.30769230769231 0.0 45.30769230769231 1.1118589999969117
4000 1.7692307692307692 -0.9229911593579109 128.40384615384616 0.10096153846153846 135.46153846153845 45.30769230769231 0.0 45.30769230769231 1.2127659999969183
6000 1.1923076923076923 -0.9807690044739936 128.26923076923077 0.06570512820512821 135.46153846153845 45.30769230769231 0.0 45.30769230769231 0.913979199998721
8000 1.8269230769230769 -0.7883626118881897 127.4423076923077 0.11057692307692306 135.46153846153845 45.30769230769231 0.0 45.30769230769231 1.1275686000008136
10000 1.5384615384615385 -0.7691815230766136 127.8076923076923 0.09294871794871794 135.46153846153845 45.30769230769231 0.0 45.30769230769231 1.3090022999967914
12000 5.096153846153846 -0.4987028990032113 126.9423076923077 0.1266025641025641 135.46153846153845 45.30769230769231 0.0 45.30769230769231 1.1979563999993843
14000 3.6923076923076925 -0.6726658449465325 127.1923076923077 0.1169871794871795 135.46153846153845 45.30769230769231 0.0 45.30769230769231 1.2187522000022
16000 5.923076923076923 -0.2873236460277911 126.5 0.1650641025641026 135.46153846153845 45.30769230769231 0.0 45.30769230769231 1.4271547999960603
18000 5.115384615384615 -0.6534415418011276 126.82692307692308 0.13301282051282054 135.46153846153845 45.30769230769231 0.0 45.30769230769231 1.386252999996941
20000 4.3076923076923075 -0.6533735795901408 126.78846153846153 0.1266025641025641 135.46153846153845 45.30769230769231 0.0 45.30769230769231 1.6300342000031378
22000 4.5 -0.4225476462805985 127.01923076923077 0.10096153846153846 135.46153846153845 45.30769230769231 0.0 45.30769230769231 1.6355870999977924
24000 4.461538461538462 -0.23035906901063802 126.42307692307692 0.16346153846153846 135.46153846153845 45.30769230769231 0.0 45.30769230769231 1.6720217999973102
26000 2.6538461538461537 0.00034045658452048545 126.92307692307692 0.15064102564102566 135.46153846153845 45.30769230769231 0.0 45.30769230769231 1.606528399999661
28000 3.1923076923076925 -0.05726373210752099 126.40384615384616 0.19871794871794873 135.46153846153845 45.30769230769231 0.0 45.30769230769231 1.6280709999991814
30000 4.865384615384615 0.0008495665731249528 126.42307692307692 0.18429487179487178 135.46153846153845 45.30769230769231 0.0 45.30769230769231 1.581749499993748
32000 13.788461538461538 0.0029055386034689355 124.15384615384616 0.27724358974358976 135.46153846153845 45.30769230769231 0.0 45.30769230769231 1.6280321000012918
34000 18.28846153846154 0.0055737950683150414 124.07692307692308 0.3141025641025641 135.46153846153845 45.30769230769231 0.0 45.30769230769231 1.6386398000031477
36000 21.73076923076923 -0.26346662607948873 121.42307692307692 0.3173076923076923 135.46153846153845 45.30769230769231 0.019230769230769232 45.28846153846154 1.6055109000008088
38000 18.326923076923077 -0.43899052434898445 121.25 0.3125 135.46153846153845 45.30769230769231 0.019230769230769232 45.28846153846154 1.5669899999993504
40000 15.76923076923077 -0.2856898341100582 122.65384615384616 0.31570512820512814 135.46153846153845 45.30769230769231 0.019230769230769232 45.28846153846154 1.697018200000457
42000 21.826923076923077 -0.8645543832590901 121.17307692307692 0.30448717948717946 135.46153846153845 45.30769230769231 0.019230769230769232 45.28846153846154 1.3054275999966194
44000 23.923076923076923 -0.3022274818666411 120.98076923076923 0.34294871794871795 135.46153846153845 45.30769230769231 0.019230769230769232 45.28846153846154 1.654326800002309
46000 12.634615384615385 -0.22927544914556497 123.65384615384616 0.31249999999999994 135.46153846153845 45.30769230769231 0.0 45.30769230769231 1.696875599998748
48000 9.75 -0.8459399135640945 124.0 0.2708333333333333 135.46153846153845 45.30769230769231 0.0 45.30769230769231 1.4471741000015754
50000 10.384615384615385 -0.8457240953991138 124.03846153846153 0.266025641025641 135.46153846153845 45.30769230769231 0.0 45.30769230769231 1.6037477999998373
52000 11.634615384615385 -0.07567633081613354 123.4423076923077 0.31089743589743585 135.46153846153845 45.30769230769231 0.0 45.30769230769231 1.7696202000006451
54000 14.5 -0.016360284543451842 123.07692307692308 0.3141025641025641 135.46153846153845 45.30769230769231 0.0 45.30769230769231 1.6712464000011096
56000 19.903846153846153 0.004570386912229298 122.63461538461539 0.31089743589743585 135.46153846153845 45.30769230769231 0.019230769230769232 45.28846153846154 1.5685311000052025
58000 11.903846153846153 0.0021280729073294385 123.76923076923077 0.2948717948717949 135.46153846153845 45.30769230769231 0.0 45.30769230769231 1.6720999000026495
60000 15.76923076923077 0.003302308687994286 123.67307692307692 0.30929487179487186 135.46153846153845 45.30769230769231 0.0 45.30769230769231 1.6789669999998296
62000 19.28846153846154 0.0046591785953491675 122.51923076923077 0.3317307692307692 135.46153846153845 45.30769230769231 0.0 45.30769230769231 1.7216508999990765
64000 25.173076923076923 -0.34117324008214023 121.65384615384616 0.36858974358974356 135.46153846153845 45.30769230769231 0.0 45.30769230769231 1.5484598000039114
66000 13.961538461538462 0.001266040669367312 122.96153846153847 0.29807692307692313 135.46153846153845 45.30769230769231 0.0 45.30769230769231 1.715471699993941
68000 15.461538461538462 0.002814075101335432 123.11538461538461 0.32211538461538464 135.46153846153845 45.30769230769231 0.0 45.30769230769231 1.6590540999968653
70000 14.403846153846153 0.002407195303888341 123.28846153846153 0.2948717948717949 135.46153846153845 45.30769230769231 0.0 45.30769230769231 1.6762528000035672
72000 18.75 0.002972079600796688 123.01923076923077 0.30929487179487186 135.46153846153845 45.30769230769231 0.0 45.30769230769231 1.7854844000030425
74000 14.538461538461538 -0.01667207790055852 123.26923076923077 0.2708333333333333 135.46153846153845 45.30769230769231 0.0 45.30769230769231 1.6351722000035807
76000 16.03846153846154 -0.01668285464581317 123.0576923076923 0.30288461538461536 135.46153846153845 45.30769230769231 0.0 45.30769230769231 1.6605912000013632
78000 15.903846153846153 0.004878560424755592 122.67307692307692 0.3269230769230769 135.46153846153845 45.30769230769231 0.0 45.30769230769231 1.6361542999948142
80000 28.884615384615383 -0.24265942495517479 120.48076923076923 0.4423076923076923 135.46153846153845 45.30769230769231 0.0 45.30769230769231 1.7126975999999559
82000 29.26923076923077 -0.7876877458670768 120.92307692307692 0.4230769230769231 135.46153846153845 45.30769230769231 0.0 45.30769230769231 1.563816499998211
84000 27.576923076923077 -0.011839236836986781 120.65384615384616 0.4375 135.46153846153845 45.30769230769231 0.0 45.30769230769231 1.6409748000005493
86000 38.26923076923077 0.01351988498431613 119.98076923076923 0.41987179487179493 135.46153846153845 45.30769230769231 0.019230769230769232 45.28846153846154 1.7054608999969787
88000 29.21153846153846 0.006317035768260083 120.51923076923077 0.42467948717948717 135.46153846153845 45.30769230769231 0.019230769230769232 45.28846153846154 1.6779164000035962
90000 29.346153846153847 0.00377806796726332 120.17307692307692 0.40544871794871795 135.46153846153845 45.30769230769231 0.019230769230769232 45.28846153846154 1.6073572000022978
92000 28.01923076923077 0.007519305916690395 120.3076923076923 0.4198717948717948 135.46153846153845 45.30769230769231 0.019230769230769232 45.28846153846154 1.769551400000637
94000 31.76923076923077 0.00381155874309666 120.11538461538461 0.3958333333333333 135.46153846153845 45.30769230769231 0.019230769230769232 45.28846153846154 1.6729785000061383
96000 46.15384615384615 -0.00666541005957022 119.23076923076923 0.4535256410256411 135.46153846153845 45.30769230769231 0.019230769230769232 45.28846153846154 1.6089709999941988
98000 43.61538461538461 0.00833983188896564 119.75 0.43108974358974356 135.46153846153845 45.30769230769231 0.019230769230769232 45.28846153846154 1.6176454000014928
100000 33.88461538461539 0.0055294790919028485 120.28846153846153 0.39903846153846145 135.46153846153845 45.30769230769231 0.019230769230769232 45.28846153846154 1.7038953000010224
102000 52.01923076923077 -0.14370353254915819 119.23076923076923 0.4439102564102564 135.46153846153845 45.30769230769231 0.019230769230769232 45.28846153846154 1.8144552000012482
104000 89.09615384615384 -0.010620418122223366 117.59615384615384 0.530448717948718 135.46153846153845 45.30769230769231 0.019230769230769232 45.28846153846154 1.6301869000017177
106000 45.55769230769231 0.008638798586486017 119.5 0.4423076923076924 135.46153846153845 45.30769230769231 0.019230769230769232 45.28846153846154 1.6740090000021155
108000 52.46153846153846 0.01324225607950755 118.92307692307692 0.4919871794871794 135.46153846153845 45.30769230769231 0.019230769230769232 45.28846153846154 1.6632274000003235
110000 89.15384615384616 -0.010601594599948715 117.61538461538461 0.5208333333333333 135.46153846153845 45.30769230769231 0.019230769230769232 45.28846153846154 1.7937893999987864
112000 50.28846153846154 -0.024859578611697793 119.4423076923077 0.4230769230769231 135.46153846153845 45.30769230769231 0.019230769230769232 45.28846153846154 1.672490500001004
114000 48.96153846153846 0.007530191298566779 119.03846153846153 0.4951923076923076 135.46153846153845 45.30769230769231 0.019230769230769232 45.28846153846154 1.6623142999960692
116000 49.05769230769231 0.011652146608738688 119.76923076923077 0.46474358974358976 135.46153846153845 45.30769230769231 0.019230769230769232 45.28846153846154 1.7911705000005895
118000 69.9423076923077 0.019173982516419073 118.96153846153847 0.4807692307692308 135.46153846153845 45.30769230769231 0.019230769230769232 45.28846153846154 1.7763252000004286
120000 51.44230769230769 0.014093289072842293 119.71153846153847 0.44391025641025644 135.46153846153845 45.30769230769231 0.019230769230769232 45.28846153846154 1.6912005000049248
122000 52.42307692307692 0.013659267247489738 119.42307692307692 0.4487179487179488 135.46153846153845 45.30769230769231 0.019230769230769232 45.28846153846154 1.6838868999984697
124000 35.61538461538461 0.007341247557651797 120.28846153846153 0.4166666666666667 135.46153846153845 45.30769230769231 0.019230769230769232 45.28846153846154 1.6237898000035784
126000 32.32692307692308 0.0057293569582402325 120.48076923076923 0.41185897435897434 135.46153846153845 45.30769230769231 0.019230769230769232 45.28846153846154 1.7018705000009504
128000 40.13461538461539 0.00832390756413726 120.15384615384616 0.4182692307692307 135.46153846153845 45.30769230769231 0.019230769230769232 45.28846153846154 1.7418479999978445
130000 40.34615384615385 0.008816478951715034 120.13461538461539 0.4182692307692307 135.46153846153845 45.30769230769231 0.019230769230769232 45.28846153846154 1.770064899996214
132000 45.28846153846154 0.006620484915320741 119.84615384615384 0.4166666666666667 135.46153846153845 45.30769230769231 0.019230769230769232 45.28846153846154 1.625918300000194
134000 47.92307692307692 0.007837711303808389 119.76923076923077 0.4166666666666667 135.46153846153845 45.30769230769231 0.019230769230769232 45.28846153846154 1.6701327999981004
136000 46.80769230769231 0.007593713715443479 119.48076923076923 0.4615384615384616 135.46153846153845 45.30769230769231 0.019230769230769232 45.28846153846154 1.6148369000002276
138000 47.94230769230769 0.010202063380929351 119.5 0.42948717948717946 135.46153846153845 45.30769230769231 0.019230769230769232 45.28846153846154 1.6912881999960518
140000 53.42307692307692 0.010335242592361588 119.36538461538461 0.45993589743589747 135.46153846153845 45.30769230769231 0.019230769230769232 45.28846153846154 1.6523855999985244
142000 60.63461538461539 -0.006185500776528922 118.92307692307692 0.46794871794871795 135.46153846153845 45.30769230769231 0.019230769230769232 45.28846153846154 1.6818816000013612
144000 59.32692307692308 0.012689499049496508 119.32692307692308 0.4583333333333333 135.46153846153845 45.30769230769231 0.019230769230769232 45.28846153846154 1.6438355999998748
146000 65.34615384615384 0.013554006249475678 118.96153846153847 0.45993589743589747 135.46153846153845 45.30769230769231 0.019230769230769232 45.28846153846154 1.5803412000022945
148000 46.65384615384615 0.0073018022627000375 119.57692307692308 0.43429487179487175 135.46153846153845 45.30769230769231 0.019230769230769232 45.28846153846154 1.7067459000027156
150000 79.40384615384616 0.0010887546854675954 118.03846153846153 0.5112179487179487 135.46153846153845 45.30769230769231 0.019230769230769232 45.28846153846154 1.7150903000001563
152000 53.21153846153846 0.010094273678677509 119.40384615384616 0.44230769230769224 135.46153846153845 45.30769230769231 0.019230769230769232 45.28846153846154 1.6998055999938515
154000 48.88461538461539 0.00844818267845637 119.48076923076923 0.4391025641025641 135.46153846153845 45.30769230769231 0.019230769230769232 45.28846153846154 1.7618446000051335
156000 57.63461538461539 0.010330987558862175 119.1923076923077 0.46474358974358976 135.46153846153845 45.30769230769231 0.019230769230769232 45.28846153846154 1.6892746000012266
158000 53.75 0.006809115914826505 119.26923076923077 0.46474358974358976 135.46153846153845 45.30769230769231 0.019230769230769232 45.28846153846154 1.7967551999972784
160000 53.76923076923077 0.00964758619569608 119.23076923076923 0.46474358974358976 135.46153846153845 45.30769230769231 0.019230769230769232 45.28846153846154 1.5426484999989043
162000 58.86538461538461 0.012394234970583435 119.03846153846153 0.4711538461538462 135.46153846153845 45.30769230769231 0.019230769230769232 45.28846153846154 1.6187744999988354
164000 45.32692307692308 0.006196299987700664 119.65384615384616 0.4310897435897436 135.46153846153845 45.30769230769231 0.019230769230769232 45.28846153846154 1.7080136000004131
166000 38.25 0.002384455735611157 119.0576923076923 0.4775641025641026 135.46153846153845 45.30769230769231 0.019230769230769232 45.28846153846154 1.6883612000019639
168000 38.92307692307692 0.003773612037359827 119.6923076923077 0.467948717948718 135.46153846153845 45.30769230769231 0.019230769230769232 45.28846153846154 1.7281117000020458
170000 38.51923076923077 0.002492353905941331 119.01923076923077 0.4775641025641026 135.46153846153845 45.30769230769231 0.019230769230769232 45.28846153846154 1.771903699998802
172000 43.30769230769231 0.005326676963478819 119.13461538461539 0.4551282051282052 135.46153846153845 45.30769230769231 0.019230769230769232 45.28846153846154 1.7402220999938436
174000 75.3076923076923 -0.014756415773949873 117.96153846153847 0.5464743589743589 135.46153846153845 45.30769230769231 0.019230769230769232 45.28846153846154 1.6533964000045671
176000 75.3076923076923 -0.014756415773949873 117.96153846153847 0.5464743589743589 135.46153846153845 45.30769230769231 0.019230769230769232 45.28846153846154 1.6724786999984644
178000 63.94230769230769 0.01574529107339904 118.26923076923077 0.47596153846153855 135.46153846153845 45.30769230769231 0.019230769230769232 45.28846153846154 1.6837081000048784
180000 61.55769230769231 0.014985011092509356 118.40384615384616 0.48076923076923084 135.46153846153845 45.30769230769231 0.019230769230769232 45.28846153846154 1.6054440000007162
182000 62.09615384615385 0.011165817802311715 118.32692307692308 0.48076923076923084 135.46153846153845 45.30769230769231 0.019230769230769232 45.28846153846154 1.7073764000015217
184000 61.98076923076923 0.008363275547951556 118.32692307692308 0.4743589743589744 135.46153846153845 45.30769230769231 0.019230769230769232 45.28846153846154 1.8758063000059337
186000 65.71153846153847 0.009578803282299207 118.25 0.4871794871794872 135.46153846153845 45.30769230769231 0.019230769230769232 45.28846153846154 1.7560790999996243
188000 64.8076923076923 0.0032804906321781254 118.3076923076923 0.4935897435897436 135.46153846153845 45.30769230769231 0.019230769230769232 45.28846153846154 1.6630194999961532
190000 123.5576923076923 -0.3549489147522343 116.90384615384616 0.5689102564102563 135.46153846153845 45.30769230769231 0.019230769230769232 45.28846153846154 1.560653699998511
192000 68.28846153846153 -0.02512634968710679 118.15384615384616 0.49038461538461536 135.46153846153845 45.30769230769231 0.019230769230769232 45.28846153846154 1.5918766999966465
194000 67.88461538461539 0.011139309659306375 118.1923076923077 0.48076923076923084 135.46153846153845 45.30769230769231 0.019230769230769232 45.28846153846154 1.662552699999651
196000 157.92307692307693 -0.28352285288070245 116.8076923076923 0.5416666666666665 135.46153846153845 45.30769230769231 0.019230769230769232 45.28846153846154 1.6554112000012537
198000 70.51923076923077 0.0064566053024258975 118.3076923076923 0.4935897435897436 135.46153846153845 45.30769230769231 0.019230769230769232 45.28846153846154 1.613756500002637
200000 148.92307692307693 0.05274889726319083 116.59615384615384 0.5448717948717947 135.46153846153845 45.30769230769231 0.019230769230769232 45.28846153846154 1.6684143000020413
202000 124.32692307692308 0.04085911439864139 117.32692307692308 0.5272435897435896 135.46153846153845 45.30769230769231 0.019230769230769232 45.28846153846154 1.7919699999984005
204000 97.13461538461539 0.020734868686417624 118.03846153846153 0.5304487179487178 135.46153846153845 45.30769230769231 0.019230769230769232 45.28846153846154 1.6486320000039996
206000 126.46153846153847 -0.9421090226689474 118.0 0.4647435897435897 135.46153846153845 45.30769230769231 0.0 45.30769230769231 1.5597812999985763
208000 98.1923076923077 0.015950337764463685 118.01923076923077 0.5368589743589743 135.46153846153845 45.30769230769231 0.019230769230769232 45.28846153846154 1.6519154000052367
210000 144.98076923076923 -0.039995342055049767 117.75 0.5897435897435898 135.46153846153845 45.30769230769231 0.0 45.30769230769231 1.7564723000032245
212000 151.26923076923077 0.023755671211200317 117.63461538461539 0.5769230769230769 135.46153846153845 45.30769230769231 0.0 45.30769230769231 1.5861958999958006
214000 144.69230769230768 0.04177845841011249 117.76923076923077 0.5897435897435898 135.46153846153845 45.30769230769231 0.0 45.30769230769231 1.755039099996793
216000 179.30769230769232 -0.5086908646634177 117.65384615384616 0.5224358974358974 135.46153846153845 45.30769230769231 0.0 45.30769230769231 1.6526292999988073
218000 194.42307692307693 0.06685745451743938 117.1923076923077 0.5272435897435896 135.46153846153845 45.30769230769231 0.0 45.30769230769231 1.621486800002458
220000 193.6153846153846 0.06589312942704342 117.1923076923077 0.5272435897435896 135.46153846153845 45.30769230769231 0.0 45.30769230769231 1.5704323000027216
222000 189.55769230769232 -0.5828519494686837 117.28846153846153 0.5512820512820512 135.46153846153845 45.30769230769231 0.0 45.30769230769231 1.5504460000011022
224000 204.3846153846154 -1.0 116.82692307692308 0.5849358974358974 135.46153846153845 45.30769230769231 0.0 45.30769230769231 1.5412903000033111
226000 204.3846153846154 -1.0 116.82692307692308 0.5849358974358974 135.46153846153845 45.30769230769231 0.0 45.30769230769231 1.5834773999958998
228000 165.25 -0.9779371034859975 118.0576923076923 0.4967948717948717 135.46153846153845 45.30769230769231 0.0 45.30769230769231 1.6194982000015443
230000 204.3846153846154 -1.0 116.82692307692308 0.5849358974358974 135.46153846153845 45.30769230769231 0.0 45.30769230769231 1.690739500001655
232000 249.09615384615384 -0.79205784454183 116.84615384615384 0.5673076923076923 135.46153846153845 45.30769230769231 0.0 45.30769230769231 1.6944702000037069
234000 233.26923076923077 -0.8946174895052359 117.11538461538461 0.5576923076923077 135.46153846153845 45.30769230769231 0.0 45.30769230769231 1.5558502999992925
236000 215.69230769230768 -1.0 117.28846153846153 0.5625 135.46153846153845 45.30769230769231 0.0 45.30769230769231 1.490910200001963
238000 215.69230769230768 -1.0 117.28846153846153 0.5625 135.46153846153845 45.30769230769231 0.0 45.30769230769231 1.596732800004247
240000 215.69230769230768 -1.0 117.28846153846153 0.5625 135.46153846153845 45.30769230769231 0.0 45.30769230769231 1.5603362999972887
242000 215.69230769230768 -1.0 117.28846153846153 0.5625 135.46153846153845 45.30769230769231 0.0 45.30769230769231 1.6149355999950785
244000 210.73076923076923 -0.8762819196233 117.48076923076923 0.5352564102564101 135.46153846153845 45.30769230769231 0.0 45.30769230769231 1.6906482999984291
246000 215.69230769230768 -1.0 117.28846153846153 0.5625 135.46153846153845 45.30769230769231 0.0 45.30769230769231 1.6249335999964387
248000 215.69230769230768 -1.0 117.28846153846153 0.5625 135.46153846153845 45.30769230769231 0.0 45.30769230769231 1.6060379999980796
250000 268.61538461538464 -0.8175125760393326 116.34615384615384 0.6041666666666667 135.46153846153845 45.30769230769231 0.0 45.30769230769231 1.6806638999987626
252000 284.25 -0.7738402703406895 116.23076923076923 0.608974358974359 135.46153846153845 45.30769230769231 0.0 45.30769230769231 1.6832496000060928
254000 196.32692307692307 -0.7314609645273674 117.78846153846153 0.5464743589743589 135.46153846153845 45.30769230769231 0.0 45.30769230769231 1.7121257999970112
256000 237.51923076923077 -0.7679176737920871 117.28846153846153 0.5432692307692307 135.46153846153845 45.30769230769231 0.0 45.30769230769231 1.5507642000011401
258000 179.03846153846155 -0.9192460044092221 117.28846153846153 0.5560897435897436 135.46153846153845 45.30769230769231 0.019230769230769232 45.28846153846154 1.5743323999995482
260000 209.73076923076923 -0.8752934565631759 116.90384615384616 0.5657051282051282 135.46153846153845 45.30769230769231 0.0 45.30769230769231 1.6086504999984754
262000 218.15384615384616 -0.9559855627151722 117.25 0.5608974358974359 135.46153846153845 45.30769230769231 0.0 45.30769230769231 1.5903596999996807
264000 239.01923076923077 -0.903595966590593 117.07692307692308 0.5833333333333334 135.46153846153845 45.30769230769231 0.0 45.30769230769231 1.5319917999950121
266000 215.69230769230768 -1.0 117.28846153846153 0.5625 135.46153846153845 45.30769230769231 0.0 45.30769230769231 1.57298720000108
268000 215.69230769230768 -1.0 117.28846153846153 0.5625 135.46153846153845 45.30769230769231 0.0 45.30769230769231 1.6354455999971833
270000 215.69230769230768 -1.0 117.28846153846153 0.5625 135.46153846153845 45.30769230769231 0.0 45.30769230769231 1.6190216999966651
272000 186.94230769230768 -0.9494224971152956 117.15384615384616 0.5560897435897436 135.46153846153845 45.30769230769231 0.019230769230769232 45.28846153846154 1.6395158999948762
274000 215.15384615384616 -1.0 116.26923076923077 0.5737179487179487 135.46153846153845 45.30769230769231 0.0 45.30769230769231 1.6332015000007232
276000 212.90384615384616 -1.0 116.5 0.5705128205128205 135.46153846153845 45.30769230769231 0.0 45.30769230769231 1.7255426999981864
278000 223.59615384615384 -0.9113571661959363 116.88461538461539 0.5689102564102564 135.46153846153845 45.30769230769231 0.0 45.30769230769231 1.5741265000033309
280000 200.0 -1.0 116.90384615384616 0.5544871794871794 135.46153846153845 45.30769230769231 0.0 45.30769230769231 1.55264879999595
282000 195.15384615384616 -0.9769834100729194 116.92307692307692 0.5432692307692307 135.46153846153845 45.30769230769231 0.0 45.30769230769231 1.566681600001175
284000 179.03846153846155 -1.0 117.28846153846153 0.5560897435897436 135.46153846153845 45.30769230769231 0.019230769230769232 45.28846153846154 1.470224299999245
286000 182.78846153846155 -1.0 117.07692307692308 0.5769230769230769 135.46153846153845 45.30769230769231 0.0 45.30769230769231 1.6029653000005055
288000 202.57692307692307 -0.9770012460660218 116.96153846153847 0.5544871794871795 135.46153846153845 45.30769230769231 0.0 45.30769230769231 1.619207900002948
290000 202.8653846153846 -0.975841766519282 116.92307692307692 0.5833333333333333 135.46153846153845 45.30769230769231 0.0 45.30769230769231 1.5523332000011578
292000 215.1346153846154 -0.9568746044750923 116.82692307692308 0.5657051282051282 135.46153846153845 45.30769230769231 0.0 45.30769230769231 1.559545900003286
294000 318.28846153846155 -0.6585300443510567 116.26923076923077 0.5881410256410257 135.46153846153845 45.30769230769231 0.0 45.30769230769231 1.66208529999858
296000 306.13461538461536 -0.7213834324443618 116.46153846153847 0.5881410256410257 135.46153846153845 45.30769230769231 0.0 45.30769230769231 1.5855079000029946
298000 221.46153846153845 -0.932868928878216 116.3076923076923 0.5705128205128205 135.46153846153845 45.30769230769231 0.0 45.30769230769231 1.6696949999968638
300000 228.80769230769232 -0.9547428209332085 117.07692307692308 0.5592948717948718 135.46153846153845 45.30769230769231 0.0 45.30769230769231 1.610072700001183
302000 230.59615384615384 -0.8447304112361466 116.46153846153847 0.6041666666666667 135.46153846153845 45.30769230769231 0.0 45.30769230769231 1.6986729000054765
304000 226.0 -0.9260776469117794 116.28846153846153 0.6153846153846153 135.46153846153845 45.30769230769231 0.0 45.30769230769231 1.6027942000000621
306000 204.1153846153846 -0.9557017916621618 116.48076923076923 0.5977564102564102 135.46153846153845 45.30769230769231 0.0 45.30769230769231 1.7343365999986418
308000 209.73076923076923 -1.0 117.15384615384616 0.5592948717948718 135.46153846153845 45.30769230769231 0.0 45.30769230769231 1.603372199999285
310000 215.75 -0.979030691835175 116.25 0.5737179487179487 135.46153846153845 45.30769230769231 0.0 45.30769230769231 1.5589728000049945
312000 167.65384615384616 -0.9793424436499409 118.07692307692308 0.4967948717948717 135.46153846153845 45.30769230769231 0.0 45.30769230769231 1.5791380999944522
314000 206.53846153846155 -0.9571763876395004 117.03846153846153 0.5657051282051282 135.46153846153845 45.30769230769231 0.0 45.30769230769231 1.59247580000374
316000 204.3846153846154 -1.0 116.82692307692308 0.5849358974358974 135.46153846153845 45.30769230769231 0.0 45.30769230769231 1.6590722999972058
318000 206.25 -1.0 116.90384615384616 0.5849358974358974 135.46153846153845 45.30769230769231 0.0 45.30769230769231 1.522663299998385
320000 208.15384615384616 -0.8616939344236264 117.0576923076923 0.5625 135.46153846153845 45.30769230769231 0.019230769230769232 45.28846153846154 1.6682250999947428
322000 185.55769230769232 -0.9582015018111496 117.5576923076923 0.5384615384615384 135.46153846153845 45.30769230769231 0.0 45.30769230769231 1.5675336999993306
324000 256.3076923076923 -0.8409617961147468 116.73076923076923 0.5897435897435898 135.46153846153845 45.30769230769231 0.0 45.30769230769231 1.6694814000002225
326000 282.09615384615387 -0.7974900407137471 116.32692307692308 0.592948717948718 135.46153846153845 45.30769230769231 0.0 45.30769230769231 1.5890972999986843
328000 253.98076923076923 -0.8856880227075317 116.53846153846153 0.592948717948718 135.46153846153845 45.30769230769231 0.0 45.30769230769231 1.6793871000045328
330000 257.4807692307692 -0.8864523511206203 116.57692307692308 0.592948717948718 135.46153846153845 45.30769230769231 0.0 45.30769230769231 1.66114209999796
332000 220.96153846153845 -0.9174270773314722 116.3076923076923 0.5737179487179487 135.46153846153845 45.30769230769231 0.0 45.30769230769231 1.6819649000026402
334000 286.65384615384613 -0.7732750907242446 116.4423076923077 0.592948717948718 135.46153846153845 45.30769230769231 0.0 45.30769230769231 1.643337800000154
336000 236.65384615384616 -0.7816319079326107 116.4423076923077 0.5753205128205129 135.46153846153845 45.30769230769231 0.0 45.30769230769231 1.668581499994616
338000 254.98076923076923 -0.7157032685590039 116.42307692307692 0.591346153846154 135.46153846153845 45.30769230769231 0.0 45.30769230769231 1.7430606000052649
340000 252.05769230769232 -0.7964164273229024 117.0576923076923 0.5641025641025641 135.46153846153845 45.30769230769231 0.019230769230769232 45.28846153846154 1.6667302999994718
342000 187.3653846153846 -0.8954617584517255 117.28846153846153 0.5625 135.46153846153845 45.30769230769231 0.019230769230769232 45.28846153846154 1.5720654000033392
344000 232.59615384615384 -0.8632014531072331 117.13461538461539 0.5592948717948718 135.46153846153845 45.30769230769231 0.019230769230769232 45.28846153846154 1.6334293000036268
346000 231.32692307692307 -0.8839292260335969 117.26923076923077 0.5785256410256411 135.46153846153845 45.30769230769231 0.019230769230769232 45.28846153846154 1.590961800000514
348000 206.94230769230768 -0.9389124423520676 116.92307692307692 0.5657051282051282 135.46153846153845 45.30769230769231 0.0 45.30769230769231 1.6108282000059262
350000 225.0 -0.8888001975508751 117.03846153846153 0.5657051282051282 135.46153846153845 45.30769230769231 0.0 45.30769230769231 1.7862941999992472
352000 234.21153846153845 -0.8697673488835437 116.96153846153847 0.5849358974358975 135.46153846153845 45.30769230769231 0.0 45.30769230769231 1.5765317999976105
354000 229.42307692307693 -0.8197165794357694 117.5 0.5641025641025641 135.46153846153845 45.30769230769231 0.019230769230769232 45.28846153846154 1.5029730999958701
356000 212.82692307692307 -0.939634688598907 117.53846153846153 0.5528846153846154 135.46153846153845 45.30769230769231 0.0 45.30769230769231 1.589965299994219
358000 201.71153846153845 -0.9407975467895165 117.42307692307692 0.5657051282051282 135.46153846153845 45.30769230769231 0.0 45.30769230769231 1.653806700000132
360000 206.21153846153845 -0.8207550366196444 117.21153846153847 0.5705128205128205 135.46153846153845 45.30769230769231 0.0 45.30769230769231 1.5764500000004773
362000 210.82692307692307 -0.8822546752513216 117.46153846153847 0.5625 135.46153846153845 45.30769230769231 0.0 45.30769230769231 1.6493579000016325
364000 198.84615384615384 -0.882781617174632 117.38461538461539 0.5624999999999999 135.46153846153845 45.30769230769231 0.0 45.30769230769231 1.5856371999980183
366000 207.90384615384616 -0.7903357281210023 117.42307692307692 0.5689102564102565 135.46153846153845 45.30769230769231 0.019230769230769232 45.28846153846154 1.6904379999978119
368000 212.15384615384616 -0.771075583837524 117.11538461538461 0.5560897435897435 135.46153846153845 45.30769230769231 0.0 45.30769230769231 1.6210168000034173
370000 210.32692307692307 -0.7478939887528409 117.23076923076923 0.5560897435897435 135.46153846153845 45.30769230769231 0.0 45.30769230769231 1.5655055000024731
372000 192.21153846153845 -0.8163915876585022 117.65384615384616 0.5480769230769231 135.46153846153845 45.30769230769231 0.019230769230769232 45.28846153846154 1.6705751999979839
374000 163.0 -0.8428203268601586 118.1923076923077 0.4967948717948717 135.46153846153845 45.30769230769231 0.0 45.30769230769231 1.5473771000033594
376000 197.21153846153845 -0.8164669196740663 116.9423076923077 0.5560897435897436 135.46153846153845 45.30769230769231 0.0 45.30769230769231 1.672561700004735
378000 271.71153846153845 -0.5910432362458158 116.76923076923077 0.5496794871794871 135.46153846153845 45.30769230769231 0.0 45.30769230769231 1.5831302000005962
380000 284.09615384615387 -0.5047767739676917 116.48076923076923 0.5737179487179487 135.46153846153845 45.30769230769231 0.0 45.30769230769231 1.7596456999963266
382000 227.1346153846154 -0.8379206550659214 117.3076923076923 0.5625 135.46153846153845 45.30769230769231 0.0 45.30769230769231 1.6209973000004538
384000 232.53846153846155 -0.7423050753996336 116.53846153846153 0.608974358974359 135.46153846153845 45.30769230769231 0.0 45.30769230769231 1.6638221999965026
386000 209.03846153846155 -0.835468735075923 116.8076923076923 0.5849358974358974 135.46153846153845 45.30769230769231 0.0 45.30769230769231 1.5581692999985535
388000 213.07692307692307 -0.920034139678278 116.28846153846153 0.5737179487179487 135.46153846153845 45.30769230769231 0.0 45.30769230769231 1.6191318999990472
390000 215.1153846153846 -0.9007640771441638 116.5 0.5737179487179487 135.46153846153845 45.30769230769231 0.0 45.30769230769231 1.6279134000069462
392000 205.84615384615384 -0.7255388407379944 117.51923076923077 0.5288461538461537 135.46153846153845 45.30769230769231 0.0 45.30769230769231 1.596069200000784
394000 208.26923076923077 -0.8190035469699958 117.07692307692308 0.5737179487179488 135.46153846153845 45.30769230769231 0.019230769230769232 45.28846153846154 1.6845707000029506
396000 203.05769230769232 -0.8736738578753726 117.13461538461539 0.5592948717948718 135.46153846153845 45.30769230769231 0.019230769230769232 45.28846153846154 1.6229610000009416
398000 215.69230769230768 -0.9397145803460837 117.26923076923077 0.5625 135.46153846153845 45.30769230769231 0.0 45.30769230769231 1.5958829000010155
400000 218.51923076923077 -0.9161337191904195 117.21153846153847 0.5625 135.46153846153845 45.30769230769231 0.0 45.30769230769231 1.5662440000014612
402000 208.82692307692307 -0.9165651914971641 116.98076923076923 0.5689102564102564 135.46153846153845 45.30769230769231 0.0 45.30769230769231 1.5999278000017512
404000 229.73076923076923 -0.8697852156385087 116.57692307692308 0.5705128205128205 135.46153846153845 45.30769230769231 0.0 45.30769230769231 1.6331482000023243
406000 246.80769230769232 -0.7638620651589008 117.01923076923077 0.5737179487179488 135.46153846153845 45.30769230769231 0.019230769230769232 45.28846153846154 1.623082500002056
408000 256.96153846153845 -0.758391014036719 116.5 0.5881410256410257 135.46153846153845 45.30769230769231 0.0 45.30769230769231 1.764664599999378
410000 225.51923076923077 -0.8483582483384169 116.59615384615384 0.5849358974358974 135.46153846153845 45.30769230769231 0.0 45.30769230769231 1.6772855000017444
412000 224.6153846153846 -0.850927647561021 116.57692307692308 0.5801282051282051 135.46153846153845 45.30769230769231 0.0 45.30769230769231 1.7005712000027415
414000 221.6346153846154 -0.8272811326567869 117.11538461538461 0.5592948717948718 135.46153846153845 45.30769230769231 0.0 45.30769230769231 1.6023936000055983
416000 219.32692307692307 -0.9355450086290344 117.25 0.5689102564102565 135.46153846153845 45.30769230769231 0.0 45.30769230769231 1.5867224999965401
418000 244.98076923076923 -0.7917575403937396 117.03846153846153 0.5881410256410257 135.46153846153845 45.30769230769231 0.019230769230769232 45.28846153846154 1.5843288000032771
420000 204.78846153846155 -0.8919166263731315 117.21153846153847 0.5673076923076923 135.46153846153845 45.30769230769231 0.019230769230769232 45.28846153846154 1.5395608000035281
422000 192.19230769230768 -0.8889839135059847 117.13461538461539 0.5625 135.46153846153845 45.30769230769231 0.019230769230769232 45.28846153846154 1.5705683999985922
424000 312.38461538461536 -0.5750803657803366 116.0 0.594551282051282 135.46153846153845 45.30769230769231 0.0 45.30769230769231 1.74127910000243
426000 215.69230769230768 -0.9786736167178428 117.28846153846153 0.5625 135.46153846153845 45.30769230769231 0.0 45.30769230769231 1.614276999993308
428000 255.30769230769232 -0.883781581938134 117.09615384615384 0.5737179487179488 135.46153846153845 45.30769230769231 0.0 45.30769230769231 1.6151708000033977
430000 209.6153846153846 -0.9802979832753385 117.17307692307692 0.5673076923076923 135.46153846153845 45.30769230769231 0.0 45.30769230769231 1.5828686999957426
432000 208.98076923076923 -0.9550373258605335 117.0576923076923 0.5689102564102564 135.46153846153845 45.30769230769231 0.0 45.30769230769231 1.6269868000017595
434000 207.34615384615384 -0.958971599993181 116.88461538461539 0.5849358974358974 135.46153846153845 45.30769230769231 0.0 45.30769230769231 1.6223373999964679
436000 206.65384615384616 -0.9802979832753385 116.98076923076923 0.594551282051282 135.46153846153845 45.30769230769231 0.0 45.30769230769231 1.6112846999967587
438000 240.3653846153846 -0.8874347553906325 117.15384615384616 0.5625 135.46153846153845 45.30769230769231 0.0 45.30769230769231 1.5123069000037503
440000 209.17307692307693 -0.9786736167178428 117.21153846153847 0.5673076923076923 135.46153846153845 45.30769230769231 0.0 45.30769230769231 1.6678011999974842
442000 226.92307692307693 -0.8395638159964243 117.01923076923077 0.5641025641025641 135.46153846153845 45.30769230769231 0.019230769230769232 45.28846153846154 1.5865208000031998
444000 217.5 -0.9351135851616947 117.13461538461539 0.5625 135.46153846153845 45.30769230769231 0.0 45.30769230769231 1.5644321999934618
446000 205.17307692307693 -0.9792000048396919 116.98076923076923 0.5689102564102564 135.46153846153845 45.30769230769231 0.0 45.30769230769231 1.5684946999972453
448000 235.3846153846154 -0.8416182356024186 116.51923076923077 0.5801282051282051 135.46153846153845 45.30769230769231 0.0 45.30769230769231 1.6404149000009056
450000 223.53846153846155 -0.9367005579972989 117.09615384615384 0.5625 135.46153846153845 45.30769230769231 0.0 45.30769230769231 1.6538299000021652
452000 247.51923076923077 -0.8373234970930035 117.0576923076923 0.5705128205128205 135.46153846153845 45.30769230769231 0.0 45.30769230769231 1.5896123999991687
454000 261.6923076923077 -0.7595102417686497 116.92307692307692 0.5881410256410257 135.46153846153845 45.30769230769231 0.019230769230769232 45.28846153846154 1.6727447000012035
456000 210.05769230769232 -1.0 117.23076923076923 0.5576923076923077 135.46153846153845 45.30769230769231 0.0 45.30769230769231 1.5946168000009493
458000 207.82692307692307 -0.9585082899120327 116.98076923076923 0.5689102564102564 135.46153846153845 45.30769230769231 0.0 45.30769230769231 1.5492085000005318
460000 207.3846153846154 -0.9581442241340855 116.9423076923077 0.5689102564102564 135.46153846153845 45.30769230769231 0.0 45.30769230769231 1.6224603000009665
462000 209.80769230769232 -0.9351178808372024 116.8076923076923 0.5897435897435898 135.46153846153845 45.30769230769231 0.0 45.30769230769231 1.555476000001363
464000 301.3269230769231 -0.6624231897630093 115.92307692307692 0.5817307692307693 135.46153846153845 45.30769230769231 0.0 45.30769230769231 1.5826575000028242
466000 222.17307692307693 -0.8914450501428889 116.67307692307692 0.5801282051282051 135.46153846153845 45.30769230769231 0.0 45.30769230769231 1.5834278000038466
468000 305.84615384615387 -0.6830698431644049 116.0 0.5785256410256411 135.46153846153845 45.30769230769231 0.0 45.30769230769231 1.5944611000013538
470000 244.07692307692307 -0.8406197640167393 116.88461538461539 0.5657051282051282 135.46153846153845 45.30769230769231 0.0 45.30769230769231 1.7417558999950415
472000 300.34615384615387 -0.7052025823374082 115.98076923076923 0.5881410256410257 135.46153846153845 45.30769230769231 0.0 45.30769230769231 1.6683062000010977
474000 259.0769230769231 -0.7083712214427559 116.3076923076923 0.6041666666666667 135.46153846153845 45.30769230769231 0.0 45.30769230769231 1.6181599000046845
476000 298.6730769230769 -0.6847976947896901 116.0576923076923 0.5881410256410257 135.46153846153845 45.30769230769231 0.0 45.30769230769231 1.7290108999950462
478000 221.53846153846155 -0.8895680911015942 116.48076923076923 0.5641025641025641 135.46153846153845 45.30769230769231 0.0 45.30769230769231 1.5600618999960716
480000 316.61538461538464 -0.6378937957342093 115.92307692307692 0.5849358974358975 135.46153846153845 45.30769230769231 0.0 45.30769230769231 1.6507617000024766
482000 213.78846153846155 -0.9354125863051029 116.96153846153847 0.5689102564102564 135.46153846153845 45.30769230769231 0.0 45.30769230769231 1.561954999997397
484000 217.48076923076923 -0.9785284720822387 117.23076923076923 0.5625 135.46153846153845 45.30769230769231 0.0 45.30769230769231 1.8121805999981007
486000 260.09615384615387 -0.735149331689899 116.26923076923077 0.578525641025641 135.46153846153845 45.30769230769231 0.0 45.30769230769231 1.5930630000002566
488000 214.21153846153845 -0.9575467826360509 116.23076923076923 0.5737179487179487 135.46153846153845 45.30769230769231 0.0 45.30769230769231 1.6460662999961642
490000 216.65384615384616 -0.9575467826360509 116.1923076923077 0.5737179487179487 135.46153846153845 45.30769230769231 0.0 45.30769230769231 1.6808421999958227
492000 216.65384615384616 -0.9575467826360509 116.1923076923077 0.5737179487179487 135.46153846153845 45.30769230769231 0.0 45.30769230769231 1.5984521000063978
494000 216.65384615384616 -0.9575467826360509 116.1923076923077 0.5737179487179487 135.46153846153845 45.30769230769231 0.0 45.30769230769231 1.614579599998251
496000 306.96153846153845 -0.6076019364741576 116.0 0.5801282051282052 135.46153846153845 45.30769230769231 0.0 45.30769230769231 1.5777191000015591
498000 278.9423076923077 -0.7492010508777281 115.98076923076923 0.5913461538461539 135.46153846153845 45.30769230769231 0.0 45.30769230769231 1.5034115000016754
500000 262.8076923076923 -0.795792091522237 116.03846153846153 0.5865384615384616 135.46153846153845 45.30769230769231 0.0 45.30769230769231 1.6494441000031657
