2000 1.4444444444444444 -0.8887758462912685 129.35185185185185 0.046296296296296294 135.5185185185185 45.333333333333336 0.0 45.333333333333336 1.0353923000002396
4000 2.240740740740741 -0.7962700483969537 128.37037037037038 0.09104938271604937 135.5185185185185 45.333333333333336 0.0 45.333333333333336 1.3655842000007397
6000 2.0185185185185186 -1.0 127.38888888888889 0.1435185185185185 135.5185185185185 45.333333333333336 0.0 45.333333333333336 0.9066326999964076
8000 1.7222222222222223 -0.9813672022970071 127.53703703703704 0.11882716049382713 135.5185185185185 45.333333333333336 0.018518518518518517 45.31481481481482 0.930515000000014
10000 6.851851851851852 -0.9258841498552073 124.4074074074074 0.3024691358024692 135.5185185185185 45.333333333333336 0.018518518518518517 45.31481481481482 1.3453140999990865
12000 2.4444444444444446 -0.184921275739714 127.01851851851852 0.17746913580246915 135.5185185185185 45.333333333333336 0.0 45.333333333333336 1.6741857999950298
14000 1.5740740740740742 -0.592545572189091 128.74074074074073 0.1419753086419753 135.5185185185185 45.333333333333336 0.0 45.333333333333336 1.1346125999989454
16000 3.8703703703703702 0.0006011039709611277 126.53703703703704 0.16358024691358022 135.5185185185185 45.333333333333336 0.0 45.333333333333336 1.7983901999978116
18000 10.722222222222221 -0.09062741156797395 122.46296296296296 0.31481481481481477 135.5185185185185 45.333333333333336 0.018518518518518517 45.31481481481482 1.8989092000047094
20000 12.722222222222221 0.0020869868438738058 121.83333333333333 0.3564814814814814 135.5185185185185 45.333333333333336 0.018518518518518517 45.31481481481482 1.8540489000006346
22000 15.11111111111111 0.00251886716161085 122.66666666666667 0.3101851851851852 135.5185185185185 45.333333333333336 0.018518518518518517 45.31481481481482 1.9442853000000468
24000 9.574074074074074 -0.7961086822787018 122.9074074074074 0.31944444444444436 135.5185185185185 45.333333333333336 0.018518518518518517 45.31481481481482 1.580504400000791
26000 3.9814814814814814 -0.9629584229266965 127.5925925925926 0.11728395061728396 135.5185185185185 45.333333333333336 0.0 45.333333333333336 0.9830192000008537
28000 3.6296296296296298 -1.0 127.57407407407408 0.14506172839506173 135.5185185185185 45.333333333333336 0.0 45.333333333333336 1.2164962999959243
30000 14.407407407407407 0.0030398311696668377 122.62962962962963 0.3688271604938272 135.5185185185185 45.333333333333336 0.018518518518518517 45.31481481481482 1.7351454000017839
32000 17.555555555555557 0.0037147865027209646 121.85185185185185 0.39043209876543206 135.5185185185185 45.333333333333336 0.018518518518518517 45.31481481481482 1.6700832999995328
34000 15.055555555555555 0.0027444897984570398 122.61111111111111 0.34567901234567905 135.5185185185185 45.333333333333336 0.018518518518518517 45.31481481481482 1.64178350000293
36000 19.425925925925927 0.0036911462342732486 120.88888888888889 0.41203703703703703 135.5185185185185 45.333333333333336 0.018518518518518517 45.31481481481482 1.6855879000067944
38000 17.796296296296298 0.0034274832343836547 123.25925925925925 0.2839506172839506 135.5185185185185 45.333333333333336 0.0 45.333333333333336 1.6655285999950138
40000 5.037037037037037 -0.054684359403011897 126.51851851851852 0.16820987654320987 135.5185185185185 45.333333333333336 0.0 45.333333333333336 1.7458045999956084
42000 4.37037037037037 0.0008730838064747816 126.61111111111111 0.18209876543209877 135.5185185185185 45.333333333333336 0.0 45.333333333333336 1.7807316999969771
44000 13.407407407407407 0.004311751695422161 124.11111111111111 0.2623456790123457 135.5185185185185 45.333333333333336 0.0 45.333333333333336 1.6840587999977288
46000 11.74074074074074 -0.09000616715862807 124.48148148148148 0.2932098765432099 135.5185185185185 45.333333333333336 0.018518518518518517 45.31481481481482 1.6665672000017366
48000 7.222222222222222 0.0009478795829975605 126.0 0.23765432098765432 135.5185185185185 45.333333333333336 0.018518518518518517 45.31481481481482 1.7771804000003613
50000 6.796296296296297 0.0013974242152702597 126.12962962962963 0.23611111111111113 135.5185185185185 45.333333333333336 0.0 45.333333333333336 1.7541750999953365
52000 6.796296296296297 0.002453499167313403 126.16666666666667 0.2191358024691358 135.5185185185185 45.333333333333336 0.0 45.333333333333336 1.7945619000020088
54000 12.25925925925926 0.00223506461418208 125.01851851851852 0.28240740740740744 135.5185185185185 45.333333333333336 0.0 45.333333333333336 1.6365329000036581
56000 10.314814814814815 0.001834110125225935 125.22222222222223 0.279320987654321 135.5185185185185 45.333333333333336 0.0 45.333333333333336 1.7681666999997105
58000 6.333333333333333 0.0011373612350038614 126.24074074074075 0.2037037037037037 135.5185185185185 45.333333333333336 0.0 45.333333333333336 1.6868893999999273
60000 10.407407407407407 0.0024242071420046253 125.4074074074074 0.2623456790123457 135.5185185185185 45.333333333333336 0.0 45.333333333333336 1.8239459000033094
62000 13.722222222222221 0.0038196567712733146 124.85185185185185 0.2731481481481482 135.5185185185185 45.333333333333336 0.0 45.333333333333336 1.8207505000027595
64000 12.574074074074074 0.0026375074788950125 125.29629629629629 0.2577160493827161 135.5185185185185 45.333333333333336 0.0 45.333333333333336 1.8300721000050544
66000 12.314814814814815 0.0022643108228789623 125.18518518518519 0.2638888888888889 135.5185185185185 45.333333333333336 0.0 45.333333333333336 1.7955432000017026
68000 15.574074074074074 0.003110984613850732 124.4074074074074 0.2824074074074075 135.5185185185185 45.333333333333336 0.0 45.333333333333336 1.8358405000035418
70000 19.01851851851852 0.0018432118887968486 123.14814814814815 0.33641975308641975 135.5185185185185 45.333333333333336 0.0 45.333333333333336 1.7294756000046618
72000 19.203703703703702 0.0024207016993233773 122.87037037037037 0.33796296296296297 135.5185185185185 45.333333333333336 0.0 45.333333333333336 1.689380700001493
74000 17.22222222222222 -0.01686571324785689 123.07407407407408 0.38271604938271603 135.5185185185185 45.333333333333336 0.0 45.333333333333336 1.6963978000057978
76000 19.09259259259259 -0.03474867990766076 122.83333333333333 0.3626543209876543 135.5185185185185 45.333333333333336 0.0 45.333333333333336 1.726860900002066
78000 22.166666666666668 -0.05153713162771405 122.62962962962963 0.3703703703703703 135.5185185185185 45.333333333333336 0.0 45.333333333333336 1.9386166999975103
80000 15.314814814814815 -0.12767912853869604 123.74074074074075 0.31635802469135804 135.5185185185185 45.333333333333336 0.0 45.333333333333336 1.657219000000623
82000 16.77777777777778 -0.14736310253389878 122.81481481481481 0.3503086419753086 135.5185185185185 45.333333333333336 0.0 45.333333333333336 1.7373518999957014
84000 20.22222222222222 0.00327431515842296 122.0925925925926 0.44135802469135804 135.5185185185185 45.333333333333336 0.0 45.333333333333336 1.7923196000047028
86000 23.333333333333332 0.0030745234707959166 121.55555555555556 0.48919753086419754 135.5185185185185 45.333333333333336 0.0 45.333333333333336 1.8087997999973595
88000 16.11111111111111 0.004816181521629648 123.25925925925925 0.404320987654321 135.5185185185185 45.333333333333336 0.0 45.333333333333336 1.6807750000007218
90000 10.88888888888889 -1.0 123.48148148148148 0.3981481481481482 135.5185185185185 45.333333333333336 0.0 45.333333333333336 1.6095096999997622
92000 4.111111111111111 -0.9258114155055358 126.31481481481481 0.17901234567901234 135.5185185185185 45.333333333333336 0.0 45.333333333333336 1.2791798999969615
94000 15.61111111111111 0.003719692882810954 123.20370370370371 0.316358024691358 135.5185185185185 45.333333333333336 0.0 45.333333333333336 1.7521476000038092
96000 14.61111111111111 -0.014824338278618713 123.18518518518519 0.3395061728395061 135.5185185185185 45.333333333333336 0.0 45.333333333333336 1.766642900001898
98000 16.962962962962962 0.002410949205213611 122.72222222222223 0.32870370370370366 135.5185185185185 45.333333333333336 0.0 45.333333333333336 1.6905848999958835
100000 40.925925925925924 0.008492917936460603 120.37037037037037 0.48611111111111116 135.5185185185185 45.333333333333336 0.018518518518518517 45.31481481481482 1.801626499996928
102000 45.166666666666664 0.01764374852961886 120.77777777777777 0.45370370370370366 135.5185185185185 45.333333333333336 0.0 45.333333333333336 1.8012153999952716
104000 20.24074074074074 0.00583493478111154 122.70370370370371 0.3503086419753086 135.5185185185185 45.333333333333336 0.0 45.333333333333336 1.794373099997756
106000 38.27777777777778 0.006087634204037649 120.11111111111111 0.4768518518518518 135.5185185185185 45.333333333333336 0.018518518518518517 45.31481481481482 1.6702690999954939
108000 47.666666666666664 0.013920045605768636 119.87037037037037 0.49382716049382713 135.5185185185185 45.333333333333336 0.018518518518518517 45.31481481481482 1.7422607000044081
110000 20.40740740740741 0.0020385062432808055 122.31481481481481 0.36882716049382713 135.5185185185185 45.333333333333336 0.0 45.333333333333336 1.7427372000020114
112000 17.85185185185185 0.0037402748954622855 122.33333333333333 0.353395061728395 135.5185185185185 45.333333333333336 0.0 45.333333333333336 1.670978299996932
114000 31.555555555555557 -0.2883977375811828 123.44444444444444 0.31790123456790126 135.5185185185185 45.333333333333336 0.0 45.333333333333336 1.4372626000040327
116000 43.574074074074076 0.007996465945039487 119.98148148148148 0.4753086419753086 135.5185185185185 45.333333333333336 0.018518518518518517 45.31481481481482 1.7067499999975553
118000 51.111111111111114 0.007535176126321857 119.62962962962963 0.5169753086419752 135.5185185185185 45.333333333333336 0.018518518518518517 45.31481481481482 1.8393189999987953
120000 48.31481481481482 0.007630184011356318 120.55555555555556 0.4737654320987654 135.5185185185185 45.333333333333336 0.018518518518518517 45.31481481481482 1.9463331000006292
122000 53.425925925925924 0.008127483290067112 119.61111111111111 0.529320987654321 135.5185185185185 45.333333333333336 0.018518518518518517 45.31481481481482 1.7663806999989902
124000 67.81481481481481 0.015416421047395075 119.48148148148148 0.5617283950617283 135.5185185185185 45.333333333333336 0.018518518518518517 45.31481481481482 1.810682999996061
126000 33.98148148148148 -0.9618220600573332 121.27777777777777 0.478395061728395 135.5185185185185 45.333333333333336 0.0 45.333333333333336 1.456650800006173
128000 88.98148148148148 0.030190350011111363 118.5925925925926 0.5725308641975309 135.5185185185185 45.333333333333336 0.018518518518518517 45.31481481481482 1.7617887999949744
130000 70.14814814814815 0.018578581255807417 119.5 0.5555555555555555 135.5185185185185 45.333333333333336 0.018518518518518517 45.31481481481482 1.756994899995334
132000 66.64814814814815 0.018035580279904682 119.77777777777777 0.5478395061728395 135.5185185185185 45.333333333333336 0.018518518518518517 45.31481481481482 1.7074590000047465
134000 46.55555555555556 0.00806457999332131 120.20370370370371 0.47993827160493824 135.5185185185185 45.333333333333336 0.018518518518518517 45.31481481481482 1.743332099998952
136000 72.38888888888889 0.017224950998541374 119.07407407407408 0.5509259259259258 135.5185185185185 45.333333333333336 0.018518518518518517 45.31481481481482 1.7275406999979168
138000 66.94444444444444 0.015549667239841266 119.44444444444444 0.5401234567901234 135.5185185185185 45.333333333333336 0.018518518518518517 45.31481481481482 1.7664440999942599
140000 69.38888888888889 0.0076536837134294 118.85185185185185 0.552469135802469 135.5185185185185 45.333333333333336 0.018518518518518517 45.31481481481482 1.772124499999336
142000 72.11111111111111 0.015369067677827308 119.05555555555556 0.5509259259259258 135.5185185185185 45.333333333333336 0.018518518518518517 45.31481481481482 1.7977911999987555
144000 86.25925925925925 0.015390403258422204 118.55555555555556 0.5648148148148148 135.5185185185185 45.333333333333336 0.018518518518518517 45.31481481481482 1.852246999995259
146000 87.81481481481481 0.015979870258522662 118.53703703703704 0.574074074074074 135.5185185185185 45.333333333333336 0.018518518518518517 45.31481481481482 1.7839319999984582
148000 87.81481481481481 0.015979870258522662 118.53703703703704 0.574074074074074 135.5185185185185 45.333333333333336 0.018518518518518517 45.31481481481482 1.7533171999966726
150000 87.70370370370371 0.015930339473702444 118.48148148148148 0.5694444444444444 135.5185185185185 45.333333333333336 0.018518518518518517 45.31481481481482 1.7979025000022375
152000 86.62962962962963 0.022121036281843035 118.55555555555556 0.5694444444444444 135.5185185185185 45.333333333333336 0.018518518518518517 45.31481481481482 1.8255613000001176
154000 86.85185185185185 0.022120285935000733 118.5925925925926 0.5694444444444444 135.5185185185185 45.333333333333336 0.018518518518518517 45.31481481481482 1.6883725000006962
156000 86.37037037037037 0.021877207881443782 118.5925925925926 0.5694444444444444 135.5185185185185 45.333333333333336 0.018518518518518517 45.31481481481482 1.7255887999999686
158000 90.07407407407408 0.024558960832038783 118.55555555555556 0.5694444444444444 135.5185185185185 45.333333333333336 0.018518518518518517 45.31481481481482 1.6692264000012074
160000 86.37037037037037 0.021877207881443782 118.5925925925926 0.5694444444444444 135.5185185185185 45.333333333333336 0.018518518518518517 45.31481481481482 1.7775302000009106
162000 88.68518518518519 0.023047462667996774 118.55555555555556 0.574074074074074 135.5185185185185 45.333333333333336 0.018518518518518517 45.31481481481482 1.7762700999955996
164000 69.38888888888889 0.013156378758383989 118.98148148148148 0.5570987654320988 135.5185185185185 45.333333333333336 0.018518518518518517 45.31481481481482 1.7369347999992897
166000 72.25925925925925 0.014484717058828379 118.88888888888889 0.566358024691358 135.5185185185185 45.333333333333336 0.018518518518518517 45.31481481481482 1.797989900005632
168000 68.87037037037037 0.012332839130163888 118.98148148148148 0.5570987654320988 135.5185185185185 45.333333333333336 0.018518518518518517 45.31481481481482 1.705242800002452
170000 122.03703703703704 0.04050914938707322 117.72222222222223 0.625 135.5185185185185 45.333333333333336 0.018518518518518517 45.31481481481482 1.738091400002304
172000 91.4074074074074 0.025260224941928693 118.51851851851852 0.5648148148148148 135.5185185185185 45.333333333333336 0.018518518518518517 45.31481481481482 1.7158471000002464
174000 98.14814814814815 0.030406009105181826 118.27777777777777 0.5879629629629629 135.5185185185185 45.333333333333336 0.018518518518518517 45.31481481481482 1.781484700004512
176000 122.03703703703704 0.04213919839659837 117.72222222222223 0.625 135.5185185185185 45.333333333333336 0.018518518518518517 45.31481481481482 1.7300273000000743
178000 91.64814814814815 0.026539701085358143 118.51851851851852 0.5787037037037036 135.5185185185185 45.333333333333336 0.018518518518518517 45.31481481481482 1.7239115000047605
180000 115.81481481481481 0.039903063227963324 117.79629629629629 0.6234567901234568 135.5185185185185 45.333333333333336 0.018518518518518517 45.31481481481482 1.788015500002075
182000 116.14814814814815 0.0384319468648893 117.74074074074075 0.6296296296296297 135.5185185185185 45.333333333333336 0.018518518518518517 45.31481481481482 1.697252899997693
184000 77.79629629629629 0.019331340817928398 118.14814814814815 0.6203703703703702 135.5185185185185 45.333333333333336 0.018518518518518517 45.31481481481482 1.717560400000366
186000 77.79629629629629 0.019331340817928398 118.14814814814815 0.6203703703703702 135.5185185185185 45.333333333333336 0.018518518518518517 45.31481481481482 1.7789219000042067
188000 77.79629629629629 0.019331340817928398 118.14814814814815 0.6203703703703702 135.5185185185185 45.333333333333336 0.018518518518518517 45.31481481481482 1.6438938000064809
190000 77.79629629629629 0.018138405551483272 118.14814814814815 0.6203703703703702 135.5185185185185 45.333333333333336 0.018518518518518517 45.31481481481482 1.6911057000033907
192000 73.94444444444444 -0.20722511731365717 118.20370370370371 0.5617283950617283 135.5185185185185 45.333333333333336 0.018518518518518517 45.31481481481482 1.6740119000023697
194000 77.79629629629629 0.019331340817928398 118.14814814814815 0.6203703703703702 135.5185185185185 45.333333333333336 0.018518518518518517 45.31481481481482 1.6233823000002303
196000 77.79629629629629 0.018138405551483272 118.14814814814815 0.6203703703703702 135.5185185185185 45.333333333333336 0.018518518518518517 45.31481481481482 1.8059394999945653
198000 78.11111111111111 0.01820129696918144 118.12962962962963 0.6203703703703702 135.5185185185185 45.333333333333336 0.018518518518518517 45.31481481481482 1.7540678000004846
200000 81.31481481481481 0.020781709248829563 118.11111111111111 0.6203703703703702 135.5185185185185 45.333333333333336 0.018518518518518517 45.31481481481482 1.7346613999980036
202000 103.03703703703704 0.031412774771219586 118.0925925925926 0.5262345679012346 135.5185185185185 45.333333333333336 0.018518518518518517 45.31481481481482 1.7342102999973577
204000 76.03703703703704 -0.790299317042669 119.22222222222223 0.4737654320987655 135.5185185185185 45.333333333333336 0.018518518518518517 45.31481481481482 1.5853700999941793
206000 70.72222222222223 -0.11750916428508845 118.35185185185185 0.5246913580246914 135.5185185185185 45.333333333333336 0.018518518518518517 45.31481481481482 1.6635851999963052
208000 94.53703703703704 -0.1961440854862505 117.44444444444444 0.5833333333333334 135.5185185185185 45.333333333333336 0.018518518518518517 45.31481481481482 1.69014650000463
210000 89.01851851851852 -0.010441963519074367 118.62962962962963 0.5216049382716049 135.5185185185185 45.333333333333336 0.018518518518518517 45.31481481481482 1.7414793999996618
212000 69.57407407407408 -0.5303597077930349 119.0925925925926 0.4969135802469135 135.5185185185185 45.333333333333336 0.018518518518518517 45.31481481481482 1.7239987999928417
214000 71.96296296296296 -0.660116781918738 118.98148148148148 0.49537037037037035 135.5185185185185 45.333333333333336 0.018518518518518517 45.31481481481482 1.6744237000020803
216000 95.79629629629629 -0.012307991108205909 118.14814814814815 0.5462962962962963 135.5185185185185 45.333333333333336 0.018518518518518517 45.31481481481482 1.83918779999658
218000 57.27777777777778 0.008941543175450924 119.51851851851852 0.49537037037037024 135.5185185185185 45.333333333333336 0.018518518518518517 45.31481481481482 1.7934153000023798
220000 77.01851851851852 -0.03969446835634858 118.31481481481481 0.5200617283950617 135.5185185185185 45.333333333333336 0.018518518518518517 45.31481481481482 1.8554355000014766
222000 59.7962962962963 0.008006667637817525 119.22222222222223 0.5046296296296297 135.5185185185185 45.333333333333336 0.018518518518518517 45.31481481481482 1.793760000000475
224000 59.574074074074076 0.007918490303994384 119.27777777777777 0.5354938271604938 135.5185185185185 45.333333333333336 0.018518518518518517 45.31481481481482 1.684240199996566
226000 56.2962962962963 0.006608774959347775 119.31481481481481 0.5046296296296297 135.5185185185185 45.333333333333336 0.018518518518518517 45.31481481481482 1.7191776999970898
228000 63.5 0.010258353970887904 119.14814814814815 0.5354938271604938 135.5185185185185 45.333333333333336 0.018518518518518517 45.31481481481482 1.6918938000017079
230000 62.351851851851855 0.010229112271825127 119.0 0.5046296296296297 135.5185185185185 45.333333333333336 0.018518518518518517 45.31481481481482 1.7482155000034254
232000 63.074074074074076 0.011896176570380747 119.05555555555556 0.5046296296296297 135.5185185185185 45.333333333333336 0.018518518518518517 45.31481481481482 1.745822800003225
234000 62.907407407407405 0.01175912139401248 119.07407407407408 0.5046296296296297 135.5185185185185 45.333333333333336 0.018518518518518517 45.31481481481482 1.7942485000021406
236000 84.61111111111111 0.023130054106729084 118.4074074074074 0.5648148148148148 135.5185185185185 45.333333333333336 0.018518518518518517 45.31481481481482 1.759808199996769
238000 74.9074074074074 0.015789876794472742 118.64814814814815 0.5154320987654322 135.5185185185185 45.333333333333336 0.018518518518518517 45.31481481481482 1.7299079000003985
240000 116.72222222222223 0.033719879302210425 117.37037037037037 0.58179012345679 135.5185185185185 45.333333333333336 0.018518518518518517 45.31481481481482 1.7656405999950948
242000 87.27777777777777 0.01905968001804995 118.53703703703704 0.5277777777777778 135.5185185185185 45.333333333333336 0.018518518518518517 45.31481481481482 1.7382227999987663
244000 133.37037037037038 0.042026829002749906 116.83333333333333 0.6033950617283951 135.5185185185185 45.333333333333336 0.018518518518518517 45.31481481481482 1.7465558999974746
246000 132.85185185185185 0.04174201110099415 116.88888888888889 0.6033950617283951 135.5185185185185 45.333333333333336 0.018518518518518517 45.31481481481482 1.7614371000017854
248000 128.03703703703704 0.03888271129051154 117.25925925925925 0.5941358024691359 135.5185185185185 45.333333333333336 0.018518518518518517 45.31481481481482 1.7008230999999796
250000 133.12962962962962 0.041702416001280655 116.92592592592592 0.6141975308641976 135.5185185185185 45.333333333333336 0.018518518518518517 45.31481481481482 1.8852226999952109
252000 130.77777777777777 0.04054775810531416 117.11111111111111 0.5987654320987654 135.5185185185185 45.333333333333336 0.018518518518518517 45.31481481481482 1.6220432000045548
254000 102.75925925925925 0.025693771585413045 118.07407407407408 0.5864197530864198 135.5185185185185 45.333333333333336 0.018518518518518517 45.31481481481482 1.7104936999967322
256000 99.05555555555556 0.024311599140890035 118.14814814814815 0.5848765432098765 135.5185185185185 45.333333333333336 0.018518518518518517 45.31481481481482 1.830914699996356
258000 95.62962962962963 0.023596247396197752 118.24074074074075 0.5848765432098765 135.5185185185185 45.333333333333336 0.018518518518518517 45.31481481481482 1.8889866999961669
260000 133.87037037037038 0.041973309230434595 117.4074074074074 0.5447530864197531 135.5185185185185 45.333333333333336 0.018518518518518517 45.31481481481482 1.9156756000011228
262000 98.44444444444444 -0.6676953852408383 118.57407407407408 0.5108024691358024 135.5185185185185 45.333333333333336 0.018518518518518517 45.31481481481482 1.6917567000054987
264000 94.55555555555556 0.022697887552222466 117.79629629629629 0.6080246913580246 135.5185185185185 45.333333333333336 0.018518518518518517 45.31481481481482 1.704032699999516
266000 89.03703703703704 0.01885176675650724 118.92592592592592 0.6064814814814815 135.5185185185185 45.333333333333336 0.018518518518518517 45.31481481481482 1.832986900000833
268000 73.11111111111111 0.01247195133153578 119.35185185185185 0.5910493827160495 135.5185185185185 45.333333333333336 0.018518518518518517 45.31481481481482 1.7280365000042366
270000 88.92592592592592 0.02192636998348614 119.51851851851852 0.552469135802469 135.5185185185185 45.333333333333336 0.018518518518518517 45.31481481481482 1.779835400004231
272000 83.66666666666667 0.023389223669030984 119.53703703703704 0.552469135802469 135.5185185185185 45.333333333333336 0.018518518518518517 45.31481481481482 1.7652853000035975
274000 90.05555555555556 0.021334548034879067 119.5 0.5617283950617283 135.5185185185185 45.333333333333336 0.018518518518518517 45.31481481481482 1.7991371999960393
276000 83.5925925925926 0.016983445089264085 119.53703703703704 0.566358024691358 135.5185185185185 45.333333333333336 0.018518518518518517 45.31481481481482 1.71440419999999
278000 80.07407407407408 0.013759365214660015 119.20370370370371 0.5401234567901233 135.5185185185185 45.333333333333336 0.018518518518518517 45.31481481481482 1.7236143999980413
280000 98.4074074074074 0.025371396726660115 118.4074074074074 0.5570987654320987 135.5185185185185 45.333333333333336 0.018518518518518517 45.31481481481482 1.7582316000043647
282000 95.92592592592592 0.02426626773284697 118.42592592592592 0.5432098765432097 135.5185185185185 45.333333333333336 0.018518518518518517 45.31481481481482 1.809136199997738
284000 81.51851851851852 0.013537313635004674 118.66666666666667 0.5756172839506172 135.5185185185185 45.333333333333336 0.018518518518518517 45.31481481481482 1.8178412999986904
286000 86.72222222222223 0.015045109247041924 118.55555555555556 0.5679012345679011 135.5185185185185 45.333333333333336 0.018518518518518517 45.31481481481482 1.7622453000003588
288000 85.77777777777777 0.01587961682604038 118.51851851851852 0.5555555555555555 135.5185185185185 45.333333333333336 0.018518518518518517 45.31481481481482 1.7516241999983322
290000 137.0 0.017440866745019715 118.12962962962963 0.5925925925925926 135.5185185185185 45.333333333333336 0.018518518518518517 45.31481481481482 1.8365521000014269
292000 148.35185185185185 0.0479939872670412 117.83333333333333 0.5787037037037036 135.5185185185185 45.333333333333336 0.018518518518518517 45.31481481481482 1.7428090000030352
294000 183.9814814814815 0.06182179145571302 117.5 0.5925925925925926 135.5185185185185 45.333333333333336 0.018518518518518517 45.31481481481482 1.7594071999992593
296000 201.3148148148148 0.0457739066249775 117.42592592592592 0.5802469135802468 135.5185185185185 45.333333333333336 0.018518518518518517 45.31481481481482 1.7538371999980882
298000 200.64814814814815 -0.01650703746151642 117.5 0.5802469135802468 135.5185185185185 45.333333333333336 0.018518518518518517 45.31481481481482 1.6548752000016975
300000 197.55555555555554 -0.2726174228455786 117.57407407407408 0.5895061728395061 135.5185185185185 45.333333333333336 0.018518518518518517 45.31481481481482 1.8022875000024214
302000 192.2037037037037 -0.4167123744051291 117.74074074074075 0.5709876543209875 135.5185185185185 45.333333333333336 0.0 45.333333333333336 1.7551142999946023
304000 161.44444444444446 -0.5881239878748131 118.14814814814815 0.595679012345679 135.5185185185185 45.333333333333336 0.0 45.333333333333336 1.6611061000003247
306000 130.40740740740742 -0.19762831467624392 118.07407407407408 0.5833333333333334 135.5185185185185 45.333333333333336 0.018518518518518517 45.31481481481482 1.7166641999938292
308000 166.8148148148148 -0.6334974166519757 118.0925925925926 0.5679012345679011 135.5185185185185 45.333333333333336 0.0 45.333333333333336 1.6656523999990895
310000 141.64814814814815 -0.38529638575829817 118.16666666666667 0.5725308641975309 135.5185185185185 45.333333333333336 0.0 45.333333333333336 1.6840957999957027
312000 138.33333333333334 -0.6156912685269454 118.31481481481481 0.5879629629629629 135.5185185185185 45.333333333333336 0.0 45.333333333333336 1.6947679000004428
314000 146.75925925925927 -0.6925605445152527 118.31481481481481 0.5586419753086419 135.5185185185185 45.333333333333336 0.0 45.333333333333336 1.8507201000029454
316000 137.62962962962962 -0.6925596217304433 118.31481481481481 0.5725308641975309 135.5185185185185 45.333333333333336 0.0 45.333333333333336 1.7651582000034978
318000 162.55555555555554 -0.7436682542738351 118.27777777777777 0.5787037037037037 135.5185185185185 45.333333333333336 0.0 45.333333333333336 1.6219179000036092
320000 211.4814814814815 -0.7279234948884126 117.83333333333333 0.5879629629629629 135.5185185185185 45.333333333333336 0.0 45.333333333333336 1.6265765999996802
322000 182.12962962962962 -0.7866199805802742 117.92592592592592 0.58179012345679 135.5185185185185 45.333333333333336 0.0 45.333333333333336 1.6356683999983943
324000 182.7962962962963 -0.86616828168385 117.88888888888889 0.5833333333333333 135.5185185185185 45.333333333333336 0.0 45.333333333333336 1.6001232999988133
326000 185.1851851851852 -0.9018556115231932 117.9074074074074 0.5833333333333333 135.5185185185185 45.333333333333336 0.0 45.333333333333336 1.6678796999985934
328000 183.7962962962963 -0.9033924107983154 117.96296296296296 0.5709876543209876 135.5185185185185 45.333333333333336 0.0 45.333333333333336 1.5991684000036912
330000 281.537037037037 -0.3991653284844584 116.33333333333333 0.6435185185185186 135.5185185185185 45.333333333333336 0.0 45.333333333333336 1.7568655999930343
332000 252.16666666666666 -0.6833035513876106 116.66666666666667 0.6296296296296298 135.5185185185185 45.333333333333336 0.0 45.333333333333336 1.686749199994665
334000 241.46296296296296 -0.8811496785645709 116.61111111111111 0.6033950617283951 135.5185185185185 45.333333333333336 0.0 45.333333333333336 1.7511004999978468
336000 249.0 -0.8587180450122196 116.51851851851852 0.6095679012345678 135.5185185185185 45.333333333333336 0.0 45.333333333333336 1.6883020999957807
338000 296.2962962962963 -0.6099090291578736 116.25925925925925 0.632716049382716 135.5185185185185 45.333333333333336 0.0 45.333333333333336 1.7013182000009692
340000 234.57407407407408 -1.0 116.46296296296296 0.6033950617283951 135.5185185185185 45.333333333333336 0.0 45.333333333333336 1.65694860000076
342000 234.57407407407408 -1.0 116.46296296296296 0.6033950617283951 135.5185185185185 45.333333333333336 0.0 45.333333333333336 1.6628005999955349
344000 249.35185185185185 -0.9763156559091128 116.4074074074074 0.6126543209876544 135.5185185185185 45.333333333333336 0.0 45.333333333333336 1.7329545999964466
346000 235.64814814814815 -1.0 116.16666666666667 0.632716049382716 135.5185185185185 45.333333333333336 0.0 45.333333333333336 1.5745363000023644
348000 235.64814814814815 -1.0 116.16666666666667 0.632716049382716 135.5185185185185 45.333333333333336 0.0 45.333333333333336 1.6695961999939755
350000 269.18518518518516 -0.9320507748939243 116.05555555555556 0.648148148148148 135.5185185185185 45.333333333333336 0.0 45.333333333333336 1.7928089999986696
352000 234.03703703703704 -1.0 116.18518518518519 0.632716049382716 135.5185185185185 45.333333333333336 0.0 45.333333333333336 1.7055494000014733
354000 234.03703703703704 -1.0 116.18518518518519 0.632716049382716 135.5185185185185 45.333333333333336 0.0 45.333333333333336 1.7179529999993974
356000 240.72222222222223 -0.9585326450441656 116.72222222222223 0.6126543209876544 135.5185185185185 45.333333333333336 0.0 45.333333333333336 1.7174276999940048
358000 253.96296296296296 -0.8986978912701944 116.92592592592592 0.6280864197530863 135.5185185185185 45.333333333333336 0.0 45.333333333333336 1.5605809999979101
360000 207.1851851851852 -0.9577466417519128 116.85185185185185 0.6080246913580246 135.5185185185185 45.333333333333336 0.018518518518518517 45.31481481481482 1.6187693000028958
362000 279.8333333333333 -0.8143043761951424 116.51851851851852 0.617283950617284 135.5185185185185 45.333333333333336 0.0 45.333333333333336 1.755163599998923
364000 212.88888888888889 -0.9573469234406937 116.70370370370371 0.6219135802469135 135.5185185185185 45.333333333333336 0.0 45.333333333333336 1.5735741000025882
366000 245.46296296296296 -0.9572989768682109 116.81481481481481 0.617283950617284 135.5185185185185 45.333333333333336 0.0 45.333333333333336 1.646275400002196
368000 215.7962962962963 -0.9142751827583484 116.77777777777777 0.6311728395061728 135.5185185185185 45.333333333333336 0.0 45.333333333333336 1.6243291000064346
370000 218.64814814814815 -0.8761871814488605 116.77777777777777 0.6080246913580246 135.5185185185185 45.333333333333336 0.018518518518518517 45.31481481481482 1.6137891999969725
372000 202.6851851851852 -0.9016027338570345 116.94444444444444 0.6080246913580246 135.5185185185185 45.333333333333336 0.018518518518518517 45.31481481481482 1.6929423999972641
374000 236.7962962962963 -0.8831770936792501 116.83333333333333 0.6188271604938271 135.5185185185185 45.333333333333336 0.0 45.333333333333336 1.77250090000598
376000 232.2962962962963 -0.9420199421308578 117.44444444444444 0.6141975308641976 135.5185185185185 45.333333333333336 0.0 45.333333333333336 1.5655275999961304
378000 246.94444444444446 -0.8957575971500271 117.29629629629629 0.6188271604938271 135.5185185185185 45.333333333333336 0.0 45.333333333333336 1.6507525999986683
380000 200.12962962962962 -0.940495935056053 117.55555555555556 0.6049382716049382 135.5185185185185 45.333333333333336 0.018518518518518517 45.31481481481482 1.6205516999980318
382000 243.94444444444446 -0.9369905982039027 116.9074074074074 0.6080246913580247 135.5185185185185 45.333333333333336 0.0 45.333333333333336 1.6327926999947522
384000 228.75925925925927 -0.9606749422947899 116.96296296296296 0.5941358024691359 135.5185185185185 45.333333333333336 0.0 45.333333333333336 1.6811798000053386
386000 247.24074074074073 -0.9176925085842456 116.64814814814815 0.617283950617284 135.5185185185185 45.333333333333336 0.0 45.333333333333336 1.5969714000020758
388000 253.46296296296296 -0.8736462513487283 116.94444444444444 0.6033950617283951 135.5185185185185 45.333333333333336 0.0 45.333333333333336 1.7017228999975487
390000 236.75925925925927 -0.9219105042881659 117.0925925925926 0.5987654320987654 135.5185185185185 45.333333333333336 0.0 45.333333333333336 1.6683295000038925
392000 237.62962962962962 -0.8977905681752101 117.03703703703704 0.5987654320987654 135.5185185185185 45.333333333333336 0.0 45.333333333333336 1.6136862999992445
394000 242.2037037037037 -0.9184971422020922 116.96296296296296 0.6311728395061729 135.5185185185185 45.333333333333336 0.0 45.333333333333336 1.7163364000007277
396000 229.7037037037037 -0.9417349980771035 117.42592592592592 0.6049382716049384 135.5185185185185 45.333333333333336 0.0 45.333333333333336 1.8837574999997742
398000 232.16666666666666 -0.9813096564378417 117.46296296296296 0.5956790123456791 135.5185185185185 45.333333333333336 0.0 45.333333333333336 1.603653199999826
400000 230.74074074074073 -0.962651520309935 117.42592592592592 0.6049382716049384 135.5185185185185 45.333333333333336 0.0 45.333333333333336 1.72200139999768
402000 249.57407407407408 -0.8733015870280028 117.0 0.6095679012345679 135.5185185185185 45.333333333333336 0.0 45.333333333333336 1.5797376000045915
404000 242.88888888888889 -0.9354072908060495 116.79629629629629 0.6126543209876544 135.5185185185185 45.333333333333336 0.0 45.333333333333336 1.6929550999993808
406000 235.03703703703704 -0.962651520309935 117.20370370370371 0.6141975308641976 135.5185185185185 45.333333333333336 0.0 45.333333333333336 1.6679166999965673
408000 239.44444444444446 -0.9395943886258039 117.12962962962963 0.6234567901234569 135.5185185185185 45.333333333333336 0.0 45.333333333333336 1.688221500000509
410000 238.38888888888889 -0.9609430889859664 117.16666666666667 0.6234567901234569 135.5185185185185 45.333333333333336 0.0 45.333333333333336 1.6028221999949892
412000 235.24074074074073 -0.9626118372241756 117.20370370370371 0.6141975308641976 135.5185185185185 45.333333333333336 0.0 45.333333333333336 1.6821822000056272
414000 210.74074074074073 -0.9161644751614603 117.03703703703704 0.6188271604938271 135.5185185185185 45.333333333333336 0.018518518518518517 45.31481481481482 1.60852480000176
416000 202.12962962962962 -0.9795233791241942 117.16666666666667 0.6126543209876543 135.5185185185185 45.333333333333336 0.018518518518518517 45.31481481481482 1.6761755000043195
418000 199.37037037037038 -0.9789616026506073 117.16666666666667 0.603395061728395 135.5185185185185 45.333333333333336 0.018518518518518517 45.31481481481482 1.6503672000035294
420000 206.11111111111111 -0.9798209927612631 117.20370370370371 0.6188271604938271 135.5185185185185 45.333333333333336 0.018518518518518517 45.31481481481482 1.6414794999946025
422000 198.5185185185185 -1.0 117.20370370370371 0.6126543209876543 135.5185185185185 45.333333333333336 0.018518518518518517 45.31481481481482 1.706818700004078
424000 239.5 -1.0 117.20370370370371 0.6188271604938272 135.5185185185185 45.333333333333336 0.0 45.333333333333336 1.625000899999577
426000 239.5 -1.0 117.20370370370371 0.6188271604938272 135.5185185185185 45.333333333333336 0.0 45.333333333333336 1.6113466000024346
428000 239.5 -1.0 117.20370370370371 0.6188271604938272 135.5185185185185 45.333333333333336 0.0 45.333333333333336 1.758261200004199
430000 239.5 -1.0 117.20370370370371 0.6188271604938272 135.5185185185185 45.333333333333336 0.0 45.333333333333336 1.6455715999982203
432000 239.5 -1.0 117.20370370370371 0.6188271604938272 135.5185185185185 45.333333333333336 0.0 45.333333333333336 1.588294200002565
434000 238.75925925925927 -1.0 117.16666666666667 0.6141975308641976 135.5185185185185 45.333333333333336 0.0 45.333333333333336 1.6617582000035327
436000 239.5 -1.0 117.20370370370371 0.6188271604938272 135.5185185185185 45.333333333333336 0.0 45.333333333333336 1.6231450000050245
438000 241.8148148148148 -0.957027432626692 117.03703703703704 0.6141975308641976 135.5185185185185 45.333333333333336 0.0 45.333333333333336 1.5722739000048023
440000 238.61111111111111 -0.9798875848809763 116.14814814814815 0.632716049382716 135.5185185185185 45.333333333333336 0.0 45.333333333333336 1.6997923999952036
442000 239.5 -1.0 117.20370370370371 0.6188271604938272 135.5185185185185 45.333333333333336 0.0 45.333333333333336 1.717377499997383
444000 239.77777777777777 -0.9790115331783089 116.46296296296296 0.6095679012345678 135.5185185185185 45.333333333333336 0.0 45.333333333333336 1.7334278999987873
446000 233.37037037037038 -1.0 116.5925925925926 0.6095679012345678 135.5185185185185 45.333333333333336 0.0 45.333333333333336 1.6586227999941912
448000 234.55555555555554 -1.0 116.62962962962963 0.6141975308641975 135.5185185185185 45.333333333333336 0.0 45.333333333333336 1.7161789999954635
450000 239.96296296296296 -0.9790115331783089 116.46296296296296 0.6095679012345678 135.5185185185185 45.333333333333336 0.0 45.333333333333336 1.8477359999960754
452000 234.77777777777777 -1.0 116.62962962962963 0.6141975308641975 135.5185185185185 45.333333333333336 0.0 45.333333333333336 1.7151057999944896
454000 257.7962962962963 -0.9113950196092051 116.24074074074075 0.6450617283950618 135.5185185185185 45.333333333333336 0.0 45.333333333333336 1.6356707000013557
456000 240.24074074074073 -0.9790115331783089 116.12962962962963 0.632716049382716 135.5185185185185 45.333333333333336 0.0 45.333333333333336 1.668430099998659
458000 233.37037037037038 -1.0 116.61111111111111 0.6095679012345678 135.5185185185185 45.333333333333336 0.0 45.333333333333336 1.7159047999957693
460000 250.64814814814815 -0.9303998790919209 116.27777777777777 0.6358024691358025 135.5185185185185 45.333333333333336 0.0 45.333333333333336 1.6360559999957331
462000 233.37037037037038 -1.0 116.61111111111111 0.6095679012345678 135.5185185185185 45.333333333333336 0.0 45.333333333333336 1.5933660000009695
464000 240.24074074074073 -0.9790115331783089 116.12962962962963 0.632716049382716 135.5185185185185 45.333333333333336 0.0 45.333333333333336 1.6295502000066335
466000 234.55555555555554 -0.9775965730815949 116.57407407407408 0.6141975308641975 135.5185185185185 45.333333333333336 0.0 45.333333333333336 1.6347772000008263
468000 240.24074074074073 -0.9790115331783089 116.12962962962963 0.632716049382716 135.5185185185185 45.333333333333336 0.0 45.333333333333336 1.7380993999977363
470000 197.77777777777777 -1.0 117.16666666666667 0.6126543209876543 135.5185185185185 45.333333333333336 0.018518518518518517 45.31481481481482 1.6839074000017717
472000 236.0 -1.0 116.51851851851852 0.6141975308641975 135.5185185185185 45.333333333333336 0.0 45.333333333333336 1.7111990000048536
474000 240.24074074074073 -0.9790115331783089 116.12962962962963 0.632716049382716 135.5185185185185 45.333333333333336 0.0 45.333333333333336 1.8448709000003873
476000 238.7962962962963 -0.9790115331783089 116.46296296296296 0.6033950617283951 135.5185185185185 45.333333333333336 0.0 45.333333333333336 1.8658974999998463
478000 193.2037037037037 -1.0 117.24074074074075 0.603395061728395 135.5185185185185 45.333333333333336 0.018518518518518517 45.31481481481482 1.7203043999979855
480000 198.94444444444446 -0.9798272497104085 117.14814814814815 0.6126543209876543 135.5185185185185 45.333333333333336 0.018518518518518517 45.31481481481482 1.7582695000019157
482000 239.5 -1.0 117.20370370370371 0.6188271604938272 135.5185185185185 45.333333333333336 0.0 45.333333333333336 1.716219200003252
484000 199.1851851851852 -0.9775965730815949 117.11111111111111 0.6126543209876543 135.5185185185185 45.333333333333336 0.018518518518518517 45.31481481481482 1.7738448000018252
486000 193.2037037037037 -1.0 117.24074074074075 0.603395061728395 135.5185185185185 45.333333333333336 0.018518518518518517 45.31481481481482 1.8021879000007175
488000 226.5 -1.0 116.77777777777777 0.6049382716049382 135.5185185185185 45.333333333333336 0.0 45.333333333333336 1.7273405000014463
490000 232.62962962962962 -1.0 116.62962962962963 0.6188271604938271 135.5185185185185 45.333333333333336 0.0 45.333333333333336 1.7610189999977592
492000 234.77777777777777 -1.0 116.62962962962963 0.6141975308641975 135.5185185185185 45.333333333333336 0.0 45.333333333333336 1.727418199996464
494000 234.88888888888889 -1.0 116.55555555555556 0.6095679012345678 135.5185185185185 45.333333333333336 0.0 45.333333333333336 1.7255064999990282
496000 240.24074074074073 -0.9790115331783089 116.12962962962963 0.632716049382716 135.5185185185185 45.333333333333336 0.0 45.333333333333336 1.8235978000011528
498000 235.64814814814815 -1.0 116.16666666666667 0.632716049382716 135.5185185185185 45.333333333333336 0.0 45.333333333333336 1.7210434000007808
500000 301.6666666666667 -0.8643456518941913 115.9074074074074 0.6419753086419753 135.5185185185185 45.333333333333336 0.0 45.333333333333336 1.7033636999985902
