2000 0.36538461538461536 0.0625
4000 0.38461538461538464 0.0625
6000 1.0769230769230769 0.125
8000 1.4230769230769231 0.203125
10000 1.2884615384615385 0.21875
12000 1.3653846153846154 0.09375
14000 1.3653846153846154 0.15625
16000 1.3846153846153846 0.171875
18000 1.5384615384615385 0.21875
20000 1.4423076923076923 0.171875
22000 1.9230769230769231 0.109375
24000 1.9230769230769231 0.125
26000 1.6730769230769231 0.125
28000 1.9423076923076923 0.21875
30000 1.9230769230769231 0.203125
32000 1.9230769230769231 0.140625
34000 1.9230769230769231 0.125
36000 1.9615384615384615 0.171875
38000 1.9807692307692308 0.203125
40000 1.8846153846153846 0.203125
42000 2.0 0.21875
44000 1.9038461538461537 0.109375
46000 1.8269230769230769 0.171875
48000 1.8846153846153846 0.1875
50000 1.8461538461538463 0.171875
52000 1.9038461538461537 0.25
54000 1.9807692307692308 0.09375
56000 1.8461538461538463 0.140625
58000 1.8846153846153846 0.15625
60000 2.769230769230769 0.234375
62000 3.326923076923077 0.21875
64000 3.326923076923077 0.09375
66000 3.480769230769231 0.125
68000 3.5961538461538463 0.140625
70000 3.6923076923076925 0.203125
72000 3.7115384615384617 0.265625
74000 3.6538461538461537 0.21875
76000 3.6538461538461537 0.109375
78000 3.7115384615384617 0.140625
80000 3.7115384615384617 0.203125
82000 3.7115384615384617 0.21875
84000 3.7115384615384617 0.25
86000 4.019230769230769 0.09375
88000 4.019230769230769 0.125
90000 3.8846153846153846 0.1875
92000 3.826923076923077 0.234375
94000 3.9615384615384617 0.1875
96000 3.826923076923077 0.109375
98000 4.0 0.125
100000 4.0 0.171875
102000 4.134615384615385 0.203125
104000 4.134615384615385 0.1875
106000 4.153846153846154 0.21875
108000 4.173076923076923 0.125
110000 4.230769230769231 0.140625
112000 4.134615384615385 0.171875
114000 4.211538461538462 0.25
116000 4.153846153846154 0.234375
118000 4.269230769230769 0.109375
120000 4.230769230769231 0.125
122000 4.230769230769231 0.15625
124000 4.115384615384615 0.21875
126000 3.980769230769231 0.21875
128000 4.115384615384615 0.109375
130000 4.25 0.109375
132000 4.115384615384615 0.15625
134000 4.115384615384615 0.203125
136000 4.1923076923076925 0.1875
138000 4.269230769230769 0.25
140000 4.0576923076923075 0.109375
142000 4.0576923076923075 0.15625
144000 4.096153846153846 0.1875
146000 4.25 0.25
148000 4.230769230769231 0.234375
150000 4.096153846153846 0.09375
152000 4.153846153846154 0.125
154000 4.269230769230769 0.1875
156000 4.230769230769231 0.234375
158000 4.230769230769231 0.21875
160000 4.326923076923077 0.109375
162000 4.0576923076923075 0.140625
164000 4.173076923076923 0.125
166000 4.096153846153846 0.234375
168000 4.25 0.25
170000 4.288461538461538 0.25
172000 4.096153846153846 0.109375
174000 4.230769230769231 0.140625
176000 4.25 0.1875
178000 4.211538461538462 0.25
180000 4.288461538461538 0.234375
182000 4.346153846153846 0.125
184000 4.211538461538462 0.09375
186000 4.25 0.140625
188000 4.230769230769231 0.1875
190000 4.211538461538462 0.15625
192000 4.288461538461538 0.109375
194000 4.288461538461538 0.109375
196000 4.230769230769231 0.15625
198000 4.384615384615385 0.203125
200000 4.346153846153846 0.25
202000 4.3076923076923075 0.25
204000 4.3076923076923075 0.109375
206000 4.288461538461538 0.140625
208000 4.269230769230769 0.1875
210000 4.346153846153846 0.21875
212000 4.211538461538462 0.234375
214000 4.326923076923077 0.125
216000 4.288461538461538 0.125
218000 4.288461538461538 0.203125
220000 4.076923076923077 0.234375
222000 4.1923076923076925 0.25
224000 4.230769230769231 0.109375
226000 4.3076923076923075 0.109375
228000 4.326923076923077 0.171875
230000 4.269230769230769 0.203125
232000 4.326923076923077 0.234375
234000 4.346153846153846 0.171875
236000 4.384615384615385 0.140625
238000 4.480769230769231 0.125
240000 4.711538461538462 0.140625
242000 5.173076923076923 0.15625
244000 5.019230769230769 0.21875
246000 4.826923076923077 0.109375
248000 5.096153846153846 0.140625
250000 5.096153846153846 0.171875
252000 4.846153846153846 0.203125
254000 4.788461538461538 0.28125
256000 5.076923076923077 0.140625
258000 4.961538461538462 0.125
260000 5.0576923076923075 0.140625
262000 5.0576923076923075 0.15625
264000 4.846153846153846 0.140625
266000 4.75 0.15625
268000 4.673076923076923 0.171875
270000 4.961538461538462 0.15625
272000 4.673076923076923 0.15625
274000 4.961538461538462 0.15625
276000 4.865384615384615 0.21875
278000 4.961538461538462 0.125
280000 5.0 0.125
282000 4.884615384615385 0.15625
284000 5.115384615384615 0.234375
286000 4.980769230769231 0.25
288000 5.096153846153846 0.125
290000 5.3076923076923075 0.109375
292000 5.115384615384615 0.15625
294000 5.115384615384615 0.21875
296000 5.173076923076923 0.21875
298000 5.173076923076923 0.171875
300000 5.038461538461538 0.140625
302000 5.076923076923077 0.140625
304000 4.846153846153846 0.203125
306000 5.019230769230769 0.25
308000 5.0 0.21875
310000 4.826923076923077 0.09375
312000 5.0576923076923075 0.125
314000 5.076923076923077 0.171875
316000 5.153846153846154 0.1875
318000 4.961538461538462 0.28125
320000 5.153846153846154 0.15625
322000 5.076923076923077 0.140625
324000 5.153846153846154 0.171875
326000 4.826923076923077 0.203125
328000 5.0576923076923075 0.15625
330000 5.038461538461538 0.265625
332000 5.153846153846154 0.109375
334000 4.961538461538462 0.171875
336000 5.134615384615385 0.15625
338000 5.115384615384615 0.1875
340000 5.153846153846154 0.21875
342000 5.076923076923077 0.078125
344000 5.096153846153846 0.125
346000 4.884615384615385 0.15625
348000 4.8076923076923075 0.203125
350000 5.153846153846154 0.234375
352000 5.134615384615385 0.09375
354000 5.076923076923077 0.109375
356000 5.173076923076923 0.171875
358000 4.9423076923076925 0.203125
360000 5.153846153846154 0.25
362000 5.173076923076923 0.25
364000 5.25 0.09375
366000 5.288461538461538 0.15625
368000 5.173076923076923 0.203125
370000 5.038461538461538 0.25
372000 5.134615384615385 0.25
374000 4.923076923076923 0.09375
376000 5.038461538461538 0.109375
378000 4.884615384615385 0.140625
380000 4.903846153846154 0.1875
382000 5.230769230769231 0.171875
384000 5.1923076923076925 0.09375
386000 5.211538461538462 0.125
388000 5.038461538461538 0.265625
390000 5.134615384615385 0.171875
392000 5.211538461538462 0.140625
394000 5.288461538461538 0.234375
396000 5.173076923076923 0.109375
398000 5.230769230769231 0.1875
400000 5.25 0.203125
402000 5.0576923076923075 0.15625
404000 5.115384615384615 0.234375
406000 5.153846153846154 0.109375
408000 5.038461538461538 0.109375
410000 5.173076923076923 0.1875
412000 5.0 0.234375
414000 5.25 0.25
416000 5.153846153846154 0.09375
418000 5.115384615384615 0.15625
420000 5.25 0.15625
422000 5.326923076923077 0.21875
424000 5.173076923076923 0.25
426000 5.288461538461538 0.203125
428000 5.269230769230769 0.140625
430000 5.173076923076923 0.15625
432000 5.173076923076923 0.203125
434000 5.3076923076923075 0.1875
436000 5.230769230769231 0.25
438000 5.25 0.109375
440000 5.115384615384615 0.109375
442000 5.1923076923076925 0.15625
444000 5.096153846153846 0.234375
446000 5.134615384615385 0.21875
448000 5.134615384615385 0.109375
450000 5.134615384615385 0.109375
452000 5.153846153846154 0.125
454000 5.153846153846154 0.21875
456000 5.096153846153846 0.203125
458000 4.923076923076923 0.21875
460000 4.9423076923076925 0.109375
462000 5.096153846153846 0.15625
464000 5.115384615384615 0.203125
466000 5.134615384615385 0.234375
468000 5.25 0.234375
470000 5.230769230769231 0.09375
472000 5.1923076923076925 0.125
474000 5.230769230769231 0.15625
476000 5.269230769230769 0.234375
478000 5.1923076923076925 0.21875
480000 5.230769230769231 0.109375
482000 5.211538461538462 0.203125
484000 5.096153846153846 0.125
486000 5.0576923076923075 0.125
488000 5.230769230769231 0.140625
490000 5.230769230769231 0.140625
492000 5.1923076923076925 0.15625
494000 5.173076923076923 0.171875
496000 5.230769230769231 0.1875
498000 5.153846153846154 0.15625
500000 5.173076923076923 0.15625
