2000 0.5576923076923077 0.15625
4000 1.6923076923076923 0.140625
6000 3.1923076923076925 0.234375
8000 4.019230769230769 0.25
10000 3.4038461538461537 0.1875
12000 4.115384615384615 0.296875
14000 4.346153846153846 0.21875
16000 5.1923076923076925 0.234375
18000 5.8076923076923075 0.234375
20000 5.980769230769231 0.28125
22000 6.1923076923076925 0.265625
24000 6.1923076923076925 0.25
26000 6.461538461538462 0.25
28000 6.461538461538462 0.296875
30000 6.6923076923076925 0.359375
32000 6.903846153846154 0.359375
34000 6.8076923076923075 0.359375
36000 6.769230769230769 0.234375
38000 6.8076923076923075 0.21875
40000 7.038461538461538 0.21875
42000 7.173076923076923 0.234375
44000 7.1923076923076925 0.234375
46000 7.153846153846154 0.234375
48000 7.230769230769231 0.234375
50000 7.230769230769231 0.234375
52000 7.1923076923076925 0.234375
54000 7.25 0.21875
56000 7.3076923076923075 0.234375
58000 7.403846153846154 0.21875
60000 7.4423076923076925 0.234375
62000 7.461538461538462 0.234375
64000 7.480769230769231 0.234375
66000 7.538461538461538 0.21875
68000 7.576923076923077 0.234375
70000 7.576923076923077 0.234375
72000 7.576923076923077 0.203125
74000 7.576923076923077 0.21875
76000 7.576923076923077 0.3125
78000 7.576923076923077 0.265625
80000 7.576923076923077 0.265625
82000 7.5 0.3125
84000 7.538461538461538 0.359375
86000 7.538461538461538 0.25
88000 7.480769230769231 0.234375
90000 7.538461538461538 0.234375
92000 7.5 0.21875
94000 7.576923076923077 0.234375
96000 7.538461538461538 0.21875
98000 7.519230769230769 0.203125
100000 7.519230769230769 0.234375
102000 7.538461538461538 0.234375
104000 7.615384615384615 0.34375
106000 7.711538461538462 0.234375
108000 7.730769230769231 0.203125
110000 7.673076923076923 0.34375
112000 7.730769230769231 0.234375
114000 7.769230769230769 0.25
116000 7.75 0.265625
118000 7.8076923076923075 0.21875
120000 7.769230769230769 0.25
122000 7.788461538461538 0.234375
124000 7.846153846153846 0.234375
126000 7.8076923076923075 0.21875
128000 7.75 0.265625
130000 7.846153846153846 0.265625
132000 7.884615384615385 0.25
134000 7.8076923076923075 0.21875
136000 7.884615384615385 0.234375
138000 7.923076923076923 0.234375
140000 7.923076923076923 0.234375
142000 7.846153846153846 0.25
144000 7.9423076923076925 0.234375
146000 7.9423076923076925 0.265625
148000 7.884615384615385 0.21875
150000 7.923076923076923 0.21875
152000 7.884615384615385 0.21875
154000 7.884615384615385 0.21875
156000 7.884615384615385 0.25
158000 7.923076923076923 0.25
160000 7.903846153846154 0.234375
162000 7.961538461538462 0.34375
164000 7.9423076923076925 0.234375
166000 7.826923076923077 0.296875
168000 7.923076923076923 0.3125
170000 7.923076923076923 0.421875
172000 7.923076923076923 0.25
174000 7.865384615384615 0.21875
176000 7.865384615384615 0.25
178000 7.9423076923076925 0.234375
180000 7.9423076923076925 0.234375
182000 7.75 0.25
184000 7.884615384615385 0.203125
186000 7.903846153846154 0.21875
188000 7.826923076923077 0.25
190000 7.8076923076923075 0.28125
192000 7.826923076923077 0.21875
194000 7.8076923076923075 0.21875
196000 7.730769230769231 0.21875
198000 7.8076923076923075 0.203125
200000 7.923076923076923 0.296875
202000 7.903846153846154 0.28125
204000 7.961538461538462 0.21875
206000 7.9423076923076925 0.21875
208000 7.903846153846154 0.21875
210000 7.923076923076923 0.234375
212000 7.884615384615385 0.328125
214000 7.9423076923076925 0.234375
216000 7.980769230769231 0.25
218000 7.980769230769231 0.21875
220000 7.923076923076923 0.21875
222000 7.961538461538462 0.21875
224000 7.9423076923076925 0.296875
226000 8.0 0.390625
228000 7.980769230769231 0.203125
230000 7.980769230769231 0.234375
232000 8.01923076923077 0.25
234000 8.0 0.3125
236000 8.0 0.265625
238000 7.961538461538462 0.28125
240000 7.980769230769231 0.234375
242000 7.961538461538462 0.203125
244000 7.961538461538462 0.21875
246000 7.961538461538462 0.234375
248000 7.903846153846154 0.265625
250000 7.923076923076923 0.28125
252000 8.0 0.296875
254000 8.0 0.390625
256000 8.0 0.21875
258000 8.0 0.234375
260000 7.9423076923076925 0.3125
262000 7.961538461538462 0.28125
264000 7.961538461538462 0.234375
266000 8.0 0.21875
268000 7.923076923076923 0.25
270000 7.923076923076923 0.265625
272000 7.961538461538462 0.25
274000 7.9423076923076925 0.25
276000 7.961538461538462 0.234375
278000 7.961538461538462 0.21875
280000 7.961538461538462 0.234375
282000 7.980769230769231 0.21875
284000 7.961538461538462 0.296875
286000 8.0 0.21875
288000 7.980769230769231 0.21875
290000 7.980769230769231 0.359375
292000 8.01923076923077 0.21875
294000 8.01923076923077 0.28125
296000 8.0 0.234375
298000 8.0 0.171875
300000 8.0 0.234375
302000 8.01923076923077 0.28125
304000 8.01923076923077 0.21875
306000 8.038461538461538 0.203125
308000 8.0 0.1875
310000 7.980769230769231 0.21875
312000 7.961538461538462 0.234375
314000 8.01923076923077 0.234375
316000 7.961538461538462 0.21875
318000 8.0 0.234375
320000 7.9423076923076925 0.25
322000 8.0 0.21875
324000 8.0 0.25
326000 8.01923076923077 0.265625
328000 8.115384615384615 0.234375
330000 8.057692307692308 0.25
332000 8.096153846153847 0.265625
334000 8.096153846153847 0.25
336000 8.173076923076923 0.296875
338000 8.057692307692308 0.34375
340000 8.01923076923077 0.390625
342000 8.01923076923077 0.234375
344000 8.115384615384615 0.21875
346000 8.134615384615385 0.25
348000 8.173076923076923 0.234375
350000 8.153846153846153 0.234375
352000 8.173076923076923 0.234375
354000 8.134615384615385 0.21875
356000 8.057692307692308 0.234375
358000 8.038461538461538 0.203125
360000 8.057692307692308 0.21875
362000 7.884615384615385 0.234375
364000 8.134615384615385 0.328125
366000 8.192307692307692 0.234375
368000 8.115384615384615 0.21875
370000 8.076923076923077 0.234375
372000 8.096153846153847 0.21875
374000 8.115384615384615 0.1875
376000 8.134615384615385 0.21875
378000 8.192307692307692 0.21875
380000 8.173076923076923 0.234375
382000 8.173076923076923 0.234375
384000 8.173076923076923 0.234375
386000 8.057692307692308 0.21875
388000 8.057692307692308 0.328125
390000 8.057692307692308 0.21875
392000 8.134615384615385 0.21875
394000 8.096153846153847 0.328125
396000 8.038461538461538 0.21875
398000 8.01923076923077 0.25
400000 8.01923076923077 0.28125
402000 8.057692307692308 0.203125
404000 8.173076923076923 0.234375
406000 8.26923076923077 0.265625
408000 8.076923076923077 0.203125
410000 8.211538461538462 0.21875
412000 8.173076923076923 0.265625
414000 8.076923076923077 0.25
416000 8.096153846153847 0.328125
418000 8.134615384615385 0.265625
420000 8.096153846153847 0.28125
422000 8.211538461538462 0.265625
424000 8.307692307692308 0.28125
426000 8.115384615384615 0.4375
428000 8.115384615384615 0.28125
430000 8.23076923076923 0.203125
432000 8.115384615384615 0.203125
434000 8.153846153846153 0.25
436000 7.846153846153846 0.25
438000 7.884615384615385 0.25
440000 8.153846153846153 0.34375
442000 7.961538461538462 0.21875
444000 7.903846153846154 0.25
446000 7.903846153846154 0.203125
448000 7.903846153846154 0.203125
450000 8.0 0.296875
452000 8.038461538461538 0.25
454000 8.115384615384615 0.28125
456000 8.153846153846153 0.265625
458000 8.153846153846153 0.265625
460000 8.326923076923077 0.265625
462000 8.384615384615385 0.265625
464000 8.23076923076923 0.25
466000 8.423076923076923 0.328125
468000 8.26923076923077 0.296875
470000 8.211538461538462 0.265625
472000 8.288461538461538 0.265625
474000 8.307692307692308 0.328125
476000 8.25 0.265625
478000 8.326923076923077 0.265625
480000 8.326923076923077 0.28125
482000 8.173076923076923 0.28125
484000 8.038461538461538 0.265625
486000 8.134615384615385 0.28125
488000 8.173076923076923 0.296875
490000 8.057692307692308 0.28125
492000 8.134615384615385 0.265625
494000 8.096153846153847 0.3125
496000 7.884615384615385 0.265625
498000 8.057692307692308 0.296875
500000 8.134615384615385 0.28125
