2000 2.9423076923076925 0.296875
4000 6.884615384615385 0.265625
6000 6.538461538461538 0.296875
8000 6.865384615384615 0.3125
10000 6.980769230769231 0.265625
12000 7.346153846153846 0.296875
14000 7.673076923076923 0.46875
16000 7.730769230769231 0.453125
18000 7.730769230769231 0.421875
20000 7.730769230769231 0.40625
22000 7.730769230769231 0.40625
24000 7.730769230769231 0.40625
26000 7.730769230769231 0.453125
28000 7.730769230769231 0.4375
30000 7.730769230769231 0.453125
32000 7.730769230769231 0.5
34000 7.730769230769231 0.46875
36000 7.730769230769231 0.40625
38000 7.730769230769231 0.40625
40000 7.730769230769231 0.484375
42000 7.730769230769231 0.4375
44000 7.730769230769231 0.46875
46000 7.730769230769231 0.453125
48000 7.75 0.484375
50000 7.769230769230769 0.546875
52000 7.730769230769231 0.53125
54000 7.788461538461538 0.59375
56000 7.788461538461538 0.53125
58000 7.788461538461538 0.5
60000 7.769230769230769 0.578125
62000 7.769230769230769 0.5625
64000 7.769230769230769 0.515625
66000 7.865384615384615 0.53125
68000 7.884615384615385 0.53125
70000 7.923076923076923 0.546875
72000 7.865384615384615 0.515625
74000 7.5576923076923075 0.5625
76000 7.884615384615385 0.5625
78000 7.865384615384615 0.53125
80000 7.865384615384615 0.59375
82000 7.846153846153846 0.59375
84000 7.846153846153846 0.5
86000 7.865384615384615 0.5625
88000 7.846153846153846 0.546875
90000 7.730769230769231 0.59375
92000 7.8076923076923075 0.484375
94000 7.923076923076923 0.5
96000 7.961538461538462 0.5
98000 7.923076923076923 0.546875
100000 7.9423076923076925 0.484375
102000 7.923076923076923 0.546875
104000 7.923076923076923 0.5625
106000 7.903846153846154 0.578125
108000 7.9423076923076925 0.5625
110000 7.865384615384615 0.515625
112000 7.9423076923076925 0.53125
114000 7.884615384615385 0.484375
116000 7.923076923076923 0.5
118000 7.903846153846154 0.46875
120000 7.961538461538462 0.515625
122000 7.923076923076923 0.546875
124000 7.961538461538462 0.515625
126000 7.961538461538462 0.5625
128000 7.980769230769231 0.53125
130000 7.9423076923076925 0.53125
132000 8.057692307692308 0.515625
134000 8.038461538461538 0.515625
136000 8.038461538461538 0.546875
138000 8.038461538461538 0.53125
140000 7.9423076923076925 0.546875
142000 7.576923076923077 0.5
144000 7.403846153846154 0.53125
146000 7.538461538461538 0.484375
148000 7.634615384615385 0.515625
150000 7.711538461538462 0.484375
152000 7.769230769230769 0.59375
154000 7.826923076923077 0.515625
156000 7.365384615384615 0.5625
158000 7.6923076923076925 0.5625
160000 7.846153846153846 0.53125
162000 7.730769230769231 0.484375
164000 8.0 0.53125
166000 8.0 0.515625
168000 7.673076923076923 0.53125
170000 7.519230769230769 0.515625
172000 7.480769230769231 0.5
174000 8.076923076923077 0.5625
176000 7.596153846153846 0.515625
178000 7.5576923076923075 0.546875
180000 7.903846153846154 0.5625
182000 7.903846153846154 0.546875
184000 7.596153846153846 0.59375
186000 7.711538461538462 0.515625
188000 7.480769230769231 0.546875
190000 7.730769230769231 0.5625
192000 7.5 0.515625
194000 7.5 0.515625
196000 7.5576923076923075 0.5625
198000 7.8076923076923075 0.53125
200000 7.461538461538462 0.5625
202000 7.365384615384615 0.53125
204000 7.634615384615385 0.515625
206000 7.673076923076923 0.5625
208000 7.673076923076923 0.5625
210000 7.538461538461538 0.5
212000 7.615384615384615 0.515625
214000 7.653846153846154 0.5625
216000 7.653846153846154 0.546875
218000 7.25 0.578125
220000 7.634615384615385 0.59375
222000 7.596153846153846 0.53125
224000 7.461538461538462 0.609375
226000 7.6923076923076925 0.578125
228000 7.519230769230769 0.5625
230000 7.884615384615385 0.5625
232000 7.461538461538462 0.546875
234000 7.769230769230769 0.546875
236000 7.980769230769231 0.453125
238000 7.865384615384615 0.609375
240000 7.538461538461538 0.53125
242000 7.519230769230769 0.515625
244000 8.192307692307692 0.515625
246000 7.884615384615385 0.625
248000 7.75 0.53125
250000 7.730769230769231 0.5
252000 8.0 0.578125
254000 7.923076923076923 0.5625
256000 7.865384615384615 0.5
258000 7.865384615384615 0.515625
260000 7.403846153846154 0.546875
262000 7.9423076923076925 0.484375
264000 7.884615384615385 0.5
266000 7.846153846153846 0.515625
268000 8.096153846153847 0.484375
270000 7.75 0.5
272000 7.5576923076923075 0.546875
274000 7.846153846153846 0.546875
276000 7.8076923076923075 0.53125
278000 8.0 0.5625
280000 7.788461538461538 0.53125
282000 7.923076923076923 0.578125
284000 7.826923076923077 0.515625
286000 7.865384615384615 0.53125
288000 8.096153846153847 0.59375
290000 7.923076923076923 0.546875
292000 7.4423076923076925 0.5
294000 7.538461538461538 0.546875
296000 7.788461538461538 0.5625
298000 7.846153846153846 0.625
300000 7.903846153846154 0.625
302000 7.980769230769231 0.515625
304000 7.673076923076923 0.53125
306000 7.846153846153846 0.5625
308000 7.826923076923077 0.484375
310000 7.730769230769231 0.546875
312000 8.134615384615385 0.46875
314000 7.961538461538462 0.5
316000 7.9423076923076925 0.53125
318000 7.730769230769231 0.515625
320000 7.653846153846154 0.53125
322000 7.4423076923076925 0.546875
324000 7.788461538461538 0.515625
326000 7.384615384615385 0.5
328000 7.365384615384615 0.53125
330000 7.923076923076923 0.4375
332000 8.076923076923077 0.546875
334000 8.038461538461538 0.5
336000 7.865384615384615 0.46875
338000 7.769230769230769 0.5
340000 7.769230769230769 0.515625
342000 7.865384615384615 0.546875
344000 7.634615384615385 0.515625
346000 7.673076923076923 0.46875
348000 7.903846153846154 0.546875
350000 7.673076923076923 0.546875
352000 7.788461538461538 0.53125
354000 7.75 0.453125
356000 8.057692307692308 0.59375
358000 7.673076923076923 0.65625
360000 7.596153846153846 0.65625
362000 7.634615384615385 0.5625
364000 7.788461538461538 0.671875
366000 7.653846153846154 0.53125
368000 7.8076923076923075 0.578125
370000 7.826923076923077 0.546875
372000 7.769230769230769 0.5
374000 7.769230769230769 0.640625
376000 7.961538461538462 0.59375
378000 7.730769230769231 0.703125
380000 7.826923076923077 0.59375
382000 7.923076923076923 0.578125
384000 8.115384615384615 0.5
386000 7.596153846153846 0.5
388000 7.884615384615385 0.46875
390000 7.826923076923077 0.53125
392000 7.6923076923076925 0.515625
394000 7.596153846153846 0.515625
396000 7.6923076923076925 0.59375
398000 7.653846153846154 0.53125
400000 7.75 0.578125
402000 8.057692307692308 0.484375
404000 7.75 0.515625
406000 7.576923076923077 0.53125
408000 7.730769230769231 0.53125
410000 7.980769230769231 0.578125
412000 7.519230769230769 0.5625
414000 7.730769230769231 0.578125
416000 8.26923076923077 0.546875
418000 8.0 0.53125
420000 7.884615384615385 0.53125
422000 7.634615384615385 0.5
424000 7.5 0.5625
426000 7.384615384615385 0.546875
428000 7.5576923076923075 0.515625
430000 7.346153846153846 0.53125
432000 7.461538461538462 0.5625
434000 7.4423076923076925 0.546875
436000 7.538461538461538 0.546875
438000 7.423076923076923 0.578125
440000 7.673076923076923 0.53125
442000 7.788461538461538 0.578125
444000 7.730769230769231 0.578125
446000 7.788461538461538 0.546875
448000 7.8076923076923075 0.5625
450000 7.576923076923077 0.5625
452000 7.519230769230769 0.484375
454000 7.634615384615385 0.5625
456000 7.673076923076923 0.578125
458000 7.634615384615385 0.578125
460000 7.9423076923076925 0.59375
462000 7.884615384615385 0.609375
464000 7.961538461538462 0.59375
466000 7.75 0.546875
468000 7.8076923076923075 0.515625
470000 7.884615384615385 0.515625
472000 7.903846153846154 0.5625
474000 7.923076923076923 0.546875
476000 7.884615384615385 0.53125
478000 7.884615384615385 0.625
480000 7.903846153846154 0.546875
482000 7.9423076923076925 0.578125
484000 8.0 0.59375
486000 7.961538461538462 0.515625
488000 7.923076923076923 0.546875
490000 7.865384615384615 0.609375
492000 8.057692307692308 0.515625
494000 8.01923076923077 0.546875
496000 8.038461538461538 0.5625
498000 7.884615384615385 0.484375
500000 7.846153846153846 0.515625
