2000 0.15384615384615385 0.046875
4000 0.17307692307692307 0.078125
6000 0.34615384615384615 0.125
8000 0.40384615384615385 0.09375
10000 0.5 0.15625
12000 0.5576923076923077 0.125
14000 0.7115384615384616 0.125
16000 0.8269230769230769 0.125
18000 0.8846153846153846 0.5625
20000 0.8653846153846154 0.125
22000 1.0769230769230769 0.15625
24000 1.1153846153846154 0.125
26000 1.0961538461538463 0.15625
28000 1.1153846153846154 0.125
30000 1.1730769230769231 0.140625
32000 1.2115384615384615 0.171875
34000 1.1730769230769231 0.171875
36000 1.1730769230769231 0.171875
38000 1.1538461538461537 0.15625
40000 1.2115384615384615 0.1875
42000 1.2884615384615385 0.171875
44000 1.4230769230769231 0.1875
46000 1.5 0.203125
48000 1.4615384615384615 0.171875
50000 1.9423076923076923 0.203125
52000 2.326923076923077 0.1875
54000 2.4423076923076925 0.1875
56000 2.7884615384615383 0.1875
58000 3.0 0.171875
60000 3.3076923076923075 0.1875
62000 3.519230769230769 0.15625
64000 3.5576923076923075 0.1875
66000 3.673076923076923 0.1875
68000 3.7884615384615383 0.140625
70000 3.6923076923076925 0.171875
72000 3.8653846153846154 0.1875
74000 3.8076923076923075 0.1875
76000 3.8461538461538463 0.171875
78000 3.7115384615384617 0.1875
80000 3.7884615384615383 0.21875
82000 4.038461538461538 0.1875
84000 3.9423076923076925 0.1875
86000 3.9423076923076925 0.1875
88000 4.038461538461538 0.21875
90000 4.038461538461538 0.15625
92000 4.019230769230769 0.1875
94000 4.0576923076923075 0.203125
96000 4.019230769230769 0.15625
98000 4.0576923076923075 0.1875
100000 4.019230769230769 0.1875
102000 4.038461538461538 0.234375
104000 4.076923076923077 0.21875
106000 4.038461538461538 0.1875
108000 4.038461538461538 0.1875
110000 4.038461538461538 0.21875
112000 4.038461538461538 0.1875
114000 4.076923076923077 0.234375
116000 3.980769230769231 0.203125
118000 4.038461538461538 0.203125
120000 4.038461538461538 0.234375
122000 4.038461538461538 0.21875
124000 4.038461538461538 0.203125
126000 4.076923076923077 0.203125
128000 4.076923076923077 0.21875
130000 4.076923076923077 0.21875
132000 4.076923076923077 0.203125
134000 4.096153846153846 0.25
136000 4.153846153846154 0.25
138000 5.269230769230769 0.234375
140000 5.634615384615385 0.234375
142000 6.134615384615385 0.28125
144000 7.288461538461538 0.25
146000 7.519230769230769 0.234375
148000 7.461538461538462 0.28125
150000 7.423076923076923 0.25
152000 7.365384615384615 0.1875
154000 7.6923076923076925 0.21875
156000 7.6923076923076925 0.25
158000 7.5576923076923075 0.21875
160000 7.6923076923076925 0.234375
162000 7.788461538461538 0.234375
164000 7.769230769230769 0.265625
166000 7.769230769230769 0.25
168000 7.788461538461538 0.21875
170000 7.788461538461538 0.21875
172000 7.788461538461538 0.234375
174000 7.865384615384615 0.203125
176000 7.865384615384615 0.203125
178000 7.884615384615385 0.21875
180000 7.884615384615385 0.234375
182000 7.8076923076923075 0.21875
184000 7.8076923076923075 0.234375
186000 7.75 0.25
188000 7.75 0.21875
190000 7.75 0.1875
192000 7.75 0.234375
194000 7.75 0.234375
196000 7.8076923076923075 0.25
198000 7.6923076923076925 0.21875
200000 7.6923076923076925 0.25
202000 7.6923076923076925 0.21875
204000 7.634615384615385 0.21875
206000 7.6923076923076925 0.234375
208000 7.634615384615385 0.21875
210000 7.6923076923076925 0.234375
212000 7.634615384615385 0.234375
214000 7.769230769230769 0.21875
216000 7.634615384615385 0.234375
218000 7.711538461538462 0.265625
220000 7.75 0.25
222000 7.711538461538462 0.234375
224000 7.788461538461538 0.25
226000 7.730769230769231 0.234375
228000 7.826923076923077 0.203125
230000 7.846153846153846 0.265625
232000 7.711538461538462 0.234375
234000 7.75 0.203125
236000 7.846153846153846 0.234375
238000 7.826923076923077 0.234375
240000 7.826923076923077 0.25
242000 7.826923076923077 0.265625
244000 7.788461538461538 0.203125
246000 7.826923076923077 0.25
248000 7.826923076923077 0.25
250000 7.826923076923077 0.21875
252000 7.826923076923077 0.25
254000 7.576923076923077 0.21875
256000 7.576923076923077 0.265625
258000 7.826923076923077 0.25
260000 7.75 0.234375
262000 7.75 0.25
264000 7.826923076923077 0.171875
266000 7.75 0.234375
268000 7.826923076923077 0.234375
270000 7.711538461538462 0.203125
272000 7.711538461538462 0.234375
274000 7.711538461538462 0.25
276000 7.826923076923077 0.25
278000 7.884615384615385 0.21875
280000 7.884615384615385 0.21875
282000 7.884615384615385 0.234375
284000 7.826923076923077 0.21875
286000 7.826923076923077 0.21875
288000 7.826923076923077 0.234375
290000 7.826923076923077 0.203125
292000 7.673076923076923 0.234375
294000 7.884615384615385 0.234375
296000 7.769230769230769 0.265625
298000 7.711538461538462 0.28125
300000 7.75 0.25
302000 7.75 0.3125
304000 7.711538461538462 0.25
306000 7.75 0.25
308000 7.480769230769231 0.234375
310000 7.480769230769231 0.234375
312000 7.634615384615385 0.21875
314000 7.634615384615385 0.234375
316000 7.634615384615385 0.21875
318000 7.75 0.21875
320000 7.75 0.234375
322000 7.75 0.234375
324000 7.711538461538462 0.21875
326000 7.75 0.234375
328000 7.75 0.21875
330000 7.730769230769231 0.21875
332000 7.730769230769231 0.25
334000 7.75 0.21875
336000 7.75 0.234375
338000 7.519230769230769 0.234375
340000 7.75 0.234375
342000 7.75 0.265625
344000 7.75 0.265625
346000 7.75 0.28125
348000 7.75 0.28125
350000 7.75 0.28125
352000 7.75 0.25
354000 7.923076923076923 0.203125
356000 7.846153846153846 0.25
358000 7.923076923076923 0.21875
360000 7.846153846153846 0.203125
362000 7.846153846153846 0.265625
364000 7.846153846153846 0.234375
366000 7.846153846153846 0.203125
368000 7.730769230769231 0.21875
370000 7.75 0.21875
372000 7.75 0.21875
374000 7.75 0.203125
376000 7.75 0.296875
378000 7.634615384615385 0.234375
380000 7.75 0.25
382000 7.634615384615385 0.25
384000 7.75 0.265625
386000 7.75 0.25
388000 7.75 0.203125
390000 7.634615384615385 0.265625
392000 7.653846153846154 0.25
394000 7.769230769230769 0.21875
396000 7.826923076923077 0.234375
398000 7.826923076923077 0.265625
400000 7.826923076923077 0.234375
402000 7.826923076923077 0.25
404000 7.826923076923077 0.25
406000 7.826923076923077 0.234375
408000 7.826923076923077 0.234375
410000 7.826923076923077 0.234375
412000 7.826923076923077 0.21875
414000 7.75 0.21875
416000 7.826923076923077 0.25
418000 7.826923076923077 0.25
420000 7.75 0.234375
422000 7.75 0.234375
424000 7.75 0.203125
426000 7.75 0.21875
428000 7.75 0.203125
430000 7.75 0.21875
432000 7.75 0.21875
434000 7.75 0.25
436000 7.75 0.203125
438000 7.75 0.25
440000 7.730769230769231 0.265625
442000 7.75 0.234375
444000 7.75 0.21875
446000 7.75 0.171875
448000 7.75 0.234375
450000 7.75 0.234375
452000 7.75 0.203125
454000 7.75 0.234375
456000 7.75 0.234375
458000 7.75 0.234375
460000 7.75 0.234375
462000 7.75 0.234375
464000 7.75 0.1875
466000 7.75 0.21875
468000 7.75 0.21875
470000 7.75 0.21875
472000 7.75 0.234375
474000 7.75 0.21875
476000 7.75 0.1875
478000 7.75 0.21875
480000 7.75 0.203125
482000 7.75 0.21875
484000 7.75 0.21875
486000 7.75 0.234375
488000 7.75 0.21875
490000 7.75 0.234375
492000 7.846153846153846 0.1875
494000 7.846153846153846 0.21875
496000 7.8076923076923075 0.21875
498000 7.769230769230769 0.234375
500000 7.788461538461538 0.25
