2000 1.1538461538461537 0.375
4000 1.5961538461538463 0.328125
6000 2.076923076923077 0.3125
8000 2.173076923076923 0.375
10000 5.596153846153846 0.453125
12000 6.634615384615385 0.34375
14000 6.826923076923077 0.359375
16000 6.923076923076923 0.34375
18000 7.019230769230769 0.375
20000 7.134615384615385 0.5
22000 6.846153846153846 0.328125
24000 6.961538461538462 0.390625
26000 7.134615384615385 0.3125
28000 7.134615384615385 0.3125
30000 7.134615384615385 0.4375
32000 7.134615384615385 0.3125
34000 6.980769230769231 0.3125
36000 6.980769230769231 0.4375
38000 7.038461538461538 0.3125
40000 7.038461538461538 0.34375
42000 7.038461538461538 0.390625
44000 7.134615384615385 0.3125
46000 7.096153846153846 0.3125
48000 7.096153846153846 0.34375
50000 7.096153846153846 0.40625
52000 6.865384615384615 0.40625
54000 7.038461538461538 0.3125
56000 7.038461538461538 0.421875
58000 6.884615384615385 0.3125
60000 6.9423076923076925 0.3125
62000 6.865384615384615 0.4375
64000 7.134615384615385 0.34375
66000 7.153846153846154 0.265625
68000 7.0576923076923075 0.328125
70000 7.0576923076923075 0.328125
72000 7.0576923076923075 0.40625
74000 7.038461538461538 0.46875
76000 7.0 0.3125
78000 7.1923076923076925 0.3125
80000 7.019230769230769 0.328125
82000 6.4423076923076925 0.3125
84000 7.076923076923077 0.4375
86000 7.0576923076923075 0.34375
88000 7.173076923076923 0.3125
90000 7.3076923076923075 0.375
92000 7.0576923076923075 0.390625
94000 7.365384615384615 0.421875
96000 7.423076923076923 0.359375
98000 7.3076923076923075 0.328125
100000 7.230769230769231 0.34375
102000 7.230769230769231 0.296875
104000 7.211538461538462 0.4375
106000 7.365384615384615 0.421875
108000 7.3076923076923075 0.34375
110000 7.173076923076923 0.3125
112000 7.423076923076923 0.375
114000 7.423076923076923 0.3125
116000 7.423076923076923 0.453125
118000 7.288461538461538 0.40625
120000 7.346153846153846 0.359375
122000 7.3076923076923075 0.359375
124000 7.403846153846154 0.421875
126000 7.173076923076923 0.40625
128000 7.576923076923077 0.4375
130000 7.519230769230769 0.3125
132000 7.596153846153846 0.328125
134000 7.673076923076923 0.34375
136000 7.346153846153846 0.46875
138000 7.576923076923077 0.53125
140000 7.6923076923076925 0.328125
142000 7.461538461538462 0.34375
144000 7.519230769230769 0.328125
146000 7.423076923076923 0.28125
148000 7.6923076923076925 0.5
150000 7.423076923076923 0.34375
152000 7.576923076923077 0.40625
154000 7.788461538461538 0.3125
156000 7.769230769230769 0.4375
158000 7.769230769230769 0.453125
160000 7.576923076923077 0.375
162000 7.519230769230769 0.390625
164000 7.480769230769231 0.40625
166000 7.346153846153846 0.3125
168000 7.596153846153846 0.34375
170000 7.4423076923076925 0.515625
172000 7.3076923076923075 0.328125
174000 7.4423076923076925 0.3125
176000 7.346153846153846 0.265625
178000 7.384615384615385 0.3125
180000 7.634615384615385 0.484375
182000 7.634615384615385 0.5
184000 7.615384615384615 0.421875
186000 7.6923076923076925 0.359375
188000 7.615384615384615 0.359375
190000 7.576923076923077 0.390625
192000 7.615384615384615 0.46875
194000 7.75 0.3125
196000 7.730769230769231 0.296875
198000 7.6923076923076925 0.3125
200000 7.730769230769231 0.359375
202000 7.576923076923077 0.484375
204000 7.730769230769231 0.359375
206000 7.730769230769231 0.421875
208000 7.634615384615385 0.40625
210000 7.711538461538462 0.3125
212000 7.653846153846154 0.53125
214000 7.788461538461538 0.34375
216000 7.8076923076923075 0.578125
218000 7.75 0.328125
220000 7.596153846153846 0.328125
222000 7.6923076923076925 0.4375
224000 7.6923076923076925 0.34375
226000 7.480769230769231 0.328125
228000 7.769230769230769 0.3125
230000 7.576923076923077 0.34375
232000 7.75 0.359375
234000 7.75 0.515625
236000 7.615384615384615 0.296875
238000 7.6923076923076925 0.328125
240000 7.711538461538462 0.34375
242000 7.634615384615385 0.34375
244000 7.730769230769231 0.4375
246000 7.596153846153846 0.328125
248000 7.5576923076923075 0.3125
250000 7.711538461538462 0.34375
252000 7.5576923076923075 0.359375
254000 7.75 0.421875
256000 7.538461538461538 0.296875
258000 7.653846153846154 0.296875
260000 7.769230769230769 0.34375
262000 7.596153846153846 0.3125
264000 7.615384615384615 0.359375
266000 7.519230769230769 0.484375
268000 7.673076923076923 0.4375
270000 7.365384615384615 0.359375
272000 7.634615384615385 0.296875
274000 7.6923076923076925 0.4375
276000 7.5 0.4375
278000 7.75 0.234375
280000 7.538461538461538 0.375
282000 7.596153846153846 0.453125
284000 7.673076923076923 0.375
286000 7.5576923076923075 0.40625
288000 7.673076923076923 0.28125
290000 7.846153846153846 0.453125
292000 7.730769230769231 0.359375
294000 7.8076923076923075 0.375
296000 7.730769230769231 0.484375
298000 7.596153846153846 0.5
300000 7.5576923076923075 0.390625
302000 7.711538461538462 0.375
304000 7.346153846153846 0.359375
306000 7.423076923076923 0.34375
308000 7.634615384615385 0.421875
310000 7.769230769230769 0.328125
312000 7.846153846153846 0.328125
314000 7.615384615384615 0.34375
316000 7.653846153846154 0.375
318000 7.5576923076923075 0.375
320000 7.730769230769231 0.34375
322000 7.865384615384615 0.40625
324000 7.673076923076923 0.328125
326000 7.673076923076923 0.3125
328000 7.730769230769231 0.390625
330000 7.5576923076923075 0.546875
332000 7.769230769230769 0.375
334000 7.615384615384615 0.328125
336000 7.846153846153846 0.328125
338000 8.076923076923077 0.34375
340000 7.826923076923077 0.4375
342000 8.076923076923077 0.34375
344000 8.134615384615385 0.3125
346000 7.903846153846154 0.3125
348000 8.134615384615385 0.359375
350000 8.307692307692308 0.453125
352000 8.153846153846153 0.265625
354000 8.288461538461538 0.296875
356000 8.288461538461538 0.328125
358000 8.326923076923077 0.296875
360000 8.0 0.34375
362000 8.192307692307692 0.5
364000 8.0 0.328125
366000 8.192307692307692 0.265625
368000 8.192307692307692 0.265625
370000 7.6923076923076925 0.3125
372000 8.192307692307692 0.40625
374000 8.0 0.3125
376000 8.057692307692308 0.390625
378000 8.096153846153847 0.296875
380000 7.980769230769231 0.28125
382000 7.923076923076923 0.390625
384000 8.461538461538462 0.328125
386000 8.115384615384615 0.359375
388000 8.326923076923077 0.421875
390000 7.923076923076923 0.34375
392000 7.8076923076923075 0.375
394000 8.423076923076923 0.5625
396000 8.403846153846153 0.359375
398000 8.288461538461538 0.3125
400000 8.134615384615385 0.28125
402000 8.5 0.34375
404000 8.25 0.46875
406000 8.211538461538462 0.28125
408000 8.153846153846153 0.296875
410000 8.01923076923077 0.296875
412000 8.173076923076923 0.328125
414000 8.326923076923077 0.453125
416000 8.192307692307692 0.25
418000 8.423076923076923 0.40625
420000 8.442307692307692 0.296875
422000 8.038461538461538 0.375
424000 8.346153846153847 0.375
426000 8.326923076923077 0.5
428000 8.25 0.5625
430000 8.211538461538462 0.484375
432000 8.076923076923077 0.375
434000 8.192307692307692 0.59375
436000 8.192307692307692 0.515625
438000 8.096153846153847 0.359375
440000 8.173076923076923 0.40625
442000 8.076923076923077 0.46875
444000 7.903846153846154 0.5625
446000 8.153846153846153 0.484375
448000 8.211538461538462 0.421875
450000 8.23076923076923 0.515625
452000 8.192307692307692 0.375
454000 8.288461538461538 0.4375
456000 8.25 0.328125
458000 8.326923076923077 0.4375
460000 8.26923076923077 0.3125
462000 8.346153846153847 0.390625
464000 8.26923076923077 0.421875
466000 8.346153846153847 0.359375
468000 8.26923076923077 0.421875
470000 8.26923076923077 0.3125
472000 8.365384615384615 0.3125
474000 8.153846153846153 0.390625
476000 8.26923076923077 0.359375
478000 8.288461538461538 0.40625
480000 8.326923076923077 0.390625
482000 8.365384615384615 0.421875
484000 8.192307692307692 0.328125
486000 8.346153846153847 0.453125
488000 8.192307692307692 0.375
490000 8.23076923076923 0.5625
492000 8.134615384615385 0.328125
494000 8.288461538461538 0.328125
496000 8.288461538461538 0.328125
498000 8.26923076923077 0.390625
500000 8.26923076923077 0.5625
