2000 1.1538461538461537 0.40625
4000 1.6538461538461537 0.453125
6000 4.153846153846154 0.53125
8000 4.846153846153846 0.671875
10000 6.884615384615385 0.984375
12000 7.115384615384615 0.84375
14000 7.173076923076923 0.765625
16000 7.3076923076923075 0.9375
18000 7.3076923076923075 0.96875
20000 7.115384615384615 0.859375
22000 7.3076923076923075 0.796875
24000 7.153846153846154 0.890625
26000 6.980769230769231 0.96875
28000 6.788461538461538 1.234375
30000 6.9423076923076925 1.328125
32000 7.230769230769231 1.125
34000 6.961538461538462 1.078125
36000 7.230769230769231 1.078125
38000 7.173076923076923 1.140625
40000 7.365384615384615 0.703125
42000 7.1923076923076925 0.890625
44000 7.403846153846154 0.71875
46000 7.25 0.671875
48000 7.096153846153846 0.6875
50000 7.423076923076923 0.75
52000 7.403846153846154 0.796875
54000 7.4423076923076925 0.734375
56000 7.461538461538462 0.75
58000 7.5 0.703125
60000 7.5 0.6875
62000 7.576923076923077 0.75
64000 7.5 0.75
66000 7.538461538461538 0.96875
68000 7.3076923076923075 0.703125
70000 7.076923076923077 0.796875
72000 7.576923076923077 0.859375
74000 7.519230769230769 0.828125
76000 7.5576923076923075 0.765625
78000 7.423076923076923 1.0
80000 7.5576923076923075 0.71875
82000 7.461538461538462 0.921875
84000 7.25 1.0
86000 7.403846153846154 0.765625
88000 7.615384615384615 0.75
90000 7.634615384615385 0.671875
92000 7.576923076923077 0.71875
94000 7.538461538461538 0.828125
96000 7.596153846153846 0.765625
98000 7.615384615384615 0.671875
100000 7.673076923076923 0.78125
102000 7.653846153846154 0.71875
104000 7.384615384615385 0.8125
106000 7.5 0.890625
108000 7.346153846153846 0.703125
110000 7.269230769230769 0.9375
112000 7.230769230769231 0.75
114000 7.115384615384615 0.734375
116000 7.5 1.0625
118000 7.403846153846154 0.6875
120000 7.365384615384615 0.734375
122000 7.653846153846154 0.8125
124000 7.653846153846154 0.78125
126000 7.711538461538462 0.765625
128000 7.75 0.828125
130000 7.634615384615385 0.75
132000 7.519230769230769 0.734375
134000 7.615384615384615 0.859375
136000 7.673076923076923 1.15625
138000 7.423076923076923 0.921875
140000 7.5 1.046875
142000 7.211538461538462 0.828125
144000 7.384615384615385 0.71875
146000 7.4423076923076925 1.234375
148000 7.519230769230769 0.78125
150000 7.615384615384615 0.75
152000 7.461538461538462 0.75
154000 7.634615384615385 0.6875
156000 7.596153846153846 0.75
158000 7.576923076923077 0.75
160000 7.576923076923077 1.0
162000 7.5 0.671875
164000 7.576923076923077 0.75
166000 7.6923076923076925 0.828125
168000 7.4423076923076925 0.765625
170000 7.4423076923076925 0.875
172000 7.480769230769231 0.890625
174000 7.634615384615385 0.71875
176000 7.5 0.859375
178000 7.461538461538462 0.921875
180000 7.6923076923076925 0.96875
182000 7.673076923076923 0.703125
184000 7.6923076923076925 0.71875
186000 7.519230769230769 1.03125
188000 7.711538461538462 0.796875
190000 7.653846153846154 0.75
192000 7.634615384615385 1.046875
194000 7.653846153846154 0.6875
196000 7.788461538461538 0.71875
198000 7.846153846153846 0.90625
200000 7.653846153846154 0.75
202000 7.615384615384615 0.921875
204000 7.5576923076923075 0.6875
206000 7.480769230769231 0.71875
208000 7.653846153846154 0.734375
210000 7.673076923076923 0.734375
212000 7.846153846153846 0.8125
214000 7.884615384615385 0.703125
216000 7.826923076923077 0.75
218000 7.826923076923077 1.015625
220000 7.923076923076923 1.140625
222000 7.846153846153846 1.0
224000 7.615384615384615 1.203125
226000 7.903846153846154 1.125
228000 7.865384615384615 1.375
230000 7.884615384615385 1.078125
232000 7.865384615384615 0.84375
234000 7.923076923076923 0.859375
236000 7.769230769230769 0.921875
238000 7.788461538461538 1.0
240000 7.884615384615385 1.078125
242000 7.8076923076923075 0.828125
244000 7.826923076923077 1.015625
246000 7.8076923076923075 0.875
248000 7.8076923076923075 0.859375
250000 7.5 1.21875
252000 7.769230769230769 1.046875
254000 7.769230769230769 0.984375
256000 7.596153846153846 0.75
258000 7.903846153846154 0.96875
260000 7.923076923076923 0.78125
262000 7.4423076923076925 0.859375
264000 7.788461538461538 0.921875
266000 7.826923076923077 0.921875
268000 7.75 1.296875
270000 7.6923076923076925 1.046875
272000 7.865384615384615 1.296875
274000 7.769230769230769 1.078125
276000 7.923076923076923 0.875
278000 8.076923076923077 0.859375
280000 8.096153846153847 0.765625
282000 8.096153846153847 0.953125
284000 8.134615384615385 1.015625
286000 7.75 0.765625
288000 8.0 0.875
290000 7.576923076923077 1.0625
292000 7.923076923076923 0.8125
294000 7.9423076923076925 0.875
296000 8.096153846153847 1.171875
298000 7.826923076923077 1.171875
300000 7.9423076923076925 1.203125
302000 7.846153846153846 1.0
304000 7.846153846153846 0.796875
306000 7.826923076923077 0.921875
308000 7.711538461538462 1.03125
310000 7.6923076923076925 1.09375
312000 7.673076923076923 0.8125
314000 7.846153846153846 0.828125
316000 7.75 0.78125
318000 7.673076923076923 1.28125
320000 7.461538461538462 1.15625
322000 7.769230769230769 0.953125
324000 7.884615384615385 0.734375
326000 7.8076923076923075 0.796875
328000 7.826923076923077 0.734375
330000 7.596153846153846 1.0625
332000 7.846153846153846 0.890625
334000 7.769230769230769 1.375
336000 7.6923076923076925 1.09375
338000 7.634615384615385 1.125
340000 7.538461538461538 0.984375
342000 7.403846153846154 0.921875
344000 7.826923076923077 0.859375
346000 7.711538461538462 1.171875
348000 7.8076923076923075 1.359375
350000 7.865384615384615 1.34375
352000 7.788461538461538 0.953125
354000 7.846153846153846 1.15625
356000 7.673076923076923 0.75
358000 7.884615384615385 1.015625
360000 7.6923076923076925 0.9375
362000 7.6923076923076925 0.84375
364000 7.884615384615385 0.84375
366000 7.673076923076923 0.828125
368000 7.8076923076923075 0.9375
370000 7.788461538461538 0.921875
372000 7.653846153846154 1.015625
374000 7.788461538461538 1.296875
376000 7.884615384615385 1.265625
378000 7.615384615384615 0.9375
380000 7.6923076923076925 1.0625
382000 7.884615384615385 1.3125
384000 8.115384615384615 1.1875
386000 8.096153846153847 1.140625
388000 8.096153846153847 1.140625
390000 8.01923076923077 0.84375
392000 8.096153846153847 1.25
394000 7.961538461538462 1.046875
396000 7.8076923076923075 0.859375
398000 7.8076923076923075 1.03125
400000 7.846153846153846 1.234375
402000 7.826923076923077 1.140625
404000 7.711538461538462 1.171875
406000 7.769230769230769 1.203125
408000 7.903846153846154 1.015625
410000 7.961538461538462 1.171875
412000 8.01923076923077 0.90625
414000 7.923076923076923 0.796875
416000 7.826923076923077 0.75
418000 7.788461538461538 0.765625
420000 7.634615384615385 0.96875
422000 7.980769230769231 0.703125
424000 7.6923076923076925 0.703125
426000 7.730769230769231 1.03125
428000 7.8076923076923075 0.75
430000 7.8076923076923075 0.75
432000 7.884615384615385 0.703125
434000 7.846153846153846 0.75
436000 7.923076923076923 0.78125
438000 7.961538461538462 0.8125
440000 7.980769230769231 0.765625
442000 8.076923076923077 0.703125
444000 7.9423076923076925 0.734375
446000 8.0 0.890625
448000 8.0 0.765625
450000 8.01923076923077 0.765625
452000 8.096153846153847 0.90625
454000 8.01923076923077 0.71875
456000 7.980769230769231 0.734375
458000 7.961538461538462 1.0
460000 7.923076923076923 0.71875
462000 7.865384615384615 0.6875
464000 7.923076923076923 0.96875
466000 8.038461538461538 0.75
468000 8.038461538461538 0.8125
470000 8.076923076923077 0.671875
472000 8.096153846153847 0.734375
474000 8.01923076923077 0.75
476000 8.076923076923077 0.78125
478000 7.9423076923076925 0.75
480000 8.01923076923077 0.78125
482000 8.0 0.75
484000 8.0 0.765625
486000 8.01923076923077 0.828125
488000 8.01923076923077 0.765625
490000 8.01923076923077 0.890625
492000 8.038461538461538 0.84375
494000 8.057692307692308 0.765625
496000 8.038461538461538 0.796875
498000 8.057692307692308 0.765625
500000 8.076923076923077 0.875
