2000 1.0961538461538463 0.5625
4000 0.9038461538461539 0.359375
6000 0.9615384615384616 0.5625
8000 1.6923076923076923 0.53125
10000 1.4807692307692308 0.5625
12000 1.0384615384615385 0.59375
14000 1.5 0.59375
16000 2.519230769230769 0.53125
18000 2.7115384615384617 0.59375
20000 2.6538461538461537 0.515625
22000 5.096153846153846 0.546875
24000 6.096153846153846 0.578125
26000 7.019230769230769 0.59375
28000 7.4423076923076925 0.546875
30000 7.423076923076923 0.59375
32000 7.326923076923077 0.5625
34000 7.269230769230769 0.5625
36000 7.269230769230769 0.578125
38000 7.096153846153846 0.578125
40000 7.269230769230769 0.5625
42000 7.269230769230769 0.546875
44000 7.211538461538462 0.546875
46000 7.096153846153846 0.578125
48000 7.038461538461538 0.515625
50000 7.096153846153846 0.59375
52000 7.480769230769231 0.53125
54000 7.4423076923076925 0.578125
56000 7.384615384615385 0.546875
58000 7.288461538461538 0.625
60000 7.1923076923076925 0.59375
62000 7.1923076923076925 0.578125
64000 6.980769230769231 0.59375
66000 7.134615384615385 0.578125
68000 7.096153846153846 0.625
70000 7.461538461538462 0.578125
72000 7.615384615384615 0.640625
74000 7.730769230769231 0.578125
76000 7.903846153846154 0.59375
78000 7.615384615384615 0.609375
80000 7.865384615384615 0.640625
82000 7.769230769230769 0.59375
84000 7.903846153846154 0.5625
86000 7.923076923076923 0.578125
88000 7.826923076923077 0.5625
90000 7.846153846153846 0.59375
92000 7.8076923076923075 0.625
94000 7.9423076923076925 0.578125
96000 7.884615384615385 0.5625
98000 7.923076923076923 0.578125
100000 7.961538461538462 0.609375
102000 8.096153846153847 0.640625
104000 8.134615384615385 0.578125
106000 8.076923076923077 0.578125
108000 8.038461538461538 0.546875
110000 8.01923076923077 0.59375
112000 8.115384615384615 0.5625
114000 8.057692307692308 0.625
116000 8.192307692307692 0.578125
118000 8.057692307692308 0.546875
120000 8.115384615384615 0.578125
122000 8.153846153846153 0.609375
124000 8.115384615384615 0.546875
126000 8.211538461538462 0.546875
128000 8.26923076923077 0.5625
130000 7.980769230769231 0.609375
132000 8.0 0.65625
134000 8.211538461538462 0.546875
136000 8.057692307692308 0.65625
138000 7.846153846153846 0.59375
140000 8.134615384615385 0.59375
142000 8.01923076923077 0.625
144000 7.884615384615385 0.53125
146000 8.134615384615385 0.5
148000 7.9423076923076925 0.5625
150000 8.076923076923077 0.59375
152000 8.057692307692308 0.484375
154000 7.711538461538462 0.609375
156000 7.903846153846154 0.578125
158000 7.884615384615385 0.546875
160000 8.038461538461538 0.609375
162000 8.25 0.5
164000 8.076923076923077 0.546875
166000 8.134615384615385 0.5625
168000 8.192307692307692 0.53125
170000 8.211538461538462 0.5
172000 8.134615384615385 0.578125
174000 8.153846153846153 0.5625
176000 7.9423076923076925 0.53125
178000 7.9423076923076925 0.59375
180000 8.288461538461538 0.578125
182000 8.26923076923077 0.546875
184000 8.173076923076923 0.546875
186000 7.980769230769231 0.59375
188000 8.192307692307692 0.578125
190000 8.0 0.609375
192000 8.173076923076923 0.609375
194000 8.211538461538462 0.609375
196000 7.846153846153846 0.625
198000 8.173076923076923 0.59375
200000 8.423076923076923 0.578125
202000 7.923076923076923 0.609375
204000 8.307692307692308 0.65625
206000 8.192307692307692 0.6875
208000 8.115384615384615 0.578125
210000 8.442307692307692 0.640625
212000 8.326923076923077 0.578125
214000 8.25 0.609375
216000 8.153846153846153 0.640625
218000 8.134615384615385 0.515625
220000 7.980769230769231 0.59375
222000 8.01923076923077 0.609375
224000 8.01923076923077 0.59375
226000 8.211538461538462 0.578125
228000 7.980769230769231 0.59375
230000 8.153846153846153 0.609375
232000 8.403846153846153 0.578125
234000 8.51923076923077 0.609375
236000 8.096153846153847 0.59375
238000 8.288461538461538 0.578125
240000 8.211538461538462 0.59375
242000 8.423076923076923 0.578125
244000 8.192307692307692 0.625
246000 8.365384615384615 0.671875
248000 8.346153846153847 0.59375
250000 8.442307692307692 0.578125
252000 8.23076923076923 0.609375
254000 8.48076923076923 0.609375
256000 8.442307692307692 0.59375
258000 8.5 0.625
260000 8.326923076923077 0.578125
262000 8.576923076923077 0.5625
264000 8.461538461538462 0.578125
266000 8.442307692307692 0.578125
268000 8.5 0.578125
270000 8.461538461538462 0.546875
272000 8.615384615384615 0.53125
274000 8.538461538461538 0.578125
276000 8.461538461538462 0.53125
278000 8.23076923076923 0.578125
280000 8.326923076923077 0.5625
282000 8.153846153846153 0.5625
284000 8.538461538461538 0.5625
286000 8.403846153846153 0.5625
288000 8.461538461538462 0.578125
290000 8.403846153846153 0.546875
292000 8.365384615384615 0.5625
294000 8.711538461538462 0.578125
296000 8.596153846153847 0.515625
298000 8.211538461538462 0.53125
300000 8.673076923076923 0.53125
302000 8.403846153846153 0.578125
304000 8.5 0.546875
306000 8.134615384615385 0.59375
308000 8.423076923076923 0.546875
310000 8.288461538461538 0.65625
312000 8.557692307692308 0.609375
314000 8.346153846153847 0.640625
316000 8.326923076923077 0.625
318000 8.423076923076923 0.59375
320000 8.153846153846153 0.640625
322000 8.096153846153847 0.59375
324000 8.326923076923077 0.578125
326000 8.0 0.59375
328000 8.557692307692308 0.609375
330000 8.634615384615385 0.578125
332000 8.634615384615385 0.640625
334000 8.596153846153847 0.578125
336000 8.557692307692308 0.609375
338000 8.192307692307692 0.546875
340000 8.365384615384615 0.59375
342000 8.51923076923077 0.59375
344000 8.51923076923077 0.59375
346000 8.288461538461538 0.578125
348000 8.48076923076923 0.625
350000 8.5 0.59375
352000 8.442307692307692 0.546875
354000 8.173076923076923 0.59375
356000 8.615384615384615 0.65625
358000 8.538461538461538 0.59375
360000 8.596153846153847 0.609375
362000 8.326923076923077 0.5625
364000 8.403846153846153 0.578125
366000 8.5 0.625
368000 8.307692307692308 0.609375
370000 8.288461538461538 0.65625
372000 8.423076923076923 0.609375
374000 8.48076923076923 0.578125
376000 8.423076923076923 0.65625
378000 8.442307692307692 0.578125
380000 8.153846153846153 0.609375
382000 8.423076923076923 0.609375
384000 8.538461538461538 0.65625
386000 8.365384615384615 0.625
388000 8.326923076923077 0.625
390000 8.346153846153847 0.546875
392000 8.461538461538462 0.5625
394000 8.48076923076923 0.625
396000 8.5 0.609375
398000 8.423076923076923 0.609375
400000 8.23076923076923 0.59375
402000 8.442307692307692 0.59375
404000 8.461538461538462 0.59375
406000 8.461538461538462 0.59375
408000 8.403846153846153 0.59375
410000 8.384615384615385 0.640625
412000 8.442307692307692 0.546875
414000 8.442307692307692 0.609375
416000 8.461538461538462 0.609375
418000 8.461538461538462 0.609375
420000 8.346153846153847 0.59375
422000 8.51923076923077 0.546875
424000 8.384615384615385 0.59375
426000 8.326923076923077 0.625
428000 8.384615384615385 0.59375
430000 8.461538461538462 0.625
432000 8.5 0.5625
434000 8.442307692307692 0.625
436000 8.442307692307692 0.578125
438000 8.461538461538462 0.609375
440000 8.461538461538462 0.59375
442000 8.48076923076923 0.59375
444000 8.403846153846153 0.578125
446000 8.384615384615385 0.609375
448000 8.115384615384615 0.640625
450000 8.211538461538462 0.546875
452000 8.211538461538462 0.546875
454000 8.423076923076923 0.59375
456000 8.442307692307692 0.59375
458000 8.461538461538462 0.609375
460000 8.442307692307692 0.59375
462000 8.423076923076923 0.546875
464000 8.442307692307692 0.578125
466000 8.461538461538462 0.640625
468000 8.461538461538462 0.578125
470000 8.48076923076923 0.578125
472000 8.423076923076923 0.578125
474000 8.48076923076923 0.59375
476000 8.403846153846153 0.625
478000 8.403846153846153 0.59375
480000 8.403846153846153 0.578125
482000 8.423076923076923 0.65625
484000 8.384615384615385 0.5625
486000 8.442307692307692 0.625
488000 8.288461538461538 0.640625
490000 8.346153846153847 0.59375
492000 8.403846153846153 0.640625
494000 8.442307692307692 0.640625
496000 8.576923076923077 0.625
498000 8.596153846153847 0.625
500000 8.5 0.609375
