2000 1.0769230769230769 0.609375
4000 1.0 0.46875
6000 1.1346153846153846 0.578125
8000 1.3653846153846154 0.421875
10000 1.0 0.59375
12000 1.5576923076923077 0.625
14000 1.7115384615384615 0.625
16000 1.5576923076923077 0.59375
18000 2.673076923076923 0.5625
20000 4.538461538461538 0.609375
22000 6.519230769230769 0.59375
24000 6.711538461538462 0.625
26000 6.769230769230769 0.59375
28000 6.884615384615385 0.59375
30000 7.019230769230769 0.5625
32000 7.019230769230769 0.59375
34000 6.9423076923076925 0.625
36000 7.038461538461538 0.65625
38000 7.096153846153846 0.765625
40000 7.076923076923077 0.671875
42000 7.230769230769231 0.734375
44000 7.173076923076923 0.703125
46000 7.153846153846154 0.65625
48000 7.096153846153846 0.640625
50000 7.096153846153846 0.78125
52000 7.096153846153846 0.6875
54000 7.096153846153846 0.625
56000 7.153846153846154 0.6875
58000 7.096153846153846 0.703125
60000 7.134615384615385 0.65625
62000 7.134615384615385 0.6875
64000 7.096153846153846 0.71875
66000 7.096153846153846 0.71875
68000 7.076923076923077 0.6875
70000 7.096153846153846 0.65625
72000 7.134615384615385 0.6875
74000 7.173076923076923 0.65625
76000 7.0 0.671875
78000 7.153846153846154 0.625
80000 7.134615384615385 0.71875
82000 7.173076923076923 0.71875
84000 7.269230769230769 0.703125
86000 7.269230769230769 0.734375
88000 7.096153846153846 1.078125
90000 7.25 0.9375
92000 7.326923076923077 0.953125
94000 7.25 0.90625
96000 7.173076923076923 0.953125
98000 7.230769230769231 0.90625
100000 7.153846153846154 0.90625
102000 7.269230769230769 0.9375
104000 7.3076923076923075 0.9375
106000 7.230769230769231 0.90625
108000 7.230769230769231 0.65625
110000 7.1923076923076925 0.671875
112000 7.230769230769231 0.734375
114000 7.1923076923076925 0.6875
116000 7.326923076923077 0.703125
118000 7.365384615384615 0.703125
120000 7.25 0.6875
122000 7.3076923076923075 0.703125
124000 7.3076923076923075 0.703125
126000 7.346153846153846 0.6875
128000 7.365384615384615 0.6875
130000 7.384615384615385 0.71875
132000 7.326923076923077 0.734375
134000 7.5 0.6875
136000 7.4423076923076925 0.6875
138000 7.4423076923076925 0.65625
140000 7.4423076923076925 0.734375
142000 7.403846153846154 0.71875
144000 7.326923076923077 0.6875
146000 7.5 0.65625
148000 7.4423076923076925 0.703125
150000 7.326923076923077 0.703125
152000 7.4423076923076925 0.734375
154000 7.384615384615385 0.75
156000 7.519230769230769 0.65625
158000 7.596153846153846 0.640625
160000 7.653846153846154 0.640625
162000 7.5576923076923075 0.703125
164000 7.653846153846154 0.703125
166000 7.576923076923077 0.734375
168000 7.4423076923076925 0.765625
170000 7.596153846153846 0.6875
172000 7.576923076923077 0.703125
174000 7.6923076923076925 0.734375
176000 7.653846153846154 0.71875
178000 7.3076923076923075 0.734375
180000 7.403846153846154 0.8125
182000 7.461538461538462 0.796875
184000 7.365384615384615 0.859375
186000 7.480769230769231 0.765625
188000 7.5576923076923075 0.796875
190000 7.653846153846154 0.921875
192000 7.519230769230769 0.921875
194000 7.576923076923077 0.8125
196000 7.538461538461538 0.75
198000 7.519230769230769 0.734375
200000 7.5 0.796875
202000 7.5 0.796875
204000 7.423076923076923 0.765625
206000 7.5576923076923075 0.84375
208000 7.576923076923077 0.8125
210000 7.5576923076923075 0.765625
212000 7.4423076923076925 0.6875
214000 7.653846153846154 0.703125
216000 7.615384615384615 0.703125
218000 7.461538461538462 0.734375
220000 7.6923076923076925 0.765625
222000 7.730769230769231 0.703125
224000 7.5576923076923075 0.734375
226000 7.461538461538462 0.703125
228000 7.5576923076923075 0.78125
230000 7.423076923076923 0.703125
232000 7.634615384615385 0.71875
234000 7.865384615384615 0.671875
236000 7.711538461538462 0.71875
238000 7.9423076923076925 0.71875
240000 7.884615384615385 0.703125
242000 7.865384615384615 0.734375
244000 8.057692307692308 0.71875
246000 8.01923076923077 0.71875
248000 7.8076923076923075 0.734375
250000 7.480769230769231 0.671875
252000 7.615384615384615 0.828125
254000 7.846153846153846 0.796875
256000 7.788461538461538 0.625
258000 7.826923076923077 0.71875
260000 7.8076923076923075 0.65625
262000 8.038461538461538 0.71875
264000 8.115384615384615 0.703125
266000 8.057692307692308 0.6875
268000 7.788461538461538 0.703125
270000 8.038461538461538 0.703125
272000 8.153846153846153 0.671875
274000 7.846153846153846 0.71875
276000 7.711538461538462 0.71875
278000 7.884615384615385 0.703125
280000 8.01923076923077 0.625
282000 8.057692307692308 0.640625
284000 8.115384615384615 0.65625
286000 7.903846153846154 0.671875
288000 7.846153846153846 0.71875
290000 7.9423076923076925 0.640625
292000 7.846153846153846 0.671875
294000 8.076923076923077 0.734375
296000 7.9423076923076925 0.6875
298000 7.673076923076923 0.765625
300000 7.865384615384615 0.71875
302000 7.75 0.734375
304000 7.884615384615385 0.734375
306000 7.865384615384615 0.765625
308000 7.961538461538462 1.109375
310000 7.903846153846154 0.96875
312000 8.115384615384615 0.96875
314000 8.0 0.921875
316000 7.923076923076923 0.71875
318000 8.096153846153847 0.703125
320000 8.01923076923077 0.71875
322000 8.01923076923077 0.703125
324000 7.884615384615385 0.765625
326000 7.788461538461538 0.734375
328000 7.846153846153846 0.6875
330000 7.788461538461538 0.6875
332000 7.788461538461538 0.703125
334000 7.9423076923076925 0.78125
336000 8.153846153846153 0.734375
338000 7.923076923076923 0.75
340000 7.865384615384615 0.671875
342000 7.826923076923077 0.734375
344000 8.115384615384615 0.734375
346000 7.846153846153846 0.734375
348000 8.0 0.65625
350000 7.788461538461538 0.6875
352000 7.826923076923077 0.6875
354000 7.903846153846154 0.734375
356000 7.9423076923076925 0.71875
358000 8.076923076923077 0.671875
360000 8.153846153846153 0.6875
362000 8.134615384615385 0.65625
364000 8.096153846153847 0.6875
366000 7.9423076923076925 0.671875
368000 7.865384615384615 0.765625
370000 8.173076923076923 0.703125
372000 7.903846153846154 0.71875
374000 8.173076923076923 0.703125
376000 8.23076923076923 0.671875
378000 8.153846153846153 0.703125
380000 7.8076923076923075 0.65625
382000 7.865384615384615 0.6875
384000 8.01923076923077 0.65625
386000 7.576923076923077 0.75
388000 7.711538461538462 0.734375
390000 7.846153846153846 0.78125
392000 8.076923076923077 0.75
394000 7.903846153846154 0.796875
396000 7.826923076923077 0.8125
398000 7.75 0.75
400000 7.711538461538462 0.765625
402000 8.038461538461538 0.78125
404000 8.115384615384615 1.140625
406000 8.096153846153847 1.0
408000 8.192307692307692 0.921875
410000 8.134615384615385 0.9375
412000 7.9423076923076925 0.96875
414000 8.211538461538462 0.859375
416000 8.173076923076923 0.78125
418000 8.096153846153847 0.8125
420000 8.076923076923077 0.75
422000 8.057692307692308 0.796875
424000 8.134615384615385 0.796875
426000 8.0 0.84375
428000 7.961538461538462 0.765625
430000 8.0 0.78125
432000 8.0 0.703125
434000 8.038461538461538 0.8125
436000 8.076923076923077 0.765625
438000 8.096153846153847 0.78125
440000 8.01923076923077 0.734375
442000 8.038461538461538 0.828125
444000 8.057692307692308 0.71875
446000 8.057692307692308 0.71875
448000 8.134615384615385 0.734375
450000 8.076923076923077 0.734375
452000 8.211538461538462 0.734375
454000 8.096153846153847 0.6875
456000 8.0 0.6875
458000 7.980769230769231 0.71875
460000 8.038461538461538 0.734375
462000 8.057692307692308 0.734375
464000 8.192307692307692 0.765625
466000 8.25 0.734375
468000 8.115384615384615 0.671875
470000 8.115384615384615 0.703125
472000 8.25 0.71875
474000 8.23076923076923 0.703125
476000 8.26923076923077 0.65625
478000 8.173076923076923 0.71875
480000 8.134615384615385 0.71875
482000 8.076923076923077 0.8125
484000 8.038461538461538 0.75
486000 8.096153846153847 0.75
488000 8.153846153846153 0.75
490000 8.192307692307692 0.671875
492000 8.057692307692308 0.75
494000 8.057692307692308 0.84375
496000 8.192307692307692 0.84375
498000 8.134615384615385 0.796875
500000 8.096153846153847 0.71875
