2000 2.230769230769231 0.53125
4000 6.134615384615385 0.484375
6000 6.865384615384615 0.515625
8000 7.673076923076923 0.53125
10000 7.730769230769231 0.515625
12000 7.730769230769231 0.546875
14000 7.730769230769231 0.53125
16000 7.730769230769231 0.59375
18000 7.730769230769231 0.578125
20000 7.730769230769231 0.546875
22000 7.730769230769231 0.5625
24000 7.730769230769231 0.625
26000 7.769230769230769 0.515625
28000 7.730769230769231 0.59375
30000 7.788461538461538 0.515625
32000 7.6923076923076925 0.53125
34000 7.653846153846154 0.5625
36000 7.769230769230769 0.546875
38000 7.769230769230769 0.609375
40000 7.730769230769231 0.578125
42000 7.846153846153846 0.609375
44000 7.865384615384615 0.5625
46000 7.865384615384615 0.546875
48000 7.826923076923077 0.625
50000 7.884615384615385 0.625
52000 7.9423076923076925 0.609375
54000 7.9423076923076925 0.625
56000 7.9423076923076925 0.5625
58000 7.961538461538462 0.59375
60000 7.9423076923076925 0.609375
62000 7.923076923076923 0.59375
64000 7.923076923076923 0.5625
66000 7.9423076923076925 0.59375
68000 7.9423076923076925 0.609375
70000 7.980769230769231 0.625
72000 8.0 0.59375
74000 7.923076923076923 0.5625
76000 7.884615384615385 0.609375
78000 7.9423076923076925 0.59375
80000 7.903846153846154 0.609375
82000 7.75 0.578125
84000 7.788461538461538 0.53125
86000 7.826923076923077 0.625
88000 7.788461538461538 0.546875
90000 7.9423076923076925 0.609375
92000 7.826923076923077 0.609375
94000 7.865384615384615 0.609375
96000 7.826923076923077 0.640625
98000 7.846153846153846 0.578125
100000 7.961538461538462 0.625
102000 7.923076923076923 0.609375
104000 7.865384615384615 0.578125
106000 7.75 0.609375
108000 7.865384615384615 0.625
110000 7.961538461538462 0.5625
112000 7.980769230769231 0.609375
114000 7.923076923076923 0.59375
116000 7.865384615384615 0.609375
118000 7.9423076923076925 0.609375
120000 7.884615384615385 0.578125
122000 7.6923076923076925 0.640625
124000 7.923076923076923 0.625
126000 7.884615384615385 0.59375
128000 7.826923076923077 0.578125
130000 7.980769230769231 0.609375
132000 7.903846153846154 0.578125
134000 7.6923076923076925 0.5625
136000 7.961538461538462 0.609375
138000 8.0 0.609375
140000 8.038461538461538 0.578125
142000 7.903846153846154 0.515625
144000 7.903846153846154 0.609375
146000 8.01923076923077 0.5625
148000 8.0 0.59375
150000 7.788461538461538 0.59375
152000 7.9423076923076925 0.546875
154000 7.980769230769231 0.578125
156000 8.038461538461538 0.59375
158000 8.115384615384615 0.578125
160000 7.9423076923076925 0.46875
162000 7.884615384615385 0.53125
164000 7.865384615384615 0.578125
166000 7.923076923076923 0.546875
168000 8.076923076923077 0.5625
170000 7.9423076923076925 0.515625
172000 8.153846153846153 0.5625
174000 8.173076923076923 0.484375
176000 8.038461538461538 0.5625
178000 8.038461538461538 0.609375
180000 8.115384615384615 0.578125
182000 8.096153846153847 0.578125
184000 8.115384615384615 0.5625
186000 8.0 0.578125
188000 8.057692307692308 0.59375
190000 7.884615384615385 0.5625
192000 7.9423076923076925 0.609375
194000 8.038461538461538 0.578125
196000 8.076923076923077 0.5625
198000 8.096153846153847 0.578125
200000 8.057692307692308 0.609375
202000 8.096153846153847 0.578125
204000 8.057692307692308 0.609375
206000 8.134615384615385 0.546875
208000 8.115384615384615 0.59375
210000 7.980769230769231 0.625
212000 7.980769230769231 0.609375
214000 7.961538461538462 0.546875
216000 7.923076923076923 0.609375
218000 7.980769230769231 0.609375
220000 7.980769230769231 0.546875
222000 8.038461538461538 0.609375
224000 8.01923076923077 0.546875
226000 7.961538461538462 0.625
228000 7.961538461538462 0.609375
230000 7.980769230769231 0.546875
232000 8.057692307692308 0.59375
234000 7.769230769230769 0.625
236000 7.769230769230769 0.578125
238000 7.5576923076923075 0.546875
240000 7.884615384615385 0.609375
242000 7.673076923076923 0.625
244000 7.3076923076923075 0.5625
246000 7.615384615384615 0.578125
248000 7.769230769230769 0.546875
250000 7.480769230769231 0.609375
252000 7.480769230769231 0.59375
254000 7.596153846153846 0.640625
256000 8.01923076923077 0.5625
258000 7.480769230769231 0.609375
260000 7.923076923076923 0.546875
262000 8.057692307692308 0.484375
264000 8.26923076923077 0.546875
266000 7.9423076923076925 0.53125
268000 8.153846153846153 0.53125
270000 8.26923076923077 0.5625
272000 7.980769230769231 0.515625
274000 8.038461538461538 0.546875
276000 8.096153846153847 0.578125
278000 8.01923076923077 0.546875
280000 7.846153846153846 0.578125
282000 8.0 0.515625
284000 7.8076923076923075 0.5625
286000 7.865384615384615 0.59375
288000 8.057692307692308 0.59375
290000 8.173076923076923 0.5625
292000 8.288461538461538 0.5625
294000 8.211538461538462 0.578125
296000 8.076923076923077 0.5
298000 8.076923076923077 0.546875
300000 8.384615384615385 0.5
302000 8.211538461538462 0.59375
304000 8.326923076923077 0.546875
306000 8.057692307692308 0.546875
308000 7.923076923076923 0.578125
310000 8.26923076923077 0.625
312000 8.25 0.59375
314000 8.173076923076923 0.59375
316000 8.076923076923077 0.546875
318000 8.096153846153847 0.578125
320000 8.192307692307692 0.609375
322000 7.980769230769231 0.609375
324000 8.096153846153847 0.578125
326000 7.980769230769231 0.59375
328000 8.192307692307692 0.640625
330000 8.538461538461538 0.59375
332000 7.884615384615385 0.578125
334000 8.0 0.625
336000 7.884615384615385 0.578125
338000 8.01923076923077 0.578125
340000 8.211538461538462 0.625
342000 8.326923076923077 0.5625
344000 7.653846153846154 0.625
346000 8.288461538461538 0.59375
348000 8.211538461538462 0.640625
350000 8.461538461538462 0.609375
352000 8.25 0.59375
354000 8.365384615384615 0.5625
356000 8.115384615384615 0.59375
358000 8.326923076923077 0.5
360000 8.115384615384615 0.59375
362000 7.673076923076923 0.578125
364000 7.884615384615385 0.59375
366000 8.346153846153847 0.59375
368000 8.26923076923077 0.59375
370000 8.326923076923077 0.59375
372000 8.096153846153847 0.5625
374000 8.096153846153847 0.609375
376000 8.25 0.625
378000 7.9423076923076925 0.609375
380000 7.923076923076923 0.59375
382000 8.173076923076923 0.59375
384000 7.961538461538462 0.53125
386000 7.384615384615385 0.671875
388000 7.365384615384615 0.59375
390000 7.538461538461538 0.6875
392000 7.576923076923077 0.578125
394000 7.884615384615385 0.640625
396000 8.057692307692308 0.609375
398000 7.8076923076923075 0.59375
400000 7.8076923076923075 0.578125
402000 7.9423076923076925 0.5625
404000 8.134615384615385 0.625
406000 7.75 0.59375
408000 7.846153846153846 0.640625
410000 7.865384615384615 0.578125
412000 7.923076923076923 0.578125
414000 7.865384615384615 0.625
416000 8.057692307692308 0.609375
418000 8.0 0.578125
420000 8.038461538461538 0.59375
422000 8.057692307692308 0.5625
424000 7.961538461538462 0.609375
426000 7.826923076923077 0.625
428000 7.903846153846154 0.625
430000 7.865384615384615 0.59375
432000 8.01923076923077 0.59375
434000 7.9423076923076925 0.609375
436000 8.0 0.578125
438000 8.01923076923077 0.65625
440000 8.096153846153847 0.609375
442000 7.961538461538462 0.625
444000 8.096153846153847 0.640625
446000 8.076923076923077 0.609375
448000 8.057692307692308 0.640625
450000 7.980769230769231 0.625
452000 7.884615384615385 0.5625
454000 7.865384615384615 0.578125
456000 8.038461538461538 0.59375
458000 8.0 0.6875
460000 7.865384615384615 0.609375
462000 7.884615384615385 0.578125
464000 7.903846153846154 0.5625
466000 7.961538461538462 0.59375
468000 8.076923076923077 0.5625
470000 7.8076923076923075 0.609375
472000 7.884615384615385 0.59375
474000 7.865384615384615 0.640625
476000 7.884615384615385 0.59375
478000 7.884615384615385 0.5625
480000 8.0 0.5625
482000 8.0 0.609375
484000 7.865384615384615 0.609375
486000 8.038461538461538 0.59375
488000 8.01923076923077 0.5625
490000 8.01923076923077 0.625
492000 8.01923076923077 0.53125
494000 8.01923076923077 0.59375
496000 8.115384615384615 0.484375
498000 8.076923076923077 0.359375
500000 8.173076923076923 0.359375
