2000 2.3461538461538463 0.625
4000 6.423076923076923 0.5625
6000 6.980769230769231 0.65625
8000 6.980769230769231 0.578125
10000 6.980769230769231 0.640625
12000 7.5576923076923075 0.546875
14000 7.730769230769231 0.609375
16000 7.730769230769231 0.578125
18000 7.596153846153846 0.546875
20000 7.730769230769231 0.625
22000 7.730769230769231 0.578125
24000 7.730769230769231 0.640625
26000 7.788461538461538 0.578125
28000 7.788461538461538 0.703125
30000 7.653846153846154 0.703125
32000 7.769230769230769 0.640625
34000 7.769230769230769 0.703125
36000 7.769230769230769 0.578125
38000 7.75 0.65625
40000 7.730769230769231 0.671875
42000 7.5576923076923075 0.6875
44000 7.711538461538462 0.75
46000 7.788461538461538 0.65625
48000 7.788461538461538 0.6875
50000 7.865384615384615 0.671875
52000 7.6923076923076925 0.703125
54000 7.903846153846154 0.625
56000 7.903846153846154 0.765625
58000 7.884615384615385 0.640625
60000 7.903846153846154 0.671875
62000 7.923076923076923 0.71875
64000 7.923076923076923 0.6875
66000 7.923076923076923 0.703125
68000 7.903846153846154 0.6875
70000 7.923076923076923 0.71875
72000 7.9423076923076925 0.703125
74000 7.711538461538462 0.703125
76000 7.461538461538462 0.640625
78000 7.903846153846154 0.703125
80000 7.923076923076923 0.90625
82000 7.865384615384615 0.90625
84000 7.9423076923076925 0.90625
86000 7.903846153846154 0.96875
88000 7.923076923076923 0.921875
90000 7.884615384615385 0.890625
92000 7.903846153846154 0.90625
94000 7.903846153846154 0.90625
96000 7.634615384615385 0.921875
98000 7.884615384615385 0.875
100000 7.6923076923076925 0.6875
102000 7.923076923076923 0.671875
104000 7.884615384615385 0.6875
106000 7.711538461538462 0.671875
108000 7.673076923076923 0.6875
110000 7.980769230769231 0.703125
112000 7.75 0.671875
114000 7.961538461538462 0.703125
116000 8.0 0.6875
118000 8.01923076923077 0.71875
120000 7.9423076923076925 0.734375
122000 7.923076923076923 0.734375
124000 8.01923076923077 0.71875
126000 8.038461538461538 0.6875
128000 7.980769230769231 0.671875
130000 7.980769230769231 0.734375
132000 7.884615384615385 0.703125
134000 7.826923076923077 0.671875
136000 7.980769230769231 0.671875
138000 7.980769230769231 0.71875
140000 7.9423076923076925 0.71875
142000 7.9423076923076925 0.734375
144000 8.0 0.6875
146000 7.980769230769231 0.6875
148000 8.01923076923077 0.6875
150000 7.961538461538462 0.703125
152000 7.9423076923076925 0.671875
154000 7.9423076923076925 0.71875
156000 7.846153846153846 0.75
158000 7.865384615384615 0.703125
160000 7.923076923076923 0.71875
162000 7.903846153846154 0.671875
164000 8.0 0.625
166000 8.038461538461538 0.6875
168000 7.980769230769231 0.78125
170000 7.961538461538462 0.78125
172000 8.01923076923077 0.75
174000 7.961538461538462 0.75
176000 8.0 0.796875
178000 8.01923076923077 0.78125
180000 7.980769230769231 0.78125
182000 7.923076923076923 0.90625
184000 8.0 1.03125
186000 7.923076923076923 0.765625
188000 8.01923076923077 0.8125
190000 8.192307692307692 0.71875
192000 8.192307692307692 0.8125
194000 8.096153846153847 0.703125
196000 8.01923076923077 0.765625
198000 8.153846153846153 0.734375
200000 8.173076923076923 0.765625
202000 8.25 0.734375
204000 8.153846153846153 0.671875
206000 8.173076923076923 0.703125
208000 8.192307692307692 0.71875
210000 7.9423076923076925 0.71875
212000 7.884615384615385 0.75
214000 7.980769230769231 0.703125
216000 7.903846153846154 0.6875
218000 8.01923076923077 0.71875
220000 8.057692307692308 0.671875
222000 8.23076923076923 0.71875
224000 8.211538461538462 0.703125
226000 8.01923076923077 0.65625
228000 8.211538461538462 0.71875
230000 8.153846153846153 0.71875
232000 7.961538461538462 0.765625
234000 8.211538461538462 0.71875
236000 8.23076923076923 0.640625
238000 8.192307692307692 0.703125
240000 8.038461538461538 0.703125
242000 8.0 0.734375
244000 8.096153846153847 0.75
246000 8.076923076923077 0.75
248000 7.8076923076923075 0.734375
250000 7.4423076923076925 0.734375
252000 8.211538461538462 0.703125
254000 7.980769230769231 0.734375
256000 8.26923076923077 0.6875
258000 8.192307692307692 0.65625
260000 8.115384615384615 0.671875
262000 8.23076923076923 0.703125
264000 8.096153846153847 0.6875
266000 8.115384615384615 0.734375
268000 7.903846153846154 0.71875
270000 7.9423076923076925 0.734375
272000 8.038461538461538 0.703125
274000 7.961538461538462 0.6875
276000 8.057692307692308 0.671875
278000 8.096153846153847 0.71875
280000 8.038461538461538 0.71875
282000 8.076923076923077 0.796875
284000 8.057692307692308 0.65625
286000 8.173076923076923 0.796875
288000 7.846153846153846 0.90625
290000 8.057692307692308 0.765625
292000 8.326923076923077 0.84375
294000 8.192307692307692 0.71875
296000 8.23076923076923 0.78125
298000 8.288461538461538 1.09375
300000 8.153846153846153 0.921875
302000 8.038461538461538 1.0
304000 7.9423076923076925 0.984375
306000 8.134615384615385 0.734375
308000 8.038461538461538 0.765625
310000 8.326923076923077 0.6875
312000 7.846153846153846 0.65625
314000 7.923076923076923 0.734375
316000 7.903846153846154 0.71875
318000 7.9423076923076925 0.703125
320000 7.673076923076923 0.71875
322000 7.826923076923077 0.703125
324000 8.01923076923077 0.75
326000 7.961538461538462 0.71875
328000 7.865384615384615 0.703125
330000 7.8076923076923075 0.734375
332000 7.8076923076923075 0.796875
334000 7.903846153846154 0.75
336000 7.8076923076923075 0.65625
338000 7.826923076923077 0.6875
340000 7.711538461538462 0.71875
342000 7.923076923076923 0.734375
344000 7.980769230769231 0.65625
346000 7.923076923076923 0.640625
348000 7.884615384615385 0.71875
350000 8.057692307692308 0.71875
352000 7.923076923076923 0.703125
354000 7.846153846153846 0.734375
356000 8.0 0.625
358000 7.9423076923076925 0.734375
360000 7.903846153846154 0.75
362000 8.0 0.6875
364000 8.0 0.6875
366000 8.288461538461538 0.71875
368000 8.365384615384615 0.78125
370000 8.211538461538462 0.703125
372000 8.288461538461538 0.703125
374000 8.096153846153847 0.78125
376000 8.057692307692308 0.71875
378000 8.192307692307692 0.8125
380000 8.057692307692308 0.765625
382000 7.884615384615385 0.703125
384000 8.26923076923077 0.78125
386000 8.307692307692308 0.75
388000 7.6923076923076925 0.765625
390000 7.6923076923076925 0.75
392000 7.8076923076923075 0.796875
394000 8.173076923076923 1.109375
396000 8.23076923076923 1.09375
398000 8.115384615384615 0.96875
400000 8.01923076923077 0.953125
402000 7.6923076923076925 0.890625
404000 8.192307692307692 0.96875
406000 8.134615384615385 0.8125
408000 7.769230769230769 0.828125
410000 8.01923076923077 0.75
412000 8.076923076923077 0.78125
414000 8.307692307692308 0.78125
416000 8.326923076923077 0.78125
418000 8.096153846153847 0.765625
420000 8.211538461538462 0.796875
422000 8.076923076923077 0.796875
424000 8.134615384615385 0.71875
426000 8.173076923076923 0.84375
428000 8.134615384615385 0.78125
430000 8.346153846153847 0.71875
432000 8.23076923076923 0.828125
434000 8.365384615384615 0.71875
436000 8.211538461538462 0.6875
438000 7.923076923076923 0.6875
440000 8.115384615384615 0.703125
442000 7.788461538461538 0.75
444000 8.115384615384615 0.71875
446000 7.730769230769231 0.75
448000 7.846153846153846 0.71875
450000 7.961538461538462 0.71875
452000 7.8076923076923075 0.71875
454000 8.038461538461538 0.75
456000 7.865384615384615 0.703125
458000 7.8076923076923075 0.6875
460000 7.788461538461538 0.6875
462000 7.865384615384615 0.65625
464000 7.884615384615385 0.78125
466000 8.01923076923077 0.703125
468000 8.057692307692308 0.703125
470000 8.173076923076923 0.71875
472000 7.980769230769231 0.9375
474000 7.884615384615385 0.765625
476000 7.884615384615385 0.765625
478000 7.730769230769231 0.734375
480000 7.865384615384615 0.734375
482000 7.730769230769231 0.703125
484000 7.826923076923077 0.78125
486000 8.01923076923077 0.828125
488000 7.846153846153846 0.828125
490000 8.057692307692308 0.796875
492000 8.0 0.609375
494000 8.038461538461538 0.609375
496000 8.096153846153847 0.609375
498000 8.038461538461538 0.59375
500000 8.01923076923077 0.5
