2000 1.2307692307692308 -0.8269230769230769 128.28846153846155 0.1298076923076923 135.46153846153845 45.30769230769231 0.0 45.30769230769231 0.6908482005819678
4000 0.7115384615384616 -0.9807692307692307 129.6153846153846 0.03365384615384615 135.46153846153845 45.30769230769231 0.0 45.30769230769231 0.6711732000112534
6000 4.25 0.9038461538461539 127.36538461538461 0.1137820512820513 135.46153846153845 45.30769230769231 0.0 45.30769230769231 0.7711474001407623
8000 18.192307692307693 17.98076923076923 123.86538461538461 0.3173076923076923 135.46153846153845 45.30769230769231 0.0 45.30769230769231 1.0156985996291041
10000 21.96153846153846 21.75 122.92307692307692 0.3798076923076923 135.46153846153845 45.30769230769231 0.0 45.30769230769231 0.9517514007166028
12000 21.96153846153846 21.75 122.92307692307692 0.3798076923076923 135.46153846153845 45.30769230769231 0.0 45.30769230769231 1.0215533003211021
14000 25.865384615384617 25.865384615384617 121.32692307692308 0.43269230769230776 135.46153846153845 45.30769230769231 0.0 45.30769230769231 1.1719643007963896
16000 26.846153846153847 26.846153846153847 121.3076923076923 0.43269230769230776 135.46153846153845 45.30769230769231 0.0 45.30769230769231 1.1878046998754144
18000 28.153846153846153 28.153846153846153 121.82692307692308 0.3862179487179487 135.46153846153845 45.30769230769231 0.0 45.30769230769231 1.0485779996961355
20000 36.59615384615385 36.59615384615385 121.34615384615384 0.40865384615384615 135.46153846153845 45.30769230769231 0.0 45.30769230769231 1.255193299613893
22000 36.59615384615385 36.59615384615385 121.34615384615384 0.40865384615384615 135.46153846153845 45.30769230769231 0.0 45.30769230769231 1.2835230007767677
24000 32.09615384615385 25.5 121.4423076923077 0.3830128205128205 135.46153846153845 45.30769230769231 0.0 45.30769230769231 1.28840549942106
26000 49.25 42.0 119.78846153846153 0.4743589743589744 135.46153846153845 45.30769230769231 0.0 45.30769230769231 1.411192899569869
28000 49.25 42.0 119.78846153846153 0.4743589743589744 135.46153846153845 45.30769230769231 0.0 45.30769230769231 1.373623600229621
30000 49.25 42.0 119.78846153846153 0.4743589743589744 135.46153846153845 45.30769230769231 0.0 45.30769230769231 1.3970430996268988
32000 41.44230769230769 2.8653846153846154 120.42307692307692 0.4439102564102564 135.46153846153845 45.30769230769231 0.0 45.30769230769231 1.2141975993290544
34000 41.44230769230769 2.8653846153846154 120.42307692307692 0.4439102564102564 135.46153846153845 45.30769230769231 0.0 45.30769230769231 1.3597871996462345
36000 47.67307692307692 2.8653846153846154 120.11538461538461 0.483974358974359 135.46153846153845 45.30769230769231 0.0 45.30769230769231 1.4549391996115446
38000 47.67307692307692 2.8653846153846154 120.11538461538461 0.483974358974359 135.46153846153845 45.30769230769231 0.0 45.30769230769231 1.3953693006187677
40000 47.67307692307692 2.8653846153846154 120.11538461538461 0.483974358974359 135.46153846153845 45.30769230769231 0.0 45.30769230769231 1.390034600161016
42000 55.73076923076923 10.923076923076923 119.92307692307692 0.483974358974359 135.46153846153845 45.30769230769231 0.0 45.30769230769231 1.425493199378252
44000 55.73076923076923 10.923076923076923 119.92307692307692 0.483974358974359 135.46153846153845 45.30769230769231 0.0 45.30769230769231 1.4017303995788097
46000 55.73076923076923 10.923076923076923 119.92307692307692 0.483974358974359 135.46153846153845 45.30769230769231 0.0 45.30769230769231 1.3870738996192813
48000 75.07692307692308 -1.0 119.53846153846153 0.4551282051282052 135.46153846153845 45.30769230769231 0.0 45.30769230769231 1.360487999394536
50000 75.07692307692308 -1.0 119.53846153846153 0.4551282051282052 135.46153846153845 45.30769230769231 0.0 45.30769230769231 1.3778856005519629
52000 75.07692307692308 -1.0 119.53846153846153 0.4551282051282052 135.46153846153845 45.30769230769231 0.0 45.30769230769231 1.3762447005137801
54000 75.07692307692308 -1.0 119.53846153846153 0.4551282051282052 135.46153846153845 45.30769230769231 0.0 45.30769230769231 1.2752476995810866
56000 75.07692307692308 -1.0 119.53846153846153 0.4551282051282052 135.46153846153845 45.30769230769231 0.0 45.30769230769231 1.4214455001056194
58000 75.07692307692308 -1.0 119.53846153846153 0.4551282051282052 135.46153846153845 45.30769230769231 0.0 45.30769230769231 1.3663329994305968
60000 75.07692307692308 -1.0 119.53846153846153 0.4551282051282052 135.46153846153845 45.30769230769231 0.0 45.30769230769231 1.3936675004661083
62000 75.07692307692308 -1.0 119.53846153846153 0.4551282051282052 135.46153846153845 45.30769230769231 0.0 45.30769230769231 1.4278823006898165
64000 75.07692307692308 -1.0 119.53846153846153 0.4551282051282052 135.46153846153845 45.30769230769231 0.0 45.30769230769231 1.4175855005159974
66000 75.07692307692308 -1.0 119.53846153846153 0.4551282051282052 135.46153846153845 45.30769230769231 0.0 45.30769230769231 1.2828796999529004
68000 66.28846153846153 -1.0 118.42307692307692 0.45993589743589747 135.46153846153845 45.30769230769231 0.019230769230769232 45.28846153846154 1.3659120006486773
70000 75.07692307692308 -1.0 119.53846153846153 0.4551282051282052 135.46153846153845 45.30769230769231 0.0 45.30769230769231 1.3923971997573972
72000 66.28846153846153 -1.0 118.42307692307692 0.45993589743589747 135.46153846153845 45.30769230769231 0.019230769230769232 45.28846153846154 1.4507663995027542
74000 66.28846153846153 -1.0 118.42307692307692 0.45993589743589747 135.46153846153845 45.30769230769231 0.019230769230769232 45.28846153846154 1.4232954001054168
76000 66.28846153846153 -1.0 118.42307692307692 0.45993589743589747 135.46153846153845 45.30769230769231 0.019230769230769232 45.28846153846154 1.3634678004309535
78000 66.28846153846153 -1.0 118.42307692307692 0.45993589743589747 135.46153846153845 45.30769230769231 0.019230769230769232 45.28846153846154 1.4051596000790596
80000 75.07692307692308 -1.0 119.53846153846153 0.4551282051282052 135.46153846153845 45.30769230769231 0.0 45.30769230769231 1.4903897000476718
82000 75.07692307692308 -1.0 119.53846153846153 0.4551282051282052 135.46153846153845 45.30769230769231 0.0 45.30769230769231 1.4542835000902414
84000 75.07692307692308 -1.0 119.53846153846153 0.4551282051282052 135.46153846153845 45.30769230769231 0.0 45.30769230769231 1.4146036999300122
86000 75.07692307692308 -1.0 119.53846153846153 0.4551282051282052 135.46153846153845 45.30769230769231 0.0 45.30769230769231 1.398139400407672
88000 75.07692307692308 -1.0 119.53846153846153 0.4551282051282052 135.46153846153845 45.30769230769231 0.0 45.30769230769231 1.42229020036757
90000 75.07692307692308 -1.0 119.53846153846153 0.4551282051282052 135.46153846153845 45.30769230769231 0.0 45.30769230769231 1.3611131003126502
92000 66.28846153846153 -1.0 118.42307692307692 0.45993589743589747 135.46153846153845 45.30769230769231 0.019230769230769232 45.28846153846154 1.3493856005370617
94000 75.07692307692308 -1.0 119.53846153846153 0.4551282051282052 135.46153846153845 45.30769230769231 0.0 45.30769230769231 1.3930636998265982
96000 75.07692307692308 -1.0 119.53846153846153 0.4551282051282052 135.46153846153845 45.30769230769231 0.0 45.30769230769231 1.4658188000321388
98000 66.28846153846153 -1.0 118.42307692307692 0.45993589743589747 135.46153846153845 45.30769230769231 0.019230769230769232 45.28846153846154 1.4165918994694948
100000 75.07692307692308 -1.0 119.53846153846153 0.4551282051282052 135.46153846153845 45.30769230769231 0.0 45.30769230769231 1.3947034999728203
102000 66.28846153846153 -1.0 118.42307692307692 0.45993589743589747 135.46153846153845 45.30769230769231 0.019230769230769232 45.28846153846154 1.4241579994559288
104000 75.07692307692308 -1.0 119.53846153846153 0.4551282051282052 135.46153846153845 45.30769230769231 0.0 45.30769230769231 1.397282199934125
106000 55.67307692307692 10.865384615384615 119.78846153846153 0.483974358974359 135.46153846153845 45.30769230769231 0.0 45.30769230769231 1.4882116997614503
108000 75.07692307692308 -1.0 119.53846153846153 0.4551282051282052 135.46153846153845 45.30769230769231 0.0 45.30769230769231 1.4167384002357721
110000 66.28846153846153 -1.0 118.42307692307692 0.45993589743589747 135.46153846153845 45.30769230769231 0.019230769230769232 45.28846153846154 1.311247299425304
112000 75.07692307692308 -1.0 119.53846153846153 0.4551282051282052 135.46153846153845 45.30769230769231 0.0 45.30769230769231 1.356233099475503
114000 75.07692307692308 -1.0 119.53846153846153 0.4551282051282052 135.46153846153845 45.30769230769231 0.0 45.30769230769231 1.3866876997053623
116000 75.07692307692308 -1.0 119.53846153846153 0.4551282051282052 135.46153846153845 45.30769230769231 0.0 45.30769230769231 1.3623841004446149
118000 66.28846153846153 -1.0 118.42307692307692 0.45993589743589747 135.46153846153845 45.30769230769231 0.019230769230769232 45.28846153846154 1.4442695993930101
120000 75.07692307692308 -1.0 119.53846153846153 0.4551282051282052 135.46153846153845 45.30769230769231 0.0 45.30769230769231 1.3253189995884895
122000 66.28846153846153 -1.0 118.42307692307692 0.45993589743589747 135.46153846153845 45.30769230769231 0.019230769230769232 45.28846153846154 1.2600632002577186
124000 75.07692307692308 -1.0 119.53846153846153 0.4551282051282052 135.46153846153845 45.30769230769231 0.0 45.30769230769231 1.347427200525999
126000 66.28846153846153 -1.0 118.42307692307692 0.45993589743589747 135.46153846153845 45.30769230769231 0.019230769230769232 45.28846153846154 1.3255698001012206
128000 66.28846153846153 -1.0 118.42307692307692 0.45993589743589747 135.46153846153845 45.30769230769231 0.019230769230769232 45.28846153846154 1.42366289999336
130000 66.28846153846153 -1.0 118.42307692307692 0.45993589743589747 135.46153846153845 45.30769230769231 0.019230769230769232 45.28846153846154 1.3259403994306922
132000 75.07692307692308 -1.0 119.53846153846153 0.4551282051282052 135.46153846153845 45.30769230769231 0.0 45.30769230769231 1.4289184994995594
134000 75.07692307692308 -1.0 119.53846153846153 0.4551282051282052 135.46153846153845 45.30769230769231 0.0 45.30769230769231 1.3379178997129202
136000 75.07692307692308 -1.0 119.53846153846153 0.4551282051282052 135.46153846153845 45.30769230769231 0.0 45.30769230769231 1.3864359995350242
138000 75.07692307692308 -1.0 119.53846153846153 0.4551282051282052 135.46153846153845 45.30769230769231 0.0 45.30769230769231 1.3600424993783236
140000 75.07692307692308 -1.0 119.53846153846153 0.4551282051282052 135.46153846153845 45.30769230769231 0.0 45.30769230769231 1.3829800002276897
142000 66.28846153846153 -1.0 118.42307692307692 0.45993589743589747 135.46153846153845 45.30769230769231 0.019230769230769232 45.28846153846154 1.3424027003347874
144000 75.07692307692308 -1.0 119.53846153846153 0.4551282051282052 135.46153846153845 45.30769230769231 0.0 45.30769230769231 1.3914347998797894
146000 75.07692307692308 -1.0 119.53846153846153 0.4551282051282052 135.46153846153845 45.30769230769231 0.0 45.30769230769231 1.3284000996500254
148000 75.07692307692308 -1.0 119.53846153846153 0.4551282051282052 135.46153846153845 45.30769230769231 0.0 45.30769230769231 1.4058892000466585
150000 75.07692307692308 -1.0 119.53846153846153 0.4551282051282052 135.46153846153845 45.30769230769231 0.0 45.30769230769231 1.4101587003096938
152000 75.07692307692308 -1.0 119.53846153846153 0.4551282051282052 135.46153846153845 45.30769230769231 0.0 45.30769230769231 1.3000964997336268
154000 188.09615384615384 188.09615384615384 116.21153846153847 0.5753205128205129 135.46153846153845 45.30769230769231 0.0 45.30769230769231 1.457545300014317
156000 188.09615384615384 188.09615384615384 116.21153846153847 0.5753205128205129 135.46153846153845 45.30769230769231 0.0 45.30769230769231 1.3359312005341053
158000 188.09615384615384 188.09615384615384 116.21153846153847 0.5753205128205129 135.46153846153845 45.30769230769231 0.0 45.30769230769231 1.3070476995781064
160000 188.09615384615384 188.09615384615384 116.21153846153847 0.5753205128205129 135.46153846153845 45.30769230769231 0.0 45.30769230769231 1.3496725000441074
162000 188.09615384615384 188.09615384615384 116.21153846153847 0.5753205128205129 135.46153846153845 45.30769230769231 0.0 45.30769230769231 1.3632757999002934
164000 188.09615384615384 188.09615384615384 116.21153846153847 0.5753205128205129 135.46153846153845 45.30769230769231 0.0 45.30769230769231 1.3354225000366569
166000 188.09615384615384 188.09615384615384 116.21153846153847 0.5753205128205129 135.46153846153845 45.30769230769231 0.0 45.30769230769231 1.4298301003873348
168000 188.09615384615384 188.09615384615384 116.21153846153847 0.5753205128205129 135.46153846153845 45.30769230769231 0.0 45.30769230769231 1.4323403993621469
170000 188.09615384615384 178.82692307692307 116.21153846153847 0.5753205128205129 135.46153846153845 45.30769230769231 0.0 45.30769230769231 1.3760235998779535
172000 188.09615384615384 188.09615384615384 116.21153846153847 0.5753205128205129 135.46153846153845 45.30769230769231 0.0 45.30769230769231 1.3918044995516539
174000 188.09615384615384 178.82692307692307 116.21153846153847 0.5753205128205129 135.46153846153845 45.30769230769231 0.0 45.30769230769231 1.35296400077641
176000 188.09615384615384 178.82692307692307 116.21153846153847 0.5753205128205129 135.46153846153845 45.30769230769231 0.0 45.30769230769231 1.3612148994579911
178000 188.09615384615384 178.82692307692307 116.21153846153847 0.5753205128205129 135.46153846153845 45.30769230769231 0.0 45.30769230769231 1.3649985995143652
180000 188.09615384615384 178.82692307692307 116.21153846153847 0.5753205128205129 135.46153846153845 45.30769230769231 0.0 45.30769230769231 1.4211769998073578
182000 188.09615384615384 178.82692307692307 116.21153846153847 0.5753205128205129 135.46153846153845 45.30769230769231 0.0 45.30769230769231 1.3447551997378469
184000 104.78846153846153 21.98076923076923 119.9423076923077 0.4006410256410256 135.46153846153845 45.30769230769231 0.0 45.30769230769231 1.2430353006348014
186000 104.78846153846153 21.98076923076923 119.9423076923077 0.4006410256410256 135.46153846153845 45.30769230769231 0.0 45.30769230769231 1.1723974999040365
188000 104.78846153846153 21.98076923076923 119.9423076923077 0.4006410256410256 135.46153846153845 45.30769230769231 0.0 45.30769230769231 1.1763287000358105
190000 132.28846153846155 49.48076923076923 119.78846153846153 0.42467948717948717 135.46153846153845 45.30769230769231 0.0 45.30769230769231 1.247052500024438
192000 132.28846153846155 49.48076923076923 119.78846153846153 0.42467948717948717 135.46153846153845 45.30769230769231 0.0 45.30769230769231 1.3015716997906566
194000 132.28846153846155 49.48076923076923 119.78846153846153 0.42467948717948717 135.46153846153845 45.30769230769231 0.0 45.30769230769231 1.233487299643457
196000 132.28846153846155 49.48076923076923 119.78846153846153 0.42467948717948717 135.46153846153845 45.30769230769231 0.0 45.30769230769231 1.3179503995925188
198000 132.28846153846155 49.48076923076923 119.78846153846153 0.42467948717948717 135.46153846153845 45.30769230769231 0.0 45.30769230769231 1.1936306999996305
200000 132.28846153846155 49.48076923076923 119.78846153846153 0.42467948717948717 135.46153846153845 45.30769230769231 0.0 45.30769230769231 1.286124899983406
202000 132.28846153846155 49.48076923076923 119.78846153846153 0.42467948717948717 135.46153846153845 45.30769230769231 0.0 45.30769230769231 1.250215600244701
204000 132.28846153846155 49.48076923076923 119.78846153846153 0.42467948717948717 135.46153846153845 45.30769230769231 0.0 45.30769230769231 1.3605637000873685
206000 132.28846153846155 49.48076923076923 119.78846153846153 0.42467948717948717 135.46153846153845 45.30769230769231 0.0 45.30769230769231 1.2467777002602816
208000 132.28846153846155 49.48076923076923 119.78846153846153 0.42467948717948717 135.46153846153845 45.30769230769231 0.0 45.30769230769231 1.1825152998790145
210000 132.28846153846155 49.48076923076923 119.78846153846153 0.42467948717948717 135.46153846153845 45.30769230769231 0.0 45.30769230769231 1.2213651007041335
212000 132.28846153846155 49.48076923076923 119.78846153846153 0.42467948717948717 135.46153846153845 45.30769230769231 0.0 45.30769230769231 1.2597329998388886
214000 132.28846153846155 49.48076923076923 119.78846153846153 0.42467948717948717 135.46153846153845 45.30769230769231 0.0 45.30769230769231 1.2940445998683572
216000 132.28846153846155 49.48076923076923 119.78846153846153 0.42467948717948717 135.46153846153845 45.30769230769231 0.0 45.30769230769231 1.2541617006063461
218000 132.28846153846155 49.48076923076923 119.78846153846153 0.42467948717948717 135.46153846153845 45.30769230769231 0.0 45.30769230769231 1.217259499244392
220000 132.28846153846155 49.48076923076923 119.78846153846153 0.42467948717948717 135.46153846153845 45.30769230769231 0.0 45.30769230769231 1.2140719005838037
222000 132.28846153846155 49.48076923076923 119.78846153846153 0.42467948717948717 135.46153846153845 45.30769230769231 0.0 45.30769230769231 1.273577100597322
224000 132.28846153846155 49.48076923076923 119.78846153846153 0.42467948717948717 135.46153846153845 45.30769230769231 0.0 45.30769230769231 1.2913670996204019
226000 132.28846153846155 49.48076923076923 119.78846153846153 0.42467948717948717 135.46153846153845 45.30769230769231 0.0 45.30769230769231 1.2492158999666572
228000 132.28846153846155 49.48076923076923 119.78846153846153 0.42467948717948717 135.46153846153845 45.30769230769231 0.0 45.30769230769231 1.2626184998080134
230000 132.28846153846155 49.48076923076923 119.78846153846153 0.42467948717948717 135.46153846153845 45.30769230769231 0.0 45.30769230769231 1.226179100573063
232000 132.28846153846155 49.48076923076923 119.78846153846153 0.42467948717948717 135.46153846153845 45.30769230769231 0.0 45.30769230769231 1.2605302995070815
234000 132.28846153846155 49.48076923076923 119.78846153846153 0.42467948717948717 135.46153846153845 45.30769230769231 0.0 45.30769230769231 1.368517399765551
236000 132.28846153846155 49.48076923076923 119.78846153846153 0.42467948717948717 135.46153846153845 45.30769230769231 0.0 45.30769230769231 1.241520400159061
238000 132.28846153846155 49.48076923076923 119.78846153846153 0.42467948717948717 135.46153846153845 45.30769230769231 0.0 45.30769230769231 1.3226585006341338
240000 132.28846153846155 49.48076923076923 119.78846153846153 0.42467948717948717 135.46153846153845 45.30769230769231 0.0 45.30769230769231 1.371454200707376
242000 132.28846153846155 49.48076923076923 119.78846153846153 0.42467948717948717 135.46153846153845 45.30769230769231 0.0 45.30769230769231 1.2507611997425556
244000 132.28846153846155 49.48076923076923 119.78846153846153 0.42467948717948717 135.46153846153845 45.30769230769231 0.0 45.30769230769231 1.2954727001488209
246000 132.28846153846155 49.48076923076923 119.78846153846153 0.42467948717948717 135.46153846153845 45.30769230769231 0.0 45.30769230769231 1.220648699440062
248000 132.28846153846155 49.48076923076923 119.78846153846153 0.42467948717948717 135.46153846153845 45.30769230769231 0.0 45.30769230769231 1.2219518003985286
250000 132.28846153846155 49.48076923076923 119.78846153846153 0.42467948717948717 135.46153846153845 45.30769230769231 0.0 45.30769230769231 1.1867037005722523
252000 132.28846153846155 49.48076923076923 119.78846153846153 0.42467948717948717 135.46153846153845 45.30769230769231 0.0 45.30769230769231 1.2017630003392696
254000 132.28846153846155 49.48076923076923 119.78846153846153 0.42467948717948717 135.46153846153845 45.30769230769231 0.0 45.30769230769231 1.3158668000251055
256000 132.28846153846155 49.48076923076923 119.78846153846153 0.42467948717948717 135.46153846153845 45.30769230769231 0.0 45.30769230769231 1.3066131994128227
258000 132.28846153846155 49.48076923076923 119.78846153846153 0.42467948717948717 135.46153846153845 45.30769230769231 0.0 45.30769230769231 1.2663989998400211
260000 132.28846153846155 49.48076923076923 119.78846153846153 0.42467948717948717 135.46153846153845 45.30769230769231 0.0 45.30769230769231 1.1917792996391654
262000 132.28846153846155 49.48076923076923 119.78846153846153 0.42467948717948717 135.46153846153845 45.30769230769231 0.0 45.30769230769231 1.3470449997112155
264000 132.28846153846155 49.48076923076923 119.78846153846153 0.42467948717948717 135.46153846153845 45.30769230769231 0.0 45.30769230769231 1.3047968000173569
266000 132.28846153846155 49.48076923076923 119.78846153846153 0.42467948717948717 135.46153846153845 45.30769230769231 0.0 45.30769230769231 1.1876299995929003
268000 132.28846153846155 49.48076923076923 119.78846153846153 0.42467948717948717 135.46153846153845 45.30769230769231 0.0 45.30769230769231 1.2114685997366905
270000 132.28846153846155 49.48076923076923 119.78846153846153 0.42467948717948717 135.46153846153845 45.30769230769231 0.0 45.30769230769231 1.2664814004674554
272000 132.28846153846155 49.48076923076923 119.78846153846153 0.42467948717948717 135.46153846153845 45.30769230769231 0.0 45.30769230769231 1.2717206003144383
274000 132.28846153846155 49.48076923076923 119.78846153846153 0.42467948717948717 135.46153846153845 45.30769230769231 0.0 45.30769230769231 1.345071000047028
276000 132.28846153846155 49.48076923076923 119.78846153846153 0.42467948717948717 135.46153846153845 45.30769230769231 0.0 45.30769230769231 1.2593215005472302
278000 132.28846153846155 49.48076923076923 119.78846153846153 0.42467948717948717 135.46153846153845 45.30769230769231 0.0 45.30769230769231 1.2168093994259834
280000 132.28846153846155 49.48076923076923 119.78846153846153 0.42467948717948717 135.46153846153845 45.30769230769231 0.0 45.30769230769231 1.3920355001464486
282000 132.28846153846155 49.48076923076923 119.78846153846153 0.42467948717948717 135.46153846153845 45.30769230769231 0.0 45.30769230769231 1.2142308000475168
284000 132.28846153846155 49.48076923076923 119.78846153846153 0.42467948717948717 135.46153846153845 45.30769230769231 0.0 45.30769230769231 1.2296655997633934
286000 132.28846153846155 49.48076923076923 119.78846153846153 0.42467948717948717 135.46153846153845 45.30769230769231 0.0 45.30769230769231 1.2141945995390415
288000 132.28846153846155 49.48076923076923 119.78846153846153 0.42467948717948717 135.46153846153845 45.30769230769231 0.0 45.30769230769231 1.216010400094092
290000 132.28846153846155 49.48076923076923 119.78846153846153 0.42467948717948717 135.46153846153845 45.30769230769231 0.0 45.30769230769231 1.2378478003665805
292000 132.28846153846155 49.48076923076923 119.78846153846153 0.42467948717948717 135.46153846153845 45.30769230769231 0.0 45.30769230769231 1.287139999680221
294000 132.28846153846155 49.48076923076923 119.78846153846153 0.42467948717948717 135.46153846153845 45.30769230769231 0.0 45.30769230769231 1.2127900999039412
296000 132.28846153846155 49.48076923076923 119.78846153846153 0.42467948717948717 135.46153846153845 45.30769230769231 0.0 45.30769230769231 1.176299000158906
298000 132.28846153846155 49.48076923076923 119.78846153846153 0.42467948717948717 135.46153846153845 45.30769230769231 0.0 45.30769230769231 1.2550024995580316
300000 132.28846153846155 49.48076923076923 119.78846153846153 0.42467948717948717 135.46153846153845 45.30769230769231 0.0 45.30769230769231 1.2366304006427526
302000 132.28846153846155 49.48076923076923 119.78846153846153 0.42467948717948717 135.46153846153845 45.30769230769231 0.0 45.30769230769231 1.2693894999101758
304000 132.28846153846155 49.48076923076923 119.78846153846153 0.42467948717948717 135.46153846153845 45.30769230769231 0.0 45.30769230769231 1.2217158004641533
306000 132.28846153846155 49.48076923076923 119.78846153846153 0.42467948717948717 135.46153846153845 45.30769230769231 0.0 45.30769230769231 1.208649099804461
308000 132.28846153846155 49.48076923076923 119.78846153846153 0.42467948717948717 135.46153846153845 45.30769230769231 0.0 45.30769230769231 1.259340999647975
310000 132.28846153846155 49.48076923076923 119.78846153846153 0.42467948717948717 135.46153846153845 45.30769230769231 0.0 45.30769230769231 1.2581291999667883
312000 132.28846153846155 49.48076923076923 119.78846153846153 0.42467948717948717 135.46153846153845 45.30769230769231 0.0 45.30769230769231 1.1890369998291135
314000 132.28846153846155 49.48076923076923 119.78846153846153 0.42467948717948717 135.46153846153845 45.30769230769231 0.0 45.30769230769231 1.200479100458324
316000 132.28846153846155 49.48076923076923 119.78846153846153 0.42467948717948717 135.46153846153845 45.30769230769231 0.0 45.30769230769231 1.297413599677384
318000 132.28846153846155 49.48076923076923 119.78846153846153 0.42467948717948717 135.46153846153845 45.30769230769231 0.0 45.30769230769231 1.1848809998482466
320000 132.28846153846155 49.48076923076923 119.78846153846153 0.42467948717948717 135.46153846153845 45.30769230769231 0.0 45.30769230769231 1.1925812000408769
322000 132.28846153846155 49.48076923076923 119.78846153846153 0.42467948717948717 135.46153846153845 45.30769230769231 0.0 45.30769230769231 1.168074299581349
324000 132.28846153846155 49.48076923076923 119.78846153846153 0.42467948717948717 135.46153846153845 45.30769230769231 0.0 45.30769230769231 1.2797619998455048
326000 132.28846153846155 49.48076923076923 119.78846153846153 0.42467948717948717 135.46153846153845 45.30769230769231 0.0 45.30769230769231 1.2070965999737382
328000 132.28846153846155 49.48076923076923 119.78846153846153 0.42467948717948717 135.46153846153845 45.30769230769231 0.0 45.30769230769231 1.279317599721253
330000 132.28846153846155 49.48076923076923 119.78846153846153 0.42467948717948717 135.46153846153845 45.30769230769231 0.0 45.30769230769231 1.213146099820733
332000 132.28846153846155 49.48076923076923 119.78846153846153 0.42467948717948717 135.46153846153845 45.30769230769231 0.0 45.30769230769231 1.1598011003807187
334000 132.28846153846155 49.48076923076923 119.78846153846153 0.42467948717948717 135.46153846153845 45.30769230769231 0.0 45.30769230769231 1.270843400619924
336000 132.28846153846155 49.48076923076923 119.78846153846153 0.42467948717948717 135.46153846153845 45.30769230769231 0.0 45.30769230769231 1.1992369992658496
338000 132.28846153846155 49.48076923076923 119.78846153846153 0.42467948717948717 135.46153846153845 45.30769230769231 0.0 45.30769230769231 1.1988889006897807
340000 132.28846153846155 49.48076923076923 119.78846153846153 0.42467948717948717 135.46153846153845 45.30769230769231 0.0 45.30769230769231 1.2221627999097109
342000 132.28846153846155 49.48076923076923 119.78846153846153 0.42467948717948717 135.46153846153845 45.30769230769231 0.0 45.30769230769231 1.312074899673462
344000 132.28846153846155 49.48076923076923 119.78846153846153 0.42467948717948717 135.46153846153845 45.30769230769231 0.0 45.30769230769231 1.2318126996979117
346000 132.28846153846155 49.48076923076923 119.78846153846153 0.42467948717948717 135.46153846153845 45.30769230769231 0.0 45.30769230769231 1.2320114998146892
348000 132.28846153846155 49.48076923076923 119.78846153846153 0.42467948717948717 135.46153846153845 45.30769230769231 0.0 45.30769230769231 1.230498400516808
350000 132.28846153846155 49.48076923076923 119.78846153846153 0.42467948717948717 135.46153846153845 45.30769230769231 0.0 45.30769230769231 1.237088399939239
352000 132.28846153846155 49.48076923076923 119.78846153846153 0.42467948717948717 135.46153846153845 45.30769230769231 0.0 45.30769230769231 1.2432973003014922
354000 132.28846153846155 49.48076923076923 119.78846153846153 0.42467948717948717 135.46153846153845 45.30769230769231 0.0 45.30769230769231 1.3117594998329878
356000 132.28846153846155 49.48076923076923 119.78846153846153 0.42467948717948717 135.46153846153845 45.30769230769231 0.0 45.30769230769231 1.190252499654889
358000 132.28846153846155 49.48076923076923 119.78846153846153 0.42467948717948717 135.46153846153845 45.30769230769231 0.0 45.30769230769231 1.3295236006379128
360000 132.28846153846155 49.48076923076923 119.78846153846153 0.42467948717948717 135.46153846153845 45.30769230769231 0.0 45.30769230769231 1.1763450000435114
362000 132.28846153846155 49.48076923076923 119.78846153846153 0.42467948717948717 135.46153846153845 45.30769230769231 0.0 45.30769230769231 1.2302160998806357
364000 132.28846153846155 49.48076923076923 119.78846153846153 0.42467948717948717 135.46153846153845 45.30769230769231 0.0 45.30769230769231 1.297724699601531
366000 132.28846153846155 49.48076923076923 119.78846153846153 0.42467948717948717 135.46153846153845 45.30769230769231 0.0 45.30769230769231 1.323144900612533
368000 132.28846153846155 49.48076923076923 119.78846153846153 0.42467948717948717 135.46153846153845 45.30769230769231 0.0 45.30769230769231 1.2435968993231654
370000 132.28846153846155 49.48076923076923 119.78846153846153 0.42467948717948717 135.46153846153845 45.30769230769231 0.0 45.30769230769231 1.2619201000779867
372000 132.28846153846155 49.48076923076923 119.78846153846153 0.42467948717948717 135.46153846153845 45.30769230769231 0.0 45.30769230769231 1.1996403997763991
374000 132.28846153846155 49.48076923076923 119.78846153846153 0.42467948717948717 135.46153846153845 45.30769230769231 0.0 45.30769230769231 1.234821599908173
376000 132.28846153846155 49.48076923076923 119.78846153846153 0.42467948717948717 135.46153846153845 45.30769230769231 0.0 45.30769230769231 1.2768533993512392
378000 132.28846153846155 49.48076923076923 119.78846153846153 0.42467948717948717 135.46153846153845 45.30769230769231 0.0 45.30769230769231 1.25488349981606
380000 132.28846153846155 49.48076923076923 119.78846153846153 0.42467948717948717 135.46153846153845 45.30769230769231 0.0 45.30769230769231 1.373024799861014
382000 132.28846153846155 49.48076923076923 119.78846153846153 0.42467948717948717 135.46153846153845 45.30769230769231 0.0 45.30769230769231 1.2392070004716516
384000 132.28846153846155 49.48076923076923 119.78846153846153 0.42467948717948717 135.46153846153845 45.30769230769231 0.0 45.30769230769231 1.2535513006150723
386000 132.28846153846155 49.48076923076923 119.78846153846153 0.42467948717948717 135.46153846153845 45.30769230769231 0.0 45.30769230769231 1.2711359998211265
388000 132.28846153846155 49.48076923076923 119.78846153846153 0.42467948717948717 135.46153846153845 45.30769230769231 0.0 45.30769230769231 1.1406606994569302
390000 132.28846153846155 49.48076923076923 119.78846153846153 0.42467948717948717 135.46153846153845 45.30769230769231 0.0 45.30769230769231 1.278440199792385
392000 132.28846153846155 49.48076923076923 119.78846153846153 0.42467948717948717 135.46153846153845 45.30769230769231 0.0 45.30769230769231 1.3969445005059242
394000 132.28846153846155 49.48076923076923 119.78846153846153 0.42467948717948717 135.46153846153845 45.30769230769231 0.0 45.30769230769231 1.2154188007116318
396000 132.28846153846155 49.48076923076923 119.78846153846153 0.42467948717948717 135.46153846153845 45.30769230769231 0.0 45.30769230769231 1.21702119987458
398000 132.28846153846155 49.48076923076923 119.78846153846153 0.42467948717948717 135.46153846153845 45.30769230769231 0.0 45.30769230769231 1.2298466991633177
400000 132.28846153846155 49.48076923076923 119.78846153846153 0.42467948717948717 135.46153846153845 45.30769230769231 0.0 45.30769230769231 1.1898162001743913
402000 132.28846153846155 49.48076923076923 119.78846153846153 0.42467948717948717 135.46153846153845 45.30769230769231 0.0 45.30769230769231 1.2759670000523329
404000 132.28846153846155 49.48076923076923 119.78846153846153 0.42467948717948717 135.46153846153845 45.30769230769231 0.0 45.30769230769231 1.3160705994814634
406000 132.28846153846155 49.48076923076923 119.78846153846153 0.42467948717948717 135.46153846153845 45.30769230769231 0.0 45.30769230769231 1.3473738003522158
408000 132.28846153846155 49.48076923076923 119.78846153846153 0.42467948717948717 135.46153846153845 45.30769230769231 0.0 45.30769230769231 1.1841333005577326
410000 132.28846153846155 49.48076923076923 119.78846153846153 0.42467948717948717 135.46153846153845 45.30769230769231 0.0 45.30769230769231 1.2959231995046139
412000 132.28846153846155 49.48076923076923 119.78846153846153 0.42467948717948717 135.46153846153845 45.30769230769231 0.0 45.30769230769231 1.195384900085628
414000 132.28846153846155 49.48076923076923 119.78846153846153 0.42467948717948717 135.46153846153845 45.30769230769231 0.0 45.30769230769231 1.2929378002882004
416000 132.28846153846155 49.48076923076923 119.78846153846153 0.42467948717948717 135.46153846153845 45.30769230769231 0.0 45.30769230769231 1.2697342997416854
418000 132.28846153846155 49.48076923076923 119.78846153846153 0.42467948717948717 135.46153846153845 45.30769230769231 0.0 45.30769230769231 1.1677635004743934
420000 132.28846153846155 49.48076923076923 119.78846153846153 0.42467948717948717 135.46153846153845 45.30769230769231 0.0 45.30769230769231 1.3289868999272585
422000 132.28846153846155 49.48076923076923 119.78846153846153 0.42467948717948717 135.46153846153845 45.30769230769231 0.0 45.30769230769231 1.2290404997766018
424000 132.28846153846155 49.48076923076923 119.78846153846153 0.42467948717948717 135.46153846153845 45.30769230769231 0.0 45.30769230769231 1.257459499873221
426000 132.28846153846155 49.48076923076923 119.78846153846153 0.42467948717948717 135.46153846153845 45.30769230769231 0.0 45.30769230769231 1.2998030995950103
428000 132.28846153846155 49.48076923076923 119.78846153846153 0.42467948717948717 135.46153846153845 45.30769230769231 0.0 45.30769230769231 1.2200458003208041
430000 132.28846153846155 49.48076923076923 119.78846153846153 0.42467948717948717 135.46153846153845 45.30769230769231 0.0 45.30769230769231 1.2078724997118115
432000 132.28846153846155 49.48076923076923 119.78846153846153 0.42467948717948717 135.46153846153845 45.30769230769231 0.0 45.30769230769231 1.2331884996965528
434000 132.28846153846155 49.48076923076923 119.78846153846153 0.42467948717948717 135.46153846153845 45.30769230769231 0.0 45.30769230769231 1.2953157993033528
436000 132.28846153846155 49.48076923076923 119.78846153846153 0.42467948717948717 135.46153846153845 45.30769230769231 0.0 45.30769230769231 1.2485115006566048
438000 132.28846153846155 49.48076923076923 119.78846153846153 0.42467948717948717 135.46153846153845 45.30769230769231 0.0 45.30769230769231 1.1833861004561186
440000 132.28846153846155 49.48076923076923 119.78846153846153 0.42467948717948717 135.46153846153845 45.30769230769231 0.0 45.30769230769231 1.2124560000374913
442000 132.28846153846155 49.48076923076923 119.78846153846153 0.42467948717948717 135.46153846153845 45.30769230769231 0.0 45.30769230769231 1.324078599922359
444000 132.28846153846155 49.48076923076923 119.78846153846153 0.42467948717948717 135.46153846153845 45.30769230769231 0.0 45.30769230769231 1.2265193006023765
446000 132.28846153846155 49.48076923076923 119.78846153846153 0.42467948717948717 135.46153846153845 45.30769230769231 0.0 45.30769230769231 1.246340099722147
448000 132.28846153846155 49.48076923076923 119.78846153846153 0.42467948717948717 135.46153846153845 45.30769230769231 0.0 45.30769230769231 1.4491818994283676
450000 132.28846153846155 49.48076923076923 119.78846153846153 0.42467948717948717 135.46153846153845 45.30769230769231 0.0 45.30769230769231 1.1946274004876614
452000 132.28846153846155 49.48076923076923 119.78846153846153 0.42467948717948717 135.46153846153845 45.30769230769231 0.0 45.30769230769231 1.241806199774146
454000 132.28846153846155 49.48076923076923 119.78846153846153 0.42467948717948717 135.46153846153845 45.30769230769231 0.0 45.30769230769231 1.2896702997386456
456000 132.28846153846155 49.48076923076923 119.78846153846153 0.42467948717948717 135.46153846153845 45.30769230769231 0.0 45.30769230769231 1.2327272994443774
458000 132.28846153846155 49.48076923076923 119.78846153846153 0.42467948717948717 135.46153846153845 45.30769230769231 0.0 45.30769230769231 1.2480643996968865
460000 132.28846153846155 49.48076923076923 119.78846153846153 0.42467948717948717 135.46153846153845 45.30769230769231 0.0 45.30769230769231 1.2818128997460008
462000 132.28846153846155 49.48076923076923 119.78846153846153 0.42467948717948717 135.46153846153845 45.30769230769231 0.0 45.30769230769231 1.286026400513947
464000 132.28846153846155 49.48076923076923 119.78846153846153 0.42467948717948717 135.46153846153845 45.30769230769231 0.0 45.30769230769231 1.2131520006805658
466000 132.28846153846155 49.48076923076923 119.78846153846153 0.42467948717948717 135.46153846153845 45.30769230769231 0.0 45.30769230769231 1.2087027002125978
468000 132.28846153846155 49.48076923076923 119.78846153846153 0.42467948717948717 135.46153846153845 45.30769230769231 0.0 45.30769230769231 1.1909576999023557
470000 132.28846153846155 49.48076923076923 119.78846153846153 0.42467948717948717 135.46153846153845 45.30769230769231 0.0 45.30769230769231 1.321900200098753
472000 132.28846153846155 49.48076923076923 119.78846153846153 0.42467948717948717 135.46153846153845 45.30769230769231 0.0 45.30769230769231 1.2863346002995968
474000 132.28846153846155 49.48076923076923 119.78846153846153 0.42467948717948717 135.46153846153845 45.30769230769231 0.0 45.30769230769231 1.4286005003377795
476000 132.28846153846155 49.48076923076923 119.78846153846153 0.42467948717948717 135.46153846153845 45.30769230769231 0.0 45.30769230769231 1.1612686002627015
478000 132.28846153846155 49.48076923076923 119.78846153846153 0.42467948717948717 135.46153846153845 45.30769230769231 0.0 45.30769230769231 1.2950510000810027
480000 132.28846153846155 49.48076923076923 119.78846153846153 0.42467948717948717 135.46153846153845 45.30769230769231 0.0 45.30769230769231 1.432917500846088
482000 132.28846153846155 49.48076923076923 119.78846153846153 0.42467948717948717 135.46153846153845 45.30769230769231 0.0 45.30769230769231 1.2217842005193233
484000 132.28846153846155 49.48076923076923 119.78846153846153 0.42467948717948717 135.46153846153845 45.30769230769231 0.0 45.30769230769231 1.2797494996339083
486000 132.28846153846155 49.48076923076923 119.78846153846153 0.42467948717948717 135.46153846153845 45.30769230769231 0.0 45.30769230769231 1.2307825991883874
488000 132.28846153846155 49.48076923076923 119.78846153846153 0.42467948717948717 135.46153846153845 45.30769230769231 0.0 45.30769230769231 1.237012100405991
490000 132.28846153846155 49.48076923076923 119.78846153846153 0.42467948717948717 135.46153846153845 45.30769230769231 0.0 45.30769230769231 1.258143300190568
492000 132.28846153846155 49.48076923076923 119.78846153846153 0.42467948717948717 135.46153846153845 45.30769230769231 0.0 45.30769230769231 1.234388300217688
494000 132.28846153846155 49.48076923076923 119.78846153846153 0.42467948717948717 135.46153846153845 45.30769230769231 0.0 45.30769230769231 1.2053375001996756
496000 132.28846153846155 49.48076923076923 119.78846153846153 0.42467948717948717 135.46153846153845 45.30769230769231 0.0 45.30769230769231 1.2516222996637225
498000 132.28846153846155 49.48076923076923 119.78846153846153 0.42467948717948717 135.46153846153845 45.30769230769231 0.0 45.30769230769231 1.26739040017128
500000 132.28846153846155 49.48076923076923 119.78846153846153 0.42467948717948717 135.46153846153845 45.30769230769231 0.0 45.30769230769231 1.245652699843049
