2000 1.3703703703703705 -1.0 129.46296296296296 0.0 135.5185185185185 45.333333333333336 0.0 45.333333333333336 0.474881699308753
4000 3.5185185185185186 1.7962962962962963 128.55555555555554 0.05864197530864197 135.5185185185185 45.333333333333336 0.0 45.333333333333336 1.0213676001876593
6000 7.962962962962963 -1.0 127.05555555555556 0.1095679012345679 135.5185185185185 45.333333333333336 0.0 45.333333333333336 0.8389410004019737
8000 31.01851851851852 31.01851851851852 122.44444444444444 0.4012345679012345 135.5185185185185 45.333333333333336 0.0 45.333333333333336 1.114860599860549
10000 51.2037037037037 51.2037037037037 120.33333333333333 0.4799382716049383 135.5185185185185 45.333333333333336 0.0 45.333333333333336 1.138651099987328
12000 49.72222222222222 49.72222222222222 120.33333333333333 0.4799382716049383 135.5185185185185 45.333333333333336 0.0 45.333333333333336 1.1307843001559377
14000 50.75925925925926 50.75925925925926 120.33333333333333 0.4799382716049383 135.5185185185185 45.333333333333336 0.0 45.333333333333336 1.1872771997004747
16000 53.592592592592595 53.592592592592595 120.29629629629629 0.48919753086419754 135.5185185185185 45.333333333333336 0.0 45.333333333333336 1.3116597002372146
18000 51.870370370370374 51.870370370370374 120.29629629629629 0.4799382716049383 135.5185185185185 45.333333333333336 0.0 45.333333333333336 1.4425780000165105
20000 51.870370370370374 51.870370370370374 120.29629629629629 0.4799382716049383 135.5185185185185 45.333333333333336 0.0 45.333333333333336 1.452775999903679
22000 54.629629629629626 54.629629629629626 120.24074074074075 0.4799382716049383 135.5185185185185 45.333333333333336 0.0 45.333333333333336 1.406903900206089
24000 116.85185185185185 116.85185185185185 118.07407407407408 0.5154320987654321 135.5185185185185 45.333333333333336 0.018518518518518517 45.31481481481482 1.4524797005578876
26000 116.85185185185185 116.85185185185185 118.07407407407408 0.5154320987654321 135.5185185185185 45.333333333333336 0.018518518518518517 45.31481481481482 1.602267500013113
28000 116.98148148148148 116.98148148148148 118.05555555555556 0.5154320987654321 135.5185185185185 45.333333333333336 0.018518518518518517 45.31481481481482 1.3885678993538022
30000 116.98148148148148 116.98148148148148 118.05555555555556 0.5154320987654321 135.5185185185185 45.333333333333336 0.018518518518518517 45.31481481481482 1.4725384004414082
32000 117.77777777777777 117.77777777777777 118.03703703703704 0.5154320987654321 135.5185185185185 45.333333333333336 0.018518518518518517 45.31481481481482 1.483152499422431
34000 117.77777777777777 117.77777777777777 118.03703703703704 0.5154320987654321 135.5185185185185 45.333333333333336 0.018518518518518517 45.31481481481482 1.4364828001707792
36000 117.83333333333333 117.83333333333333 118.01851851851852 0.5154320987654321 135.5185185185185 45.333333333333336 0.018518518518518517 45.31481481481482 1.3883351003751159
38000 117.24074074074075 117.24074074074075 118.01851851851852 0.5154320987654321 135.5185185185185 45.333333333333336 0.018518518518518517 45.31481481481482 1.5019599003717303
40000 117.24074074074075 117.24074074074075 118.01851851851852 0.5154320987654321 135.5185185185185 45.333333333333336 0.018518518518518517 45.31481481481482 1.5229171002283692
42000 128.59259259259258 128.59259259259258 117.94444444444444 0.5154320987654321 135.5185185185185 45.333333333333336 0.018518518518518517 45.31481481481482 1.42006119992584
44000 128.59259259259258 128.59259259259258 117.94444444444444 0.5154320987654321 135.5185185185185 45.333333333333336 0.018518518518518517 45.31481481481482 1.3246487006545067
46000 128.59259259259258 128.59259259259258 117.94444444444444 0.5154320987654321 135.5185185185185 45.333333333333336 0.018518518518518517 45.31481481481482 1.385690899565816
48000 128.59259259259258 128.59259259259258 117.94444444444444 0.5154320987654321 135.5185185185185 45.333333333333336 0.018518518518518517 45.31481481481482 1.5431493995711207
50000 128.59259259259258 128.59259259259258 117.94444444444444 0.5154320987654321 135.5185185185185 45.333333333333336 0.018518518518518517 45.31481481481482 1.4511871999129653
52000 128.59259259259258 128.59259259259258 117.94444444444444 0.5154320987654321 135.5185185185185 45.333333333333336 0.018518518518518517 45.31481481481482 1.4404789004474878
54000 128.59259259259258 128.59259259259258 117.94444444444444 0.5154320987654321 135.5185185185185 45.333333333333336 0.018518518518518517 45.31481481481482 1.3583854995667934
56000 128.59259259259258 128.59259259259258 117.94444444444444 0.5154320987654321 135.5185185185185 45.333333333333336 0.018518518518518517 45.31481481481482 1.4223662000149488
58000 128.59259259259258 128.59259259259258 117.94444444444444 0.5154320987654321 135.5185185185185 45.333333333333336 0.018518518518518517 45.31481481481482 1.571051700040698
60000 128.59259259259258 128.59259259259258 117.94444444444444 0.5154320987654321 135.5185185185185 45.333333333333336 0.018518518518518517 45.31481481481482 1.430472300387919
62000 128.59259259259258 128.59259259259258 117.94444444444444 0.5154320987654321 135.5185185185185 45.333333333333336 0.018518518518518517 45.31481481481482 1.6513298004865646
64000 128.59259259259258 128.59259259259258 117.94444444444444 0.5154320987654321 135.5185185185185 45.333333333333336 0.018518518518518517 45.31481481481482 1.4310435000807047
66000 116.85185185185185 116.85185185185185 118.07407407407408 0.5154320987654321 135.5185185185185 45.333333333333336 0.018518518518518517 45.31481481481482 1.3333711996674538
68000 197.87037037037038 197.87037037037038 117.05555555555556 0.5262345679012345 135.5185185185185 45.333333333333336 0.018518518518518517 45.31481481481482 1.4928440991789103
70000 197.87037037037038 197.87037037037038 117.05555555555556 0.5262345679012345 135.5185185185185 45.333333333333336 0.018518518518518517 45.31481481481482 1.5265304995700717
72000 197.87037037037038 197.87037037037038 117.05555555555556 0.5262345679012345 135.5185185185185 45.333333333333336 0.018518518518518517 45.31481481481482 1.3770539993420243
74000 197.87037037037038 197.87037037037038 117.05555555555556 0.5262345679012345 135.5185185185185 45.333333333333336 0.018518518518518517 45.31481481481482 1.485308799892664
76000 311.8888888888889 311.8888888888889 116.5925925925926 0.5354938271604938 135.5185185185185 45.333333333333336 0.018518518518518517 45.31481481481482 1.4573662001639605
78000 296.5925925925926 267.0925925925926 116.75925925925925 0.5354938271604938 135.5185185185185 45.333333333333336 0.018518518518518517 45.31481481481482 1.3856549998745322
80000 296.5925925925926 267.0925925925926 116.75925925925925 0.5354938271604938 135.5185185185185 45.333333333333336 0.018518518518518517 45.31481481481482 1.3575836000964046
82000 296.5925925925926 267.0925925925926 116.75925925925925 0.5354938271604938 135.5185185185185 45.333333333333336 0.018518518518518517 45.31481481481482 1.4299694001674652
84000 285.44444444444446 254.90740740740742 116.83333333333333 0.5293209876543208 135.5185185185185 45.333333333333336 0.018518518518518517 45.31481481481482 1.3968289997428656
86000 296.5925925925926 267.0925925925926 116.75925925925925 0.5354938271604938 135.5185185185185 45.333333333333336 0.018518518518518517 45.31481481481482 1.4470287999138236
88000 285.44444444444446 254.90740740740742 116.83333333333333 0.5293209876543208 135.5185185185185 45.333333333333336 0.018518518518518517 45.31481481481482 1.3065184000879526
90000 285.44444444444446 254.90740740740742 116.83333333333333 0.5293209876543208 135.5185185185185 45.333333333333336 0.018518518518518517 45.31481481481482 1.433656300418079
92000 285.44444444444446 254.90740740740742 116.83333333333333 0.5293209876543208 135.5185185185185 45.333333333333336 0.018518518518518517 45.31481481481482 1.3180082999169827
94000 285.44444444444446 254.90740740740742 116.83333333333333 0.5293209876543208 135.5185185185185 45.333333333333336 0.018518518518518517 45.31481481481482 1.4437136994674802
96000 285.44444444444446 254.90740740740742 116.83333333333333 0.5293209876543208 135.5185185185185 45.333333333333336 0.018518518518518517 45.31481481481482 1.3926571998745203
98000 285.44444444444446 254.90740740740742 116.83333333333333 0.5293209876543208 135.5185185185185 45.333333333333336 0.018518518518518517 45.31481481481482 1.3946751998737454
100000 285.44444444444446 254.90740740740742 116.83333333333333 0.5293209876543208 135.5185185185185 45.333333333333336 0.018518518518518517 45.31481481481482 1.3271212996914983
102000 285.44444444444446 254.90740740740742 116.83333333333333 0.5293209876543208 135.5185185185185 45.333333333333336 0.018518518518518517 45.31481481481482 1.383317400701344
104000 285.44444444444446 254.90740740740742 116.83333333333333 0.5293209876543208 135.5185185185185 45.333333333333336 0.018518518518518517 45.31481481481482 1.3599148001521826
106000 285.44444444444446 254.90740740740742 116.83333333333333 0.5293209876543208 135.5185185185185 45.333333333333336 0.018518518518518517 45.31481481481482 1.3934549996629357
108000 285.44444444444446 254.90740740740742 116.83333333333333 0.5293209876543208 135.5185185185185 45.333333333333336 0.018518518518518517 45.31481481481482 1.4776865001767874
110000 285.44444444444446 254.90740740740742 116.83333333333333 0.5293209876543208 135.5185185185185 45.333333333333336 0.018518518518518517 45.31481481481482 1.5059246001765132
112000 293.14814814814815 254.90740740740742 116.75925925925925 0.5293209876543208 135.5185185185185 45.333333333333336 0.018518518518518517 45.31481481481482 1.3931933008134365
114000 293.14814814814815 254.90740740740742 116.75925925925925 0.5293209876543208 135.5185185185185 45.333333333333336 0.018518518518518517 45.31481481481482 1.4743916001170874
116000 293.14814814814815 254.90740740740742 116.75925925925925 0.5293209876543208 135.5185185185185 45.333333333333336 0.018518518518518517 45.31481481481482 1.472421900369227
118000 297.98148148148147 266.7962962962963 116.74074074074075 0.5293209876543208 135.5185185185185 45.333333333333336 0.018518518518518517 45.31481481481482 1.4680419005453587
120000 311.8888888888889 299.68518518518516 116.5925925925926 0.5354938271604938 135.5185185185185 45.333333333333336 0.018518518518518517 45.31481481481482 1.4896716000512242
122000 311.8888888888889 299.68518518518516 116.5925925925926 0.5354938271604938 135.5185185185185 45.333333333333336 0.018518518518518517 45.31481481481482 1.4283468993380666
124000 311.8888888888889 299.68518518518516 116.5925925925926 0.5354938271604938 135.5185185185185 45.333333333333336 0.018518518518518517 45.31481481481482 1.4650582997128367
126000 311.8888888888889 311.8888888888889 116.5925925925926 0.5354938271604938 135.5185185185185 45.333333333333336 0.018518518518518517 45.31481481481482 1.4968737000599504
128000 311.8888888888889 311.8888888888889 116.5925925925926 0.5354938271604938 135.5185185185185 45.333333333333336 0.018518518518518517 45.31481481481482 1.3967883996665478
130000 311.8888888888889 311.8888888888889 116.5925925925926 0.5354938271604938 135.5185185185185 45.333333333333336 0.018518518518518517 45.31481481481482 1.4094370007514954
132000 311.8888888888889 311.8888888888889 116.5925925925926 0.5354938271604938 135.5185185185185 45.333333333333336 0.018518518518518517 45.31481481481482 1.3860184997320175
134000 311.8888888888889 311.8888888888889 116.5925925925926 0.5354938271604938 135.5185185185185 45.333333333333336 0.018518518518518517 45.31481481481482 1.3910988001152873
136000 311.8888888888889 311.8888888888889 116.5925925925926 0.5354938271604938 135.5185185185185 45.333333333333336 0.018518518518518517 45.31481481481482 1.3839715998619795
138000 311.8888888888889 299.68518518518516 116.5925925925926 0.5354938271604938 135.5185185185185 45.333333333333336 0.018518518518518517 45.31481481481482 1.382303699851036
140000 311.8888888888889 299.68518518518516 116.5925925925926 0.5354938271604938 135.5185185185185 45.333333333333336 0.018518518518518517 45.31481481481482 1.4610935002565384
142000 311.8888888888889 299.68518518518516 116.5925925925926 0.5354938271604938 135.5185185185185 45.333333333333336 0.018518518518518517 45.31481481481482 1.4382434003055096
144000 311.8888888888889 299.68518518518516 116.5925925925926 0.5354938271604938 135.5185185185185 45.333333333333336 0.018518518518518517 45.31481481481482 1.4271133998408914
146000 311.8888888888889 299.68518518518516 116.5925925925926 0.5354938271604938 135.5185185185185 45.333333333333336 0.018518518518518517 45.31481481481482 1.469374400563538
148000 311.8888888888889 299.68518518518516 116.5925925925926 0.5354938271604938 135.5185185185185 45.333333333333336 0.018518518518518517 45.31481481481482 1.5011618994176388
150000 311.8888888888889 311.8888888888889 116.5925925925926 0.5354938271604938 135.5185185185185 45.333333333333336 0.018518518518518517 45.31481481481482 1.4545154003426433
152000 311.8888888888889 299.68518518518516 116.5925925925926 0.5354938271604938 135.5185185185185 45.333333333333336 0.018518518518518517 45.31481481481482 1.437496299855411
154000 311.8888888888889 311.8888888888889 116.5925925925926 0.5354938271604938 135.5185185185185 45.333333333333336 0.018518518518518517 45.31481481481482 1.4349897997453809
156000 311.8888888888889 299.68518518518516 116.5925925925926 0.5354938271604938 135.5185185185185 45.333333333333336 0.018518518518518517 45.31481481481482 1.363199100829661
158000 311.8888888888889 299.68518518518516 116.5925925925926 0.5354938271604938 135.5185185185185 45.333333333333336 0.018518518518518517 45.31481481481482 1.4029818000271916
160000 311.8888888888889 299.68518518518516 116.5925925925926 0.5354938271604938 135.5185185185185 45.333333333333336 0.018518518518518517 45.31481481481482 1.5053057000041008
162000 311.8888888888889 299.68518518518516 116.5925925925926 0.5354938271604938 135.5185185185185 45.333333333333336 0.018518518518518517 45.31481481481482 1.4828273002058268
164000 311.8888888888889 299.68518518518516 116.5925925925926 0.5354938271604938 135.5185185185185 45.333333333333336 0.018518518518518517 45.31481481481482 1.5743864001706243
166000 311.8888888888889 299.68518518518516 116.5925925925926 0.5354938271604938 135.5185185185185 45.333333333333336 0.018518518518518517 45.31481481481482 1.5077138999477029
168000 311.8888888888889 299.68518518518516 116.5925925925926 0.5354938271604938 135.5185185185185 45.333333333333336 0.018518518518518517 45.31481481481482 1.432468599639833
170000 311.8888888888889 299.68518518518516 116.5925925925926 0.5354938271604938 135.5185185185185 45.333333333333336 0.018518518518518517 45.31481481481482 1.4292991999536753
172000 311.8888888888889 299.68518518518516 116.5925925925926 0.5354938271604938 135.5185185185185 45.333333333333336 0.018518518518518517 45.31481481481482 1.3837437005713582
174000 311.8888888888889 299.68518518518516 116.5925925925926 0.5354938271604938 135.5185185185185 45.333333333333336 0.018518518518518517 45.31481481481482 1.4944412996992469
176000 311.8888888888889 299.68518518518516 116.5925925925926 0.5354938271604938 135.5185185185185 45.333333333333336 0.018518518518518517 45.31481481481482 1.4100852003321052
178000 311.8888888888889 299.68518518518516 116.5925925925926 0.5354938271604938 135.5185185185185 45.333333333333336 0.018518518518518517 45.31481481481482 1.380031700246036
180000 311.8888888888889 299.68518518518516 116.5925925925926 0.5354938271604938 135.5185185185185 45.333333333333336 0.018518518518518517 45.31481481481482 1.4030062993988395
182000 311.8888888888889 299.68518518518516 116.5925925925926 0.5354938271604938 135.5185185185185 45.333333333333336 0.018518518518518517 45.31481481481482 1.485699599608779
184000 311.8888888888889 299.68518518518516 116.5925925925926 0.5354938271604938 135.5185185185185 45.333333333333336 0.018518518518518517 45.31481481481482 1.4455389995127916
186000 311.8888888888889 299.68518518518516 116.5925925925926 0.5354938271604938 135.5185185185185 45.333333333333336 0.018518518518518517 45.31481481481482 1.4990327004343271
188000 311.8888888888889 299.68518518518516 116.5925925925926 0.5354938271604938 135.5185185185185 45.333333333333336 0.018518518518518517 45.31481481481482 1.3903681999072433
190000 311.8888888888889 311.8888888888889 116.5925925925926 0.5354938271604938 135.5185185185185 45.333333333333336 0.018518518518518517 45.31481481481482 1.3821590999141335
192000 311.8888888888889 299.68518518518516 116.5925925925926 0.5354938271604938 135.5185185185185 45.333333333333336 0.018518518518518517 45.31481481481482 1.3758225999772549
194000 311.8888888888889 299.68518518518516 116.5925925925926 0.5354938271604938 135.5185185185185 45.333333333333336 0.018518518518518517 45.31481481481482 1.4427980994805694
196000 311.8888888888889 299.68518518518516 116.5925925925926 0.5354938271604938 135.5185185185185 45.333333333333336 0.018518518518518517 45.31481481481482 1.3273214995861053
198000 311.8888888888889 299.68518518518516 116.5925925925926 0.5354938271604938 135.5185185185185 45.333333333333336 0.018518518518518517 45.31481481481482 1.4259999999776483
200000 311.8888888888889 299.68518518518516 116.5925925925926 0.5354938271604938 135.5185185185185 45.333333333333336 0.018518518518518517 45.31481481481482 1.431762999854982
202000 311.8888888888889 299.68518518518516 116.5925925925926 0.5354938271604938 135.5185185185185 45.333333333333336 0.018518518518518517 45.31481481481482 1.4690952003002167
204000 311.8888888888889 299.68518518518516 116.5925925925926 0.5354938271604938 135.5185185185185 45.333333333333336 0.018518518518518517 45.31481481481482 1.4674728997051716
206000 311.8888888888889 299.68518518518516 116.5925925925926 0.5354938271604938 135.5185185185185 45.333333333333336 0.018518518518518517 45.31481481481482 1.5409175995737314
208000 311.8888888888889 299.68518518518516 116.5925925925926 0.5354938271604938 135.5185185185185 45.333333333333336 0.018518518518518517 45.31481481481482 1.4902780996635556
210000 311.8888888888889 299.68518518518516 116.5925925925926 0.5354938271604938 135.5185185185185 45.333333333333336 0.018518518518518517 45.31481481481482 1.3754669995978475
212000 311.8888888888889 299.68518518518516 116.5925925925926 0.5354938271604938 135.5185185185185 45.333333333333336 0.018518518518518517 45.31481481481482 1.5331965005025268
214000 311.8888888888889 299.68518518518516 116.5925925925926 0.5354938271604938 135.5185185185185 45.333333333333336 0.018518518518518517 45.31481481481482 1.4965039994567633
216000 311.8888888888889 299.68518518518516 116.5925925925926 0.5354938271604938 135.5185185185185 45.333333333333336 0.018518518518518517 45.31481481481482 1.6076154001057148
218000 311.8888888888889 299.68518518518516 116.5925925925926 0.5354938271604938 135.5185185185185 45.333333333333336 0.018518518518518517 45.31481481481482 1.4667843002825975
220000 311.8888888888889 299.68518518518516 116.5925925925926 0.5354938271604938 135.5185185185185 45.333333333333336 0.018518518518518517 45.31481481481482 1.5406544003635645
222000 311.8888888888889 299.68518518518516 116.5925925925926 0.5354938271604938 135.5185185185185 45.333333333333336 0.018518518518518517 45.31481481481482 1.50785159971565
224000 311.8888888888889 299.68518518518516 116.5925925925926 0.5354938271604938 135.5185185185185 45.333333333333336 0.018518518518518517 45.31481481481482 1.5228205993771553
226000 311.8888888888889 299.68518518518516 116.5925925925926 0.5354938271604938 135.5185185185185 45.333333333333336 0.018518518518518517 45.31481481481482 1.4000958995893598
228000 311.8888888888889 299.68518518518516 116.5925925925926 0.5354938271604938 135.5185185185185 45.333333333333336 0.018518518518518517 45.31481481481482 1.397915399633348
230000 311.8888888888889 299.68518518518516 116.5925925925926 0.5354938271604938 135.5185185185185 45.333333333333336 0.018518518518518517 45.31481481481482 1.3851375998929143
232000 311.8888888888889 299.68518518518516 116.5925925925926 0.5354938271604938 135.5185185185185 45.333333333333336 0.018518518518518517 45.31481481481482 1.4069164004176855
234000 311.8888888888889 299.68518518518516 116.5925925925926 0.5354938271604938 135.5185185185185 45.333333333333336 0.018518518518518517 45.31481481481482 1.3913786998018622
236000 311.8888888888889 299.68518518518516 116.5925925925926 0.5354938271604938 135.5185185185185 45.333333333333336 0.018518518518518517 45.31481481481482 1.3560186997056007
238000 311.8888888888889 299.68518518518516 116.5925925925926 0.5354938271604938 135.5185185185185 45.333333333333336 0.018518518518518517 45.31481481481482 1.4419279992580414
240000 311.8888888888889 299.68518518518516 116.5925925925926 0.5354938271604938 135.5185185185185 45.333333333333336 0.018518518518518517 45.31481481481482 1.4615421993657947
242000 311.8888888888889 299.68518518518516 116.5925925925926 0.5354938271604938 135.5185185185185 45.333333333333336 0.018518518518518517 45.31481481481482 1.4269617004320025
244000 311.8888888888889 299.68518518518516 116.5925925925926 0.5354938271604938 135.5185185185185 45.333333333333336 0.018518518518518517 45.31481481481482 1.4866976998746395
246000 311.8888888888889 299.68518518518516 116.5925925925926 0.5354938271604938 135.5185185185185 45.333333333333336 0.018518518518518517 45.31481481481482 1.4528681002557278
248000 311.8888888888889 299.68518518518516 116.5925925925926 0.5354938271604938 135.5185185185185 45.333333333333336 0.018518518518518517 45.31481481481482 1.4396894006058574
250000 311.8888888888889 299.68518518518516 116.5925925925926 0.5354938271604938 135.5185185185185 45.333333333333336 0.018518518518518517 45.31481481481482 1.4852095991373062
252000 311.8888888888889 299.68518518518516 116.5925925925926 0.5354938271604938 135.5185185185185 45.333333333333336 0.018518518518518517 45.31481481481482 1.5592785999178886
254000 311.8888888888889 299.68518518518516 116.5925925925926 0.5354938271604938 135.5185185185185 45.333333333333336 0.018518518518518517 45.31481481481482 1.4315903997048736
256000 311.8888888888889 299.68518518518516 116.5925925925926 0.5354938271604938 135.5185185185185 45.333333333333336 0.018518518518518517 45.31481481481482 1.4397779004648328
258000 311.8888888888889 299.68518518518516 116.5925925925926 0.5354938271604938 135.5185185185185 45.333333333333336 0.018518518518518517 45.31481481481482 1.4327842006459832
260000 311.8888888888889 299.68518518518516 116.5925925925926 0.5354938271604938 135.5185185185185 45.333333333333336 0.018518518518518517 45.31481481481482 1.3924887999892235
262000 311.8888888888889 299.68518518518516 116.5925925925926 0.5354938271604938 135.5185185185185 45.333333333333336 0.018518518518518517 45.31481481481482 1.4082303997129202
264000 311.8888888888889 299.68518518518516 116.5925925925926 0.5354938271604938 135.5185185185185 45.333333333333336 0.018518518518518517 45.31481481481482 1.5137314004823565
266000 311.8888888888889 299.68518518518516 116.5925925925926 0.5354938271604938 135.5185185185185 45.333333333333336 0.018518518518518517 45.31481481481482 1.3336391001939774
268000 311.8888888888889 299.68518518518516 116.5925925925926 0.5354938271604938 135.5185185185185 45.333333333333336 0.018518518518518517 45.31481481481482 1.3819367997348309
270000 311.8888888888889 299.68518518518516 116.5925925925926 0.5354938271604938 135.5185185185185 45.333333333333336 0.018518518518518517 45.31481481481482 1.56433429941535
272000 311.8888888888889 299.68518518518516 116.5925925925926 0.5354938271604938 135.5185185185185 45.333333333333336 0.018518518518518517 45.31481481481482 1.5875723995268345
274000 311.8888888888889 299.68518518518516 116.5925925925926 0.5354938271604938 135.5185185185185 45.333333333333336 0.018518518518518517 45.31481481481482 1.4050652999430895
276000 311.8888888888889 299.68518518518516 116.5925925925926 0.5354938271604938 135.5185185185185 45.333333333333336 0.018518518518518517 45.31481481481482 1.4143027001991868
278000 311.8888888888889 299.68518518518516 116.5925925925926 0.5354938271604938 135.5185185185185 45.333333333333336 0.018518518518518517 45.31481481481482 1.3782534999772906
280000 311.8888888888889 299.68518518518516 116.5925925925926 0.5354938271604938 135.5185185185185 45.333333333333336 0.018518518518518517 45.31481481481482 1.4459550995379686
282000 311.8888888888889 299.68518518518516 116.5925925925926 0.5354938271604938 135.5185185185185 45.333333333333336 0.018518518518518517 45.31481481481482 1.3903054995462298
284000 311.8888888888889 299.68518518518516 116.5925925925926 0.5354938271604938 135.5185185185185 45.333333333333336 0.018518518518518517 45.31481481481482 1.4390593999996781
286000 311.8888888888889 299.68518518518516 116.5925925925926 0.5354938271604938 135.5185185185185 45.333333333333336 0.018518518518518517 45.31481481481482 1.4544444996863604
288000 311.8888888888889 299.68518518518516 116.5925925925926 0.5354938271604938 135.5185185185185 45.333333333333336 0.018518518518518517 45.31481481481482 1.4581497004255652
290000 311.8888888888889 299.68518518518516 116.5925925925926 0.5354938271604938 135.5185185185185 45.333333333333336 0.018518518518518517 45.31481481481482 1.410898200236261
292000 311.8888888888889 299.68518518518516 116.5925925925926 0.5354938271604938 135.5185185185185 45.333333333333336 0.018518518518518517 45.31481481481482 1.53559760004282
294000 311.8888888888889 299.68518518518516 116.5925925925926 0.5354938271604938 135.5185185185185 45.333333333333336 0.018518518518518517 45.31481481481482 1.4974410003051162
296000 311.8888888888889 299.68518518518516 116.5925925925926 0.5354938271604938 135.5185185185185 45.333333333333336 0.018518518518518517 45.31481481481482 1.536786099895835
298000 311.8888888888889 299.68518518518516 116.5925925925926 0.5354938271604938 135.5185185185185 45.333333333333336 0.018518518518518517 45.31481481481482 1.546242800541222
300000 311.8888888888889 299.68518518518516 116.5925925925926 0.5354938271604938 135.5185185185185 45.333333333333336 0.018518518518518517 45.31481481481482 1.4963619001209736
302000 311.8888888888889 299.68518518518516 116.5925925925926 0.5354938271604938 135.5185185185185 45.333333333333336 0.018518518518518517 45.31481481481482 1.4339294005185366
304000 311.8888888888889 299.68518518518516 116.5925925925926 0.5354938271604938 135.5185185185185 45.333333333333336 0.018518518518518517 45.31481481481482 1.434310999698937
306000 311.8888888888889 299.68518518518516 116.5925925925926 0.5354938271604938 135.5185185185185 45.333333333333336 0.018518518518518517 45.31481481481482 1.5006555002182722
308000 311.8888888888889 299.68518518518516 116.5925925925926 0.5354938271604938 135.5185185185185 45.333333333333336 0.018518518518518517 45.31481481481482 1.4339129999279976
310000 311.8888888888889 299.68518518518516 116.5925925925926 0.5354938271604938 135.5185185185185 45.333333333333336 0.018518518518518517 45.31481481481482 1.4684342993423343
312000 311.8888888888889 299.68518518518516 116.5925925925926 0.5354938271604938 135.5185185185185 45.333333333333336 0.018518518518518517 45.31481481481482 1.447931700386107
314000 311.8888888888889 299.68518518518516 116.5925925925926 0.5354938271604938 135.5185185185185 45.333333333333336 0.018518518518518517 45.31481481481482 1.4434505999088287
316000 311.8888888888889 299.68518518518516 116.5925925925926 0.5354938271604938 135.5185185185185 45.333333333333336 0.018518518518518517 45.31481481481482 1.3657282991334796
318000 311.8888888888889 299.68518518518516 116.5925925925926 0.5354938271604938 135.5185185185185 45.333333333333336 0.018518518518518517 45.31481481481482 1.388119399547577
320000 311.8888888888889 299.68518518518516 116.5925925925926 0.5354938271604938 135.5185185185185 45.333333333333336 0.018518518518518517 45.31481481481482 1.3640983002260327
322000 311.8888888888889 299.68518518518516 116.5925925925926 0.5354938271604938 135.5185185185185 45.333333333333336 0.018518518518518517 45.31481481481482 1.3193352995440364
324000 311.8888888888889 299.68518518518516 116.5925925925926 0.5354938271604938 135.5185185185185 45.333333333333336 0.018518518518518517 45.31481481481482 1.3598092002794147
326000 311.8888888888889 299.68518518518516 116.5925925925926 0.5354938271604938 135.5185185185185 45.333333333333336 0.018518518518518517 45.31481481481482 1.3902559000998735
328000 311.8888888888889 299.68518518518516 116.5925925925926 0.5354938271604938 135.5185185185185 45.333333333333336 0.018518518518518517 45.31481481481482 1.4755889000371099
330000 311.8888888888889 299.68518518518516 116.5925925925926 0.5354938271604938 135.5185185185185 45.333333333333336 0.018518518518518517 45.31481481481482 1.3951871003955603
332000 311.8888888888889 299.68518518518516 116.5925925925926 0.5354938271604938 135.5185185185185 45.333333333333336 0.018518518518518517 45.31481481481482 1.4567848993465304
334000 311.8888888888889 299.68518518518516 116.5925925925926 0.5354938271604938 135.5185185185185 45.333333333333336 0.018518518518518517 45.31481481481482 1.4372585006058216
336000 311.8888888888889 299.68518518518516 116.5925925925926 0.5354938271604938 135.5185185185185 45.333333333333336 0.018518518518518517 45.31481481481482 1.3366239005699754
338000 311.8888888888889 299.68518518518516 116.5925925925926 0.5354938271604938 135.5185185185185 45.333333333333336 0.018518518518518517 45.31481481481482 1.3779758997261524
340000 311.8888888888889 299.68518518518516 116.5925925925926 0.5354938271604938 135.5185185185185 45.333333333333336 0.018518518518518517 45.31481481481482 1.411305700428784
342000 311.8888888888889 299.68518518518516 116.5925925925926 0.5354938271604938 135.5185185185185 45.333333333333336 0.018518518518518517 45.31481481481482 1.44688449986279
344000 311.8888888888889 299.68518518518516 116.5925925925926 0.5354938271604938 135.5185185185185 45.333333333333336 0.018518518518518517 45.31481481481482 1.3932725004851818
346000 311.8888888888889 299.68518518518516 116.5925925925926 0.5354938271604938 135.5185185185185 45.333333333333336 0.018518518518518517 45.31481481481482 1.508526500314474
348000 311.8888888888889 299.68518518518516 116.5925925925926 0.5354938271604938 135.5185185185185 45.333333333333336 0.018518518518518517 45.31481481481482 1.5211956007406116
350000 311.8888888888889 299.68518518518516 116.5925925925926 0.5354938271604938 135.5185185185185 45.333333333333336 0.018518518518518517 45.31481481481482 1.5396497994661331
352000 311.8888888888889 299.68518518518516 116.5925925925926 0.5354938271604938 135.5185185185185 45.333333333333336 0.018518518518518517 45.31481481481482 1.4706659000366926
354000 311.8888888888889 299.68518518518516 116.5925925925926 0.5354938271604938 135.5185185185185 45.333333333333336 0.018518518518518517 45.31481481481482 1.5562385004013777
356000 311.8888888888889 299.68518518518516 116.5925925925926 0.5354938271604938 135.5185185185185 45.333333333333336 0.018518518518518517 45.31481481481482 1.442068299278617
358000 311.8888888888889 299.68518518518516 116.5925925925926 0.5354938271604938 135.5185185185185 45.333333333333336 0.018518518518518517 45.31481481481482 1.4164241002872586
360000 311.8888888888889 299.68518518518516 116.5925925925926 0.5354938271604938 135.5185185185185 45.333333333333336 0.018518518518518517 45.31481481481482 1.4394539995118976
362000 311.8888888888889 299.68518518518516 116.5925925925926 0.5354938271604938 135.5185185185185 45.333333333333336 0.018518518518518517 45.31481481481482 1.4960540002211928
364000 311.8888888888889 299.68518518518516 116.5925925925926 0.5354938271604938 135.5185185185185 45.333333333333336 0.018518518518518517 45.31481481481482 1.385974899865687
366000 311.8888888888889 299.68518518518516 116.5925925925926 0.5354938271604938 135.5185185185185 45.333333333333336 0.018518518518518517 45.31481481481482 1.5698984004557133
368000 311.8888888888889 299.68518518518516 116.5925925925926 0.5354938271604938 135.5185185185185 45.333333333333336 0.018518518518518517 45.31481481481482 1.4559258995577693
370000 311.8888888888889 299.68518518518516 116.5925925925926 0.5354938271604938 135.5185185185185 45.333333333333336 0.018518518518518517 45.31481481481482 1.577076400630176
372000 311.8888888888889 299.68518518518516 116.5925925925926 0.5354938271604938 135.5185185185185 45.333333333333336 0.018518518518518517 45.31481481481482 1.4337913999333978
374000 311.8888888888889 299.68518518518516 116.5925925925926 0.5354938271604938 135.5185185185185 45.333333333333336 0.018518518518518517 45.31481481481482 1.362176900729537
376000 311.8888888888889 299.68518518518516 116.5925925925926 0.5354938271604938 135.5185185185185 45.333333333333336 0.018518518518518517 45.31481481481482 1.3844712991267443
378000 311.8888888888889 299.68518518518516 116.5925925925926 0.5354938271604938 135.5185185185185 45.333333333333336 0.018518518518518517 45.31481481481482 1.4340845001861453
380000 311.8888888888889 299.68518518518516 116.5925925925926 0.5354938271604938 135.5185185185185 45.333333333333336 0.018518518518518517 45.31481481481482 1.4528729999437928
382000 311.8888888888889 299.68518518518516 116.5925925925926 0.5354938271604938 135.5185185185185 45.333333333333336 0.018518518518518517 45.31481481481482 1.4654986998066306
384000 311.8888888888889 299.68518518518516 116.5925925925926 0.5354938271604938 135.5185185185185 45.333333333333336 0.018518518518518517 45.31481481481482 1.4776968993246555
386000 311.8888888888889 299.68518518518516 116.5925925925926 0.5354938271604938 135.5185185185185 45.333333333333336 0.018518518518518517 45.31481481481482 1.4704005001112819
388000 311.8888888888889 299.68518518518516 116.5925925925926 0.5354938271604938 135.5185185185185 45.333333333333336 0.018518518518518517 45.31481481481482 1.3835026994347572
390000 311.8888888888889 299.68518518518516 116.5925925925926 0.5354938271604938 135.5185185185185 45.333333333333336 0.018518518518518517 45.31481481481482 1.4914413997903466
392000 311.8888888888889 299.68518518518516 116.5925925925926 0.5354938271604938 135.5185185185185 45.333333333333336 0.018518518518518517 45.31481481481482 1.4465723996981978
394000 311.8888888888889 299.68518518518516 116.5925925925926 0.5354938271604938 135.5185185185185 45.333333333333336 0.018518518518518517 45.31481481481482 1.3975651999935508
396000 311.8888888888889 299.68518518518516 116.5925925925926 0.5354938271604938 135.5185185185185 45.333333333333336 0.018518518518518517 45.31481481481482 1.3788454998284578
398000 311.8888888888889 299.68518518518516 116.5925925925926 0.5354938271604938 135.5185185185185 45.333333333333336 0.018518518518518517 45.31481481481482 1.5187706993892789
400000 311.8888888888889 299.68518518518516 116.5925925925926 0.5354938271604938 135.5185185185185 45.333333333333336 0.018518518518518517 45.31481481481482 1.4934924002736807
402000 311.8888888888889 299.68518518518516 116.5925925925926 0.5354938271604938 135.5185185185185 45.333333333333336 0.018518518518518517 45.31481481481482 1.3790357001125813
404000 311.8888888888889 299.68518518518516 116.5925925925926 0.5354938271604938 135.5185185185185 45.333333333333336 0.018518518518518517 45.31481481481482 1.3373575005680323
406000 311.8888888888889 299.68518518518516 116.5925925925926 0.5354938271604938 135.5185185185185 45.333333333333336 0.018518518518518517 45.31481481481482 1.4413954000920057
408000 311.8888888888889 299.68518518518516 116.5925925925926 0.5354938271604938 135.5185185185185 45.333333333333336 0.018518518518518517 45.31481481481482 1.4219072991982102
410000 311.8888888888889 299.68518518518516 116.5925925925926 0.5354938271604938 135.5185185185185 45.333333333333336 0.018518518518518517 45.31481481481482 1.4730195999145508
412000 311.8888888888889 299.68518518518516 116.5925925925926 0.5354938271604938 135.5185185185185 45.333333333333336 0.018518518518518517 45.31481481481482 1.3763489993289113
414000 311.8888888888889 299.68518518518516 116.5925925925926 0.5354938271604938 135.5185185185185 45.333333333333336 0.018518518518518517 45.31481481481482 1.3906353004276752
416000 311.8888888888889 299.68518518518516 116.5925925925926 0.5354938271604938 135.5185185185185 45.333333333333336 0.018518518518518517 45.31481481481482 1.4172843992710114
418000 311.8888888888889 299.68518518518516 116.5925925925926 0.5354938271604938 135.5185185185185 45.333333333333336 0.018518518518518517 45.31481481481482 1.4429112998768687
420000 311.8888888888889 299.68518518518516 116.5925925925926 0.5354938271604938 135.5185185185185 45.333333333333336 0.018518518518518517 45.31481481481482 1.4765809001401067
422000 311.8888888888889 299.68518518518516 116.5925925925926 0.5354938271604938 135.5185185185185 45.333333333333336 0.018518518518518517 45.31481481481482 1.3976181000471115
424000 311.8888888888889 299.68518518518516 116.5925925925926 0.5354938271604938 135.5185185185185 45.333333333333336 0.018518518518518517 45.31481481481482 1.4577796002849936
426000 311.8888888888889 299.68518518518516 116.5925925925926 0.5354938271604938 135.5185185185185 45.333333333333336 0.018518518518518517 45.31481481481482 1.4353883005678654
428000 311.8888888888889 299.68518518518516 116.5925925925926 0.5354938271604938 135.5185185185185 45.333333333333336 0.018518518518518517 45.31481481481482 1.475200799293816
430000 311.8888888888889 299.68518518518516 116.5925925925926 0.5354938271604938 135.5185185185185 45.333333333333336 0.018518518518518517 45.31481481481482 1.46223249938339
432000 311.8888888888889 299.68518518518516 116.5925925925926 0.5354938271604938 135.5185185185185 45.333333333333336 0.018518518518518517 45.31481481481482 1.4319296004250646
434000 311.8888888888889 299.68518518518516 116.5925925925926 0.5354938271604938 135.5185185185185 45.333333333333336 0.018518518518518517 45.31481481481482 1.4775785999372602
436000 311.8888888888889 299.68518518518516 116.5925925925926 0.5354938271604938 135.5185185185185 45.333333333333336 0.018518518518518517 45.31481481481482 1.3330955998972058
438000 311.8888888888889 299.68518518518516 116.5925925925926 0.5354938271604938 135.5185185185185 45.333333333333336 0.018518518518518517 45.31481481481482 1.5027415994554758
440000 311.8888888888889 299.68518518518516 116.5925925925926 0.5354938271604938 135.5185185185185 45.333333333333336 0.018518518518518517 45.31481481481482 1.5669614998623729
442000 311.8888888888889 299.68518518518516 116.5925925925926 0.5354938271604938 135.5185185185185 45.333333333333336 0.018518518518518517 45.31481481481482 1.5311048002913594
444000 311.8888888888889 299.68518518518516 116.5925925925926 0.5354938271604938 135.5185185185185 45.333333333333336 0.018518518518518517 45.31481481481482 1.5196895003318787
446000 311.8888888888889 299.68518518518516 116.5925925925926 0.5354938271604938 135.5185185185185 45.333333333333336 0.018518518518518517 45.31481481481482 1.3588326005265117
448000 311.8888888888889 299.68518518518516 116.5925925925926 0.5354938271604938 135.5185185185185 45.333333333333336 0.018518518518518517 45.31481481481482 1.4301883997395635
450000 311.8888888888889 299.68518518518516 116.5925925925926 0.5354938271604938 135.5185185185185 45.333333333333336 0.018518518518518517 45.31481481481482 1.354080299846828
452000 311.8888888888889 299.68518518518516 116.5925925925926 0.5354938271604938 135.5185185185185 45.333333333333336 0.018518518518518517 45.31481481481482 1.4487681994214654
454000 311.8888888888889 299.68518518518516 116.5925925925926 0.5354938271604938 135.5185185185185 45.333333333333336 0.018518518518518517 45.31481481481482 1.3409845996648073
456000 311.8888888888889 299.68518518518516 116.5925925925926 0.5354938271604938 135.5185185185185 45.333333333333336 0.018518518518518517 45.31481481481482 1.4140555998310447
458000 311.8888888888889 299.68518518518516 116.5925925925926 0.5354938271604938 135.5185185185185 45.333333333333336 0.018518518518518517 45.31481481481482 1.5306091997772455
460000 311.8888888888889 299.68518518518516 116.5925925925926 0.5354938271604938 135.5185185185185 45.333333333333336 0.018518518518518517 45.31481481481482 1.392820500768721
462000 311.8888888888889 299.68518518518516 116.5925925925926 0.5354938271604938 135.5185185185185 45.333333333333336 0.018518518518518517 45.31481481481482 1.4567010998725891
464000 311.8888888888889 299.68518518518516 116.5925925925926 0.5354938271604938 135.5185185185185 45.333333333333336 0.018518518518518517 45.31481481481482 1.4456337001174688
466000 311.8888888888889 299.68518518518516 116.5925925925926 0.5354938271604938 135.5185185185185 45.333333333333336 0.018518518518518517 45.31481481481482 1.5235024997964501
468000 311.8888888888889 299.68518518518516 116.5925925925926 0.5354938271604938 135.5185185185185 45.333333333333336 0.018518518518518517 45.31481481481482 1.4414937999099493
470000 311.8888888888889 299.68518518518516 116.5925925925926 0.5354938271604938 135.5185185185185 45.333333333333336 0.018518518518518517 45.31481481481482 1.5138964001089334
472000 311.8888888888889 299.68518518518516 116.5925925925926 0.5354938271604938 135.5185185185185 45.333333333333336 0.018518518518518517 45.31481481481482 1.6038930006325245
474000 311.8888888888889 299.68518518518516 116.5925925925926 0.5354938271604938 135.5185185185185 45.333333333333336 0.018518518518518517 45.31481481481482 1.4300411995500326
476000 311.8888888888889 299.68518518518516 116.5925925925926 0.5354938271604938 135.5185185185185 45.333333333333336 0.018518518518518517 45.31481481481482 1.416601900011301
478000 311.8888888888889 299.68518518518516 116.5925925925926 0.5354938271604938 135.5185185185185 45.333333333333336 0.018518518518518517 45.31481481481482 1.4832995003089309
480000 311.8888888888889 299.68518518518516 116.5925925925926 0.5354938271604938 135.5185185185185 45.333333333333336 0.018518518518518517 45.31481481481482 1.4803526001051068
482000 311.8888888888889 299.68518518518516 116.5925925925926 0.5354938271604938 135.5185185185185 45.333333333333336 0.018518518518518517 45.31481481481482 1.4629159001633525
484000 311.8888888888889 299.68518518518516 116.5925925925926 0.5354938271604938 135.5185185185185 45.333333333333336 0.018518518518518517 45.31481481481482 1.4110362995415926
486000 311.8888888888889 299.68518518518516 116.5925925925926 0.5354938271604938 135.5185185185185 45.333333333333336 0.018518518518518517 45.31481481481482 1.5364426001906395
488000 311.8888888888889 299.68518518518516 116.5925925925926 0.5354938271604938 135.5185185185185 45.333333333333336 0.018518518518518517 45.31481481481482 1.466368000023067
490000 311.8888888888889 299.68518518518516 116.5925925925926 0.5354938271604938 135.5185185185185 45.333333333333336 0.018518518518518517 45.31481481481482 1.4627103004604578
492000 311.8888888888889 299.68518518518516 116.5925925925926 0.5354938271604938 135.5185185185185 45.333333333333336 0.018518518518518517 45.31481481481482 1.37504590023309
494000 311.8888888888889 299.68518518518516 116.5925925925926 0.5354938271604938 135.5185185185185 45.333333333333336 0.018518518518518517 45.31481481481482 1.452342700213194
496000 311.8888888888889 299.68518518518516 116.5925925925926 0.5354938271604938 135.5185185185185 45.333333333333336 0.018518518518518517 45.31481481481482 1.3746532006189227
498000 311.8888888888889 299.68518518518516 116.5925925925926 0.5354938271604938 135.5185185185185 45.333333333333336 0.018518518518518517 45.31481481481482 1.3122266000136733
500000 311.8888888888889 299.68518518518516 116.5925925925926 0.5354938271604938 135.5185185185185 45.333333333333336 0.018518518518518517 45.31481481481482 1.238128200173378
