2000 16.48076923076923 16.48076923076923 94.0 0.36538461538461536 135.8653846153846 45.28846153846154 1.5961538461538463 43.69230769230769 0.7867136998102069
4000 24.115384615384617 24.115384615384617 88.82692307692308 0.4262820512820512 135.8653846153846 45.28846153846154 1.1153846153846154 44.17307692307692 0.8361256001517177
6000 10.115384615384615 10.115384615384615 93.88461538461539 0.37499999999999994 135.8653846153846 45.28846153846154 1.1153846153846154 44.17307692307692 0.7627330999821424
8000 14.73076923076923 14.73076923076923 88.13461538461539 0.43589743589743585 135.8653846153846 45.28846153846154 1.1153846153846154 44.17307692307692 0.9032678995281458
10000 35.98076923076923 35.98076923076923 90.17307692307692 0.46955128205128205 135.8653846153846 45.28846153846154 1.1153846153846154 44.17307692307692 0.8848363999277353
12000 93.46153846153847 93.46153846153847 73.63461538461539 0.6009615384615384 135.8653846153846 45.28846153846154 1.1153846153846154 44.17307692307692 0.9652062999084592
14000 93.46153846153847 93.46153846153847 73.63461538461539 0.6009615384615384 135.8653846153846 45.28846153846154 1.1153846153846154 44.17307692307692 0.9104692004621029
16000 93.46153846153847 93.46153846153847 73.63461538461539 0.6009615384615384 135.8653846153846 45.28846153846154 1.1153846153846154 44.17307692307692 1.1486698994413018
18000 94.51923076923077 94.51923076923077 73.48076923076923 0.6009615384615384 135.8653846153846 45.28846153846154 1.1153846153846154 44.17307692307692 1.0854779994115233
20000 94.51923076923077 94.51923076923077 73.48076923076923 0.6009615384615384 135.8653846153846 45.28846153846154 1.1153846153846154 44.17307692307692 1.1047664005309343
22000 94.51923076923077 94.51923076923077 73.48076923076923 0.6009615384615384 135.8653846153846 45.28846153846154 1.1153846153846154 44.17307692307692 1.1284703006967902
24000 94.51923076923077 94.51923076923077 73.48076923076923 0.6009615384615384 135.8653846153846 45.28846153846154 1.1153846153846154 44.17307692307692 1.151465700007975
26000 94.51923076923077 94.51923076923077 73.48076923076923 0.6009615384615384 135.8653846153846 45.28846153846154 1.1153846153846154 44.17307692307692 1.1846561003476381
28000 94.51923076923077 94.51923076923077 73.48076923076923 0.6009615384615384 135.8653846153846 45.28846153846154 1.1153846153846154 44.17307692307692 1.3921296996995807
30000 207.01923076923077 207.01923076923077 66.90384615384616 0.6602564102564104 135.8653846153846 45.28846153846154 1.1153846153846154 44.17307692307692 1.5447858003899455
32000 207.01923076923077 207.01923076923077 66.90384615384616 0.6602564102564104 135.8653846153846 45.28846153846154 1.1153846153846154 44.17307692307692 1.4237911999225616
34000 207.01923076923077 207.01923076923077 66.90384615384616 0.6602564102564104 135.8653846153846 45.28846153846154 1.1153846153846154 44.17307692307692 1.3249893002212048
36000 207.01923076923077 207.01923076923077 66.90384615384616 0.6602564102564104 135.8653846153846 45.28846153846154 1.1153846153846154 44.17307692307692 1.4427933003753424
38000 207.01923076923077 207.01923076923077 66.90384615384616 0.6602564102564104 135.8653846153846 45.28846153846154 1.1153846153846154 44.17307692307692 1.3863842003047466
40000 207.01923076923077 207.01923076923077 66.90384615384616 0.6602564102564104 135.8653846153846 45.28846153846154 1.1153846153846154 44.17307692307692 1.364253900013864
42000 207.01923076923077 207.01923076923077 66.90384615384616 0.6602564102564104 135.8653846153846 45.28846153846154 1.1153846153846154 44.17307692307692 1.3581173000857234
44000 207.01923076923077 207.01923076923077 66.90384615384616 0.6602564102564104 135.8653846153846 45.28846153846154 1.1153846153846154 44.17307692307692 1.4062063992023468
46000 207.01923076923077 207.01923076923077 66.90384615384616 0.6602564102564104 135.8653846153846 45.28846153846154 1.1153846153846154 44.17307692307692 1.408503300510347
48000 207.01923076923077 207.01923076923077 66.90384615384616 0.6602564102564104 135.8653846153846 45.28846153846154 1.1153846153846154 44.17307692307692 1.4153343001380563
50000 207.01923076923077 207.01923076923077 66.90384615384616 0.6602564102564104 135.8653846153846 45.28846153846154 1.1153846153846154 44.17307692307692 1.3416879996657372
52000 207.01923076923077 207.01923076923077 66.90384615384616 0.6602564102564104 135.8653846153846 45.28846153846154 1.1153846153846154 44.17307692307692 1.361051700077951
54000 207.01923076923077 207.01923076923077 66.90384615384616 0.6602564102564104 135.8653846153846 45.28846153846154 1.1153846153846154 44.17307692307692 1.3824443006888032
56000 207.01923076923077 207.01923076923077 66.90384615384616 0.6602564102564104 135.8653846153846 45.28846153846154 1.1153846153846154 44.17307692307692 1.3455090001225471
58000 207.01923076923077 207.01923076923077 66.90384615384616 0.6602564102564104 135.8653846153846 45.28846153846154 1.1153846153846154 44.17307692307692 1.3876934992149472
60000 207.01923076923077 207.01923076923077 66.90384615384616 0.6602564102564104 135.8653846153846 45.28846153846154 1.1153846153846154 44.17307692307692 1.3632055995985866
62000 207.01923076923077 207.01923076923077 66.90384615384616 0.6602564102564104 135.8653846153846 45.28846153846154 1.1153846153846154 44.17307692307692 1.3724664999172091
64000 207.01923076923077 207.01923076923077 66.90384615384616 0.6602564102564104 135.8653846153846 45.28846153846154 1.1153846153846154 44.17307692307692 1.339241899549961
66000 207.01923076923077 207.01923076923077 66.90384615384616 0.6602564102564104 135.8653846153846 45.28846153846154 1.1153846153846154 44.17307692307692 1.3545295000076294
68000 207.01923076923077 207.01923076923077 66.90384615384616 0.6602564102564104 135.8653846153846 45.28846153846154 1.1153846153846154 44.17307692307692 1.3392441999167204
70000 207.01923076923077 207.01923076923077 66.90384615384616 0.6602564102564104 135.8653846153846 45.28846153846154 1.1153846153846154 44.17307692307692 1.394632300361991
72000 207.01923076923077 207.01923076923077 66.90384615384616 0.6602564102564104 135.8653846153846 45.28846153846154 1.1153846153846154 44.17307692307692 1.4972347002476454
74000 207.01923076923077 207.01923076923077 66.90384615384616 0.6602564102564104 135.8653846153846 45.28846153846154 1.1153846153846154 44.17307692307692 1.5005622999742627
76000 207.01923076923077 207.01923076923077 66.90384615384616 0.6602564102564104 135.8653846153846 45.28846153846154 1.1153846153846154 44.17307692307692 1.3757371995598078
78000 207.01923076923077 207.01923076923077 66.90384615384616 0.6602564102564104 135.8653846153846 45.28846153846154 1.1153846153846154 44.17307692307692 1.359451400116086
80000 207.01923076923077 207.01923076923077 66.90384615384616 0.6602564102564104 135.8653846153846 45.28846153846154 1.1153846153846154 44.17307692307692 1.4281197004020214
82000 207.01923076923077 207.01923076923077 66.90384615384616 0.6602564102564104 135.8653846153846 45.28846153846154 1.1153846153846154 44.17307692307692 1.362049600109458
84000 207.01923076923077 207.01923076923077 66.90384615384616 0.6602564102564104 135.8653846153846 45.28846153846154 1.1153846153846154 44.17307692307692 1.3625110993161798
86000 207.01923076923077 207.01923076923077 66.90384615384616 0.6602564102564104 135.8653846153846 45.28846153846154 1.1153846153846154 44.17307692307692 1.4339324999600649
88000 207.01923076923077 207.01923076923077 66.90384615384616 0.6602564102564104 135.8653846153846 45.28846153846154 1.1153846153846154 44.17307692307692 1.5186999002471566
90000 207.01923076923077 207.01923076923077 66.90384615384616 0.6602564102564104 135.8653846153846 45.28846153846154 1.1153846153846154 44.17307692307692 1.4696442000567913
92000 207.01923076923077 207.01923076923077 66.90384615384616 0.6602564102564104 135.8653846153846 45.28846153846154 1.1153846153846154 44.17307692307692 1.3157317005097866
94000 207.01923076923077 207.01923076923077 66.90384615384616 0.6602564102564104 135.8653846153846 45.28846153846154 1.1153846153846154 44.17307692307692 1.38251889962703
96000 207.01923076923077 207.01923076923077 66.90384615384616 0.6602564102564104 135.8653846153846 45.28846153846154 1.1153846153846154 44.17307692307692 1.263467499986291
98000 207.01923076923077 207.01923076923077 66.90384615384616 0.6602564102564104 135.8653846153846 45.28846153846154 1.1153846153846154 44.17307692307692 1.3907682001590729
100000 207.01923076923077 207.01923076923077 66.90384615384616 0.6602564102564104 135.8653846153846 45.28846153846154 1.1153846153846154 44.17307692307692 1.4189303005114198
102000 207.01923076923077 207.01923076923077 66.90384615384616 0.6602564102564104 135.8653846153846 45.28846153846154 1.1153846153846154 44.17307692307692 1.426745199598372
104000 207.01923076923077 207.01923076923077 66.90384615384616 0.6602564102564104 135.8653846153846 45.28846153846154 1.1153846153846154 44.17307692307692 1.4012386994436383
106000 207.01923076923077 207.01923076923077 66.90384615384616 0.6602564102564104 135.8653846153846 45.28846153846154 1.1153846153846154 44.17307692307692 1.4509837003424764
108000 207.01923076923077 207.01923076923077 66.90384615384616 0.6602564102564104 135.8653846153846 45.28846153846154 1.1153846153846154 44.17307692307692 1.5337595008313656
110000 207.01923076923077 207.01923076923077 66.90384615384616 0.6602564102564104 135.8653846153846 45.28846153846154 1.1153846153846154 44.17307692307692 1.4065997004508972
112000 207.01923076923077 207.01923076923077 66.90384615384616 0.6602564102564104 135.8653846153846 45.28846153846154 1.1153846153846154 44.17307692307692 1.4068269999697804
114000 207.01923076923077 207.01923076923077 66.90384615384616 0.6602564102564104 135.8653846153846 45.28846153846154 1.1153846153846154 44.17307692307692 1.4335032003000379
116000 207.01923076923077 207.01923076923077 66.90384615384616 0.6602564102564104 135.8653846153846 45.28846153846154 1.1153846153846154 44.17307692307692 1.4407314993441105
118000 207.01923076923077 207.01923076923077 66.90384615384616 0.6602564102564104 135.8653846153846 45.28846153846154 1.1153846153846154 44.17307692307692 1.4494033996015787
120000 207.01923076923077 207.01923076923077 66.90384615384616 0.6602564102564104 135.8653846153846 45.28846153846154 1.1153846153846154 44.17307692307692 1.5090423002839088
122000 209.71153846153845 209.71153846153845 66.82692307692308 0.6602564102564104 135.8653846153846 45.28846153846154 1.25 44.03846153846154 1.3939383998513222
124000 209.71153846153845 209.71153846153845 66.82692307692308 0.6602564102564104 135.8653846153846 45.28846153846154 1.25 44.03846153846154 1.3341108998283744
126000 439.4230769230769 439.4230769230769 62.23076923076923 0.6778846153846154 135.8653846153846 45.28846153846154 7.653846153846154 37.63461538461539 1.3831118000671268
128000 439.4230769230769 439.4230769230769 62.23076923076923 0.6778846153846154 135.8653846153846 45.28846153846154 7.653846153846154 37.63461538461539 1.5045330999419093
130000 439.4230769230769 439.4230769230769 62.23076923076923 0.6778846153846154 135.8653846153846 45.28846153846154 7.653846153846154 37.63461538461539 1.373217599466443
132000 439.4230769230769 439.4230769230769 62.23076923076923 0.6778846153846154 135.8653846153846 45.28846153846154 7.653846153846154 37.63461538461539 1.4802473997697234
134000 439.4230769230769 439.4230769230769 62.23076923076923 0.6778846153846154 135.8653846153846 45.28846153846154 7.653846153846154 37.63461538461539 1.4995248997583985
136000 439.4230769230769 439.4230769230769 62.23076923076923 0.6778846153846154 135.8653846153846 45.28846153846154 7.653846153846154 37.63461538461539 1.380880099721253
138000 439.4230769230769 439.4230769230769 62.23076923076923 0.6778846153846154 135.8653846153846 45.28846153846154 7.653846153846154 37.63461538461539 1.3381476998329163
140000 441.8269230769231 441.8269230769231 62.19230769230769 0.6778846153846154 135.8653846153846 45.28846153846154 7.653846153846154 37.63461538461539 1.393886400386691
142000 441.8269230769231 441.8269230769231 62.19230769230769 0.6778846153846154 135.8653846153846 45.28846153846154 7.653846153846154 37.63461538461539 1.4575520996004343
144000 441.8269230769231 441.8269230769231 62.19230769230769 0.6778846153846154 135.8653846153846 45.28846153846154 7.653846153846154 37.63461538461539 1.4080085000023246
146000 441.8269230769231 441.8269230769231 62.19230769230769 0.6778846153846154 135.8653846153846 45.28846153846154 7.653846153846154 37.63461538461539 1.3992168996483088
148000 441.8269230769231 441.8269230769231 62.19230769230769 0.6778846153846154 135.8653846153846 45.28846153846154 7.653846153846154 37.63461538461539 1.4600600004196167
150000 441.8269230769231 441.8269230769231 62.19230769230769 0.6778846153846154 135.8653846153846 45.28846153846154 7.653846153846154 37.63461538461539 1.5039578005671501
152000 441.8269230769231 441.8269230769231 62.19230769230769 0.6778846153846154 135.8653846153846 45.28846153846154 7.653846153846154 37.63461538461539 1.4454509997740388
154000 441.8269230769231 441.8269230769231 62.19230769230769 0.6778846153846154 135.8653846153846 45.28846153846154 7.653846153846154 37.63461538461539 1.3995611993595958
156000 441.8269230769231 441.8269230769231 62.19230769230769 0.6778846153846154 135.8653846153846 45.28846153846154 7.653846153846154 37.63461538461539 1.344267399981618
158000 441.8269230769231 441.8269230769231 62.19230769230769 0.6778846153846154 135.8653846153846 45.28846153846154 7.653846153846154 37.63461538461539 1.3817047998309135
160000 441.8269230769231 441.8269230769231 62.19230769230769 0.6778846153846154 135.8653846153846 45.28846153846154 7.653846153846154 37.63461538461539 1.403489200398326
162000 441.8269230769231 441.8269230769231 62.19230769230769 0.6778846153846154 135.8653846153846 45.28846153846154 7.653846153846154 37.63461538461539 1.3760582003742456
164000 441.8269230769231 441.8269230769231 62.19230769230769 0.6778846153846154 135.8653846153846 45.28846153846154 7.653846153846154 37.63461538461539 1.4517398998141289
166000 441.8269230769231 441.8269230769231 62.19230769230769 0.6778846153846154 135.8653846153846 45.28846153846154 7.653846153846154 37.63461538461539 1.3733167005702853
168000 441.8269230769231 441.8269230769231 62.19230769230769 0.6778846153846154 135.8653846153846 45.28846153846154 7.653846153846154 37.63461538461539 1.3438433995470405
170000 441.8269230769231 441.8269230769231 62.19230769230769 0.6778846153846154 135.8653846153846 45.28846153846154 7.653846153846154 37.63461538461539 1.3625755002722144
172000 441.8269230769231 441.8269230769231 62.19230769230769 0.6778846153846154 135.8653846153846 45.28846153846154 7.653846153846154 37.63461538461539 1.3349804002791643
174000 441.8269230769231 441.8269230769231 62.19230769230769 0.6778846153846154 135.8653846153846 45.28846153846154 7.653846153846154 37.63461538461539 1.4622970996424556
176000 441.8269230769231 441.8269230769231 62.19230769230769 0.6778846153846154 135.8653846153846 45.28846153846154 7.653846153846154 37.63461538461539 1.4161167005077004
178000 441.8269230769231 441.8269230769231 62.19230769230769 0.6778846153846154 135.8653846153846 45.28846153846154 7.653846153846154 37.63461538461539 1.4617090001702309
180000 441.8269230769231 441.8269230769231 62.19230769230769 0.6778846153846154 135.8653846153846 45.28846153846154 7.653846153846154 37.63461538461539 1.4669943004846573
182000 441.8269230769231 441.8269230769231 62.19230769230769 0.6778846153846154 135.8653846153846 45.28846153846154 7.653846153846154 37.63461538461539 1.3949696999043226
184000 441.8269230769231 441.8269230769231 62.19230769230769 0.6778846153846154 135.8653846153846 45.28846153846154 7.653846153846154 37.63461538461539 1.4680484998971224
186000 441.8269230769231 441.8269230769231 62.19230769230769 0.6778846153846154 135.8653846153846 45.28846153846154 7.653846153846154 37.63461538461539 1.4012225000187755
188000 441.8269230769231 441.8269230769231 62.19230769230769 0.6778846153846154 135.8653846153846 45.28846153846154 7.653846153846154 37.63461538461539 1.3623247994109988
190000 441.8269230769231 441.8269230769231 62.19230769230769 0.6778846153846154 135.8653846153846 45.28846153846154 7.653846153846154 37.63461538461539 1.4228961998596787
192000 441.8269230769231 441.8269230769231 62.19230769230769 0.6778846153846154 135.8653846153846 45.28846153846154 7.653846153846154 37.63461538461539 1.3818934001028538
194000 441.8269230769231 441.8269230769231 62.19230769230769 0.6778846153846154 135.8653846153846 45.28846153846154 7.653846153846154 37.63461538461539 1.376478100195527
196000 441.8269230769231 441.8269230769231 62.19230769230769 0.6778846153846154 135.8653846153846 45.28846153846154 7.653846153846154 37.63461538461539 1.4162796000018716
198000 441.8269230769231 441.8269230769231 62.19230769230769 0.6778846153846154 135.8653846153846 45.28846153846154 7.653846153846154 37.63461538461539 1.410373100079596
200000 441.8269230769231 441.8269230769231 62.19230769230769 0.6778846153846154 135.8653846153846 45.28846153846154 7.653846153846154 37.63461538461539 1.3563377996906638
202000 441.8269230769231 441.8269230769231 62.19230769230769 0.6778846153846154 135.8653846153846 45.28846153846154 7.653846153846154 37.63461538461539 1.3964261999353766
204000 441.8269230769231 441.8269230769231 62.19230769230769 0.6778846153846154 135.8653846153846 45.28846153846154 7.653846153846154 37.63461538461539 1.3739035995677114
206000 441.8269230769231 441.8269230769231 62.19230769230769 0.6778846153846154 135.8653846153846 45.28846153846154 7.653846153846154 37.63461538461539 1.361638800241053
208000 441.8269230769231 441.8269230769231 62.19230769230769 0.6778846153846154 135.8653846153846 45.28846153846154 7.653846153846154 37.63461538461539 1.4115174002945423
210000 441.8269230769231 441.8269230769231 62.19230769230769 0.6778846153846154 135.8653846153846 45.28846153846154 7.653846153846154 37.63461538461539 1.4035116005688906
212000 441.8269230769231 441.8269230769231 62.19230769230769 0.6778846153846154 135.8653846153846 45.28846153846154 7.653846153846154 37.63461538461539 1.5382278002798557
214000 441.8269230769231 441.8269230769231 62.19230769230769 0.6778846153846154 135.8653846153846 45.28846153846154 7.653846153846154 37.63461538461539 1.4068967998027802
216000 441.8269230769231 441.8269230769231 62.19230769230769 0.6778846153846154 135.8653846153846 45.28846153846154 7.653846153846154 37.63461538461539 1.5531021002680063
218000 441.8269230769231 441.8269230769231 62.19230769230769 0.6778846153846154 135.8653846153846 45.28846153846154 7.653846153846154 37.63461538461539 1.3950891001150012
220000 441.8269230769231 441.8269230769231 62.19230769230769 0.6778846153846154 135.8653846153846 45.28846153846154 7.653846153846154 37.63461538461539 1.383134599775076
222000 441.8269230769231 441.8269230769231 62.19230769230769 0.6778846153846154 135.8653846153846 45.28846153846154 7.653846153846154 37.63461538461539 1.4555986002087593
224000 441.8269230769231 441.8269230769231 62.19230769230769 0.6778846153846154 135.8653846153846 45.28846153846154 7.653846153846154 37.63461538461539 1.3541005002334714
226000 441.8269230769231 441.8269230769231 62.19230769230769 0.6778846153846154 135.8653846153846 45.28846153846154 7.653846153846154 37.63461538461539 1.3600898003205657
228000 441.8269230769231 441.8269230769231 62.19230769230769 0.6778846153846154 135.8653846153846 45.28846153846154 7.653846153846154 37.63461538461539 1.3692993996664882
230000 441.8269230769231 441.8269230769231 62.19230769230769 0.6778846153846154 135.8653846153846 45.28846153846154 7.653846153846154 37.63461538461539 1.364755199290812
232000 441.8269230769231 441.8269230769231 62.19230769230769 0.6778846153846154 135.8653846153846 45.28846153846154 7.653846153846154 37.63461538461539 1.3799692997708917
234000 441.8269230769231 441.8269230769231 62.19230769230769 0.6778846153846154 135.8653846153846 45.28846153846154 7.653846153846154 37.63461538461539 1.348126799799502
236000 441.8269230769231 441.8269230769231 62.19230769230769 0.6778846153846154 135.8653846153846 45.28846153846154 7.653846153846154 37.63461538461539 1.3276971001178026
238000 441.8269230769231 441.8269230769231 62.19230769230769 0.6778846153846154 135.8653846153846 45.28846153846154 7.653846153846154 37.63461538461539 1.4438223000615835
240000 441.8269230769231 441.8269230769231 62.19230769230769 0.6778846153846154 135.8653846153846 45.28846153846154 7.653846153846154 37.63461538461539 1.3403471000492573
242000 441.8269230769231 441.8269230769231 62.19230769230769 0.6778846153846154 135.8653846153846 45.28846153846154 7.653846153846154 37.63461538461539 1.3925024000927806
244000 441.8269230769231 441.8269230769231 62.19230769230769 0.6778846153846154 135.8653846153846 45.28846153846154 7.653846153846154 37.63461538461539 1.3555475994944572
246000 441.8269230769231 441.8269230769231 62.19230769230769 0.6778846153846154 135.8653846153846 45.28846153846154 7.653846153846154 37.63461538461539 1.3850747998803854
248000 441.8269230769231 441.8269230769231 62.19230769230769 0.6778846153846154 135.8653846153846 45.28846153846154 7.653846153846154 37.63461538461539 1.4840128999203444
250000 441.8269230769231 441.8269230769231 62.19230769230769 0.6778846153846154 135.8653846153846 45.28846153846154 7.653846153846154 37.63461538461539 1.390158200636506
252000 441.8269230769231 441.8269230769231 62.19230769230769 0.6778846153846154 135.8653846153846 45.28846153846154 7.653846153846154 37.63461538461539 1.4589868998154998
254000 441.8269230769231 441.8269230769231 62.19230769230769 0.6778846153846154 135.8653846153846 45.28846153846154 7.653846153846154 37.63461538461539 1.4878176003694534
256000 441.8269230769231 441.8269230769231 62.19230769230769 0.6778846153846154 135.8653846153846 45.28846153846154 7.653846153846154 37.63461538461539 1.4142950000241399
258000 441.8269230769231 441.8269230769231 62.19230769230769 0.6778846153846154 135.8653846153846 45.28846153846154 7.653846153846154 37.63461538461539 1.419464100152254
260000 441.8269230769231 441.8269230769231 62.19230769230769 0.6778846153846154 135.8653846153846 45.28846153846154 7.653846153846154 37.63461538461539 1.429985400289297
262000 441.8269230769231 441.8269230769231 62.19230769230769 0.6778846153846154 135.8653846153846 45.28846153846154 7.653846153846154 37.63461538461539 1.4894872000440955
264000 441.8269230769231 441.8269230769231 62.19230769230769 0.6778846153846154 135.8653846153846 45.28846153846154 7.653846153846154 37.63461538461539 1.3809064999222755
266000 441.8269230769231 441.8269230769231 62.19230769230769 0.6778846153846154 135.8653846153846 45.28846153846154 7.653846153846154 37.63461538461539 1.4127054000273347
268000 441.8269230769231 441.8269230769231 62.19230769230769 0.6778846153846154 135.8653846153846 45.28846153846154 7.653846153846154 37.63461538461539 1.496343799866736
270000 441.8269230769231 441.8269230769231 62.19230769230769 0.6778846153846154 135.8653846153846 45.28846153846154 7.653846153846154 37.63461538461539 1.523593700490892
272000 441.8269230769231 441.8269230769231 62.19230769230769 0.6778846153846154 135.8653846153846 45.28846153846154 7.653846153846154 37.63461538461539 1.394857699982822
274000 441.8269230769231 441.8269230769231 62.19230769230769 0.6778846153846154 135.8653846153846 45.28846153846154 7.653846153846154 37.63461538461539 1.4464670000597835
276000 441.8269230769231 441.8269230769231 62.19230769230769 0.6778846153846154 135.8653846153846 45.28846153846154 7.653846153846154 37.63461538461539 1.3896280005574226
278000 441.8269230769231 441.8269230769231 62.19230769230769 0.6778846153846154 135.8653846153846 45.28846153846154 7.653846153846154 37.63461538461539 1.3973315991461277
280000 441.8269230769231 441.8269230769231 62.19230769230769 0.6778846153846154 135.8653846153846 45.28846153846154 7.653846153846154 37.63461538461539 1.3776044994592667
282000 441.8269230769231 441.8269230769231 62.19230769230769 0.6778846153846154 135.8653846153846 45.28846153846154 7.653846153846154 37.63461538461539 1.398297599516809
284000 441.8269230769231 441.8269230769231 62.19230769230769 0.6778846153846154 135.8653846153846 45.28846153846154 7.653846153846154 37.63461538461539 1.4546835999935865
286000 441.8269230769231 441.8269230769231 62.19230769230769 0.6778846153846154 135.8653846153846 45.28846153846154 7.653846153846154 37.63461538461539 1.3676143996417522
288000 441.8269230769231 441.8269230769231 62.19230769230769 0.6778846153846154 135.8653846153846 45.28846153846154 7.653846153846154 37.63461538461539 1.4124396992847323
290000 441.8269230769231 441.8269230769231 62.19230769230769 0.6778846153846154 135.8653846153846 45.28846153846154 7.653846153846154 37.63461538461539 1.5006171995773911
292000 441.8269230769231 441.8269230769231 62.19230769230769 0.6778846153846154 135.8653846153846 45.28846153846154 7.653846153846154 37.63461538461539 1.4331768993288279
294000 441.8269230769231 441.8269230769231 62.19230769230769 0.6778846153846154 135.8653846153846 45.28846153846154 7.653846153846154 37.63461538461539 1.3817240996286273
296000 441.8269230769231 441.8269230769231 62.19230769230769 0.6778846153846154 135.8653846153846 45.28846153846154 7.653846153846154 37.63461538461539 1.5349134001880884
298000 441.8269230769231 441.8269230769231 62.19230769230769 0.6778846153846154 135.8653846153846 45.28846153846154 7.653846153846154 37.63461538461539 1.585138900205493
300000 441.8269230769231 441.8269230769231 62.19230769230769 0.6778846153846154 135.8653846153846 45.28846153846154 7.653846153846154 37.63461538461539 1.5366310002282262
302000 441.8269230769231 441.8269230769231 62.19230769230769 0.6778846153846154 135.8653846153846 45.28846153846154 7.653846153846154 37.63461538461539 1.3397880997508764
304000 441.8269230769231 441.8269230769231 62.19230769230769 0.6778846153846154 135.8653846153846 45.28846153846154 7.653846153846154 37.63461538461539 1.3683059997856617
306000 441.8269230769231 441.8269230769231 62.19230769230769 0.6778846153846154 135.8653846153846 45.28846153846154 7.653846153846154 37.63461538461539 1.38329999987036
308000 441.8269230769231 441.8269230769231 62.19230769230769 0.6778846153846154 135.8653846153846 45.28846153846154 7.653846153846154 37.63461538461539 1.408331399783492
310000 441.8269230769231 441.8269230769231 62.19230769230769 0.6778846153846154 135.8653846153846 45.28846153846154 7.653846153846154 37.63461538461539 1.4688543006777763
312000 441.46153846153845 441.46153846153845 62.19230769230769 0.6778846153846154 135.8653846153846 45.28846153846154 7.653846153846154 37.63461538461539 1.4677997007966042
314000 441.46153846153845 441.46153846153845 62.19230769230769 0.6778846153846154 135.8653846153846 45.28846153846154 7.653846153846154 37.63461538461539 1.3345170998945832
316000 441.46153846153845 441.46153846153845 62.19230769230769 0.6778846153846154 135.8653846153846 45.28846153846154 7.653846153846154 37.63461538461539 1.4041458992287517
318000 441.46153846153845 441.46153846153845 62.19230769230769 0.6778846153846154 135.8653846153846 45.28846153846154 7.653846153846154 37.63461538461539 1.3559590000659227
320000 441.46153846153845 441.46153846153845 62.19230769230769 0.6778846153846154 135.8653846153846 45.28846153846154 7.653846153846154 37.63461538461539 1.5072266003116965
322000 441.46153846153845 441.46153846153845 62.19230769230769 0.6778846153846154 135.8653846153846 45.28846153846154 7.653846153846154 37.63461538461539 1.511816599406302
324000 441.46153846153845 441.46153846153845 62.19230769230769 0.6778846153846154 135.8653846153846 45.28846153846154 7.653846153846154 37.63461538461539 1.3706510998308659
326000 441.46153846153845 441.46153846153845 62.19230769230769 0.6778846153846154 135.8653846153846 45.28846153846154 7.653846153846154 37.63461538461539 1.3798396000638604
328000 441.46153846153845 441.46153846153845 62.19230769230769 0.6778846153846154 135.8653846153846 45.28846153846154 7.653846153846154 37.63461538461539 1.3392184004187584
330000 441.46153846153845 441.46153846153845 62.19230769230769 0.6778846153846154 135.8653846153846 45.28846153846154 7.653846153846154 37.63461538461539 1.384324699640274
332000 441.46153846153845 441.46153846153845 62.19230769230769 0.6778846153846154 135.8653846153846 45.28846153846154 7.653846153846154 37.63461538461539 1.4324946999549866
334000 441.46153846153845 441.46153846153845 62.19230769230769 0.6778846153846154 135.8653846153846 45.28846153846154 7.653846153846154 37.63461538461539 1.4238515999168158
336000 441.46153846153845 441.46153846153845 62.19230769230769 0.6778846153846154 135.8653846153846 45.28846153846154 7.653846153846154 37.63461538461539 1.4177974006161094
338000 441.46153846153845 441.46153846153845 62.19230769230769 0.6778846153846154 135.8653846153846 45.28846153846154 7.653846153846154 37.63461538461539 1.3967151995748281
340000 441.46153846153845 441.46153846153845 62.19230769230769 0.6778846153846154 135.8653846153846 45.28846153846154 7.653846153846154 37.63461538461539 1.3438296997919679
342000 441.46153846153845 441.46153846153845 62.19230769230769 0.6778846153846154 135.8653846153846 45.28846153846154 7.653846153846154 37.63461538461539 1.3800296997651458
344000 441.46153846153845 441.46153846153845 62.19230769230769 0.6778846153846154 135.8653846153846 45.28846153846154 7.653846153846154 37.63461538461539 1.348913999274373
346000 441.46153846153845 441.46153846153845 62.19230769230769 0.6778846153846154 135.8653846153846 45.28846153846154 7.653846153846154 37.63461538461539 1.5426453994587064
348000 441.46153846153845 441.46153846153845 62.19230769230769 0.6778846153846154 135.8653846153846 45.28846153846154 7.653846153846154 37.63461538461539 1.4397056000307202
350000 441.46153846153845 441.46153846153845 62.19230769230769 0.6778846153846154 135.8653846153846 45.28846153846154 7.653846153846154 37.63461538461539 1.4654045002534986
352000 441.46153846153845 441.46153846153845 62.19230769230769 0.6778846153846154 135.8653846153846 45.28846153846154 7.653846153846154 37.63461538461539 1.485720799304545
354000 441.46153846153845 441.46153846153845 62.19230769230769 0.6778846153846154 135.8653846153846 45.28846153846154 7.653846153846154 37.63461538461539 1.4044599002227187
356000 441.46153846153845 441.46153846153845 62.19230769230769 0.6778846153846154 135.8653846153846 45.28846153846154 7.653846153846154 37.63461538461539 1.391291099600494
358000 441.46153846153845 441.46153846153845 62.19230769230769 0.6778846153846154 135.8653846153846 45.28846153846154 7.653846153846154 37.63461538461539 1.5368176000192761
360000 441.46153846153845 441.46153846153845 62.19230769230769 0.6778846153846154 135.8653846153846 45.28846153846154 7.653846153846154 37.63461538461539 1.3486564001068473
362000 441.46153846153845 441.46153846153845 62.19230769230769 0.6778846153846154 135.8653846153846 45.28846153846154 7.653846153846154 37.63461538461539 1.4764660997316241
364000 441.46153846153845 441.46153846153845 62.19230769230769 0.6778846153846154 135.8653846153846 45.28846153846154 7.653846153846154 37.63461538461539 1.4048763001337647
366000 441.46153846153845 441.46153846153845 62.19230769230769 0.6778846153846154 135.8653846153846 45.28846153846154 7.653846153846154 37.63461538461539 1.4593869000673294
368000 441.46153846153845 441.46153846153845 62.19230769230769 0.6778846153846154 135.8653846153846 45.28846153846154 7.653846153846154 37.63461538461539 1.3656013002619147
370000 441.46153846153845 441.46153846153845 62.19230769230769 0.6778846153846154 135.8653846153846 45.28846153846154 7.653846153846154 37.63461538461539 1.4107997007668018
372000 441.46153846153845 441.46153846153845 62.19230769230769 0.6778846153846154 135.8653846153846 45.28846153846154 7.653846153846154 37.63461538461539 1.507978199981153
374000 441.46153846153845 441.46153846153845 62.19230769230769 0.6778846153846154 135.8653846153846 45.28846153846154 7.653846153846154 37.63461538461539 1.454623299650848
376000 441.46153846153845 441.46153846153845 62.19230769230769 0.6778846153846154 135.8653846153846 45.28846153846154 7.653846153846154 37.63461538461539 1.35663599986583
378000 441.46153846153845 441.46153846153845 62.19230769230769 0.6778846153846154 135.8653846153846 45.28846153846154 7.653846153846154 37.63461538461539 1.3443247992545366
380000 441.46153846153845 441.46153846153845 62.19230769230769 0.6778846153846154 135.8653846153846 45.28846153846154 7.653846153846154 37.63461538461539 1.4317077994346619
382000 441.46153846153845 441.46153846153845 62.19230769230769 0.6778846153846154 135.8653846153846 45.28846153846154 7.653846153846154 37.63461538461539 1.445775100030005
384000 441.46153846153845 441.46153846153845 62.19230769230769 0.6778846153846154 135.8653846153846 45.28846153846154 7.653846153846154 37.63461538461539 1.3913533994928002
386000 441.46153846153845 441.46153846153845 62.19230769230769 0.6778846153846154 135.8653846153846 45.28846153846154 7.653846153846154 37.63461538461539 1.4667793000116944
388000 441.46153846153845 441.46153846153845 62.19230769230769 0.6778846153846154 135.8653846153846 45.28846153846154 7.653846153846154 37.63461538461539 1.4072475004941225
390000 441.46153846153845 441.46153846153845 62.19230769230769 0.6778846153846154 135.8653846153846 45.28846153846154 7.653846153846154 37.63461538461539 1.3092479007318616
392000 441.46153846153845 441.46153846153845 62.19230769230769 0.6778846153846154 135.8653846153846 45.28846153846154 7.653846153846154 37.63461538461539 1.3638428999111056
394000 441.46153846153845 441.46153846153845 62.19230769230769 0.6778846153846154 135.8653846153846 45.28846153846154 7.653846153846154 37.63461538461539 1.3804798005148768
396000 441.46153846153845 441.46153846153845 62.19230769230769 0.6778846153846154 135.8653846153846 45.28846153846154 7.653846153846154 37.63461538461539 1.3120344998314977
398000 441.46153846153845 441.46153846153845 62.19230769230769 0.6778846153846154 135.8653846153846 45.28846153846154 7.653846153846154 37.63461538461539 1.484060799703002
400000 441.46153846153845 441.46153846153845 62.19230769230769 0.6778846153846154 135.8653846153846 45.28846153846154 7.653846153846154 37.63461538461539 1.4740998996421695
402000 441.46153846153845 441.46153846153845 62.19230769230769 0.6778846153846154 135.8653846153846 45.28846153846154 7.653846153846154 37.63461538461539 1.5007780995219946
404000 441.46153846153845 441.46153846153845 62.19230769230769 0.6778846153846154 135.8653846153846 45.28846153846154 7.653846153846154 37.63461538461539 1.4937867000699043
406000 441.46153846153845 441.46153846153845 62.19230769230769 0.6778846153846154 135.8653846153846 45.28846153846154 7.653846153846154 37.63461538461539 1.4898911993950605
408000 441.46153846153845 441.46153846153845 62.19230769230769 0.6778846153846154 135.8653846153846 45.28846153846154 7.653846153846154 37.63461538461539 1.4836729001253843
410000 441.46153846153845 441.46153846153845 62.19230769230769 0.6778846153846154 135.8653846153846 45.28846153846154 7.653846153846154 37.63461538461539 1.5508588999509811
412000 441.46153846153845 441.46153846153845 62.19230769230769 0.6778846153846154 135.8653846153846 45.28846153846154 7.653846153846154 37.63461538461539 1.325963200069964
414000 441.46153846153845 441.46153846153845 62.19230769230769 0.6778846153846154 135.8653846153846 45.28846153846154 7.653846153846154 37.63461538461539 1.3758723000064492
416000 441.46153846153845 441.46153846153845 62.19230769230769 0.6778846153846154 135.8653846153846 45.28846153846154 7.653846153846154 37.63461538461539 1.4524309998378158
418000 441.46153846153845 441.46153846153845 62.19230769230769 0.6778846153846154 135.8653846153846 45.28846153846154 7.653846153846154 37.63461538461539 1.4691139999777079
420000 441.46153846153845 441.46153846153845 62.19230769230769 0.6778846153846154 135.8653846153846 45.28846153846154 7.653846153846154 37.63461538461539 1.3850839007645845
422000 441.46153846153845 441.46153846153845 62.19230769230769 0.6778846153846154 135.8653846153846 45.28846153846154 7.653846153846154 37.63461538461539 1.3605685997754335
424000 441.46153846153845 441.46153846153845 62.19230769230769 0.6778846153846154 135.8653846153846 45.28846153846154 7.653846153846154 37.63461538461539 1.390471700578928
426000 441.46153846153845 441.46153846153845 62.19230769230769 0.6778846153846154 135.8653846153846 45.28846153846154 7.653846153846154 37.63461538461539 1.31422929931432
428000 441.46153846153845 441.46153846153845 62.19230769230769 0.6778846153846154 135.8653846153846 45.28846153846154 7.653846153846154 37.63461538461539 1.4435211000964046
430000 441.46153846153845 441.46153846153845 62.19230769230769 0.6778846153846154 135.8653846153846 45.28846153846154 7.653846153846154 37.63461538461539 1.4145125998184085
432000 441.46153846153845 441.46153846153845 62.19230769230769 0.6778846153846154 135.8653846153846 45.28846153846154 7.653846153846154 37.63461538461539 1.4389039995148778
434000 441.46153846153845 441.46153846153845 62.19230769230769 0.6778846153846154 135.8653846153846 45.28846153846154 7.653846153846154 37.63461538461539 1.3208419000729918
436000 441.46153846153845 441.46153846153845 62.19230769230769 0.6778846153846154 135.8653846153846 45.28846153846154 7.653846153846154 37.63461538461539 1.3774709003046155
438000 441.46153846153845 441.46153846153845 62.19230769230769 0.6778846153846154 135.8653846153846 45.28846153846154 7.653846153846154 37.63461538461539 1.3191306004300714
440000 441.46153846153845 441.46153846153845 62.19230769230769 0.6778846153846154 135.8653846153846 45.28846153846154 7.653846153846154 37.63461538461539 1.4416626002639532
442000 441.46153846153845 441.46153846153845 62.19230769230769 0.6778846153846154 135.8653846153846 45.28846153846154 7.653846153846154 37.63461538461539 1.5278779994696379
444000 441.46153846153845 441.46153846153845 62.19230769230769 0.6778846153846154 135.8653846153846 45.28846153846154 7.653846153846154 37.63461538461539 1.4757789997383952
446000 441.46153846153845 441.46153846153845 62.19230769230769 0.6778846153846154 135.8653846153846 45.28846153846154 7.653846153846154 37.63461538461539 1.4558143001049757
448000 441.46153846153845 441.46153846153845 62.19230769230769 0.6778846153846154 135.8653846153846 45.28846153846154 7.653846153846154 37.63461538461539 1.45965959969908
450000 441.46153846153845 441.46153846153845 62.19230769230769 0.6778846153846154 135.8653846153846 45.28846153846154 7.653846153846154 37.63461538461539 1.5005291998386383
452000 441.46153846153845 441.46153846153845 62.19230769230769 0.6778846153846154 135.8653846153846 45.28846153846154 7.653846153846154 37.63461538461539 1.3741153003647923
454000 441.46153846153845 441.46153846153845 62.19230769230769 0.6778846153846154 135.8653846153846 45.28846153846154 7.653846153846154 37.63461538461539 1.5441745007410645
456000 441.46153846153845 441.46153846153845 62.19230769230769 0.6778846153846154 135.8653846153846 45.28846153846154 7.653846153846154 37.63461538461539 1.4758123001083732
458000 441.46153846153845 441.46153846153845 62.19230769230769 0.6778846153846154 135.8653846153846 45.28846153846154 7.653846153846154 37.63461538461539 1.483627500012517
460000 441.46153846153845 441.46153846153845 62.19230769230769 0.6778846153846154 135.8653846153846 45.28846153846154 7.653846153846154 37.63461538461539 1.3796691996976733
462000 441.46153846153845 441.46153846153845 62.19230769230769 0.6778846153846154 135.8653846153846 45.28846153846154 7.653846153846154 37.63461538461539 1.2951813004910946
464000 441.46153846153845 441.46153846153845 62.19230769230769 0.6778846153846154 135.8653846153846 45.28846153846154 7.653846153846154 37.63461538461539 1.4062230996787548
466000 441.46153846153845 441.46153846153845 62.19230769230769 0.6778846153846154 135.8653846153846 45.28846153846154 7.653846153846154 37.63461538461539 1.4847625996917486
468000 441.46153846153845 441.46153846153845 62.19230769230769 0.6778846153846154 135.8653846153846 45.28846153846154 7.653846153846154 37.63461538461539 1.315914100036025
470000 441.46153846153845 441.46153846153845 62.19230769230769 0.6778846153846154 135.8653846153846 45.28846153846154 7.653846153846154 37.63461538461539 1.3696230007335544
472000 441.46153846153845 441.46153846153845 62.19230769230769 0.6778846153846154 135.8653846153846 45.28846153846154 7.653846153846154 37.63461538461539 1.4533059997484088
474000 441.46153846153845 441.46153846153845 62.19230769230769 0.6778846153846154 135.8653846153846 45.28846153846154 7.653846153846154 37.63461538461539 1.3525079004466534
476000 441.46153846153845 441.46153846153845 62.19230769230769 0.6778846153846154 135.8653846153846 45.28846153846154 7.653846153846154 37.63461538461539 1.3112325994297862
478000 441.46153846153845 441.46153846153845 62.19230769230769 0.6778846153846154 135.8653846153846 45.28846153846154 7.653846153846154 37.63461538461539 1.4033353002741933
480000 441.46153846153845 441.46153846153845 62.19230769230769 0.6778846153846154 135.8653846153846 45.28846153846154 7.653846153846154 37.63461538461539 1.4694374008104205
482000 441.46153846153845 441.46153846153845 62.19230769230769 0.6778846153846154 135.8653846153846 45.28846153846154 7.653846153846154 37.63461538461539 1.4597517997026443
484000 441.46153846153845 441.46153846153845 62.19230769230769 0.6778846153846154 135.8653846153846 45.28846153846154 7.653846153846154 37.63461538461539 1.2798425005748868
486000 441.46153846153845 441.46153846153845 62.19230769230769 0.6778846153846154 135.8653846153846 45.28846153846154 7.653846153846154 37.63461538461539 1.2682162001729012
488000 441.46153846153845 441.46153846153845 62.19230769230769 0.6778846153846154 135.8653846153846 45.28846153846154 7.653846153846154 37.63461538461539 1.3128079995512962
490000 441.46153846153845 441.46153846153845 62.19230769230769 0.6778846153846154 135.8653846153846 45.28846153846154 7.653846153846154 37.63461538461539 1.2474969001486897
492000 441.46153846153845 441.46153846153845 62.19230769230769 0.6778846153846154 135.8653846153846 45.28846153846154 7.653846153846154 37.63461538461539 1.0260132998228073
494000 441.46153846153845 441.46153846153845 62.19230769230769 0.6778846153846154 135.8653846153846 45.28846153846154 7.653846153846154 37.63461538461539 0.9378948993980885
496000 441.46153846153845 441.46153846153845 62.19230769230769 0.6778846153846154 135.8653846153846 45.28846153846154 7.653846153846154 37.63461538461539 0.8987220004200935
498000 441.46153846153845 441.46153846153845 62.19230769230769 0.6778846153846154 135.8653846153846 45.28846153846154 7.653846153846154 37.63461538461539 0.7823325004428625
500000 441.46153846153845 441.46153846153845 62.19230769230769 0.6778846153846154 135.8653846153846 45.28846153846154 7.653846153846154 37.63461538461539 0.773603199981153
