2000 0.7592592592592593 -1.0 130.03703703703704 0.0 135.5185185185185 45.333333333333336 0.0 45.333333333333336 0.6045250995084643
4000 1.7962962962962963 0.5925925925925926 129.11111111111111 0.05709876543209876 135.5185185185185 45.333333333333336 0.0 45.333333333333336 1.000046300701797
6000 5.185185185185185 -1.0 127.55555555555556 0.1388888888888889 135.5185185185185 45.333333333333336 0.0 45.333333333333336 0.8784281993284822
8000 18.537037037037038 18.537037037037038 123.31481481481481 0.4243827160493826 135.5185185185185 45.333333333333336 0.0 45.333333333333336 1.3318215999752283
10000 35.53703703703704 35.53703703703704 120.9074074074074 0.5401234567901235 135.5185185185185 45.333333333333336 0.0 45.333333333333336 1.1304490994662046
12000 35.53703703703704 35.53703703703704 120.9074074074074 0.5401234567901235 135.5185185185185 45.333333333333336 0.0 45.333333333333336 1.1975426999852061
14000 35.53703703703704 35.53703703703704 120.9074074074074 0.5401234567901235 135.5185185185185 45.333333333333336 0.0 45.333333333333336 1.3194099999964237
16000 35.53703703703704 35.53703703703704 120.9074074074074 0.5401234567901235 135.5185185185185 45.333333333333336 0.0 45.333333333333336 1.4516246002167463
18000 35.74074074074074 35.74074074074074 120.9074074074074 0.5401234567901235 135.5185185185185 45.333333333333336 0.0 45.333333333333336 1.3549221996217966
20000 35.74074074074074 35.74074074074074 120.9074074074074 0.5401234567901235 135.5185185185185 45.333333333333336 0.0 45.333333333333336 1.479084599763155
22000 36.7962962962963 36.7962962962963 120.87037037037037 0.5401234567901235 135.5185185185185 45.333333333333336 0.0 45.333333333333336 1.40453390032053
24000 83.77777777777777 83.77777777777777 118.5 0.5756172839506173 135.5185185185185 45.333333333333336 0.018518518518518517 45.31481481481482 1.3591045998036861
26000 83.77777777777777 83.77777777777777 118.5 0.5756172839506173 135.5185185185185 45.333333333333336 0.018518518518518517 45.31481481481482 1.3806675001978874
28000 83.77777777777777 83.77777777777777 118.5 0.5756172839506173 135.5185185185185 45.333333333333336 0.018518518518518517 45.31481481481482 1.4624850004911423
30000 83.77777777777777 83.77777777777777 118.5 0.5756172839506173 135.5185185185185 45.333333333333336 0.018518518518518517 45.31481481481482 1.46973429992795
32000 83.77777777777777 83.77777777777777 118.5 0.5756172839506173 135.5185185185185 45.333333333333336 0.018518518518518517 45.31481481481482 1.3591670002788305
34000 83.77777777777777 83.77777777777777 118.5 0.5756172839506173 135.5185185185185 45.333333333333336 0.018518518518518517 45.31481481481482 1.3773134993389249
36000 83.77777777777777 83.77777777777777 118.5 0.5756172839506173 135.5185185185185 45.333333333333336 0.018518518518518517 45.31481481481482 1.3944837003946304
38000 83.87037037037037 83.87037037037037 118.48148148148148 0.5756172839506173 135.5185185185185 45.333333333333336 0.018518518518518517 45.31481481481482 1.4632732002064586
40000 83.87037037037037 83.87037037037037 118.48148148148148 0.5756172839506173 135.5185185185185 45.333333333333336 0.018518518518518517 45.31481481481482 1.4355913000181317
42000 84.5 84.5 118.46296296296296 0.5756172839506173 135.5185185185185 45.333333333333336 0.018518518518518517 45.31481481481482 1.3585075996816158
44000 84.5 84.5 118.46296296296296 0.5756172839506173 135.5185185185185 45.333333333333336 0.018518518518518517 45.31481481481482 1.4915188001468778
46000 84.5 84.5 118.46296296296296 0.5756172839506173 135.5185185185185 45.333333333333336 0.018518518518518517 45.31481481481482 1.4860273003578186
48000 84.5 84.5 118.46296296296296 0.5756172839506173 135.5185185185185 45.333333333333336 0.018518518518518517 45.31481481481482 1.5224385000765324
50000 84.5 84.5 118.46296296296296 0.5756172839506173 135.5185185185185 45.333333333333336 0.018518518518518517 45.31481481481482 1.6154235005378723
52000 84.5 84.5 118.46296296296296 0.5756172839506173 135.5185185185185 45.333333333333336 0.018518518518518517 45.31481481481482 1.5518837003037333
54000 84.5 84.5 118.46296296296296 0.5756172839506173 135.5185185185185 45.333333333333336 0.018518518518518517 45.31481481481482 1.5055066999047995
56000 84.5 84.5 118.46296296296296 0.5756172839506173 135.5185185185185 45.333333333333336 0.018518518518518517 45.31481481481482 1.406263300217688
58000 84.5 84.5 118.46296296296296 0.5756172839506173 135.5185185185185 45.333333333333336 0.018518518518518517 45.31481481481482 1.4053302006796002
60000 84.5 84.5 118.46296296296296 0.5756172839506173 135.5185185185185 45.333333333333336 0.018518518518518517 45.31481481481482 1.3994344994425774
62000 84.5 84.5 118.46296296296296 0.5756172839506173 135.5185185185185 45.333333333333336 0.018518518518518517 45.31481481481482 1.4939823001623154
64000 84.5 84.5 118.46296296296296 0.5756172839506173 135.5185185185185 45.333333333333336 0.018518518518518517 45.31481481481482 1.4640522003173828
66000 83.77777777777777 83.77777777777777 118.5 0.5756172839506173 135.5185185185185 45.333333333333336 0.018518518518518517 45.31481481481482 1.4049690002575517
68000 146.44444444444446 146.44444444444446 117.4074074074074 0.5632716049382714 135.5185185185185 45.333333333333336 0.018518518518518517 45.31481481481482 1.405562900006771
70000 146.44444444444446 146.44444444444446 117.4074074074074 0.5632716049382714 135.5185185185185 45.333333333333336 0.018518518518518517 45.31481481481482 1.402866099961102
72000 146.44444444444446 146.44444444444446 117.4074074074074 0.5632716049382714 135.5185185185185 45.333333333333336 0.018518518518518517 45.31481481481482 1.4311344996094704
74000 146.44444444444446 146.44444444444446 117.4074074074074 0.5632716049382714 135.5185185185185 45.333333333333336 0.018518518518518517 45.31481481481482 1.407770900055766
76000 263.75925925925924 263.75925925925924 116.92592592592592 0.5925925925925926 135.5185185185185 45.333333333333336 0.018518518518518517 45.31481481481482 1.4710293002426624
78000 246.92592592592592 228.55555555555554 117.14814814814815 0.5925925925925926 135.5185185185185 45.333333333333336 0.018518518518518517 45.31481481481482 1.5413909992203116
80000 246.92592592592592 228.55555555555554 117.14814814814815 0.5925925925925926 135.5185185185185 45.333333333333336 0.018518518518518517 45.31481481481482 1.3326356997713447
82000 246.92592592592592 228.55555555555554 117.14814814814815 0.5925925925925926 135.5185185185185 45.333333333333336 0.018518518518518517 45.31481481481482 1.4191346000880003
84000 241.3148148148148 216.38888888888889 117.14814814814815 0.5864197530864197 135.5185185185185 45.333333333333336 0.018518518518518517 45.31481481481482 1.3001382993534207
86000 246.92592592592592 228.55555555555554 117.14814814814815 0.5925925925925926 135.5185185185185 45.333333333333336 0.018518518518518517 45.31481481481482 1.4088004995137453
88000 241.3148148148148 216.38888888888889 117.14814814814815 0.5864197530864197 135.5185185185185 45.333333333333336 0.018518518518518517 45.31481481481482 1.5097468998283148
90000 241.3148148148148 216.38888888888889 117.14814814814815 0.5864197530864197 135.5185185185185 45.333333333333336 0.018518518518518517 45.31481481481482 1.3813356002792716
92000 241.3148148148148 216.38888888888889 117.14814814814815 0.5864197530864197 135.5185185185185 45.333333333333336 0.018518518518518517 45.31481481481482 1.496832700446248
94000 241.3148148148148 216.38888888888889 117.14814814814815 0.5864197530864197 135.5185185185185 45.333333333333336 0.018518518518518517 45.31481481481482 1.5631046993657947
96000 241.3148148148148 216.38888888888889 117.14814814814815 0.5864197530864197 135.5185185185185 45.333333333333336 0.018518518518518517 45.31481481481482 1.4190420005470514
98000 241.3148148148148 216.38888888888889 117.14814814814815 0.5864197530864197 135.5185185185185 45.333333333333336 0.018518518518518517 45.31481481481482 1.4051891006529331
100000 241.3148148148148 216.38888888888889 117.14814814814815 0.5864197530864197 135.5185185185185 45.333333333333336 0.018518518518518517 45.31481481481482 1.4833487998694181
102000 241.3148148148148 216.38888888888889 117.14814814814815 0.5864197530864197 135.5185185185185 45.333333333333336 0.018518518518518517 45.31481481481482 1.4189553996548057
104000 241.3148148148148 216.38888888888889 117.14814814814815 0.5864197530864197 135.5185185185185 45.333333333333336 0.018518518518518517 45.31481481481482 1.4465041998773813
106000 241.3148148148148 216.38888888888889 117.14814814814815 0.5864197530864197 135.5185185185185 45.333333333333336 0.018518518518518517 45.31481481481482 1.4268193002790213
108000 241.3148148148148 216.38888888888889 117.14814814814815 0.5864197530864197 135.5185185185185 45.333333333333336 0.018518518518518517 45.31481481481482 1.4353369995951653
110000 241.3148148148148 216.38888888888889 117.14814814814815 0.5864197530864197 135.5185185185185 45.333333333333336 0.018518518518518517 45.31481481481482 1.409208900295198
112000 247.6851851851852 216.38888888888889 117.0925925925926 0.5864197530864197 135.5185185185185 45.333333333333336 0.018518518518518517 45.31481481481482 1.4220468001440167
114000 247.6851851851852 216.38888888888889 117.0925925925926 0.5864197530864197 135.5185185185185 45.333333333333336 0.018518518518518517 45.31481481481482 1.4709776993840933
116000 247.6851851851852 216.38888888888889 117.0925925925926 0.5864197530864197 135.5185185185185 45.333333333333336 0.018518518518518517 45.31481481481482 1.4068225007504225
118000 251.4814814814815 225.5 117.07407407407408 0.5864197530864197 135.5185185185185 45.333333333333336 0.018518518518518517 45.31481481481482 1.375067099928856
120000 263.75925925925924 261.8703703703704 116.92592592592592 0.5925925925925926 135.5185185185185 45.333333333333336 0.018518518518518517 45.31481481481482 1.4050250006839633
122000 263.75925925925924 261.8703703703704 116.92592592592592 0.5925925925925926 135.5185185185185 45.333333333333336 0.018518518518518517 45.31481481481482 1.3510162001475692
124000 263.75925925925924 261.8703703703704 116.92592592592592 0.5925925925925926 135.5185185185185 45.333333333333336 0.018518518518518517 45.31481481481482 1.4687225008383393
126000 263.75925925925924 263.75925925925924 116.92592592592592 0.5925925925925926 135.5185185185185 45.333333333333336 0.018518518518518517 45.31481481481482 1.4224501000717282
128000 263.75925925925924 263.75925925925924 116.92592592592592 0.5925925925925926 135.5185185185185 45.333333333333336 0.018518518518518517 45.31481481481482 1.6406523995101452
130000 263.75925925925924 263.75925925925924 116.92592592592592 0.5925925925925926 135.5185185185185 45.333333333333336 0.018518518518518517 45.31481481481482 1.5456125000491738
132000 263.75925925925924 263.75925925925924 116.92592592592592 0.5925925925925926 135.5185185185185 45.333333333333336 0.018518518518518517 45.31481481481482 1.480031999759376
134000 263.75925925925924 263.75925925925924 116.92592592592592 0.5925925925925926 135.5185185185185 45.333333333333336 0.018518518518518517 45.31481481481482 1.4444513004273176
136000 263.75925925925924 263.75925925925924 116.92592592592592 0.5925925925925926 135.5185185185185 45.333333333333336 0.018518518518518517 45.31481481481482 1.4116669995710254
138000 263.75925925925924 261.8703703703704 116.92592592592592 0.5925925925925926 135.5185185185185 45.333333333333336 0.018518518518518517 45.31481481481482 1.3765040002763271
140000 263.75925925925924 261.8703703703704 116.92592592592592 0.5925925925925926 135.5185185185185 45.333333333333336 0.018518518518518517 45.31481481481482 1.4419807000085711
142000 263.75925925925924 261.8703703703704 116.92592592592592 0.5925925925925926 135.5185185185185 45.333333333333336 0.018518518518518517 45.31481481481482 1.4716942999511957
144000 263.75925925925924 261.8703703703704 116.92592592592592 0.5925925925925926 135.5185185185185 45.333333333333336 0.018518518518518517 45.31481481481482 1.4014742001891136
146000 263.75925925925924 261.8703703703704 116.92592592592592 0.5925925925925926 135.5185185185185 45.333333333333336 0.018518518518518517 45.31481481481482 1.6149943005293608
148000 263.75925925925924 261.8703703703704 116.92592592592592 0.5925925925925926 135.5185185185185 45.333333333333336 0.018518518518518517 45.31481481481482 1.4500825004652143
150000 263.75925925925924 263.75925925925924 116.92592592592592 0.5925925925925926 135.5185185185185 45.333333333333336 0.018518518518518517 45.31481481481482 1.400810799561441
152000 263.75925925925924 261.8703703703704 116.92592592592592 0.5925925925925926 135.5185185185185 45.333333333333336 0.018518518518518517 45.31481481481482 1.447605099529028
154000 263.75925925925924 263.75925925925924 116.92592592592592 0.5925925925925926 135.5185185185185 45.333333333333336 0.018518518518518517 45.31481481481482 1.4163231998682022
156000 263.75925925925924 261.8703703703704 116.92592592592592 0.5925925925925926 135.5185185185185 45.333333333333336 0.018518518518518517 45.31481481481482 1.4397948002442718
158000 263.75925925925924 261.8703703703704 116.92592592592592 0.5925925925925926 135.5185185185185 45.333333333333336 0.018518518518518517 45.31481481481482 1.5013318005949259
160000 263.75925925925924 261.8703703703704 116.92592592592592 0.5925925925925926 135.5185185185185 45.333333333333336 0.018518518518518517 45.31481481481482 1.4601923003792763
162000 263.75925925925924 261.8703703703704 116.92592592592592 0.5925925925925926 135.5185185185185 45.333333333333336 0.018518518518518517 45.31481481481482 1.4951118994504213
164000 263.75925925925924 261.8703703703704 116.92592592592592 0.5925925925925926 135.5185185185185 45.333333333333336 0.018518518518518517 45.31481481481482 1.53798389993608
166000 263.75925925925924 261.8703703703704 116.92592592592592 0.5925925925925926 135.5185185185185 45.333333333333336 0.018518518518518517 45.31481481481482 1.3628383995965123
168000 263.75925925925924 261.8703703703704 116.92592592592592 0.5925925925925926 135.5185185185185 45.333333333333336 0.018518518518518517 45.31481481481482 1.3909533005207777
170000 263.75925925925924 261.8703703703704 116.92592592592592 0.5925925925925926 135.5185185185185 45.333333333333336 0.018518518518518517 45.31481481481482 1.4292550003156066
172000 263.75925925925924 261.8703703703704 116.92592592592592 0.5925925925925926 135.5185185185185 45.333333333333336 0.018518518518518517 45.31481481481482 1.5112409004941583
174000 263.75925925925924 261.8703703703704 116.92592592592592 0.5925925925925926 135.5185185185185 45.333333333333336 0.018518518518518517 45.31481481481482 1.439185899682343
176000 263.75925925925924 261.8703703703704 116.92592592592592 0.5925925925925926 135.5185185185185 45.333333333333336 0.018518518518518517 45.31481481481482 1.4728537993505597
178000 263.75925925925924 261.8703703703704 116.92592592592592 0.5925925925925926 135.5185185185185 45.333333333333336 0.018518518518518517 45.31481481481482 1.4195988001301885
180000 263.75925925925924 261.8703703703704 116.92592592592592 0.5925925925925926 135.5185185185185 45.333333333333336 0.018518518518518517 45.31481481481482 1.4924395997077227
182000 263.75925925925924 261.8703703703704 116.92592592592592 0.5925925925925926 135.5185185185185 45.333333333333336 0.018518518518518517 45.31481481481482 1.4061398999765515
184000 263.75925925925924 261.8703703703704 116.92592592592592 0.5925925925925926 135.5185185185185 45.333333333333336 0.018518518518518517 45.31481481481482 1.5216514999046922
186000 263.75925925925924 261.8703703703704 116.92592592592592 0.5925925925925926 135.5185185185185 45.333333333333336 0.018518518518518517 45.31481481481482 1.4385126000270247
188000 263.75925925925924 261.8703703703704 116.92592592592592 0.5925925925925926 135.5185185185185 45.333333333333336 0.018518518518518517 45.31481481481482 1.4621835993602872
190000 263.75925925925924 263.75925925925924 116.92592592592592 0.5925925925925926 135.5185185185185 45.333333333333336 0.018518518518518517 45.31481481481482 1.4276341991499066
192000 263.75925925925924 261.8703703703704 116.92592592592592 0.5925925925925926 135.5185185185185 45.333333333333336 0.018518518518518517 45.31481481481482 1.5070118997246027
194000 263.75925925925924 261.8703703703704 116.92592592592592 0.5925925925925926 135.5185185185185 45.333333333333336 0.018518518518518517 45.31481481481482 1.4845850002020597
196000 263.75925925925924 261.8703703703704 116.92592592592592 0.5925925925925926 135.5185185185185 45.333333333333336 0.018518518518518517 45.31481481481482 1.461391200311482
198000 263.75925925925924 261.8703703703704 116.92592592592592 0.5925925925925926 135.5185185185185 45.333333333333336 0.018518518518518517 45.31481481481482 1.445919900201261
200000 263.75925925925924 261.8703703703704 116.92592592592592 0.5925925925925926 135.5185185185185 45.333333333333336 0.018518518518518517 45.31481481481482 1.5153684001415968
202000 263.75925925925924 261.8703703703704 116.92592592592592 0.5925925925925926 135.5185185185185 45.333333333333336 0.018518518518518517 45.31481481481482 1.4878930002450943
204000 263.75925925925924 261.8703703703704 116.92592592592592 0.5925925925925926 135.5185185185185 45.333333333333336 0.018518518518518517 45.31481481481482 1.3898369008675218
206000 263.75925925925924 261.8703703703704 116.92592592592592 0.5925925925925926 135.5185185185185 45.333333333333336 0.018518518518518517 45.31481481481482 1.429673899896443
208000 263.75925925925924 261.8703703703704 116.92592592592592 0.5925925925925926 135.5185185185185 45.333333333333336 0.018518518518518517 45.31481481481482 1.4004242001101375
210000 263.75925925925924 261.8703703703704 116.92592592592592 0.5925925925925926 135.5185185185185 45.333333333333336 0.018518518518518517 45.31481481481482 1.3919291999191046
212000 263.75925925925924 261.8703703703704 116.92592592592592 0.5925925925925926 135.5185185185185 45.333333333333336 0.018518518518518517 45.31481481481482 1.621090400032699
214000 263.75925925925924 261.8703703703704 116.92592592592592 0.5925925925925926 135.5185185185185 45.333333333333336 0.018518518518518517 45.31481481481482 1.4463763991370797
216000 263.75925925925924 261.8703703703704 116.92592592592592 0.5925925925925926 135.5185185185185 45.333333333333336 0.018518518518518517 45.31481481481482 1.3993052002042532
218000 263.75925925925924 261.8703703703704 116.92592592592592 0.5925925925925926 135.5185185185185 45.333333333333336 0.018518518518518517 45.31481481481482 1.4369561998173594
220000 263.75925925925924 261.8703703703704 116.92592592592592 0.5925925925925926 135.5185185185185 45.333333333333336 0.018518518518518517 45.31481481481482 1.3718522004783154
222000 263.75925925925924 261.8703703703704 116.92592592592592 0.5925925925925926 135.5185185185185 45.333333333333336 0.018518518518518517 45.31481481481482 1.445473799481988
224000 263.75925925925924 261.8703703703704 116.92592592592592 0.5925925925925926 135.5185185185185 45.333333333333336 0.018518518518518517 45.31481481481482 1.4819320999085903
226000 263.75925925925924 261.8703703703704 116.92592592592592 0.5925925925925926 135.5185185185185 45.333333333333336 0.018518518518518517 45.31481481481482 1.466206599958241
228000 263.75925925925924 261.8703703703704 116.92592592592592 0.5925925925925926 135.5185185185185 45.333333333333336 0.018518518518518517 45.31481481481482 1.459115699864924
230000 263.75925925925924 261.8703703703704 116.92592592592592 0.5925925925925926 135.5185185185185 45.333333333333336 0.018518518518518517 45.31481481481482 1.4307127995416522
232000 263.75925925925924 261.8703703703704 116.92592592592592 0.5925925925925926 135.5185185185185 45.333333333333336 0.018518518518518517 45.31481481481482 1.4317103000357747
234000 263.75925925925924 261.8703703703704 116.92592592592592 0.5925925925925926 135.5185185185185 45.333333333333336 0.018518518518518517 45.31481481481482 1.4241442997008562
236000 263.75925925925924 261.8703703703704 116.92592592592592 0.5925925925925926 135.5185185185185 45.333333333333336 0.018518518518518517 45.31481481481482 1.449559399858117
238000 263.75925925925924 261.8703703703704 116.92592592592592 0.5925925925925926 135.5185185185185 45.333333333333336 0.018518518518518517 45.31481481481482 1.4251247998327017
240000 263.75925925925924 261.8703703703704 116.92592592592592 0.5925925925925926 135.5185185185185 45.333333333333336 0.018518518518518517 45.31481481481482 1.550760000012815
242000 263.75925925925924 261.8703703703704 116.92592592592592 0.5925925925925926 135.5185185185185 45.333333333333336 0.018518518518518517 45.31481481481482 1.4489531004801393
244000 263.75925925925924 261.8703703703704 116.92592592592592 0.5925925925925926 135.5185185185185 45.333333333333336 0.018518518518518517 45.31481481481482 1.3821659004315734
246000 263.75925925925924 261.8703703703704 116.92592592592592 0.5925925925925926 135.5185185185185 45.333333333333336 0.018518518518518517 45.31481481481482 1.4117242004722357
248000 263.75925925925924 261.8703703703704 116.92592592592592 0.5925925925925926 135.5185185185185 45.333333333333336 0.018518518518518517 45.31481481481482 1.3218055991455913
250000 263.75925925925924 261.8703703703704 116.92592592592592 0.5925925925925926 135.5185185185185 45.333333333333336 0.018518518518518517 45.31481481481482 1.506593500263989
252000 263.75925925925924 261.8703703703704 116.92592592592592 0.5925925925925926 135.5185185185185 45.333333333333336 0.018518518518518517 45.31481481481482 1.4281231993809342
254000 263.75925925925924 261.8703703703704 116.92592592592592 0.5925925925925926 135.5185185185185 45.333333333333336 0.018518518518518517 45.31481481481482 1.435308599844575
256000 263.75925925925924 261.8703703703704 116.92592592592592 0.5925925925925926 135.5185185185185 45.333333333333336 0.018518518518518517 45.31481481481482 1.5360640995204449
258000 263.75925925925924 261.8703703703704 116.92592592592592 0.5925925925925926 135.5185185185185 45.333333333333336 0.018518518518518517 45.31481481481482 1.5269977999851108
260000 263.75925925925924 261.8703703703704 116.92592592592592 0.5925925925925926 135.5185185185185 45.333333333333336 0.018518518518518517 45.31481481481482 1.4499921007081866
262000 263.75925925925924 261.8703703703704 116.92592592592592 0.5925925925925926 135.5185185185185 45.333333333333336 0.018518518518518517 45.31481481481482 1.4736972004175186
264000 263.75925925925924 261.8703703703704 116.92592592592592 0.5925925925925926 135.5185185185185 45.333333333333336 0.018518518518518517 45.31481481481482 1.4842126993462443
266000 263.75925925925924 261.8703703703704 116.92592592592592 0.5925925925925926 135.5185185185185 45.333333333333336 0.018518518518518517 45.31481481481482 1.39181839954108
268000 263.75925925925924 261.8703703703704 116.92592592592592 0.5925925925925926 135.5185185185185 45.333333333333336 0.018518518518518517 45.31481481481482 1.4018272003158927
270000 263.75925925925924 261.8703703703704 116.92592592592592 0.5925925925925926 135.5185185185185 45.333333333333336 0.018518518518518517 45.31481481481482 1.4210651004686952
272000 263.75925925925924 261.8703703703704 116.92592592592592 0.5925925925925926 135.5185185185185 45.333333333333336 0.018518518518518517 45.31481481481482 1.414006699807942
274000 263.75925925925924 261.8703703703704 116.92592592592592 0.5925925925925926 135.5185185185185 45.333333333333336 0.018518518518518517 45.31481481481482 1.3849776005372405
276000 263.75925925925924 261.8703703703704 116.92592592592592 0.5925925925925926 135.5185185185185 45.333333333333336 0.018518518518518517 45.31481481481482 1.3665704000741243
278000 263.75925925925924 261.8703703703704 116.92592592592592 0.5925925925925926 135.5185185185185 45.333333333333336 0.018518518518518517 45.31481481481482 1.4518617996945977
280000 263.75925925925924 261.8703703703704 116.92592592592592 0.5925925925925926 135.5185185185185 45.333333333333336 0.018518518518518517 45.31481481481482 1.4944305997341871
282000 263.75925925925924 261.8703703703704 116.92592592592592 0.5925925925925926 135.5185185185185 45.333333333333336 0.018518518518518517 45.31481481481482 1.4088864997029305
284000 263.75925925925924 261.8703703703704 116.92592592592592 0.5925925925925926 135.5185185185185 45.333333333333336 0.018518518518518517 45.31481481481482 1.4854841995984316
286000 263.75925925925924 261.8703703703704 116.92592592592592 0.5925925925925926 135.5185185185185 45.333333333333336 0.018518518518518517 45.31481481481482 1.3263921001926064
288000 263.75925925925924 261.8703703703704 116.92592592592592 0.5925925925925926 135.5185185185185 45.333333333333336 0.018518518518518517 45.31481481481482 1.528804900124669
290000 263.75925925925924 261.8703703703704 116.92592592592592 0.5925925925925926 135.5185185185185 45.333333333333336 0.018518518518518517 45.31481481481482 1.4995170002803206
292000 263.75925925925924 261.8703703703704 116.92592592592592 0.5925925925925926 135.5185185185185 45.333333333333336 0.018518518518518517 45.31481481481482 1.5768136996775866
294000 263.75925925925924 261.8703703703704 116.92592592592592 0.5925925925925926 135.5185185185185 45.333333333333336 0.018518518518518517 45.31481481481482 1.4690734995529056
296000 263.75925925925924 261.8703703703704 116.92592592592592 0.5925925925925926 135.5185185185185 45.333333333333336 0.018518518518518517 45.31481481481482 1.3356277998536825
298000 263.75925925925924 261.8703703703704 116.92592592592592 0.5925925925925926 135.5185185185185 45.333333333333336 0.018518518518518517 45.31481481481482 1.40600819978863
300000 263.75925925925924 261.8703703703704 116.92592592592592 0.5925925925925926 135.5185185185185 45.333333333333336 0.018518518518518517 45.31481481481482 1.4534716000780463
302000 263.75925925925924 261.8703703703704 116.92592592592592 0.5925925925925926 135.5185185185185 45.333333333333336 0.018518518518518517 45.31481481481482 1.3626461997628212
304000 263.75925925925924 261.8703703703704 116.92592592592592 0.5925925925925926 135.5185185185185 45.333333333333336 0.018518518518518517 45.31481481481482 1.4381797993555665
306000 263.75925925925924 261.8703703703704 116.92592592592592 0.5925925925925926 135.5185185185185 45.333333333333336 0.018518518518518517 45.31481481481482 1.4053189996629953
308000 263.75925925925924 261.8703703703704 116.92592592592592 0.5925925925925926 135.5185185185185 45.333333333333336 0.018518518518518517 45.31481481481482 1.423811299726367
310000 263.75925925925924 261.8703703703704 116.92592592592592 0.5925925925925926 135.5185185185185 45.333333333333336 0.018518518518518517 45.31481481481482 1.3738759001716971
312000 263.75925925925924 261.8703703703704 116.92592592592592 0.5925925925925926 135.5185185185185 45.333333333333336 0.018518518518518517 45.31481481481482 1.4107985999435186
314000 263.75925925925924 261.8703703703704 116.92592592592592 0.5925925925925926 135.5185185185185 45.333333333333336 0.018518518518518517 45.31481481481482 1.4174820994958282
316000 263.75925925925924 261.8703703703704 116.92592592592592 0.5925925925925926 135.5185185185185 45.333333333333336 0.018518518518518517 45.31481481481482 1.3814457999542356
318000 263.75925925925924 261.8703703703704 116.92592592592592 0.5925925925925926 135.5185185185185 45.333333333333336 0.018518518518518517 45.31481481481482 1.347659700550139
320000 263.75925925925924 261.8703703703704 116.92592592592592 0.5925925925925926 135.5185185185185 45.333333333333336 0.018518518518518517 45.31481481481482 1.4461404997855425
322000 263.75925925925924 261.8703703703704 116.92592592592592 0.5925925925925926 135.5185185185185 45.333333333333336 0.018518518518518517 45.31481481481482 1.5278781997039914
324000 263.75925925925924 261.8703703703704 116.92592592592592 0.5925925925925926 135.5185185185185 45.333333333333336 0.018518518518518517 45.31481481481482 1.3635618994012475
326000 263.75925925925924 261.8703703703704 116.92592592592592 0.5925925925925926 135.5185185185185 45.333333333333336 0.018518518518518517 45.31481481481482 1.4161598002538085
328000 263.75925925925924 261.8703703703704 116.92592592592592 0.5925925925925926 135.5185185185185 45.333333333333336 0.018518518518518517 45.31481481481482 1.4397110994905233
330000 263.75925925925924 261.8703703703704 116.92592592592592 0.5925925925925926 135.5185185185185 45.333333333333336 0.018518518518518517 45.31481481481482 1.5745769999921322
332000 263.75925925925924 261.8703703703704 116.92592592592592 0.5925925925925926 135.5185185185185 45.333333333333336 0.018518518518518517 45.31481481481482 1.521688099950552
334000 263.75925925925924 261.8703703703704 116.92592592592592 0.5925925925925926 135.5185185185185 45.333333333333336 0.018518518518518517 45.31481481481482 1.594785800203681
336000 263.75925925925924 261.8703703703704 116.92592592592592 0.5925925925925926 135.5185185185185 45.333333333333336 0.018518518518518517 45.31481481481482 1.5840014005079865
338000 263.75925925925924 261.8703703703704 116.92592592592592 0.5925925925925926 135.5185185185185 45.333333333333336 0.018518518518518517 45.31481481481482 1.4959768000990152
340000 263.75925925925924 261.8703703703704 116.92592592592592 0.5925925925925926 135.5185185185185 45.333333333333336 0.018518518518518517 45.31481481481482 1.432668600231409
342000 263.75925925925924 261.8703703703704 116.92592592592592 0.5925925925925926 135.5185185185185 45.333333333333336 0.018518518518518517 45.31481481481482 1.3748851995915174
344000 263.75925925925924 261.8703703703704 116.92592592592592 0.5925925925925926 135.5185185185185 45.333333333333336 0.018518518518518517 45.31481481481482 1.450296999886632
346000 263.75925925925924 261.8703703703704 116.92592592592592 0.5925925925925926 135.5185185185185 45.333333333333336 0.018518518518518517 45.31481481481482 1.3638402000069618
348000 263.75925925925924 261.8703703703704 116.92592592592592 0.5925925925925926 135.5185185185185 45.333333333333336 0.018518518518518517 45.31481481481482 1.4613299993798137
350000 263.75925925925924 261.8703703703704 116.92592592592592 0.5925925925925926 135.5185185185185 45.333333333333336 0.018518518518518517 45.31481481481482 1.5327793005853891
352000 263.75925925925924 261.8703703703704 116.92592592592592 0.5925925925925926 135.5185185185185 45.333333333333336 0.018518518518518517 45.31481481481482 1.4407893000170588
354000 263.75925925925924 261.8703703703704 116.92592592592592 0.5925925925925926 135.5185185185185 45.333333333333336 0.018518518518518517 45.31481481481482 1.5571983996778727
356000 263.75925925925924 261.8703703703704 116.92592592592592 0.5925925925925926 135.5185185185185 45.333333333333336 0.018518518518518517 45.31481481481482 1.609102699905634
358000 263.75925925925924 261.8703703703704 116.92592592592592 0.5925925925925926 135.5185185185185 45.333333333333336 0.018518518518518517 45.31481481481482 1.5101580005139112
360000 263.75925925925924 261.8703703703704 116.92592592592592 0.5925925925925926 135.5185185185185 45.333333333333336 0.018518518518518517 45.31481481481482 1.425360799767077
362000 263.75925925925924 261.8703703703704 116.92592592592592 0.5925925925925926 135.5185185185185 45.333333333333336 0.018518518518518517 45.31481481481482 1.3578725000843406
364000 263.75925925925924 261.8703703703704 116.92592592592592 0.5925925925925926 135.5185185185185 45.333333333333336 0.018518518518518517 45.31481481481482 1.5112006003037095
366000 263.75925925925924 261.8703703703704 116.92592592592592 0.5925925925925926 135.5185185185185 45.333333333333336 0.018518518518518517 45.31481481481482 1.522961700335145
368000 263.75925925925924 261.8703703703704 116.92592592592592 0.5925925925925926 135.5185185185185 45.333333333333336 0.018518518518518517 45.31481481481482 1.388554299250245
370000 263.75925925925924 261.8703703703704 116.92592592592592 0.5925925925925926 135.5185185185185 45.333333333333336 0.018518518518518517 45.31481481481482 1.431204599328339
372000 263.75925925925924 261.8703703703704 116.92592592592592 0.5925925925925926 135.5185185185185 45.333333333333336 0.018518518518518517 45.31481481481482 1.592960599809885
374000 263.75925925925924 261.8703703703704 116.92592592592592 0.5925925925925926 135.5185185185185 45.333333333333336 0.018518518518518517 45.31481481481482 1.5526399994269013
376000 263.75925925925924 261.8703703703704 116.92592592592592 0.5925925925925926 135.5185185185185 45.333333333333336 0.018518518518518517 45.31481481481482 1.4273818004876375
378000 263.75925925925924 261.8703703703704 116.92592592592592 0.5925925925925926 135.5185185185185 45.333333333333336 0.018518518518518517 45.31481481481482 1.4030774999409914
380000 263.75925925925924 261.8703703703704 116.92592592592592 0.5925925925925926 135.5185185185185 45.333333333333336 0.018518518518518517 45.31481481481482 1.6660468997433782
382000 263.75925925925924 261.8703703703704 116.92592592592592 0.5925925925925926 135.5185185185185 45.333333333333336 0.018518518518518517 45.31481481481482 1.4560430003330112
384000 263.75925925925924 261.8703703703704 116.92592592592592 0.5925925925925926 135.5185185185185 45.333333333333336 0.018518518518518517 45.31481481481482 1.4495551995933056
386000 263.75925925925924 261.8703703703704 116.92592592592592 0.5925925925925926 135.5185185185185 45.333333333333336 0.018518518518518517 45.31481481481482 1.501824900507927
388000 263.75925925925924 261.8703703703704 116.92592592592592 0.5925925925925926 135.5185185185185 45.333333333333336 0.018518518518518517 45.31481481481482 1.4752390002831817
390000 263.75925925925924 261.8703703703704 116.92592592592592 0.5925925925925926 135.5185185185185 45.333333333333336 0.018518518518518517 45.31481481481482 1.4198636002838612
392000 263.75925925925924 261.8703703703704 116.92592592592592 0.5925925925925926 135.5185185185185 45.333333333333336 0.018518518518518517 45.31481481481482 1.4369447994977236
394000 263.75925925925924 261.8703703703704 116.92592592592592 0.5925925925925926 135.5185185185185 45.333333333333336 0.018518518518518517 45.31481481481482 1.5570044005289674
396000 263.75925925925924 261.8703703703704 116.92592592592592 0.5925925925925926 135.5185185185185 45.333333333333336 0.018518518518518517 45.31481481481482 1.384000800549984
398000 263.75925925925924 261.8703703703704 116.92592592592592 0.5925925925925926 135.5185185185185 45.333333333333336 0.018518518518518517 45.31481481481482 1.4102939004078507
400000 263.75925925925924 261.8703703703704 116.92592592592592 0.5925925925925926 135.5185185185185 45.333333333333336 0.018518518518518517 45.31481481481482 1.4363253004848957
402000 263.75925925925924 261.8703703703704 116.92592592592592 0.5925925925925926 135.5185185185185 45.333333333333336 0.018518518518518517 45.31481481481482 1.4815758001059294
404000 263.75925925925924 261.8703703703704 116.92592592592592 0.5925925925925926 135.5185185185185 45.333333333333336 0.018518518518518517 45.31481481481482 1.3931315001100302
406000 263.75925925925924 261.8703703703704 116.92592592592592 0.5925925925925926 135.5185185185185 45.333333333333336 0.018518518518518517 45.31481481481482 1.4492474999278784
408000 263.75925925925924 261.8703703703704 116.92592592592592 0.5925925925925926 135.5185185185185 45.333333333333336 0.018518518518518517 45.31481481481482 1.4607056993991137
410000 263.75925925925924 261.8703703703704 116.92592592592592 0.5925925925925926 135.5185185185185 45.333333333333336 0.018518518518518517 45.31481481481482 1.4335095006972551
412000 263.75925925925924 261.8703703703704 116.92592592592592 0.5925925925925926 135.5185185185185 45.333333333333336 0.018518518518518517 45.31481481481482 1.507922699674964
414000 263.75925925925924 261.8703703703704 116.92592592592592 0.5925925925925926 135.5185185185185 45.333333333333336 0.018518518518518517 45.31481481481482 1.4336764998733997
416000 263.75925925925924 261.8703703703704 116.92592592592592 0.5925925925925926 135.5185185185185 45.333333333333336 0.018518518518518517 45.31481481481482 1.4068423006683588
418000 263.75925925925924 261.8703703703704 116.92592592592592 0.5925925925925926 135.5185185185185 45.333333333333336 0.018518518518518517 45.31481481481482 1.4713880000635982
420000 263.75925925925924 261.8703703703704 116.92592592592592 0.5925925925925926 135.5185185185185 45.333333333333336 0.018518518518518517 45.31481481481482 1.4367848997935653
422000 263.75925925925924 261.8703703703704 116.92592592592592 0.5925925925925926 135.5185185185185 45.333333333333336 0.018518518518518517 45.31481481481482 1.4858322003856301
424000 263.75925925925924 261.8703703703704 116.92592592592592 0.5925925925925926 135.5185185185185 45.333333333333336 0.018518518518518517 45.31481481481482 1.536004699766636
426000 263.75925925925924 261.8703703703704 116.92592592592592 0.5925925925925926 135.5185185185185 45.333333333333336 0.018518518518518517 45.31481481481482 1.3523206999525428
428000 263.75925925925924 261.8703703703704 116.92592592592592 0.5925925925925926 135.5185185185185 45.333333333333336 0.018518518518518517 45.31481481481482 1.4264684999361634
430000 263.75925925925924 261.8703703703704 116.92592592592592 0.5925925925925926 135.5185185185185 45.333333333333336 0.018518518518518517 45.31481481481482 1.4056101003661752
432000 263.75925925925924 261.8703703703704 116.92592592592592 0.5925925925925926 135.5185185185185 45.333333333333336 0.018518518518518517 45.31481481481482 1.4268219005316496
434000 263.75925925925924 261.8703703703704 116.92592592592592 0.5925925925925926 135.5185185185185 45.333333333333336 0.018518518518518517 45.31481481481482 1.328120700083673
436000 263.75925925925924 261.8703703703704 116.92592592592592 0.5925925925925926 135.5185185185185 45.333333333333336 0.018518518518518517 45.31481481481482 1.3903262000530958
438000 263.75925925925924 261.8703703703704 116.92592592592592 0.5925925925925926 135.5185185185185 45.333333333333336 0.018518518518518517 45.31481481481482 1.471670700237155
440000 263.75925925925924 261.8703703703704 116.92592592592592 0.5925925925925926 135.5185185185185 45.333333333333336 0.018518518518518517 45.31481481481482 1.429797099903226
442000 263.75925925925924 261.8703703703704 116.92592592592592 0.5925925925925926 135.5185185185185 45.333333333333336 0.018518518518518517 45.31481481481482 1.4331712992861867
444000 263.75925925925924 261.8703703703704 116.92592592592592 0.5925925925925926 135.5185185185185 45.333333333333336 0.018518518518518517 45.31481481481482 1.4192321002483368
446000 263.75925925925924 261.8703703703704 116.92592592592592 0.5925925925925926 135.5185185185185 45.333333333333336 0.018518518518518517 45.31481481481482 1.4442969001829624
448000 263.75925925925924 261.8703703703704 116.92592592592592 0.5925925925925926 135.5185185185185 45.333333333333336 0.018518518518518517 45.31481481481482 1.3841601004824042
450000 263.75925925925924 261.8703703703704 116.92592592592592 0.5925925925925926 135.5185185185185 45.333333333333336 0.018518518518518517 45.31481481481482 1.4452323000878096
452000 263.75925925925924 261.8703703703704 116.92592592592592 0.5925925925925926 135.5185185185185 45.333333333333336 0.018518518518518517 45.31481481481482 1.528537199832499
454000 263.75925925925924 261.8703703703704 116.92592592592592 0.5925925925925926 135.5185185185185 45.333333333333336 0.018518518518518517 45.31481481481482 1.4026872999966145
456000 263.75925925925924 261.8703703703704 116.92592592592592 0.5925925925925926 135.5185185185185 45.333333333333336 0.018518518518518517 45.31481481481482 1.4387109000235796
458000 263.75925925925924 261.8703703703704 116.92592592592592 0.5925925925925926 135.5185185185185 45.333333333333336 0.018518518518518517 45.31481481481482 1.503918300382793
460000 263.75925925925924 261.8703703703704 116.92592592592592 0.5925925925925926 135.5185185185185 45.333333333333336 0.018518518518518517 45.31481481481482 1.5258477004244924
462000 263.75925925925924 261.8703703703704 116.92592592592592 0.5925925925925926 135.5185185185185 45.333333333333336 0.018518518518518517 45.31481481481482 1.4235797999426723
464000 263.75925925925924 261.8703703703704 116.92592592592592 0.5925925925925926 135.5185185185185 45.333333333333336 0.018518518518518517 45.31481481481482 1.5148113993927836
466000 263.75925925925924 261.8703703703704 116.92592592592592 0.5925925925925926 135.5185185185185 45.333333333333336 0.018518518518518517 45.31481481481482 1.5083542997017503
468000 263.75925925925924 261.8703703703704 116.92592592592592 0.5925925925925926 135.5185185185185 45.333333333333336 0.018518518518518517 45.31481481481482 1.7152934996411204
470000 263.75925925925924 261.8703703703704 116.92592592592592 0.5925925925925926 135.5185185185185 45.333333333333336 0.018518518518518517 45.31481481481482 1.6266948003321886
472000 263.75925925925924 261.8703703703704 116.92592592592592 0.5925925925925926 135.5185185185185 45.333333333333336 0.018518518518518517 45.31481481481482 1.3854245003312826
474000 263.75925925925924 261.8703703703704 116.92592592592592 0.5925925925925926 135.5185185185185 45.333333333333336 0.018518518518518517 45.31481481481482 1.4131599999964237
476000 263.75925925925924 261.8703703703704 116.92592592592592 0.5925925925925926 135.5185185185185 45.333333333333336 0.018518518518518517 45.31481481481482 1.4458419000729918
478000 263.75925925925924 261.8703703703704 116.92592592592592 0.5925925925925926 135.5185185185185 45.333333333333336 0.018518518518518517 45.31481481481482 1.4163654996082187
480000 263.75925925925924 261.8703703703704 116.92592592592592 0.5925925925925926 135.5185185185185 45.333333333333336 0.018518518518518517 45.31481481481482 1.427539199590683
482000 263.75925925925924 261.8703703703704 116.92592592592592 0.5925925925925926 135.5185185185185 45.333333333333336 0.018518518518518517 45.31481481481482 1.4303652001544833
484000 263.75925925925924 261.8703703703704 116.92592592592592 0.5925925925925926 135.5185185185185 45.333333333333336 0.018518518518518517 45.31481481481482 1.4424815997481346
486000 263.75925925925924 261.8703703703704 116.92592592592592 0.5925925925925926 135.5185185185185 45.333333333333336 0.018518518518518517 45.31481481481482 1.3549429001286626
488000 263.75925925925924 261.8703703703704 116.92592592592592 0.5925925925925926 135.5185185185185 45.333333333333336 0.018518518518518517 45.31481481481482 1.4805185999721289
490000 263.75925925925924 261.8703703703704 116.92592592592592 0.5925925925925926 135.5185185185185 45.333333333333336 0.018518518518518517 45.31481481481482 1.471080199815333
492000 263.75925925925924 261.8703703703704 116.92592592592592 0.5925925925925926 135.5185185185185 45.333333333333336 0.018518518518518517 45.31481481481482 1.250831799581647
494000 263.75925925925924 261.8703703703704 116.92592592592592 0.5925925925925926 135.5185185185185 45.333333333333336 0.018518518518518517 45.31481481481482 1.4521514000371099
496000 263.75925925925924 261.8703703703704 116.92592592592592 0.5925925925925926 135.5185185185185 45.333333333333336 0.018518518518518517 45.31481481481482 1.3147481000050902
498000 263.75925925925924 261.8703703703704 116.92592592592592 0.5925925925925926 135.5185185185185 45.333333333333336 0.018518518518518517 45.31481481481482 1.2228854997083545
500000 263.75925925925924 261.8703703703704 116.92592592592592 0.5925925925925926 135.5185185185185 45.333333333333336 0.018518518518518517 45.31481481481482 1.2403584998100996
