2000 0.9230769230769231 0.453125
4000 2.5961538461538463 0.5625
6000 8.76923076923077 1.015625
8000 8.615384615384615 0.59375
10000 8.192307692307692 0.609375
12000 8.788461538461538 0.609375
14000 13.826923076923077 0.65625
16000 14.711538461538462 0.625
18000 12.423076923076923 0.609375
20000 17.75 0.796875
22000 19.807692307692307 0.921875
24000 21.365384615384617 0.71875
26000 23.21153846153846 0.90625
28000 24.03846153846154 0.75
30000 23.692307692307693 0.75
32000 24.01923076923077 0.75
34000 24.01923076923077 0.953125
36000 24.192307692307693 1.015625
38000 24.192307692307693 0.875
40000 24.192307692307693 0.90625
42000 24.192307692307693 1.0
44000 24.192307692307693 0.984375
46000 24.192307692307693 1.0
48000 24.192307692307693 0.828125
50000 24.192307692307693 0.96875
52000 24.192307692307693 0.84375
54000 24.192307692307693 1.015625
56000 24.192307692307693 1.015625
58000 24.192307692307693 1.015625
60000 24.192307692307693 1.03125
62000 24.192307692307693 0.890625
64000 24.192307692307693 0.875
66000 24.192307692307693 1.09375
68000 24.192307692307693 0.9375
70000 24.192307692307693 0.953125
72000 24.192307692307693 0.875
74000 24.192307692307693 0.9375
76000 24.192307692307693 0.9375
78000 24.192307692307693 0.890625
80000 24.192307692307693 0.953125
82000 24.192307692307693 1.03125
84000 24.192307692307693 1.296875
86000 24.192307692307693 1.28125
88000 24.192307692307693 1.328125
90000 24.192307692307693 0.890625
92000 24.192307692307693 1.0
94000 24.192307692307693 0.875
96000 24.365384615384617 1.0
98000 24.576923076923077 0.875
100000 24.365384615384617 0.890625
