2000 0.34615384615384615 0.778967011999999
4000 0.28846153846153844 0.7809691849999965
6000 0.38461538461538464 0.7804049400000039
8000 0.5192307692307693 0.7792367189999965
10000 0.6730769230769231 0.7826539569999937
12000 1.0576923076923077 0.7832800179999992
14000 0.8653846153846154 0.7821067590000013
16000 0.9423076923076923 0.7821388300000081
18000 0.9423076923076923 0.7837774409999838
20000 1.1346153846153846 0.7834844639999972
22000 1.1923076923076923 0.7810135500000115
24000 1.2884615384615385 0.7822123079999983
26000 1.3076923076923077 0.7812175330000173
28000 1.25 0.7831058809999831
30000 1.3461538461538463 0.7836185439999781
32000 1.3461538461538463 0.7818577319999918
34000 1.3461538461538463 0.7836770239999851
36000 1.3461538461538463 0.7838147300000173
38000 1.3461538461538463 0.7819120750000366
40000 1.5 0.7822145409999735
42000 1.6923076923076923 0.7825122090000036
44000 1.7115384615384615 0.7826728439999897
46000 1.7115384615384615 0.7823002920000022
48000 1.7115384615384615 0.7819107110000232
50000 1.7115384615384615 0.7835137979999445
52000 1.7115384615384615 0.7827973439999596
54000 1.7115384615384615 0.7825159570000437
56000 1.7115384615384615 0.7834875290000127
58000 1.7115384615384615 0.7860936659999993
60000 1.6923076923076923 0.784851156000002
62000 1.7115384615384615 0.7866520499999865
64000 1.7115384615384615 0.785653740999976
66000 1.7115384615384615 0.7854808060000096
68000 1.6923076923076923 0.7846082230000775
70000 1.6923076923076923 0.7836455449998994
72000 1.6923076923076923 0.783042253000076
74000 1.7115384615384615 0.7825980510000363
76000 1.7115384615384615 0.7836470279999048
78000 1.7115384615384615 0.7872256770000376
80000 1.7115384615384615 0.7851545470000474
82000 1.7115384615384615 0.7855404690000114
84000 1.7692307692307692 0.7863870770000858
86000 1.7692307692307692 0.7886676839999609
88000 1.7115384615384615 0.7898866970000427
90000 1.7692307692307692 0.7866055939999796
92000 1.7692307692307692 0.7849144950000664
94000 1.7115384615384615 0.7849656500000037
96000 1.7115384615384615 0.786147635999896
98000 1.7115384615384615 0.7839969139999994
100000 1.7115384615384615 0.785587224999972
102000 1.7115384615384615 0.7838578610000013
104000 1.7115384615384615 0.7857571230000531
106000 1.7115384615384615 0.7866497889999664
108000 1.7115384615384615 0.7860850789999176
110000 1.7115384615384615 0.7856952170000113
112000 1.7115384615384615 0.7835920850000093
114000 1.7115384615384615 0.7868525309999086
116000 1.7115384615384615 0.7840045799999871
118000 1.7115384615384615 0.786995116000071
120000 1.7692307692307692 0.7839380520000532
122000 1.7692307692307692 0.787499384000057
124000 1.7115384615384615 0.7843032590000121
126000 1.7115384615384615 0.784313118
128000 1.7692307692307692 0.7857273570000416
130000 1.7692307692307692 0.7831407189999027
132000 1.7692307692307692 0.7838197409998884
134000 1.7692307692307692 0.7861366560000533
136000 1.7692307692307692 0.7864948199999162
138000 1.7692307692307692 0.7857763189999787
140000 1.7692307692307692 0.7852494219998789
142000 1.7692307692307692 0.7874015360000612
144000 1.7692307692307692 0.7857531360000394
146000 1.7692307692307692 0.7872891850001906
148000 1.8461538461538463 0.7844785270001466
150000 1.9038461538461537 0.7852992550001545
152000 1.9038461538461537 0.7859070070001053
154000 1.8461538461538463 0.7845097370000076
156000 1.9038461538461537 0.7852193450000868
158000 1.8461538461538463 0.7853431480000381
160000 1.8461538461538463 0.7851453270000093
162000 1.9038461538461537 0.7867674880001232
164000 1.9038461538461537 0.7847267419999753
166000 1.9038461538461537 0.785914018999847
168000 1.9038461538461537 0.7829648689998976
170000 1.8653846153846154 0.7888290159999087
172000 1.8653846153846154 0.7856039460000375
174000 1.8461538461538463 0.7866790640000545
176000 1.8076923076923077 0.783785946999842
178000 1.8653846153846154 0.7851103319999311
180000 1.9038461538461537 0.7848490209999
182000 1.8461538461538463 0.7873122700000295
184000 1.9423076923076923 0.7871470909999516
186000 1.8461538461538463 0.7861511030000656
188000 1.8461538461538463 0.7885000689998378
190000 1.8076923076923077 0.785099351999861
192000 1.8076923076923077 0.7892494729999271
194000 1.7692307692307692 0.7873932219999915
196000 1.7115384615384615 0.7878310739999961
198000 1.7115384615384615 0.7879837990001306
200000 1.7692307692307692 0.785679706999872
202000 1.7692307692307692 0.7837798450000264
204000 1.7692307692307692 0.7866389280000021
206000 1.75 0.7880424690001746
208000 1.7115384615384615 0.782574299000089
210000 1.7115384615384615 0.7857841469999585
212000 1.7692307692307692 0.7885694789999889
214000 1.7692307692307692 0.7877703100000417
216000 1.7692307692307692 0.7860379020000892
218000 1.8076923076923077 0.7851939680001578
220000 1.8076923076923077 0.7854145630001312
222000 1.8076923076923077 0.7827547550000418
224000 1.8076923076923077 0.7857227639999564
226000 1.8076923076923077 0.7858273659999213
228000 1.8076923076923077 0.7856529289999798
230000 1.8076923076923077 0.7866462320000664
232000 1.8076923076923077 0.7844954669999424
234000 1.7692307692307692 0.7876031559999319
236000 1.7692307692307692 0.7851075559999572
238000 1.7692307692307692 0.7871676209999805
240000 1.7692307692307692 0.7861146550001195
242000 1.8461538461538463 0.7859397670001727
244000 1.8461538461538463 0.7851885449999827
246000 1.8076923076923077 0.7855329740000343
248000 1.8076923076923077 0.7857715750001262
250000 1.8076923076923077 0.7838938410000083
252000 1.8076923076923077 0.7834155220000412
254000 1.8076923076923077 0.7863059129999783
256000 1.8076923076923077 0.785743426999943
258000 1.8076923076923077 0.7899840400000357
260000 1.8076923076923077 0.7843387650000295
262000 1.7692307692307692 0.7824393310002051
264000 1.7692307692307692 0.784150832999785
266000 1.7692307692307692 0.7881961849998333
268000 1.7692307692307692 0.7837942439996368
270000 1.7692307692307692 0.7833362950000264
272000 1.7692307692307692 0.7852006200000687
274000 1.7692307692307692 0.7836440319997564
276000 1.7692307692307692 0.7837635290002254
278000 1.7692307692307692 0.785342166999726
280000 1.7692307692307692 0.7844502150001063
282000 1.7692307692307692 0.7837625540000772
284000 1.7692307692307692 0.7817399730001853
286000 1.7692307692307692 0.7855130379998627
288000 1.7692307692307692 0.781618643999991
290000 1.7692307692307692 0.7857557909997013
292000 1.7692307692307692 0.7836840889999621
294000 1.7692307692307692 0.7818631720001576
296000 1.7692307692307692 0.7850261929997941
298000 1.7692307692307692 0.7824250950002352
300000 1.7692307692307692 0.7829864880000059
302000 1.7692307692307692 0.784798525000042
304000 1.7692307692307692 0.7845876119999957
306000 1.7692307692307692 0.7841921089998323
308000 1.7692307692307692 0.7825776720001159
310000 1.7692307692307692 0.7830578430002788
312000 1.7692307692307692 0.782074669999929
314000 1.7692307692307692 0.78189360999977
316000 1.7692307692307692 0.7837297140004011
318000 1.7692307692307692 0.7836392129997876
320000 1.7692307692307692 0.7851504679997561
322000 1.7692307692307692 0.7848981740003182
324000 1.7692307692307692 0.7853808170002594
326000 1.8076923076923077 0.7826842820004458
328000 1.7692307692307692 0.7799310310001601
330000 1.7692307692307692 0.781411855999977
332000 1.7692307692307692 0.7831892009999137
334000 1.7692307692307692 0.7834513900002094
336000 1.7692307692307692 0.782742632999998
338000 1.7692307692307692 0.7824647299999015
340000 1.7692307692307692 0.7835390069999448
342000 1.7692307692307692 0.782808073999604
344000 1.7692307692307692 0.7848711319998074
346000 1.7692307692307692 0.7836215189995528
348000 1.8076923076923077 0.779625397000018
350000 1.8076923076923077 0.7826519610002833
352000 1.8076923076923077 0.7828058909999527
354000 1.8076923076923077 0.7822677710000789
356000 1.7692307692307692 0.7844989370000803
358000 1.8076923076923077 0.781745631999911
360000 1.8076923076923077 0.7837521540000125
362000 1.8076923076923077 0.7854075590003049
364000 1.8076923076923077 0.7839454959998875
366000 1.8076923076923077 0.7820592409998426
368000 1.8076923076923077 0.7873551279999447
370000 1.8076923076923077 0.7849796870000318
372000 1.7692307692307692 0.7851827869999397
374000 1.7692307692307692 0.7863370919999397
376000 1.9423076923076923 0.7852701199999501
378000 1.9038461538461537 0.7856149260001075
380000 1.9038461538461537 0.7867292689998067
382000 1.9038461538461537 0.7880657319997226
384000 1.8653846153846154 0.7843612469996515
386000 1.8653846153846154 0.7872811209999782
388000 1.7692307692307692 0.7863703030002398
390000 1.7692307692307692 0.7870972760001678
392000 1.7692307692307692 0.7859162409999954
394000 1.7692307692307692 0.7872185629998967
396000 1.7692307692307692 0.7877517849997275
398000 1.7692307692307692 0.7847048919998088
400000 1.8076923076923077 0.783745942999758
402000 1.8076923076923077 0.787375419
404000 1.8076923076923077 0.7840891860000738
406000 1.8076923076923077 0.7853809159996672
408000 1.8461538461538463 0.7841111889997592
410000 1.8461538461538463 0.7821778160000576
412000 1.9230769230769231 0.7839368919999288
414000 1.9230769230769231 0.7846231280000211
416000 1.9230769230769231 0.7862936810001884
418000 1.9230769230769231 0.784793228000126
420000 1.9807692307692308 0.7867074450000473
422000 1.9230769230769231 0.7851642919999904
424000 1.9807692307692308 0.7895170760002657
426000 1.9807692307692308 0.7861372970000957
428000 1.9807692307692308 0.787013277999904
430000 1.9807692307692308 0.787784696000017
432000 1.9807692307692308 0.7861353330004022
434000 1.9807692307692308 0.7854025779997755
436000 1.9807692307692308 0.7853417139999692
438000 2.019230769230769 0.7862887430001138
440000 2.019230769230769 0.7869144149999556
442000 2.019230769230769 0.7866073189998133
444000 1.9807692307692308 0.7875529820003067
446000 1.9807692307692308 0.7866290580000168
448000 2.019230769230769 0.7852927719995932
450000 2.019230769230769 0.7881171879998874
452000 1.9807692307692308 0.7871207500002129
454000 1.9807692307692308 0.7879217250001602
456000 1.9807692307692308 0.7885805669998263
458000 1.9807692307692308 0.7840273629999501
460000 1.9807692307692308 0.7859119839999948
462000 1.9807692307692308 0.7852395320001051
464000 1.9807692307692308 0.7837010899997949
466000 1.9807692307692308 0.7872373210002479
468000 1.9807692307692308 0.7839120050002748
470000 1.9807692307692308 0.7854021580001245
472000 1.9807692307692308 0.7847698270002184
474000 1.9807692307692308 0.7879477689998566
476000 1.9807692307692308 0.7877014900000177
478000 2.0 0.7849421340001754
480000 2.0 0.7858523550003156
482000 2.0 0.7884559539998008
484000 2.0 0.7843571700000211
486000 1.9807692307692308 0.784050734000175
488000 1.9807692307692308 0.7868566050001391
490000 1.9807692307692308 0.7840173700001287
492000 1.9807692307692308 0.7845264269999461
494000 1.9807692307692308 0.7889549320002516
496000 1.9807692307692308 0.7909761509999953
498000 1.9807692307692308 0.7862799949998589
500000 1.9807692307692308 0.7846147420000307
