2000 0.5961538461538461 1.127259573
4000 1.1730769230769231 1.1318139589999987
6000 1.3653846153846154 1.1287971599999977
8000 1.4038461538461537 1.1299986230000059
10000 2.269230769230769 1.1260857529999981
12000 2.5961538461538463 1.128870364000008
14000 2.480769230769231 1.1263775890000005
16000 2.769230769230769 1.1299484310000025
18000 2.769230769230769 1.1325564120000138
20000 3.8076923076923075 1.1308555899999817
22000 3.8076923076923075 1.1330114560000197
24000 3.8076923076923075 1.1291149270000176
26000 3.8076923076923075 1.1269937470000002
28000 4.403846153846154 1.1314205410000113
30000 4.5 1.1317220489999897
32000 4.5 1.130430022999974
34000 4.5 1.1318203440000048
36000 4.5 1.1281084569999962
38000 4.5 1.1302348959999904
40000 4.5 1.1315920619999815
42000 4.5 1.1311861629999953
44000 4.5 1.1287097549999885
46000 4.5 1.131691289999992
48000 4.5 1.1286880519999727
50000 4.5 1.1307484580000278
52000 4.5 1.1306194059999939
54000 4.5 1.1312195549999728
56000 4.5 1.130913220000025
58000 4.5 1.1283469570000193
60000 4.5 1.1325764090000234
62000 4.5 1.1308245519999787
64000 4.5 1.1311289859999079
66000 4.5 1.1324620950000508
68000 4.5 1.1329058750000058
70000 4.5 1.1323103309999851
72000 4.5 1.132158937999975
74000 4.5 1.1323629799999253
76000 4.5 1.1325756300000194
78000 4.5 1.1333080530000643
80000 4.5 1.1346099869999762
82000 4.5 1.1316806599999154
84000 4.5 1.1334873719999905
86000 4.5 1.1306086179999966
88000 4.5 1.1351061060000802
90000 4.5 1.1334458119999908
92000 4.5 1.1318827499999315
94000 4.5 1.1367468050000298
96000 4.5 1.1324634979999928
98000 4.5 1.1304587789999232
100000 4.5 1.1356281680000393
102000 4.5 1.1317362830000093
104000 4.5 1.1348560870000028
106000 4.5 1.1308169580000822
108000 4.5 1.1315270989999817
110000 4.5 1.1350287720000551
112000 4.5 1.1331289720000086
114000 4.5 1.1308041929999035
116000 4.5 1.1357148890000417
118000 4.5 1.1337300359999745
120000 4.5 1.1370023049998963
122000 4.5 1.1343693369999528
124000 4.5 1.131604087000028
126000 4.5 1.1321839849999833
128000 4.5 1.1317812090001098
130000 4.5 1.1342152659999556
132000 4.5 1.1315252210001745
134000 4.5 1.1318796329999259
136000 4.5 1.1341764349999721
138000 4.5 1.131510169999956
140000 4.5 1.13235458500003
142000 4.5 1.1298908720000327
144000 4.5 1.1327215229998728
146000 4.5 1.1326487289998113
148000 4.5 1.1357616959999177
150000 4.5 1.1366837240000223
152000 4.5 1.1303558649999559
154000 4.5 1.1352763990000767
156000 4.5 1.130618553999966
158000 4.5 1.131396517999974
160000 4.5 1.13234286099987
162000 4.5 1.131954543999882
164000 4.5 1.1319379210001443
166000 4.5 1.1333209860001716
168000 4.5 1.1326794760000212
