2000 0.34615384615384615 0.78125
4000 1.3846153846153846 0.546875
6000 1.6346153846153846 0.546875
8000 1.6346153846153846 1.140625
10000 1.6346153846153846 0.671875
12000 1.6346153846153846 0.5625
14000 1.6153846153846154 0.5625
16000 1.6346153846153846 0.5625
18000 1.7115384615384615 0.703125
20000 1.7115384615384615 0.5625
22000 1.7115384615384615 0.53125
24000 1.7115384615384615 0.6875
26000 1.7115384615384615 0.5625
28000 1.7115384615384615 0.578125
30000 1.7115384615384615 0.671875
32000 1.7115384615384615 0.546875
34000 1.7115384615384615 0.5625
36000 1.7115384615384615 0.765625
38000 1.7115384615384615 0.765625
40000 1.7115384615384615 0.5625
42000 1.7115384615384615 0.734375
44000 1.7115384615384615 0.734375
46000 1.7115384615384615 0.703125
48000 1.7115384615384615 0.71875
50000 1.7115384615384615 0.609375
52000 1.7115384615384615 0.765625
54000 1.7692307692307692 0.59375
56000 1.7692307692307692 0.5
58000 1.7692307692307692 0.78125
60000 1.7692307692307692 0.671875
62000 1.7692307692307692 1.15625
64000 1.7692307692307692 0.5625
66000 1.7692307692307692 0.671875
68000 1.7692307692307692 0.75
70000 1.7692307692307692 0.90625
72000 1.7692307692307692 0.578125
74000 1.7692307692307692 0.625
76000 1.7692307692307692 0.90625
78000 1.7692307692307692 0.578125
80000 1.7692307692307692 0.609375
82000 1.7692307692307692 0.578125
84000 1.7692307692307692 0.796875
86000 1.7692307692307692 0.5625
88000 1.7692307692307692 0.890625
90000 1.7692307692307692 0.84375
92000 1.7692307692307692 0.796875
94000 1.7692307692307692 0.609375
96000 1.7692307692307692 0.59375
98000 1.7692307692307692 0.5625
100000 1.7692307692307692 0.734375
102000 1.7692307692307692 0.734375
104000 1.7692307692307692 0.59375
106000 1.7692307692307692 0.75
108000 1.7692307692307692 0.5625
110000 1.7692307692307692 0.921875
112000 1.7692307692307692 0.625
114000 1.7692307692307692 0.6875
116000 1.7692307692307692 0.609375
118000 1.7692307692307692 0.609375
120000 1.7692307692307692 0.84375
122000 1.9038461538461537 0.5625
124000 1.9038461538461537 0.5625
126000 1.9038461538461537 0.71875
128000 1.9038461538461537 0.796875
130000 1.9038461538461537 0.578125
132000 1.9038461538461537 0.546875
134000 1.9038461538461537 0.75
136000 1.8653846153846154 0.625
138000 1.9038461538461537 0.625
140000 1.9038461538461537 0.921875
142000 1.9038461538461537 0.640625
144000 1.9038461538461537 0.65625
146000 1.8653846153846154 0.5625
148000 1.8653846153846154 0.546875
150000 1.8653846153846154 0.5625
152000 1.8653846153846154 0.59375
154000 1.9038461538461537 0.640625
156000 1.9038461538461537 0.671875
158000 1.9038461538461537 0.734375
160000 1.9038461538461537 0.609375
162000 1.9038461538461537 0.546875
164000 1.9038461538461537 0.5625
166000 1.9038461538461537 0.875
168000 1.9038461538461537 0.671875
170000 1.9038461538461537 0.640625
172000 1.9038461538461537 0.6875
174000 1.7692307692307692 0.796875
176000 1.7692307692307692 0.859375
178000 1.7692307692307692 0.609375
180000 1.8269230769230769 0.765625
182000 1.8269230769230769 0.546875
184000 1.8269230769230769 0.625
186000 1.8653846153846154 0.546875
188000 1.8269230769230769 0.625
190000 1.8653846153846154 0.5625
192000 1.9038461538461537 0.640625
194000 1.8653846153846154 1.328125
196000 1.8653846153846154 0.546875
198000 1.8269230769230769 0.984375
200000 1.8653846153846154 0.546875
202000 1.8653846153846154 1.109375
204000 1.9038461538461537 0.890625
206000 1.9038461538461537 0.6875
208000 1.9423076923076923 0.8125
210000 1.9038461538461537 0.609375
212000 1.8653846153846154 0.59375
214000 1.9423076923076923 0.671875
216000 1.9038461538461537 0.609375
218000 1.9038461538461537 1.328125
220000 1.8653846153846154 0.671875
222000 1.8076923076923077 0.65625
224000 1.8653846153846154 0.625
226000 1.8653846153846154 1.03125
228000 1.8653846153846154 0.890625
230000 1.8653846153846154 0.859375
232000 1.8076923076923077 0.875
234000 1.8076923076923077 1.125
236000 1.8653846153846154 0.796875
238000 1.8653846153846154 0.875
240000 1.8653846153846154 0.875
242000 1.8653846153846154 0.8125
244000 1.8653846153846154 1.3125
246000 1.8076923076923077 0.890625
248000 1.8653846153846154 0.859375
250000 1.8653846153846154 1.109375
252000 1.8653846153846154 0.953125
254000 1.8653846153846154 0.890625
256000 1.8653846153846154 0.859375
258000 1.8653846153846154 0.984375
260000 1.9038461538461537 1.078125
262000 1.9038461538461537 0.859375
264000 1.9038461538461537 0.859375
266000 1.9038461538461537 0.921875
268000 1.9038461538461537 0.90625
270000 1.9038461538461537 1.0625
272000 1.9038461538461537 0.859375
274000 1.9038461538461537 0.84375
276000 1.8653846153846154 0.90625
278000 1.8653846153846154 0.890625
280000 1.8076923076923077 1.09375
282000 1.8076923076923077 0.859375
284000 1.8653846153846154 0.859375
286000 1.9038461538461537 0.890625
288000 1.8653846153846154 0.84375
290000 1.8653846153846154 1.109375
292000 1.9038461538461537 0.875
294000 1.9038461538461537 0.84375
296000 1.8653846153846154 1.15625
298000 1.8653846153846154 0.875
300000 1.8653846153846154 1.125
302000 1.8653846153846154 0.984375
304000 1.8653846153846154 0.828125
306000 1.8653846153846154 0.859375
308000 1.8653846153846154 1.0
310000 1.8653846153846154 0.90625
312000 1.8653846153846154 1.09375
314000 1.8653846153846154 0.90625
316000 1.8653846153846154 0.84375
318000 1.8653846153846154 0.890625
320000 1.8653846153846154 1.171875
322000 1.8653846153846154 1.203125
324000 1.8653846153846154 0.875
326000 1.8653846153846154 0.921875
328000 1.8653846153846154 1.140625
330000 1.8461538461538463 0.828125
332000 1.8653846153846154 0.828125
334000 1.8461538461538463 0.84375
336000 1.8846153846153846 0.65625
338000 1.8846153846153846 0.59375
340000 1.9038461538461537 0.65625
342000 1.9038461538461537 0.609375
344000 1.8653846153846154 0.625
346000 1.9038461538461537 0.625
348000 1.8653846153846154 0.609375
350000 1.8653846153846154 0.609375
352000 1.9038461538461537 0.5625
354000 1.9038461538461537 0.609375
356000 1.9038461538461537 0.578125
358000 1.9038461538461537 0.609375
360000 1.8653846153846154 0.59375
362000 1.8653846153846154 0.640625
364000 1.8653846153846154 0.625
366000 1.8076923076923077 0.5625
368000 1.8076923076923077 0.65625
370000 1.8076923076923077 0.640625
372000 1.8076923076923077 0.609375
374000 1.8076923076923077 0.640625
376000 1.8076923076923077 2.015625
378000 1.7692307692307692 2.015625
380000 1.7692307692307692 0.5625
382000 1.7692307692307692 2.546875
384000 1.7692307692307692 2.046875
386000 1.7692307692307692 0.671875
388000 1.8076923076923077 0.609375
390000 1.8076923076923077 0.609375
392000 1.8076923076923077 0.625
394000 1.8076923076923077 0.6875
396000 1.8076923076923077 0.625
398000 1.7884615384615385 0.640625
400000 1.7884615384615385 0.640625
402000 1.8076923076923077 0.609375
404000 1.7884615384615385 0.625
406000 1.7884615384615385 0.65625
408000 1.8461538461538463 0.609375
410000 1.7884615384615385 0.640625
412000 1.7884615384615385 0.65625
414000 1.7884615384615385 0.609375
416000 1.7884615384615385 0.59375
418000 1.7884615384615385 0.671875
420000 1.8461538461538463 0.640625
422000 1.8653846153846154 0.75
424000 1.8653846153846154 0.609375
426000 1.8461538461538463 0.734375
428000 1.8461538461538463 0.609375
430000 1.8846153846153846 0.640625
432000 1.8846153846153846 0.640625
434000 1.8461538461538463 0.625
436000 1.8461538461538463 0.609375
438000 1.8653846153846154 0.625
440000 1.8653846153846154 0.65625
442000 1.8653846153846154 0.640625
444000 1.8653846153846154 0.625
446000 1.8461538461538463 0.625
448000 1.8653846153846154 0.640625
450000 1.8653846153846154 0.640625
452000 1.8461538461538463 0.578125
454000 1.8461538461538463 0.875
456000 1.7884615384615385 0.671875
458000 1.8076923076923077 0.625
460000 1.75 0.640625
462000 1.75 0.578125
464000 1.7307692307692308 0.65625
466000 1.75 0.640625
468000 1.75 0.609375
470000 1.7884615384615385 0.65625
472000 1.8461538461538463 0.609375
474000 1.9038461538461537 0.640625
476000 1.8461538461538463 0.609375
478000 1.8846153846153846 0.625
480000 1.9038461538461537 0.65625
482000 1.9038461538461537 0.578125
484000 1.9038461538461537 0.671875
486000 1.8846153846153846 0.609375
488000 1.8846153846153846 0.71875
490000 1.7884615384615385 0.578125
492000 1.8461538461538463 0.625
494000 1.7884615384615385 0.609375
496000 1.7884615384615385 0.71875
498000 1.75 0.640625
500000 1.75 0.65625
