2000 0.34615384615384615 1.078125
4000 0.38461538461538464 1.0
6000 0.4807692307692308 1.140625
8000 0.3269230769230769 1.109375
10000 0.4423076923076923 1.09375
12000 0.36538461538461536 1.140625
14000 0.40384615384615385 1.0625
16000 0.4807692307692308 1.078125
18000 0.4423076923076923 1.140625
20000 0.36538461538461536 0.984375
22000 0.38461538461538464 1.03125
24000 0.5 1.09375
26000 0.5384615384615384 1.046875
28000 0.5769230769230769 1.109375
30000 0.7115384615384616 1.109375
32000 0.6923076923076923 1.296875
34000 0.34615384615384615 1.125
36000 0.34615384615384615 1.109375
38000 0.38461538461538464 1.125
40000 0.46153846153846156 1.5
42000 0.4423076923076923 1.109375
44000 0.34615384615384615 1.765625
46000 0.38461538461538464 1.234375
48000 0.4423076923076923 1.203125
50000 0.38461538461538464 1.078125
52000 0.46153846153846156 1.3125
54000 0.36538461538461536 1.25
56000 0.3269230769230769 1.171875
58000 0.2692307692307692 1.140625
60000 0.25 1.09375
62000 0.25 1.109375
64000 0.36538461538461536 1.1875
66000 0.5384615384615384 1.1875
68000 0.6923076923076923 1.03125
70000 1.0769230769230769 1.203125
72000 1.1346153846153846 1.09375
74000 1.25 1.1875
76000 1.25 1.203125
78000 1.1153846153846154 1.25
80000 1.1538461538461537 1.265625
82000 1.0961538461538463 1.453125
84000 1.0192307692307692 1.390625
86000 1.0192307692307692 1.234375
88000 1.0192307692307692 1.453125
90000 1.0192307692307692 1.453125
92000 1.1923076923076923 1.21875
94000 1.1153846153846154 1.265625
96000 0.9615384615384616 1.484375
98000 1.0 2.078125
100000 0.9615384615384616 1.234375
102000 1.1538461538461537 1.390625
104000 1.3269230769230769 1.21875
106000 1.3269230769230769 1.4375
108000 1.3269230769230769 1.296875
110000 1.3653846153846154 1.515625
112000 1.6923076923076923 1.125
114000 1.6153846153846154 1.375
116000 1.6538461538461537 1.140625
118000 1.6538461538461537 1.1875
120000 1.6538461538461537 1.28125
122000 1.6538461538461537 1.34375
124000 1.6538461538461537 1.328125
126000 1.6538461538461537 1.203125
128000 1.6538461538461537 1.296875
130000 1.6538461538461537 1.078125
132000 1.6346153846153846 1.25
134000 1.7115384615384615 1.484375
136000 1.7115384615384615 1.171875
138000 1.7115384615384615 1.296875
140000 1.7115384615384615 1.3125
142000 1.7115384615384615 1.390625
144000 1.7115384615384615 1.609375
146000 1.7115384615384615 1.625
148000 1.7115384615384615 2.359375
150000 1.7115384615384615 1.296875
152000 1.7115384615384615 1.265625
154000 1.7115384615384615 1.140625
156000 1.7115384615384615 1.296875
158000 1.7115384615384615 1.28125
160000 1.7115384615384615 1.3125
162000 1.4038461538461537 1.265625
164000 1.3269230769230769 1.28125
166000 1.3269230769230769 1.28125
168000 1.3269230769230769 2.34375
170000 1.3269230769230769 1.671875
172000 1.3269230769230769 1.8125
174000 1.7115384615384615 1.734375
176000 1.7115384615384615 1.984375
178000 1.7115384615384615 1.859375
180000 1.7115384615384615 1.296875
182000 1.7115384615384615 1.28125
184000 1.7115384615384615 2.09375
186000 1.7115384615384615 1.1875
188000 1.7115384615384615 1.859375
190000 1.7115384615384615 2.015625
192000 1.7115384615384615 1.328125
194000 1.7115384615384615 1.84375
196000 1.7115384615384615 1.828125
198000 1.7115384615384615 1.5625
200000 1.7115384615384615 1.375
202000 1.7115384615384615 1.15625
204000 1.7115384615384615 1.9375
206000 1.7115384615384615 1.84375
208000 1.7115384615384615 1.375
210000 1.7115384615384615 1.84375
212000 1.7115384615384615 1.1875
214000 1.7115384615384615 1.890625
216000 1.7115384615384615 2.046875
218000 1.7115384615384615 1.1875
220000 1.7115384615384615 1.375
222000 1.7115384615384615 1.96875
224000 1.7115384615384615 1.578125
226000 1.7115384615384615 1.625
228000 1.7115384615384615 1.6875
230000 1.7115384615384615 1.25
232000 1.7115384615384615 1.546875
234000 1.7115384615384615 1.21875
236000 1.7115384615384615 1.390625
238000 1.7115384615384615 1.21875
240000 1.7115384615384615 1.34375
242000 1.7115384615384615 1.25
244000 1.7115384615384615 1.171875
246000 1.7115384615384615 1.171875
248000 1.7115384615384615 1.34375
250000 1.7115384615384615 1.5
252000 1.7115384615384615 1.15625
254000 1.7115384615384615 1.640625
256000 1.7115384615384615 1.3125
258000 1.7115384615384615 1.328125
260000 1.7115384615384615 1.390625
262000 1.7115384615384615 1.34375
264000 1.7115384615384615 1.296875
266000 1.7115384615384615 1.25
268000 1.7115384615384615 1.046875
270000 1.7115384615384615 1.3125
272000 1.7115384615384615 1.125
274000 1.7115384615384615 1.140625
276000 1.7115384615384615 1.3125
278000 1.7115384615384615 1.21875
280000 1.7115384615384615 1.28125
282000 1.7115384615384615 1.25
284000 1.7115384615384615 1.265625
286000 1.7115384615384615 1.15625
288000 1.7115384615384615 1.484375
290000 1.7115384615384615 1.296875
292000 1.7115384615384615 1.296875
294000 1.7115384615384615 1.171875
296000 1.7115384615384615 1.203125
298000 1.7115384615384615 1.171875
300000 1.7115384615384615 1.15625
302000 1.7115384615384615 1.25
304000 1.7115384615384615 1.25
306000 1.7115384615384615 1.0625
308000 1.7115384615384615 1.09375
310000 1.7115384615384615 1.09375
312000 1.7115384615384615 1.21875
314000 1.7115384615384615 1.125
316000 1.7115384615384615 1.5625
318000 1.7115384615384615 1.09375
320000 1.7115384615384615 1.0625
322000 1.7115384615384615 1.125
324000 1.7115384615384615 1.0625
326000 1.7115384615384615 1.109375
328000 1.7115384615384615 1.203125
330000 1.7115384615384615 1.4375
332000 1.7115384615384615 1.3125
334000 1.7115384615384615 1.265625
336000 1.7115384615384615 1.40625
338000 1.7115384615384615 1.125
340000 1.7115384615384615 1.203125
342000 1.7115384615384615 1.46875
344000 1.7115384615384615 1.265625
346000 1.7115384615384615 1.234375
348000 1.7115384615384615 1.09375
350000 1.7115384615384615 1.359375
352000 1.7115384615384615 1.015625
354000 1.7115384615384615 1.140625
356000 1.7115384615384615 1.125
358000 1.7115384615384615 1.171875
360000 1.7115384615384615 1.234375
362000 1.7115384615384615 1.453125
364000 1.7115384615384615 1.421875
366000 1.7115384615384615 1.171875
368000 1.7115384615384615 1.28125
370000 1.7115384615384615 1.359375
372000 1.7115384615384615 1.265625
374000 1.7115384615384615 1.203125
376000 1.7115384615384615 1.21875
378000 1.7115384615384615 1.09375
380000 1.7115384615384615 1.109375
382000 1.7115384615384615 1.453125
384000 1.7115384615384615 1.234375
386000 1.7115384615384615 1.28125
388000 1.7115384615384615 1.125
390000 1.7115384615384615 1.171875
392000 1.7115384615384615 1.09375
394000 1.7115384615384615 1.15625
396000 1.7115384615384615 1.734375
398000 1.7115384615384615 1.140625
400000 1.7115384615384615 1.109375
402000 1.7115384615384615 1.234375
404000 1.7115384615384615 1.1875
406000 1.7307692307692308 1.15625
408000 1.7307692307692308 1.171875
410000 1.7115384615384615 1.140625
412000 1.7115384615384615 1.421875
414000 1.7115384615384615 1.34375
416000 1.7115384615384615 1.140625
418000 1.7115384615384615 1.203125
420000 1.7115384615384615 1.0625
422000 1.7115384615384615 1.140625
424000 1.7115384615384615 1.34375
426000 1.7115384615384615 1.296875
428000 1.7115384615384615 1.546875
430000 1.7115384615384615 1.46875
432000 1.7115384615384615 1.078125
434000 1.7115384615384615 1.109375
436000 1.7115384615384615 1.8125
438000 1.7115384615384615 1.0625
440000 1.7115384615384615 1.28125
442000 1.7115384615384615 1.375
444000 1.7115384615384615 1.203125
446000 1.7115384615384615 1.34375
448000 1.7115384615384615 1.171875
450000 1.7115384615384615 1.34375
452000 1.7115384615384615 1.125
454000 1.7115384615384615 1.375
456000 1.7115384615384615 1.25
458000 1.7115384615384615 1.0625
460000 1.7115384615384615 1.3125
462000 1.7115384615384615 1.3125
464000 1.7115384615384615 1.703125
466000 1.7115384615384615 1.25
468000 1.7115384615384615 1.359375
470000 1.7115384615384615 1.265625
472000 1.7115384615384615 1.40625
474000 1.7115384615384615 1.140625
476000 1.7115384615384615 1.109375
478000 1.7115384615384615 1.421875
480000 1.7115384615384615 1.359375
482000 1.7115384615384615 1.171875
484000 1.7115384615384615 1.0625
486000 1.7115384615384615 1.171875
488000 1.7115384615384615 1.109375
490000 1.7115384615384615 1.171875
492000 1.7115384615384615 1.09375
494000 1.7115384615384615 1.09375
496000 1.7115384615384615 1.078125
498000 1.7115384615384615 1.046875
500000 1.7115384615384615 1.1875
