2000 0.34615384615384615 0.7751638730000003
4000 0.1346153846153846 0.7729789039999986
6000 0.23076923076923078 0.773079525
8000 0.23076923076923078 0.7732328919999958
10000 0.2692307692307692 0.7755987260000126
12000 0.34615384615384615 0.7735926360000036
14000 0.3269230769230769 0.775338118999997
16000 0.3269230769230769 0.7716901790000179
18000 0.4423076923076923 0.7740286830000116
20000 0.4423076923076923 0.7719785580000007
22000 0.4807692307692308 0.773632890000016
24000 0.5961538461538461 0.7724571340000068
26000 0.6346153846153846 0.7714857459999962
28000 0.5576923076923077 0.7742633529999807
30000 0.4423076923076923 0.7734953549999943
32000 0.38461538461538464 0.7841970080000351
34000 0.46153846153846156 0.7834870479999836
36000 0.4230769230769231 0.7874172169999838
38000 0.4230769230769231 0.7835426510000048
40000 0.40384615384615385 0.7759073850000391
42000 0.46153846153846156 0.7737345319999918
44000 0.4230769230769231 0.7874322949999737
46000 0.5384615384615384 0.7723902220000127
48000 0.6153846153846154 0.7907633500000202
50000 0.6923076923076923 0.7793315459999803
52000 0.6730769230769231 0.7870110860000068
54000 0.7307692307692307 0.7733465150000143
56000 0.8461538461538461 0.7815652150000005
58000 0.7884615384615384 0.7822554779999678
60000 0.7307692307692307 0.7707617059999734
62000 0.7115384615384616 0.7871916639999768
64000 0.75 0.7898499279999669
66000 0.7692307692307693 0.7781118479999805
68000 0.8653846153846154 0.7754120680000369
70000 1.0192307692307692 0.8058969969999907
72000 1.2115384615384615 0.774063068999908
74000 1.25 0.7746735529999569
76000 1.3653846153846154 0.7748881659999824
78000 1.3076923076923077 0.772713758000009
80000 1.3653846153846154 0.7721059100000502
82000 1.5192307692307692 0.7750969940000232
84000 1.4230769230769231 0.7701934330000313
86000 1.4230769230769231 0.7742351619999681
88000 1.2115384615384615 0.776699710999992
90000 1.4615384615384615 0.7729710809999233
92000 1.4038461538461537 0.7738260229999696
94000 1.3461538461538463 0.774095396000007
96000 1.3461538461538463 0.7745367750000014
98000 1.3076923076923077 0.7766127280000319
100000 1.4423076923076923 0.7746576719999894
102000 1.4615384615384615 0.7727183480000122
104000 1.4615384615384615 0.7742682820000937
106000 1.5384615384615385 0.7760237350000807
108000 1.5769230769230769 0.775592655999958
110000 1.6153846153846154 0.775081417000024
112000 1.5769230769230769 0.7762589430000162
114000 1.5384615384615385 0.7750575420000132
116000 1.5961538461538463 0.7758176400000139
118000 1.5769230769230769 0.7750877189999983
120000 1.6153846153846154 0.7748799989999497
122000 1.6346153846153846 0.77636138999992
124000 1.6153846153846154 0.7728298839999752
126000 1.5769230769230769 0.7738949019999382
128000 1.5769230769230769 0.7738301829999727
130000 1.5769230769230769 0.7748372019998442
132000 1.5961538461538463 0.7731648339999992
134000 1.6153846153846154 0.7742284790001577
136000 1.6346153846153846 0.7747699530000318
138000 1.6346153846153846 0.7759020970001984
140000 1.6346153846153846 0.7760244250000596
142000 1.6346153846153846 0.7770446999998057
144000 1.6153846153846154 0.7741665339999599
146000 1.6346153846153846 0.774185075999867
148000 1.6346153846153846 0.7724270590001652
150000 1.6538461538461537 0.7774938909999491
152000 1.6538461538461537 0.7769138720000228
154000 1.6538461538461537 0.7751283140000851
156000 1.6538461538461537 0.7739623659999779
158000 1.7115384615384615 0.7753778619999139
160000 1.6538461538461537 0.7757084459999533
162000 1.6538461538461537 0.7745044860000689
164000 1.7115384615384615 0.7799680910000006
166000 1.7115384615384615 0.7755727290000323
168000 1.7115384615384615 0.7779803110001922
170000 1.7115384615384615 0.7769712120000349
172000 1.7115384615384615 0.7753066590000799
174000 1.6923076923076923 0.7776853910002046
176000 1.6923076923076923 0.7731079360000876
178000 1.6923076923076923 0.7775269839999055
180000 1.6923076923076923 0.7740693099999589
182000 1.7115384615384615 0.7775882769999498
184000 1.7115384615384615 0.7741562310000063
186000 1.7115384615384615 0.7782131289998233
188000 1.7115384615384615 0.776245820999975
190000 1.7115384615384615 0.7768181339999956
192000 1.7115384615384615 0.7763981579998926
194000 1.7115384615384615 0.7769555530001071
196000 1.7115384615384615 0.7744707539998217
198000 1.7115384615384615 0.7750736909999887
200000 1.7115384615384615 0.7739664189998621
202000 1.7115384615384615 0.7756138869999631
204000 1.7115384615384615 0.7738946030001443
206000 1.7115384615384615 0.7756924839998192
208000 1.7115384615384615 0.7766825300000164
210000 1.7115384615384615 0.7754652549999719
212000 1.7115384615384615 0.7771529419999297
214000 1.7115384615384615 0.7785147120000602
216000 1.7115384615384615 0.7786388179999904
218000 1.7115384615384615 0.7803511090000939
220000 1.7115384615384615 0.7759541249999984
222000 1.7115384615384615 0.7792206579999856
224000 1.7115384615384615 0.7774565309998707
226000 1.7115384615384615 0.7779134350000732
228000 1.7115384615384615 0.7785379909998937
230000 1.7115384615384615 0.779828598999984
232000 1.7115384615384615 0.7784751799999867
234000 1.7115384615384615 0.7804787659999874
236000 1.7115384615384615 0.7768013319998772
238000 1.7115384615384615 0.7800421209999513
240000 1.7115384615384615 0.7779839679999441
242000 1.7115384615384615 0.7810768790000111
244000 1.7115384615384615 0.7778771579999102
246000 1.7115384615384615 0.782418577000044
248000 1.7115384615384615 0.778665146000094
250000 1.7115384615384615 0.7779079360000196
252000 1.7115384615384615 0.7790074080000977
254000 1.7115384615384615 0.7806198420000783
256000 1.7115384615384615 0.7809291209998719
258000 1.7115384615384615 0.7814199839999674
260000 1.7115384615384615 0.7811314810001022
262000 1.7115384615384615 0.7811020469998766
264000 1.7115384615384615 0.7800512260000687
266000 1.7115384615384615 0.7793152240001291
268000 1.7115384615384615 0.7812743480003519
270000 1.7115384615384615 0.7803071250000357
272000 1.7115384615384615 0.7769654389999232
274000 1.7115384615384615 0.780422431000261
276000 1.7115384615384615 0.7762781319997885
278000 1.7115384615384615 0.7758541650000552
280000 1.7115384615384615 0.776398848000099
282000 1.7115384615384615 0.7802339790000588
284000 1.7115384615384615 0.7787856630002352
286000 1.7115384615384615 0.7780297849999442
288000 1.7115384615384615 0.7787136779998036
290000 1.7115384615384615 0.7799073470000621
292000 1.7115384615384615 0.7792931639996823
294000 1.7115384615384615 0.7812391039997237
296000 1.7115384615384615 0.7796686069996213
298000 1.7115384615384615 0.7778459620003559
300000 1.7115384615384615 0.7795558650000203
302000 1.7115384615384615 0.7784386540001833
304000 1.7115384615384615 0.7813800049998463
306000 1.7115384615384615 0.776890411000295
308000 1.7115384615384615 0.7781744760000038
310000 1.7115384615384615 0.7788198570001441
312000 1.7115384615384615 0.7806910760000392
314000 1.7115384615384615 0.7764994459998888
316000 1.7115384615384615 0.7789834239997617
318000 1.7115384615384615 0.7785244629999397
320000 1.7115384615384615 0.779090835000261
322000 1.7115384615384615 0.7778477719998591
324000 1.7115384615384615 0.7804871230000572
326000 1.7115384615384615 0.7775047229997654
328000 1.7115384615384615 0.7804734229998758
330000 1.7115384615384615 0.7780611650000537
332000 1.7115384615384615 0.7800469789999624
334000 1.7115384615384615 0.7803344459998698
336000 1.7115384615384615 0.7802313440001853
338000 1.7115384615384615 0.7771680420000848
340000 1.7115384615384615 0.7775151110004117
342000 1.7115384615384615 0.778226112000084
344000 1.7115384615384615 0.7807201509999686
346000 1.7115384615384615 0.779205691000243
348000 1.7115384615384615 0.7781246740000825
350000 1.7115384615384615 0.7811884089996965
352000 1.7115384615384615 0.7791358969998328
354000 1.7115384615384615 0.777995651999845
356000 1.7115384615384615 0.777610088000074
358000 1.7115384615384615 0.7771482530001776
360000 1.7115384615384615 0.77821320799967
362000 1.7115384615384615 0.7775652240002273
364000 1.7115384615384615 0.7785593690000496
366000 1.7115384615384615 0.7781930099999954
368000 1.7115384615384615 0.7804678359998434
370000 1.7115384615384615 0.7796931620000578
372000 1.7115384615384615 0.7779926769999292
374000 1.7115384615384615 0.7769855569999891
376000 1.7115384615384615 0.7762913550000121
378000 1.7115384615384615 0.7790001749999647
380000 1.7115384615384615 0.7800951559997884
382000 1.7115384615384615 0.7768790899999658
384000 1.7115384615384615 0.7751473719999922
386000 1.7115384615384615 0.777582405999965
388000 1.7115384615384615 0.7762444480003978
390000 1.7115384615384615 0.7787648449998414
392000 1.7115384615384615 0.7765559310000754
394000 1.7115384615384615 0.7791126949996396
396000 1.7115384615384615 0.7784552349999103
398000 1.7115384615384615 0.7793100560002131
400000 1.7115384615384615 0.7767148000002635
402000 1.7115384615384615 0.7795159600000261
404000 1.7115384615384615 0.7786799740001698
406000 1.7115384615384615 0.7768110510000952
408000 1.7115384615384615 0.7749460649997673
410000 1.7115384615384615 0.7794511199999761
412000 1.7115384615384615 0.7750575920003939
414000 1.7115384615384615 0.7779749419996733
416000 1.7115384615384615 0.7788949169998887
418000 1.7115384615384615 0.7758460700001706
420000 1.7115384615384615 0.7804192369999328
422000 1.7115384615384615 0.7793016849996093
424000 1.7115384615384615 0.7811274240002604
426000 1.7115384615384615 0.7792684670002927
428000 1.7115384615384615 0.7796885759998986
430000 1.7115384615384615 0.7798689839996769
432000 1.7115384615384615 0.7750532159998329
434000 1.7115384615384615 0.7757372640003268
436000 1.7115384615384615 0.7776673369999116
438000 1.7115384615384615 0.7758986209996692
440000 1.7115384615384615 0.7767345669999486
442000 1.7115384615384615 0.777877381000053
444000 1.7307692307692308 0.7739572619998398
446000 1.7307692307692308 0.7762268639999093
448000 1.7307692307692308 0.7747171050000361
450000 1.7307692307692308 0.7776281120000021
452000 1.7307692307692308 0.7757184509996478
454000 1.7307692307692308 0.7768028450000202
456000 1.7307692307692308 0.778720653000164
458000 1.7307692307692308 0.7751446969996323
460000 1.7307692307692308 0.7802729820000422
462000 1.7307692307692308 0.7786763089998203
464000 1.7307692307692308 0.777294406999772
466000 1.7307692307692308 0.7754059060002874
468000 1.7307692307692308 0.7756379289999131
470000 1.7307692307692308 0.7749088020000272
472000 1.7307692307692308 0.7794242780000786
474000 1.7307692307692308 0.7813427380001485
476000 1.7115384615384615 0.7796669360000124
478000 1.7307692307692308 0.7802936690000024
480000 1.7307692307692308 0.7794696260002638
482000 1.7307692307692308 0.7804796069999611
484000 1.7307692307692308 0.7791597359996558
486000 1.7307692307692308 0.7792500229998041
488000 1.7307692307692308 0.7795410990001983
490000 1.7115384615384615 0.7800520249998044
492000 1.7115384615384615 0.7800921530001688
494000 1.7115384615384615 0.7808812030002628
496000 1.7115384615384615 0.7793745869998929
498000 1.7115384615384615 0.7839544369999203
500000 1.7115384615384615 0.778545720999773
