2000 0.34615384615384615 1.234375
4000 0.40384615384615385 1.296875
6000 0.8461538461538461 1.796875
8000 1.25 1.109375
10000 1.1538461538461537 1.15625
12000 1.3846153846153846 1.03125
14000 1.5769230769230769 1.078125
16000 1.4038461538461537 1.109375
18000 1.5 1.09375
20000 1.4423076923076923 1.140625
22000 1.4615384615384615 1.046875
24000 1.5 1.328125
26000 1.5 1.140625
28000 1.5 1.328125
30000 1.5 1.09375
32000 1.3269230769230769 1.328125
34000 1.5 1.703125
36000 1.4230769230769231 1.359375
38000 1.7115384615384615 1.578125
40000 1.7115384615384615 1.3125
42000 1.7115384615384615 1.203125
44000 1.7115384615384615 1.171875
46000 1.7115384615384615 1.078125
48000 1.7115384615384615 1.15625
50000 1.7115384615384615 1.125
52000 1.7115384615384615 1.25
54000 1.7115384615384615 1.125
56000 1.7115384615384615 1.140625
58000 1.7115384615384615 1.25
60000 1.7115384615384615 1.109375
62000 1.7692307692307692 1.46875
64000 1.7115384615384615 1.125
66000 1.7692307692307692 1.34375
68000 1.7692307692307692 1.28125
70000 1.7692307692307692 1.5625
72000 1.7692307692307692 1.484375
74000 1.7692307692307692 1.25
76000 1.7692307692307692 1.25
78000 1.7692307692307692 1.21875
80000 1.7692307692307692 1.21875
82000 1.7692307692307692 1.1875
84000 1.7692307692307692 1.109375
86000 1.7692307692307692 1.21875
88000 1.7692307692307692 1.203125
90000 1.7692307692307692 1.203125
92000 1.7692307692307692 1.078125
94000 1.7692307692307692 1.109375
96000 1.7692307692307692 1.078125
98000 1.7692307692307692 1.125
100000 1.7692307692307692 1.203125
102000 1.7692307692307692 1.15625
104000 1.7692307692307692 1.28125
106000 1.7692307692307692 1.09375
108000 1.7692307692307692 1.484375
110000 1.7692307692307692 1.09375
112000 1.7692307692307692 1.125
114000 1.7692307692307692 1.1875
116000 1.7692307692307692 1.109375
118000 1.7692307692307692 1.265625
120000 1.7692307692307692 1.1875
122000 1.7692307692307692 1.15625
124000 1.7692307692307692 1.4375
126000 1.7692307692307692 1.171875
128000 1.7692307692307692 1.15625
130000 1.7692307692307692 1.078125
132000 1.7692307692307692 1.171875
134000 1.7692307692307692 1.109375
136000 1.7692307692307692 1.109375
138000 1.7692307692307692 1.140625
140000 1.7692307692307692 1.21875
142000 1.7692307692307692 1.1875
144000 1.7692307692307692 1.1875
146000 1.7692307692307692 1.046875
148000 1.7692307692307692 1.09375
150000 1.7692307692307692 1.390625
152000 1.7692307692307692 1.3125
154000 1.7692307692307692 1.234375
156000 1.7692307692307692 1.203125
158000 1.7692307692307692 1.640625
160000 1.7692307692307692 1.296875
162000 1.7692307692307692 1.328125
164000 1.7692307692307692 1.1875
166000 1.7692307692307692 1.359375
168000 1.7692307692307692 1.234375
170000 1.7692307692307692 1.234375
172000 1.7692307692307692 1.140625
174000 1.8461538461538463 1.21875
176000 1.8461538461538463 1.109375
178000 1.8461538461538463 1.15625
180000 1.75 1.375
182000 1.75 1.46875
184000 1.7692307692307692 1.328125
186000 1.7692307692307692 1.3125
188000 1.8461538461538463 1.3125
190000 1.8461538461538463 1.296875
192000 1.7692307692307692 1.390625
194000 1.7692307692307692 1.53125
196000 1.8461538461538463 1.078125
198000 1.8461538461538463 1.1875
200000 1.9038461538461537 3.875
202000 1.9038461538461537 4.859375
204000 1.8846153846153846 1.21875
206000 1.9038461538461537 1.578125
208000 1.9038461538461537 1.421875
210000 1.9038461538461537 1.25
212000 1.9038461538461537 1.25
214000 1.9038461538461537 1.21875
216000 1.9038461538461537 1.375
218000 1.9038461538461537 1.265625
220000 1.9038461538461537 1.46875
222000 1.9423076923076923 1.296875
224000 1.9423076923076923 1.21875
226000 1.9423076923076923 1.359375
228000 1.9038461538461537 1.28125
230000 1.9038461538461537 1.4375
232000 1.9423076923076923 1.296875
234000 1.9423076923076923 1.3125
236000 1.9423076923076923 1.34375
238000 1.9423076923076923 1.40625
240000 1.9423076923076923 1.265625
242000 1.9423076923076923 1.25
244000 1.9423076923076923 1.28125
246000 1.9423076923076923 1.234375
248000 1.9423076923076923 1.25
250000 1.9038461538461537 1.34375
252000 1.9038461538461537 1.296875
254000 1.9423076923076923 1.265625
256000 1.9423076923076923 1.3125
258000 1.9423076923076923 1.3125
260000 1.9423076923076923 1.3125
262000 1.9423076923076923 1.390625
264000 1.9423076923076923 1.25
266000 1.9423076923076923 1.484375
268000 1.9423076923076923 1.328125
270000 1.9423076923076923 1.4375
272000 1.9038461538461537 1.453125
274000 1.9038461538461537 1.28125
276000 1.9038461538461537 1.359375
278000 1.9423076923076923 1.390625
280000 1.9038461538461537 1.296875
282000 1.9038461538461537 1.25
284000 1.9038461538461537 1.328125
286000 1.8461538461538463 1.296875
288000 1.7692307692307692 1.296875
290000 1.7692307692307692 1.21875
292000 1.7692307692307692 1.359375
294000 1.75 1.359375
296000 1.75 1.421875
298000 1.75 1.34375
300000 1.7692307692307692 1.203125
302000 1.7692307692307692 1.34375
304000 1.7692307692307692 1.375
306000 1.7115384615384615 1.40625
308000 1.7115384615384615 1.40625
310000 1.7692307692307692 1.265625
312000 1.7692307692307692 1.59375
314000 1.7692307692307692 1.34375
316000 1.7692307692307692 1.359375
318000 1.7692307692307692 1.265625
320000 1.7692307692307692 1.25
322000 1.8076923076923077 1.265625
324000 1.8461538461538463 1.328125
326000 1.7692307692307692 1.328125
328000 1.7692307692307692 1.328125
330000 1.7692307692307692 1.390625
332000 1.7692307692307692 1.40625
334000 1.7692307692307692 1.4375
336000 1.7692307692307692 1.453125
338000 1.7692307692307692 1.265625
340000 1.7692307692307692 1.34375
342000 1.7692307692307692 1.265625
344000 1.7692307692307692 1.296875
346000 1.8076923076923077 1.25
348000 1.7692307692307692 1.296875
350000 1.7692307692307692 1.25
352000 1.8076923076923077 1.3125
354000 1.8076923076923077 1.265625
356000 1.8076923076923077 1.3125
358000 1.8076923076923077 1.296875
360000 1.9038461538461537 5.25
362000 1.9038461538461537 3.828125
364000 1.9038461538461537 3.859375
366000 1.9038461538461537 3.890625
368000 1.9423076923076923 3.859375
370000 1.9038461538461537 3.890625
372000 1.8461538461538463 3.984375
374000 1.8461538461538463 4.078125
376000 1.9423076923076923 4.265625
378000 1.8461538461538463 3.765625
380000 1.8846153846153846 3.890625
382000 1.8846153846153846 4.296875
384000 1.8461538461538463 4.0625
386000 1.8461538461538463 5.421875
388000 1.8461538461538463 4.03125
390000 1.9038461538461537 1.5625
392000 1.9615384615384615 0.921875
394000 1.9038461538461537 1.03125
396000 1.9038461538461537 0.96875
398000 1.9038461538461537 1.234375
400000 1.9038461538461537 1.15625
402000 1.9038461538461537 1.046875
404000 1.8653846153846154 0.953125
406000 1.8653846153846154 1.1875
408000 1.9038461538461537 1.078125
410000 1.9038461538461537 0.984375
412000 1.9038461538461537 1.0625
414000 1.9038461538461537 1.359375
416000 1.9038461538461537 1.078125
418000 1.9038461538461537 1.09375
420000 1.9038461538461537 1.34375
422000 1.9038461538461537 1.046875
424000 1.9615384615384615 1.078125
426000 1.8846153846153846 1.171875
428000 1.8846153846153846 1.09375
430000 1.9423076923076923 1.046875
432000 1.8846153846153846 1.1875
434000 1.9807692307692308 1.0625
436000 1.9807692307692308 1.1875
438000 1.9807692307692308 1.5
440000 1.9807692307692308 1.515625
442000 1.9807692307692308 1.109375
444000 1.9807692307692308 1.140625
446000 1.9807692307692308 1.3125
448000 1.9807692307692308 1.078125
450000 1.9807692307692308 1.1875
452000 1.9807692307692308 1.140625
454000 1.9230769230769231 1.109375
456000 1.9230769230769231 1.125
458000 1.9230769230769231 1.109375
460000 1.9807692307692308 1.15625
462000 1.9807692307692308 1.640625
464000 1.9807692307692308 1.140625
466000 1.9807692307692308 1.265625
468000 1.9807692307692308 1.140625
470000 1.9807692307692308 1.46875
472000 1.9807692307692308 1.15625
474000 1.9807692307692308 1.09375
476000 1.9807692307692308 1.078125
478000 1.9807692307692308 1.15625
480000 1.9807692307692308 1.203125
482000 1.9807692307692308 1.15625
484000 1.9807692307692308 1.125
486000 1.9807692307692308 1.125
488000 1.9807692307692308 1.125
490000 1.9807692307692308 1.140625
492000 1.9807692307692308 1.140625
494000 1.9423076923076923 1.171875
496000 1.9423076923076923 1.609375
498000 1.9230769230769231 1.703125
500000 1.9230769230769231 1.65625
