2000 0.7592592592592593 -1.0 130.05555555555554 0.038580246913580245 135.5185185185185 45.333333333333336 0.0 45.333333333333336 0.6974462999496609
4000 2.0185185185185186 0.018518518518518517 128.8148148148148 0.10185185185185185 135.5185185185185 45.333333333333336 0.0 45.333333333333336 0.8754842998459935
6000 13.851851851851851 -1.0 124.12962962962963 0.31635802469135804 135.5185185185185 45.333333333333336 0.0 45.333333333333336 0.9627594000194222
8000 28.537037037037038 28.537037037037038 123.31481481481481 0.35185185185185186 135.5185185185185 45.333333333333336 0.0 45.333333333333336 0.9642213000915945
10000 18.203703703703702 18.203703703703702 122.20370370370371 0.4567901234567901 135.5185185185185 45.333333333333336 0.0 45.333333333333336 1.0982559002004564
12000 18.203703703703702 18.203703703703702 122.20370370370371 0.4567901234567901 135.5185185185185 45.333333333333336 0.0 45.333333333333336 1.0418922000098974
14000 18.203703703703702 18.203703703703702 122.20370370370371 0.4567901234567901 135.5185185185185 45.333333333333336 0.0 45.333333333333336 1.0563107000198215
16000 14.87037037037037 -1.0 123.61111111111111 0.36574074074074076 135.5185185185185 45.333333333333336 0.0 45.333333333333336 1.0545463999733329
18000 14.87037037037037 -1.0 123.61111111111111 0.36574074074074076 135.5185185185185 45.333333333333336 0.0 45.333333333333336 0.9984573998954147
20000 14.87037037037037 -1.0 123.61111111111111 0.36574074074074076 135.5185185185185 45.333333333333336 0.0 45.333333333333336 1.1216268001589924
22000 14.87037037037037 -1.0 123.61111111111111 0.36574074074074076 135.5185185185185 45.333333333333336 0.0 45.333333333333336 1.111957399873063
24000 14.87037037037037 -1.0 123.61111111111111 0.36574074074074076 135.5185185185185 45.333333333333336 0.0 45.333333333333336 1.0793665999080986
26000 14.87037037037037 -1.0 123.61111111111111 0.36574074074074076 135.5185185185185 45.333333333333336 0.0 45.333333333333336 1.0116866000462323
28000 57.2037037037037 57.2037037037037 119.4074074074074 0.5308641975308641 135.5185185185185 45.333333333333336 0.018518518518518517 45.31481481481482 1.1264118999242783
30000 57.2037037037037 57.2037037037037 119.4074074074074 0.5308641975308641 135.5185185185185 45.333333333333336 0.018518518518518517 45.31481481481482 1.0471574000548571
32000 57.2037037037037 57.2037037037037 119.4074074074074 0.5308641975308641 135.5185185185185 45.333333333333336 0.018518518518518517 45.31481481481482 1.3202562001533806
34000 57.2037037037037 57.2037037037037 119.4074074074074 0.5308641975308641 135.5185185185185 45.333333333333336 0.018518518518518517 45.31481481481482 1.1729570999741554
36000 57.2037037037037 57.2037037037037 119.4074074074074 0.5308641975308641 135.5185185185185 45.333333333333336 0.018518518518518517 45.31481481481482 1.0682834999170154
38000 57.2037037037037 57.2037037037037 119.4074074074074 0.5308641975308641 135.5185185185185 45.333333333333336 0.018518518518518517 45.31481481481482 1.0760938997846097
40000 57.2037037037037 57.2037037037037 119.4074074074074 0.5308641975308641 135.5185185185185 45.333333333333336 0.018518518518518517 45.31481481481482 1.1064712998922914
42000 57.2037037037037 57.2037037037037 119.4074074074074 0.5308641975308641 135.5185185185185 45.333333333333336 0.018518518518518517 45.31481481481482 1.2052979001309723
44000 57.2037037037037 57.2037037037037 119.4074074074074 0.5308641975308641 135.5185185185185 45.333333333333336 0.018518518518518517 45.31481481481482 1.0301059999037534
46000 57.2037037037037 57.2037037037037 119.4074074074074 0.5308641975308641 135.5185185185185 45.333333333333336 0.018518518518518517 45.31481481481482 1.046565799973905
48000 57.2037037037037 57.2037037037037 119.4074074074074 0.5308641975308641 135.5185185185185 45.333333333333336 0.018518518518518517 45.31481481481482 1.0729700999800116
50000 57.2037037037037 57.2037037037037 119.4074074074074 0.5308641975308641 135.5185185185185 45.333333333333336 0.018518518518518517 45.31481481481482 1.128703200025484
52000 57.2037037037037 57.2037037037037 119.4074074074074 0.5308641975308641 135.5185185185185 45.333333333333336 0.018518518518518517 45.31481481481482 1.0792716001160443
54000 57.2037037037037 57.2037037037037 119.4074074074074 0.5308641975308641 135.5185185185185 45.333333333333336 0.018518518518518517 45.31481481481482 1.199680499965325
56000 57.2037037037037 57.2037037037037 119.4074074074074 0.5308641975308641 135.5185185185185 45.333333333333336 0.018518518518518517 45.31481481481482 1.1168995001353323
58000 57.2037037037037 57.2037037037037 119.4074074074074 0.5308641975308641 135.5185185185185 45.333333333333336 0.018518518518518517 45.31481481481482 1.1120575000531971
60000 57.2037037037037 57.2037037037037 119.4074074074074 0.5308641975308641 135.5185185185185 45.333333333333336 0.018518518518518517 45.31481481481482 1.0624480999540538
62000 57.2037037037037 57.2037037037037 119.4074074074074 0.5308641975308641 135.5185185185185 45.333333333333336 0.018518518518518517 45.31481481481482 1.111451500095427
64000 57.2037037037037 57.2037037037037 119.4074074074074 0.5308641975308641 135.5185185185185 45.333333333333336 0.018518518518518517 45.31481481481482 1.0436835000291467
66000 57.2037037037037 57.2037037037037 119.4074074074074 0.5308641975308641 135.5185185185185 45.333333333333336 0.018518518518518517 45.31481481481482 1.0545902999583632
68000 57.2037037037037 57.2037037037037 119.4074074074074 0.5308641975308641 135.5185185185185 45.333333333333336 0.018518518518518517 45.31481481481482 1.1703488999046385
70000 57.2037037037037 57.2037037037037 119.4074074074074 0.5308641975308641 135.5185185185185 45.333333333333336 0.018518518518518517 45.31481481481482 1.0580641999840736
72000 57.2037037037037 57.2037037037037 119.4074074074074 0.5308641975308641 135.5185185185185 45.333333333333336 0.018518518518518517 45.31481481481482 1.0465182000771165
74000 57.2037037037037 57.2037037037037 119.4074074074074 0.5308641975308641 135.5185185185185 45.333333333333336 0.018518518518518517 45.31481481481482 1.1791228000074625
76000 57.2037037037037 57.2037037037037 119.4074074074074 0.5308641975308641 135.5185185185185 45.333333333333336 0.018518518518518517 45.31481481481482 1.1425427000503987
78000 57.2037037037037 57.2037037037037 119.4074074074074 0.5308641975308641 135.5185185185185 45.333333333333336 0.018518518518518517 45.31481481481482 1.095269399927929
80000 57.2037037037037 57.2037037037037 119.4074074074074 0.5308641975308641 135.5185185185185 45.333333333333336 0.018518518518518517 45.31481481481482 1.0709524999838322
82000 57.2037037037037 57.2037037037037 119.4074074074074 0.5308641975308641 135.5185185185185 45.333333333333336 0.018518518518518517 45.31481481481482 1.0866293997969478
84000 96.55555555555556 96.55555555555556 118.14814814814815 0.49228395061728386 135.5185185185185 45.333333333333336 0.018518518518518517 45.31481481481482 1.163440699921921
86000 96.55555555555556 96.55555555555556 118.14814814814815 0.49228395061728386 135.5185185185185 45.333333333333336 0.018518518518518517 45.31481481481482 1.1652675999794155
88000 96.55555555555556 96.55555555555556 118.14814814814815 0.49228395061728386 135.5185185185185 45.333333333333336 0.018518518518518517 45.31481481481482 1.0382430001627654
90000 96.55555555555556 96.55555555555556 118.14814814814815 0.49228395061728386 135.5185185185185 45.333333333333336 0.018518518518518517 45.31481481481482 1.011581800179556
92000 96.55555555555556 96.55555555555556 118.14814814814815 0.49228395061728386 135.5185185185185 45.333333333333336 0.018518518518518517 45.31481481481482 1.013159800088033
94000 96.55555555555556 96.55555555555556 118.14814814814815 0.49228395061728386 135.5185185185185 45.333333333333336 0.018518518518518517 45.31481481481482 1.2038229999598116
96000 96.55555555555556 96.55555555555556 118.14814814814815 0.49228395061728386 135.5185185185185 45.333333333333336 0.018518518518518517 45.31481481481482 0.982726400019601
98000 96.55555555555556 96.55555555555556 118.14814814814815 0.49228395061728386 135.5185185185185 45.333333333333336 0.018518518518518517 45.31481481481482 0.9504977001342922
100000 96.55555555555556 96.55555555555556 118.14814814814815 0.49228395061728386 135.5185185185185 45.333333333333336 0.018518518518518517 45.31481481481482 0.9731411999091506
102000 96.55555555555556 96.55555555555556 118.14814814814815 0.49228395061728386 135.5185185185185 45.333333333333336 0.018518518518518517 45.31481481481482 0.9861574000678957
104000 96.55555555555556 96.55555555555556 118.14814814814815 0.49228395061728386 135.5185185185185 45.333333333333336 0.018518518518518517 45.31481481481482 0.9755768999457359
106000 96.55555555555556 96.55555555555556 118.14814814814815 0.49228395061728386 135.5185185185185 45.333333333333336 0.018518518518518517 45.31481481481482 1.0773527999408543
108000 96.55555555555556 96.55555555555556 118.14814814814815 0.49228395061728386 135.5185185185185 45.333333333333336 0.018518518518518517 45.31481481481482 1.0900701999198645
110000 96.55555555555556 96.55555555555556 118.14814814814815 0.49228395061728386 135.5185185185185 45.333333333333336 0.018518518518518517 45.31481481481482 1.2034962000325322
112000 96.55555555555556 96.55555555555556 118.14814814814815 0.49228395061728386 135.5185185185185 45.333333333333336 0.018518518518518517 45.31481481481482 1.0683965999633074
114000 96.55555555555556 96.55555555555556 118.14814814814815 0.49228395061728386 135.5185185185185 45.333333333333336 0.018518518518518517 45.31481481481482 0.9532822000328451
116000 96.55555555555556 96.55555555555556 118.14814814814815 0.49228395061728386 135.5185185185185 45.333333333333336 0.018518518518518517 45.31481481481482 1.0331037999130785
118000 96.55555555555556 96.55555555555556 118.14814814814815 0.49228395061728386 135.5185185185185 45.333333333333336 0.018518518518518517 45.31481481481482 1.0167337998282164
120000 96.55555555555556 96.55555555555556 118.14814814814815 0.49228395061728386 135.5185185185185 45.333333333333336 0.018518518518518517 45.31481481481482 0.9955162000842392
122000 96.55555555555556 96.55555555555556 118.14814814814815 0.49228395061728386 135.5185185185185 45.333333333333336 0.018518518518518517 45.31481481481482 1.0312228000257164
124000 96.55555555555556 96.55555555555556 118.14814814814815 0.49228395061728386 135.5185185185185 45.333333333333336 0.018518518518518517 45.31481481481482 0.9646779999602586
126000 96.55555555555556 96.55555555555556 118.14814814814815 0.49228395061728386 135.5185185185185 45.333333333333336 0.018518518518518517 45.31481481481482 1.030447999946773
128000 96.55555555555556 96.55555555555556 118.14814814814815 0.49228395061728386 135.5185185185185 45.333333333333336 0.018518518518518517 45.31481481481482 1.1622131001204252
130000 96.55555555555556 96.55555555555556 118.14814814814815 0.49228395061728386 135.5185185185185 45.333333333333336 0.018518518518518517 45.31481481481482 1.0184806999750435
132000 96.55555555555556 96.55555555555556 118.14814814814815 0.49228395061728386 135.5185185185185 45.333333333333336 0.018518518518518517 45.31481481481482 1.075518700061366
134000 96.55555555555556 96.55555555555556 118.14814814814815 0.49228395061728386 135.5185185185185 45.333333333333336 0.018518518518518517 45.31481481481482 1.0479673000518233
136000 96.55555555555556 96.55555555555556 118.14814814814815 0.49228395061728386 135.5185185185185 45.333333333333336 0.018518518518518517 45.31481481481482 1.0506881999317557
138000 96.55555555555556 96.55555555555556 118.14814814814815 0.49228395061728386 135.5185185185185 45.333333333333336 0.018518518518518517 45.31481481481482 1.0421625999733806
140000 96.55555555555556 96.55555555555556 118.14814814814815 0.49228395061728386 135.5185185185185 45.333333333333336 0.018518518518518517 45.31481481481482 1.051907300017774
142000 96.55555555555556 96.55555555555556 118.14814814814815 0.49228395061728386 135.5185185185185 45.333333333333336 0.018518518518518517 45.31481481481482 0.9723272998817265
144000 96.55555555555556 96.55555555555556 118.14814814814815 0.49228395061728386 135.5185185185185 45.333333333333336 0.018518518518518517 45.31481481481482 1.0764556999783963
146000 96.55555555555556 96.55555555555556 118.14814814814815 0.49228395061728386 135.5185185185185 45.333333333333336 0.018518518518518517 45.31481481481482 1.0826211001258343
148000 96.55555555555556 96.55555555555556 118.14814814814815 0.49228395061728386 135.5185185185185 45.333333333333336 0.018518518518518517 45.31481481481482 1.1527825000230223
150000 96.55555555555556 96.55555555555556 118.14814814814815 0.49228395061728386 135.5185185185185 45.333333333333336 0.018518518518518517 45.31481481481482 1.008683399995789
152000 96.55555555555556 96.55555555555556 118.14814814814815 0.49228395061728386 135.5185185185185 45.333333333333336 0.018518518518518517 45.31481481481482 1.1183486999943852
154000 96.55555555555556 96.55555555555556 118.14814814814815 0.49228395061728386 135.5185185185185 45.333333333333336 0.018518518518518517 45.31481481481482 0.9854178999084979
156000 96.55555555555556 96.55555555555556 118.14814814814815 0.49228395061728386 135.5185185185185 45.333333333333336 0.018518518518518517 45.31481481481482 1.0758824001532048
158000 96.55555555555556 96.55555555555556 118.14814814814815 0.49228395061728386 135.5185185185185 45.333333333333336 0.018518518518518517 45.31481481481482 1.010834800079465
160000 96.55555555555556 96.55555555555556 118.14814814814815 0.49228395061728386 135.5185185185185 45.333333333333336 0.018518518518518517 45.31481481481482 1.2103383000940084
162000 96.55555555555556 96.55555555555556 118.14814814814815 0.49228395061728386 135.5185185185185 45.333333333333336 0.018518518518518517 45.31481481481482 1.0910175000317395
164000 96.55555555555556 96.55555555555556 118.14814814814815 0.49228395061728386 135.5185185185185 45.333333333333336 0.018518518518518517 45.31481481481482 1.1104303000029176
166000 96.55555555555556 96.55555555555556 118.14814814814815 0.49228395061728386 135.5185185185185 45.333333333333336 0.018518518518518517 45.31481481481482 1.0300433000084013
168000 96.55555555555556 96.55555555555556 118.14814814814815 0.49228395061728386 135.5185185185185 45.333333333333336 0.018518518518518517 45.31481481481482 1.1025497000664473
170000 96.55555555555556 96.55555555555556 118.14814814814815 0.49228395061728386 135.5185185185185 45.333333333333336 0.018518518518518517 45.31481481481482 1.0487017000559717
172000 96.55555555555556 96.55555555555556 118.14814814814815 0.49228395061728386 135.5185185185185 45.333333333333336 0.018518518518518517 45.31481481481482 1.0350287000183016
174000 96.55555555555556 96.55555555555556 118.14814814814815 0.49228395061728386 135.5185185185185 45.333333333333336 0.018518518518518517 45.31481481481482 1.0542054001707584
176000 96.55555555555556 96.55555555555556 118.14814814814815 0.49228395061728386 135.5185185185185 45.333333333333336 0.018518518518518517 45.31481481481482 1.190928999800235
178000 96.55555555555556 96.55555555555556 118.14814814814815 0.49228395061728386 135.5185185185185 45.333333333333336 0.018518518518518517 45.31481481481482 1.0312736998312175
180000 96.55555555555556 96.55555555555556 118.14814814814815 0.49228395061728386 135.5185185185185 45.333333333333336 0.018518518518518517 45.31481481481482 1.0787233000155538
182000 96.55555555555556 96.55555555555556 118.14814814814815 0.49228395061728386 135.5185185185185 45.333333333333336 0.018518518518518517 45.31481481481482 1.1127555998973548
184000 96.55555555555556 96.55555555555556 118.14814814814815 0.49228395061728386 135.5185185185185 45.333333333333336 0.018518518518518517 45.31481481481482 1.1455316001083702
186000 96.55555555555556 96.55555555555556 118.14814814814815 0.49228395061728386 135.5185185185185 45.333333333333336 0.018518518518518517 45.31481481481482 1.0575574000831693
188000 96.55555555555556 96.55555555555556 118.14814814814815 0.49228395061728386 135.5185185185185 45.333333333333336 0.018518518518518517 45.31481481481482 1.1131726000458002
190000 96.55555555555556 96.55555555555556 118.14814814814815 0.49228395061728386 135.5185185185185 45.333333333333336 0.018518518518518517 45.31481481481482 1.0850219000130892
192000 96.55555555555556 96.55555555555556 118.14814814814815 0.49228395061728386 135.5185185185185 45.333333333333336 0.018518518518518517 45.31481481481482 1.0972735998220742
194000 96.55555555555556 96.55555555555556 118.14814814814815 0.49228395061728386 135.5185185185185 45.333333333333336 0.018518518518518517 45.31481481481482 1.1791654999833554
196000 96.55555555555556 96.55555555555556 118.14814814814815 0.49228395061728386 135.5185185185185 45.333333333333336 0.018518518518518517 45.31481481481482 1.0556740001775324
198000 96.55555555555556 96.55555555555556 118.14814814814815 0.49228395061728386 135.5185185185185 45.333333333333336 0.018518518518518517 45.31481481481482 0.9899907000362873
200000 96.55555555555556 96.55555555555556 118.14814814814815 0.49228395061728386 135.5185185185185 45.333333333333336 0.018518518518518517 45.31481481481482 1.0351058999076486
202000 96.55555555555556 96.55555555555556 118.14814814814815 0.49228395061728386 135.5185185185185 45.333333333333336 0.018518518518518517 45.31481481481482 0.9864089998882264
204000 96.55555555555556 96.55555555555556 118.14814814814815 0.49228395061728386 135.5185185185185 45.333333333333336 0.018518518518518517 45.31481481481482 0.9995410998817533
206000 96.55555555555556 96.55555555555556 118.14814814814815 0.49228395061728386 135.5185185185185 45.333333333333336 0.018518518518518517 45.31481481481482 1.016087400028482
208000 96.55555555555556 96.55555555555556 118.14814814814815 0.49228395061728386 135.5185185185185 45.333333333333336 0.018518518518518517 45.31481481481482 0.9839468998834491
210000 96.55555555555556 96.55555555555556 118.14814814814815 0.49228395061728386 135.5185185185185 45.333333333333336 0.018518518518518517 45.31481481481482 1.0341405000071973
212000 96.55555555555556 96.55555555555556 118.14814814814815 0.49228395061728386 135.5185185185185 45.333333333333336 0.018518518518518517 45.31481481481482 0.9733277000486851
214000 96.55555555555556 96.55555555555556 118.14814814814815 0.49228395061728386 135.5185185185185 45.333333333333336 0.018518518518518517 45.31481481481482 1.0455416000913829
216000 96.55555555555556 96.55555555555556 118.14814814814815 0.49228395061728386 135.5185185185185 45.333333333333336 0.018518518518518517 45.31481481481482 1.1202205000445247
218000 96.55555555555556 96.55555555555556 118.14814814814815 0.49228395061728386 135.5185185185185 45.333333333333336 0.018518518518518517 45.31481481481482 1.1012780000455678
220000 96.55555555555556 96.55555555555556 118.14814814814815 0.49228395061728386 135.5185185185185 45.333333333333336 0.018518518518518517 45.31481481481482 1.0620039999485016
222000 96.55555555555556 96.55555555555556 118.14814814814815 0.49228395061728386 135.5185185185185 45.333333333333336 0.018518518518518517 45.31481481481482 1.0562766999937594
224000 96.55555555555556 96.55555555555556 118.14814814814815 0.49228395061728386 135.5185185185185 45.333333333333336 0.018518518518518517 45.31481481481482 1.0207594998646528
226000 96.55555555555556 96.55555555555556 118.14814814814815 0.49228395061728386 135.5185185185185 45.333333333333336 0.018518518518518517 45.31481481481482 0.9865737999789417
228000 96.55555555555556 96.55555555555556 118.14814814814815 0.49228395061728386 135.5185185185185 45.333333333333336 0.018518518518518517 45.31481481481482 1.0885767999570817
230000 96.55555555555556 96.55555555555556 118.14814814814815 0.49228395061728386 135.5185185185185 45.333333333333336 0.018518518518518517 45.31481481481482 0.9809355998877436
232000 96.55555555555556 96.55555555555556 118.14814814814815 0.49228395061728386 135.5185185185185 45.333333333333336 0.018518518518518517 45.31481481481482 1.1423428000416607
234000 96.55555555555556 96.55555555555556 118.14814814814815 0.49228395061728386 135.5185185185185 45.333333333333336 0.018518518518518517 45.31481481481482 0.9880524999462068
236000 96.55555555555556 96.55555555555556 118.14814814814815 0.49228395061728386 135.5185185185185 45.333333333333336 0.018518518518518517 45.31481481481482 0.9911940000019968
238000 96.55555555555556 96.55555555555556 118.14814814814815 0.49228395061728386 135.5185185185185 45.333333333333336 0.018518518518518517 45.31481481481482 1.1464680000208318
240000 96.55555555555556 96.55555555555556 118.14814814814815 0.49228395061728386 135.5185185185185 45.333333333333336 0.018518518518518517 45.31481481481482 1.0511570998933166
242000 96.55555555555556 96.55555555555556 118.14814814814815 0.49228395061728386 135.5185185185185 45.333333333333336 0.018518518518518517 45.31481481481482 0.9859035999979824
244000 96.55555555555556 96.55555555555556 118.14814814814815 0.49228395061728386 135.5185185185185 45.333333333333336 0.018518518518518517 45.31481481481482 1.0783712000120431
246000 96.55555555555556 96.55555555555556 118.14814814814815 0.49228395061728386 135.5185185185185 45.333333333333336 0.018518518518518517 45.31481481481482 1.233772600069642
248000 96.55555555555556 96.55555555555556 118.14814814814815 0.49228395061728386 135.5185185185185 45.333333333333336 0.018518518518518517 45.31481481481482 1.1920726001262665
250000 96.55555555555556 96.55555555555556 118.14814814814815 0.49228395061728386 135.5185185185185 45.333333333333336 0.018518518518518517 45.31481481481482 1.3107939001638442
252000 96.55555555555556 96.55555555555556 118.14814814814815 0.49228395061728386 135.5185185185185 45.333333333333336 0.018518518518518517 45.31481481481482 1.1367204000707716
254000 96.55555555555556 96.55555555555556 118.14814814814815 0.49228395061728386 135.5185185185185 45.333333333333336 0.018518518518518517 45.31481481481482 1.2993467999622226
256000 96.55555555555556 96.55555555555556 118.14814814814815 0.49228395061728386 135.5185185185185 45.333333333333336 0.018518518518518517 45.31481481481482 1.3599692999850959
258000 96.55555555555556 96.55555555555556 118.14814814814815 0.49228395061728386 135.5185185185185 45.333333333333336 0.018518518518518517 45.31481481481482 1.194259500131011
260000 96.55555555555556 96.55555555555556 118.14814814814815 0.49228395061728386 135.5185185185185 45.333333333333336 0.018518518518518517 45.31481481481482 1.2655499998945743
262000 96.55555555555556 96.55555555555556 118.14814814814815 0.49228395061728386 135.5185185185185 45.333333333333336 0.018518518518518517 45.31481481481482 1.2545505000744015
264000 96.55555555555556 96.55555555555556 118.14814814814815 0.49228395061728386 135.5185185185185 45.333333333333336 0.018518518518518517 45.31481481481482 1.2963762998115271
266000 96.55555555555556 96.55555555555556 118.14814814814815 0.49228395061728386 135.5185185185185 45.333333333333336 0.018518518518518517 45.31481481481482 1.192904399940744
268000 96.55555555555556 96.55555555555556 118.14814814814815 0.49228395061728386 135.5185185185185 45.333333333333336 0.018518518518518517 45.31481481481482 1.238744799979031
270000 96.55555555555556 96.55555555555556 118.14814814814815 0.49228395061728386 135.5185185185185 45.333333333333336 0.018518518518518517 45.31481481481482 1.2512028999626637
272000 96.55555555555556 96.55555555555556 118.14814814814815 0.49228395061728386 135.5185185185185 45.333333333333336 0.018518518518518517 45.31481481481482 1.3239348998758942
274000 96.55555555555556 96.55555555555556 118.14814814814815 0.49228395061728386 135.5185185185185 45.333333333333336 0.018518518518518517 45.31481481481482 1.213103000074625
276000 96.55555555555556 96.55555555555556 118.14814814814815 0.49228395061728386 135.5185185185185 45.333333333333336 0.018518518518518517 45.31481481481482 1.264352499973029
278000 96.55555555555556 96.55555555555556 118.14814814814815 0.49228395061728386 135.5185185185185 45.333333333333336 0.018518518518518517 45.31481481481482 1.2713465001434088
280000 96.55555555555556 96.55555555555556 118.14814814814815 0.49228395061728386 135.5185185185185 45.333333333333336 0.018518518518518517 45.31481481481482 1.3300228998996317
282000 96.55555555555556 96.55555555555556 118.14814814814815 0.49228395061728386 135.5185185185185 45.333333333333336 0.018518518518518517 45.31481481481482 1.286088600056246
284000 96.55555555555556 96.55555555555556 118.14814814814815 0.49228395061728386 135.5185185185185 45.333333333333336 0.018518518518518517 45.31481481481482 1.209188099950552
286000 96.55555555555556 96.55555555555556 118.14814814814815 0.49228395061728386 135.5185185185185 45.333333333333336 0.018518518518518517 45.31481481481482 1.3310134999919683
288000 96.55555555555556 96.55555555555556 118.14814814814815 0.49228395061728386 135.5185185185185 45.333333333333336 0.018518518518518517 45.31481481481482 1.3774739999789745
290000 96.55555555555556 96.55555555555556 118.14814814814815 0.49228395061728386 135.5185185185185 45.333333333333336 0.018518518518518517 45.31481481481482 1.2822987998370081
292000 96.55555555555556 96.55555555555556 118.14814814814815 0.49228395061728386 135.5185185185185 45.333333333333336 0.018518518518518517 45.31481481481482 1.2636476999614388
294000 96.55555555555556 96.55555555555556 118.14814814814815 0.49228395061728386 135.5185185185185 45.333333333333336 0.018518518518518517 45.31481481481482 1.2204617999959737
296000 96.55555555555556 96.55555555555556 118.14814814814815 0.49228395061728386 135.5185185185185 45.333333333333336 0.018518518518518517 45.31481481481482 1.1701130999717861
298000 96.55555555555556 96.55555555555556 118.14814814814815 0.49228395061728386 135.5185185185185 45.333333333333336 0.018518518518518517 45.31481481481482 1.2696791000198573
300000 96.55555555555556 96.55555555555556 118.14814814814815 0.49228395061728386 135.5185185185185 45.333333333333336 0.018518518518518517 45.31481481481482 1.1700429001357406
302000 96.55555555555556 96.55555555555556 118.14814814814815 0.49228395061728386 135.5185185185185 45.333333333333336 0.018518518518518517 45.31481481481482 1.2163446999620646
304000 96.55555555555556 96.55555555555556 118.14814814814815 0.49228395061728386 135.5185185185185 45.333333333333336 0.018518518518518517 45.31481481481482 1.2452024000231177
306000 96.55555555555556 96.55555555555556 118.14814814814815 0.49228395061728386 135.5185185185185 45.333333333333336 0.018518518518518517 45.31481481481482 1.1435734999831766
308000 96.55555555555556 96.55555555555556 118.14814814814815 0.49228395061728386 135.5185185185185 45.333333333333336 0.018518518518518517 45.31481481481482 1.1822843998670578
310000 96.55555555555556 96.55555555555556 118.14814814814815 0.49228395061728386 135.5185185185185 45.333333333333336 0.018518518518518517 45.31481481481482 1.1350338999181986
312000 96.55555555555556 96.55555555555556 118.14814814814815 0.49228395061728386 135.5185185185185 45.333333333333336 0.018518518518518517 45.31481481481482 1.170182199915871
314000 96.55555555555556 96.55555555555556 118.14814814814815 0.49228395061728386 135.5185185185185 45.333333333333336 0.018518518518518517 45.31481481481482 1.2279576999135315
316000 96.55555555555556 96.55555555555556 118.14814814814815 0.49228395061728386 135.5185185185185 45.333333333333336 0.018518518518518517 45.31481481481482 1.2540869999211282
318000 96.55555555555556 96.55555555555556 118.14814814814815 0.49228395061728386 135.5185185185185 45.333333333333336 0.018518518518518517 45.31481481481482 1.1965986001305282
320000 96.55555555555556 96.55555555555556 118.14814814814815 0.49228395061728386 135.5185185185185 45.333333333333336 0.018518518518518517 45.31481481481482 1.123664499958977
322000 96.55555555555556 96.55555555555556 118.14814814814815 0.49228395061728386 135.5185185185185 45.333333333333336 0.018518518518518517 45.31481481481482 1.2282983001787215
324000 96.55555555555556 96.55555555555556 118.14814814814815 0.49228395061728386 135.5185185185185 45.333333333333336 0.018518518518518517 45.31481481481482 1.1958581998478621
326000 96.55555555555556 96.55555555555556 118.14814814814815 0.49228395061728386 135.5185185185185 45.333333333333336 0.018518518518518517 45.31481481481482 1.2442469999659806
328000 96.55555555555556 96.55555555555556 118.14814814814815 0.49228395061728386 135.5185185185185 45.333333333333336 0.018518518518518517 45.31481481481482 1.1860909999813884
330000 96.55555555555556 96.55555555555556 118.14814814814815 0.49228395061728386 135.5185185185185 45.333333333333336 0.018518518518518517 45.31481481481482 1.2511375998146832
332000 96.55555555555556 96.55555555555556 118.14814814814815 0.49228395061728386 135.5185185185185 45.333333333333336 0.018518518518518517 45.31481481481482 1.315651400014758
334000 96.55555555555556 96.55555555555556 118.14814814814815 0.49228395061728386 135.5185185185185 45.333333333333336 0.018518518518518517 45.31481481481482 1.1546006000135094
336000 96.55555555555556 96.55555555555556 118.14814814814815 0.49228395061728386 135.5185185185185 45.333333333333336 0.018518518518518517 45.31481481481482 1.293113399995491
338000 96.55555555555556 96.55555555555556 118.14814814814815 0.49228395061728386 135.5185185185185 45.333333333333336 0.018518518518518517 45.31481481481482 1.219584499951452
340000 96.55555555555556 96.55555555555556 118.14814814814815 0.49228395061728386 135.5185185185185 45.333333333333336 0.018518518518518517 45.31481481481482 1.1239746999926865
342000 96.55555555555556 96.55555555555556 118.14814814814815 0.49228395061728386 135.5185185185185 45.333333333333336 0.018518518518518517 45.31481481481482 1.170755400089547
344000 96.55555555555556 96.55555555555556 118.14814814814815 0.49228395061728386 135.5185185185185 45.333333333333336 0.018518518518518517 45.31481481481482 1.1793748999480158
346000 96.55555555555556 96.55555555555556 118.14814814814815 0.49228395061728386 135.5185185185185 45.333333333333336 0.018518518518518517 45.31481481481482 1.1610352001152933
348000 96.55555555555556 96.55555555555556 118.14814814814815 0.49228395061728386 135.5185185185185 45.333333333333336 0.018518518518518517 45.31481481481482 1.1476771000307053
350000 96.55555555555556 96.55555555555556 118.14814814814815 0.49228395061728386 135.5185185185185 45.333333333333336 0.018518518518518517 45.31481481481482 1.1276380999479443
352000 96.55555555555556 96.55555555555556 118.14814814814815 0.49228395061728386 135.5185185185185 45.333333333333336 0.018518518518518517 45.31481481481482 1.1857315001543611
354000 96.55555555555556 96.55555555555556 118.14814814814815 0.49228395061728386 135.5185185185185 45.333333333333336 0.018518518518518517 45.31481481481482 1.1389729001093656
356000 96.55555555555556 96.55555555555556 118.14814814814815 0.49228395061728386 135.5185185185185 45.333333333333336 0.018518518518518517 45.31481481481482 1.216822100104764
358000 96.55555555555556 96.55555555555556 118.14814814814815 0.49228395061728386 135.5185185185185 45.333333333333336 0.018518518518518517 45.31481481481482 1.1582588001620024
360000 96.55555555555556 96.55555555555556 118.14814814814815 0.49228395061728386 135.5185185185185 45.333333333333336 0.018518518518518517 45.31481481481482 1.1920944000594318
362000 96.55555555555556 96.55555555555556 118.14814814814815 0.49228395061728386 135.5185185185185 45.333333333333336 0.018518518518518517 45.31481481481482 1.1846939001698047
364000 96.55555555555556 96.55555555555556 118.14814814814815 0.49228395061728386 135.5185185185185 45.333333333333336 0.018518518518518517 45.31481481481482 1.1416344000026584
366000 96.55555555555556 96.55555555555556 118.14814814814815 0.49228395061728386 135.5185185185185 45.333333333333336 0.018518518518518517 45.31481481481482 1.2428664998151362
368000 96.55555555555556 96.55555555555556 118.14814814814815 0.49228395061728386 135.5185185185185 45.333333333333336 0.018518518518518517 45.31481481481482 1.2179572999011725
370000 96.55555555555556 96.55555555555556 118.14814814814815 0.49228395061728386 135.5185185185185 45.333333333333336 0.018518518518518517 45.31481481481482 1.177841099910438
372000 96.55555555555556 96.55555555555556 118.14814814814815 0.49228395061728386 135.5185185185185 45.333333333333336 0.018518518518518517 45.31481481481482 1.2131105000153184
374000 96.55555555555556 96.55555555555556 118.14814814814815 0.49228395061728386 135.5185185185185 45.333333333333336 0.018518518518518517 45.31481481481482 1.231383099919185
376000 96.55555555555556 96.55555555555556 118.14814814814815 0.49228395061728386 135.5185185185185 45.333333333333336 0.018518518518518517 45.31481481481482 1.2350081999320537
378000 96.55555555555556 96.55555555555556 118.14814814814815 0.49228395061728386 135.5185185185185 45.333333333333336 0.018518518518518517 45.31481481481482 1.1901468997821212
380000 96.55555555555556 96.55555555555556 118.14814814814815 0.49228395061728386 135.5185185185185 45.333333333333336 0.018518518518518517 45.31481481481482 1.1399136998225003
382000 96.55555555555556 96.55555555555556 118.14814814814815 0.49228395061728386 135.5185185185185 45.333333333333336 0.018518518518518517 45.31481481481482 1.184081600047648
384000 96.55555555555556 96.55555555555556 118.14814814814815 0.49228395061728386 135.5185185185185 45.333333333333336 0.018518518518518517 45.31481481481482 1.1999564999714494
386000 96.55555555555556 96.55555555555556 118.14814814814815 0.49228395061728386 135.5185185185185 45.333333333333336 0.018518518518518517 45.31481481481482 1.2068751000333577
388000 96.55555555555556 96.55555555555556 118.14814814814815 0.49228395061728386 135.5185185185185 45.333333333333336 0.018518518518518517 45.31481481481482 1.2594289002008736
390000 96.55555555555556 96.55555555555556 118.14814814814815 0.49228395061728386 135.5185185185185 45.333333333333336 0.018518518518518517 45.31481481481482 1.2570273000746965
392000 96.55555555555556 96.55555555555556 118.14814814814815 0.49228395061728386 135.5185185185185 45.333333333333336 0.018518518518518517 45.31481481481482 1.309558399952948
394000 96.55555555555556 96.55555555555556 118.14814814814815 0.49228395061728386 135.5185185185185 45.333333333333336 0.018518518518518517 45.31481481481482 1.2908797999843955
396000 96.55555555555556 96.55555555555556 118.14814814814815 0.49228395061728386 135.5185185185185 45.333333333333336 0.018518518518518517 45.31481481481482 1.1382967000827193
398000 96.55555555555556 96.55555555555556 118.14814814814815 0.49228395061728386 135.5185185185185 45.333333333333336 0.018518518518518517 45.31481481481482 1.1906330999918282
400000 96.55555555555556 96.55555555555556 118.14814814814815 0.49228395061728386 135.5185185185185 45.333333333333336 0.018518518518518517 45.31481481481482 1.208608000073582
402000 96.55555555555556 96.55555555555556 118.14814814814815 0.49228395061728386 135.5185185185185 45.333333333333336 0.018518518518518517 45.31481481481482 1.2194802998565137
404000 96.55555555555556 96.55555555555556 118.14814814814815 0.49228395061728386 135.5185185185185 45.333333333333336 0.018518518518518517 45.31481481481482 1.225257399957627
406000 96.55555555555556 96.55555555555556 118.14814814814815 0.49228395061728386 135.5185185185185 45.333333333333336 0.018518518518518517 45.31481481481482 1.2487000999972224
408000 96.55555555555556 96.55555555555556 118.14814814814815 0.49228395061728386 135.5185185185185 45.333333333333336 0.018518518518518517 45.31481481481482 1.2101209999527782
410000 96.55555555555556 96.55555555555556 118.14814814814815 0.49228395061728386 135.5185185185185 45.333333333333336 0.018518518518518517 45.31481481481482 1.3228186999913305
412000 96.55555555555556 96.55555555555556 118.14814814814815 0.49228395061728386 135.5185185185185 45.333333333333336 0.018518518518518517 45.31481481481482 1.1781915999017656
414000 96.55555555555556 96.55555555555556 118.14814814814815 0.49228395061728386 135.5185185185185 45.333333333333336 0.018518518518518517 45.31481481481482 1.363698799861595
416000 96.55555555555556 96.55555555555556 118.14814814814815 0.49228395061728386 135.5185185185185 45.333333333333336 0.018518518518518517 45.31481481481482 1.1886968000326306
418000 96.55555555555556 96.55555555555556 118.14814814814815 0.49228395061728386 135.5185185185185 45.333333333333336 0.018518518518518517 45.31481481481482 1.240937399910763
420000 96.55555555555556 96.55555555555556 118.14814814814815 0.49228395061728386 135.5185185185185 45.333333333333336 0.018518518518518517 45.31481481481482 1.241134300129488
422000 96.55555555555556 96.55555555555556 118.14814814814815 0.49228395061728386 135.5185185185185 45.333333333333336 0.018518518518518517 45.31481481481482 1.345524299889803
424000 96.55555555555556 96.55555555555556 118.14814814814815 0.49228395061728386 135.5185185185185 45.333333333333336 0.018518518518518517 45.31481481481482 1.2206298001110554
426000 96.55555555555556 96.55555555555556 118.14814814814815 0.49228395061728386 135.5185185185185 45.333333333333336 0.018518518518518517 45.31481481481482 1.2502611998934299
428000 96.55555555555556 96.55555555555556 118.14814814814815 0.49228395061728386 135.5185185185185 45.333333333333336 0.018518518518518517 45.31481481481482 1.2239792000036687
430000 96.55555555555556 96.55555555555556 118.14814814814815 0.49228395061728386 135.5185185185185 45.333333333333336 0.018518518518518517 45.31481481481482 1.2956248000264168
432000 96.55555555555556 96.55555555555556 118.14814814814815 0.49228395061728386 135.5185185185185 45.333333333333336 0.018518518518518517 45.31481481481482 1.2042744001373649
434000 96.55555555555556 96.55555555555556 118.14814814814815 0.49228395061728386 135.5185185185185 45.333333333333336 0.018518518518518517 45.31481481481482 1.125333399977535
436000 96.55555555555556 96.55555555555556 118.14814814814815 0.49228395061728386 135.5185185185185 45.333333333333336 0.018518518518518517 45.31481481481482 1.1583301001228392
438000 96.55555555555556 96.55555555555556 118.14814814814815 0.49228395061728386 135.5185185185185 45.333333333333336 0.018518518518518517 45.31481481481482 1.1278630001470447
440000 96.55555555555556 96.55555555555556 118.14814814814815 0.49228395061728386 135.5185185185185 45.333333333333336 0.018518518518518517 45.31481481481482 1.236769299954176
442000 96.55555555555556 96.55555555555556 118.14814814814815 0.49228395061728386 135.5185185185185 45.333333333333336 0.018518518518518517 45.31481481481482 1.1053999001160264
444000 96.55555555555556 96.55555555555556 118.14814814814815 0.49228395061728386 135.5185185185185 45.333333333333336 0.018518518518518517 45.31481481481482 1.1447936999611557
446000 96.55555555555556 96.55555555555556 118.14814814814815 0.49228395061728386 135.5185185185185 45.333333333333336 0.018518518518518517 45.31481481481482 1.2229658998548985
448000 96.55555555555556 96.55555555555556 118.14814814814815 0.49228395061728386 135.5185185185185 45.333333333333336 0.018518518518518517 45.31481481481482 1.193619899917394
450000 96.55555555555556 96.55555555555556 118.14814814814815 0.49228395061728386 135.5185185185185 45.333333333333336 0.018518518518518517 45.31481481481482 1.2110014001373202
452000 96.55555555555556 96.55555555555556 118.14814814814815 0.49228395061728386 135.5185185185185 45.333333333333336 0.018518518518518517 45.31481481481482 1.17661610012874
454000 96.55555555555556 96.55555555555556 118.14814814814815 0.49228395061728386 135.5185185185185 45.333333333333336 0.018518518518518517 45.31481481481482 1.1778002998325974
456000 96.55555555555556 96.55555555555556 118.14814814814815 0.49228395061728386 135.5185185185185 45.333333333333336 0.018518518518518517 45.31481481481482 1.3018759998958558
458000 96.55555555555556 96.55555555555556 118.14814814814815 0.49228395061728386 135.5185185185185 45.333333333333336 0.018518518518518517 45.31481481481482 1.2234408999793231
460000 96.55555555555556 96.55555555555556 118.14814814814815 0.49228395061728386 135.5185185185185 45.333333333333336 0.018518518518518517 45.31481481481482 1.1620361998211592
462000 96.55555555555556 96.55555555555556 118.14814814814815 0.49228395061728386 135.5185185185185 45.333333333333336 0.018518518518518517 45.31481481481482 1.2392608998343349
464000 96.55555555555556 96.55555555555556 118.14814814814815 0.49228395061728386 135.5185185185185 45.333333333333336 0.018518518518518517 45.31481481481482 1.1825337999034673
466000 96.55555555555556 96.55555555555556 118.14814814814815 0.49228395061728386 135.5185185185185 45.333333333333336 0.018518518518518517 45.31481481481482 1.232316100038588
468000 96.55555555555556 96.55555555555556 118.14814814814815 0.49228395061728386 135.5185185185185 45.333333333333336 0.018518518518518517 45.31481481481482 1.2189792999997735
470000 96.55555555555556 96.55555555555556 118.14814814814815 0.49228395061728386 135.5185185185185 45.333333333333336 0.018518518518518517 45.31481481481482 1.1444035000167787
472000 96.55555555555556 96.55555555555556 118.14814814814815 0.49228395061728386 135.5185185185185 45.333333333333336 0.018518518518518517 45.31481481481482 1.1807969000656158
474000 96.55555555555556 96.55555555555556 118.14814814814815 0.49228395061728386 135.5185185185185 45.333333333333336 0.018518518518518517 45.31481481481482 1.2469033000525087
476000 96.55555555555556 96.55555555555556 118.14814814814815 0.49228395061728386 135.5185185185185 45.333333333333336 0.018518518518518517 45.31481481481482 1.1813168998342007
478000 96.55555555555556 96.55555555555556 118.14814814814815 0.49228395061728386 135.5185185185185 45.333333333333336 0.018518518518518517 45.31481481481482 1.2023117998614907
480000 96.55555555555556 96.55555555555556 118.14814814814815 0.49228395061728386 135.5185185185185 45.333333333333336 0.018518518518518517 45.31481481481482 1.1649848001543432
482000 96.55555555555556 96.55555555555556 118.14814814814815 0.49228395061728386 135.5185185185185 45.333333333333336 0.018518518518518517 45.31481481481482 1.19214059994556
484000 96.55555555555556 96.55555555555556 118.14814814814815 0.49228395061728386 135.5185185185185 45.333333333333336 0.018518518518518517 45.31481481481482 1.1876577001530677
486000 96.55555555555556 96.55555555555556 118.14814814814815 0.49228395061728386 135.5185185185185 45.333333333333336 0.018518518518518517 45.31481481481482 1.1592490000184625
488000 96.55555555555556 96.55555555555556 118.14814814814815 0.49228395061728386 135.5185185185185 45.333333333333336 0.018518518518518517 45.31481481481482 1.1669034999795258
490000 96.55555555555556 96.55555555555556 118.14814814814815 0.49228395061728386 135.5185185185185 45.333333333333336 0.018518518518518517 45.31481481481482 1.170372199965641
492000 96.55555555555556 96.55555555555556 118.14814814814815 0.49228395061728386 135.5185185185185 45.333333333333336 0.018518518518518517 45.31481481481482 1.0522651001811028
494000 96.55555555555556 96.55555555555556 118.14814814814815 0.49228395061728386 135.5185185185185 45.333333333333336 0.018518518518518517 45.31481481481482 1.0226977998390794
496000 96.55555555555556 96.55555555555556 118.14814814814815 0.49228395061728386 135.5185185185185 45.333333333333336 0.018518518518518517 45.31481481481482 0.9142569999676198
498000 96.55555555555556 96.55555555555556 118.14814814814815 0.49228395061728386 135.5185185185185 45.333333333333336 0.018518518518518517 45.31481481481482 0.972595099825412
500000 96.55555555555556 96.55555555555556 118.14814814814815 0.49228395061728386 135.5185185185185 45.333333333333336 0.018518518518518517 45.31481481481482 0.9465417000465095
