2000 1.537037037037037 -1.0 129.42592592592592 0.038580246913580245 135.5185185185185 45.333333333333336 0.0 45.333333333333336 0.637630800018087
4000 2.685185185185185 -0.2222222222222222 128.35185185185185 0.0787037037037037 135.5185185185185 45.333333333333336 0.0 45.333333333333336 0.8686750999186188
6000 20.61111111111111 -1.0 123.64814814814815 0.26851851851851855 135.5185185185185 45.333333333333336 0.0 45.333333333333336 0.9010725000407547
8000 39.074074074074076 39.074074074074076 122.79629629629629 0.2962962962962963 135.5185185185185 45.333333333333336 0.0 45.333333333333336 1.0245082001201808
10000 26.72222222222222 26.72222222222222 121.74074074074075 0.40895061728395055 135.5185185185185 45.333333333333336 0.0 45.333333333333336 1.1083215998951346
12000 26.72222222222222 26.72222222222222 121.74074074074075 0.40895061728395055 135.5185185185185 45.333333333333336 0.0 45.333333333333336 1.1532609001733363
14000 26.72222222222222 26.72222222222222 121.74074074074075 0.40895061728395055 135.5185185185185 45.333333333333336 0.0 45.333333333333336 1.1325970001053065
16000 21.72222222222222 -1.0 123.12962962962963 0.31790123456790126 135.5185185185185 45.333333333333336 0.0 45.333333333333336 1.1592349999118596
18000 21.72222222222222 -1.0 123.12962962962963 0.31790123456790126 135.5185185185185 45.333333333333336 0.0 45.333333333333336 1.0628674998879433
20000 21.72222222222222 -1.0 123.12962962962963 0.31790123456790126 135.5185185185185 45.333333333333336 0.0 45.333333333333336 1.0453844000585377
22000 21.72222222222222 -1.0 123.12962962962963 0.31790123456790126 135.5185185185185 45.333333333333336 0.0 45.333333333333336 1.0448598000220954
24000 21.72222222222222 -1.0 123.12962962962963 0.31790123456790126 135.5185185185185 45.333333333333336 0.0 45.333333333333336 1.0789987999014556
26000 21.72222222222222 -1.0 123.12962962962963 0.31790123456790126 135.5185185185185 45.333333333333336 0.0 45.333333333333336 1.2219737998675555
28000 82.46296296296296 82.46296296296296 118.98148148148148 0.4830246913580246 135.5185185185185 45.333333333333336 0.018518518518518517 45.31481481481482 1.0671955000143498
30000 82.46296296296296 82.46296296296296 118.98148148148148 0.4830246913580246 135.5185185185185 45.333333333333336 0.018518518518518517 45.31481481481482 1.060332200024277
32000 82.46296296296296 82.46296296296296 118.98148148148148 0.4830246913580246 135.5185185185185 45.333333333333336 0.018518518518518517 45.31481481481482 1.1449684998951852
34000 82.46296296296296 82.46296296296296 118.98148148148148 0.4830246913580246 135.5185185185185 45.333333333333336 0.018518518518518517 45.31481481481482 1.1885814000852406
36000 82.46296296296296 82.46296296296296 118.98148148148148 0.4830246913580246 135.5185185185185 45.333333333333336 0.018518518518518517 45.31481481481482 1.0948828998953104
38000 82.46296296296296 82.46296296296296 118.98148148148148 0.4830246913580246 135.5185185185185 45.333333333333336 0.018518518518518517 45.31481481481482 1.1066261001396924
40000 82.46296296296296 82.46296296296296 118.98148148148148 0.4830246913580246 135.5185185185185 45.333333333333336 0.018518518518518517 45.31481481481482 1.1195419998839498
42000 82.46296296296296 82.46296296296296 118.98148148148148 0.4830246913580246 135.5185185185185 45.333333333333336 0.018518518518518517 45.31481481481482 1.0465385999996215
44000 82.46296296296296 82.46296296296296 118.98148148148148 0.4830246913580246 135.5185185185185 45.333333333333336 0.018518518518518517 45.31481481481482 1.0895587000995874
46000 82.46296296296296 82.46296296296296 118.98148148148148 0.4830246913580246 135.5185185185185 45.333333333333336 0.018518518518518517 45.31481481481482 1.099269799888134
48000 82.46296296296296 82.46296296296296 118.98148148148148 0.4830246913580246 135.5185185185185 45.333333333333336 0.018518518518518517 45.31481481481482 1.0646186999510974
50000 82.46296296296296 82.46296296296296 118.98148148148148 0.4830246913580246 135.5185185185185 45.333333333333336 0.018518518518518517 45.31481481481482 1.0470860998611897
52000 82.46296296296296 82.46296296296296 118.98148148148148 0.4830246913580246 135.5185185185185 45.333333333333336 0.018518518518518517 45.31481481481482 1.0926117000635713
54000 82.46296296296296 82.46296296296296 118.98148148148148 0.4830246913580246 135.5185185185185 45.333333333333336 0.018518518518518517 45.31481481481482 1.0559478998184204
56000 82.46296296296296 82.46296296296296 118.98148148148148 0.4830246913580246 135.5185185185185 45.333333333333336 0.018518518518518517 45.31481481481482 1.170291099930182
58000 82.46296296296296 82.46296296296296 118.98148148148148 0.4830246913580246 135.5185185185185 45.333333333333336 0.018518518518518517 45.31481481481482 1.0362542001530528
60000 82.46296296296296 82.46296296296296 118.98148148148148 0.4830246913580246 135.5185185185185 45.333333333333336 0.018518518518518517 45.31481481481482 1.0199971999973059
62000 82.46296296296296 82.46296296296296 118.98148148148148 0.4830246913580246 135.5185185185185 45.333333333333336 0.018518518518518517 45.31481481481482 1.1804802999831736
64000 82.46296296296296 82.46296296296296 118.98148148148148 0.4830246913580246 135.5185185185185 45.333333333333336 0.018518518518518517 45.31481481481482 1.0796721000224352
66000 82.46296296296296 82.46296296296296 118.98148148148148 0.4830246913580246 135.5185185185185 45.333333333333336 0.018518518518518517 45.31481481481482 1.043288700049743
68000 82.46296296296296 82.46296296296296 118.98148148148148 0.4830246913580246 135.5185185185185 45.333333333333336 0.018518518518518517 45.31481481481482 1.0258866001386195
70000 82.46296296296296 82.46296296296296 118.98148148148148 0.4830246913580246 135.5185185185185 45.333333333333336 0.018518518518518517 45.31481481481482 1.0428809998556972
72000 82.46296296296296 82.46296296296296 118.98148148148148 0.4830246913580246 135.5185185185185 45.333333333333336 0.018518518518518517 45.31481481481482 1.1052115000784397
74000 82.46296296296296 82.46296296296296 118.98148148148148 0.4830246913580246 135.5185185185185 45.333333333333336 0.018518518518518517 45.31481481481482 1.0069022998213768
76000 82.46296296296296 82.46296296296296 118.98148148148148 0.4830246913580246 135.5185185185185 45.333333333333336 0.018518518518518517 45.31481481481482 1.0332554001361132
78000 82.46296296296296 82.46296296296296 118.98148148148148 0.4830246913580246 135.5185185185185 45.333333333333336 0.018518518518518517 45.31481481481482 1.1053255000151694
80000 82.46296296296296 82.46296296296296 118.98148148148148 0.4830246913580246 135.5185185185185 45.333333333333336 0.018518518518518517 45.31481481481482 1.2768240000586957
82000 82.46296296296296 82.46296296296296 118.98148148148148 0.4830246913580246 135.5185185185185 45.333333333333336 0.018518518518518517 45.31481481481482 1.1798112001270056
84000 131.9814814814815 131.9814814814815 117.79629629629629 0.4552469135802468 135.5185185185185 45.333333333333336 0.018518518518518517 45.31481481481482 1.028586900094524
86000 131.9814814814815 131.9814814814815 117.79629629629629 0.4552469135802468 135.5185185185185 45.333333333333336 0.018518518518518517 45.31481481481482 1.0367078999988735
88000 131.9814814814815 131.9814814814815 117.79629629629629 0.4552469135802468 135.5185185185185 45.333333333333336 0.018518518518518517 45.31481481481482 0.9953592999372631
90000 131.9814814814815 131.9814814814815 117.79629629629629 0.4552469135802468 135.5185185185185 45.333333333333336 0.018518518518518517 45.31481481481482 0.9825756000354886
92000 131.9814814814815 131.9814814814815 117.79629629629629 0.4552469135802468 135.5185185185185 45.333333333333336 0.018518518518518517 45.31481481481482 1.1407308999914676
94000 131.9814814814815 131.9814814814815 117.79629629629629 0.4552469135802468 135.5185185185185 45.333333333333336 0.018518518518518517 45.31481481481482 0.9661885001696646
96000 131.9814814814815 131.9814814814815 117.79629629629629 0.4552469135802468 135.5185185185185 45.333333333333336 0.018518518518518517 45.31481481481482 0.985009300056845
98000 131.9814814814815 131.9814814814815 117.79629629629629 0.4552469135802468 135.5185185185185 45.333333333333336 0.018518518518518517 45.31481481481482 1.0584054000210017
100000 131.9814814814815 131.9814814814815 117.79629629629629 0.4552469135802468 135.5185185185185 45.333333333333336 0.018518518518518517 45.31481481481482 1.1284656000789255
102000 131.9814814814815 131.9814814814815 117.79629629629629 0.4552469135802468 135.5185185185185 45.333333333333336 0.018518518518518517 45.31481481481482 1.1469461999367923
104000 131.9814814814815 131.9814814814815 117.79629629629629 0.4552469135802468 135.5185185185185 45.333333333333336 0.018518518518518517 45.31481481481482 1.0181056000292301
106000 131.9814814814815 131.9814814814815 117.79629629629629 0.4552469135802468 135.5185185185185 45.333333333333336 0.018518518518518517 45.31481481481482 1.025931199779734
108000 131.9814814814815 131.9814814814815 117.79629629629629 0.4552469135802468 135.5185185185185 45.333333333333336 0.018518518518518517 45.31481481481482 0.9560399998445064
110000 131.9814814814815 131.9814814814815 117.79629629629629 0.4552469135802468 135.5185185185185 45.333333333333336 0.018518518518518517 45.31481481481482 1.0807349998503923
112000 131.9814814814815 131.9814814814815 117.79629629629629 0.4552469135802468 135.5185185185185 45.333333333333336 0.018518518518518517 45.31481481481482 1.014749800087884
114000 131.9814814814815 131.9814814814815 117.79629629629629 0.4552469135802468 135.5185185185185 45.333333333333336 0.018518518518518517 45.31481481481482 1.008812600048259
116000 131.9814814814815 131.9814814814815 117.79629629629629 0.4552469135802468 135.5185185185185 45.333333333333336 0.018518518518518517 45.31481481481482 1.0412290999665856
118000 131.9814814814815 131.9814814814815 117.79629629629629 0.4552469135802468 135.5185185185185 45.333333333333336 0.018518518518518517 45.31481481481482 1.0280518000945449
120000 131.9814814814815 131.9814814814815 117.79629629629629 0.4552469135802468 135.5185185185185 45.333333333333336 0.018518518518518517 45.31481481481482 1.1249324001837522
122000 131.9814814814815 131.9814814814815 117.79629629629629 0.4552469135802468 135.5185185185185 45.333333333333336 0.018518518518518517 45.31481481481482 1.0182519000954926
124000 131.9814814814815 131.9814814814815 117.79629629629629 0.4552469135802468 135.5185185185185 45.333333333333336 0.018518518518518517 45.31481481481482 0.9917029000353068
126000 131.9814814814815 131.9814814814815 117.79629629629629 0.4552469135802468 135.5185185185185 45.333333333333336 0.018518518518518517 45.31481481481482 0.9782054999377578
128000 131.9814814814815 131.9814814814815 117.79629629629629 0.4552469135802468 135.5185185185185 45.333333333333336 0.018518518518518517 45.31481481481482 1.0676289000548422
130000 131.9814814814815 131.9814814814815 117.79629629629629 0.4552469135802468 135.5185185185185 45.333333333333336 0.018518518518518517 45.31481481481482 1.0514732000883669
132000 131.9814814814815 131.9814814814815 117.79629629629629 0.4552469135802468 135.5185185185185 45.333333333333336 0.018518518518518517 45.31481481481482 1.0189389998558909
134000 131.9814814814815 131.9814814814815 117.79629629629629 0.4552469135802468 135.5185185185185 45.333333333333336 0.018518518518518517 45.31481481481482 0.9798912999685854
136000 131.9814814814815 131.9814814814815 117.79629629629629 0.4552469135802468 135.5185185185185 45.333333333333336 0.018518518518518517 45.31481481481482 1.1804988000076264
138000 131.9814814814815 131.9814814814815 117.79629629629629 0.4552469135802468 135.5185185185185 45.333333333333336 0.018518518518518517 45.31481481481482 0.9882978000678122
140000 131.9814814814815 131.9814814814815 117.79629629629629 0.4552469135802468 135.5185185185185 45.333333333333336 0.018518518518518517 45.31481481481482 0.9970251000486314
142000 131.9814814814815 131.9814814814815 117.79629629629629 0.4552469135802468 135.5185185185185 45.333333333333336 0.018518518518518517 45.31481481481482 1.0019332999363542
144000 131.9814814814815 131.9814814814815 117.79629629629629 0.4552469135802468 135.5185185185185 45.333333333333336 0.018518518518518517 45.31481481481482 1.1647842000238597
146000 131.9814814814815 131.9814814814815 117.79629629629629 0.4552469135802468 135.5185185185185 45.333333333333336 0.018518518518518517 45.31481481481482 1.0838013000320643
148000 131.9814814814815 131.9814814814815 117.79629629629629 0.4552469135802468 135.5185185185185 45.333333333333336 0.018518518518518517 45.31481481481482 1.021643599960953
150000 131.9814814814815 131.9814814814815 117.79629629629629 0.4552469135802468 135.5185185185185 45.333333333333336 0.018518518518518517 45.31481481481482 1.0358468000777066
152000 131.9814814814815 131.9814814814815 117.79629629629629 0.4552469135802468 135.5185185185185 45.333333333333336 0.018518518518518517 45.31481481481482 1.0760951999109238
154000 131.9814814814815 131.9814814814815 117.79629629629629 0.4552469135802468 135.5185185185185 45.333333333333336 0.018518518518518517 45.31481481481482 1.0620211998466402
156000 131.9814814814815 131.9814814814815 117.79629629629629 0.4552469135802468 135.5185185185185 45.333333333333336 0.018518518518518517 45.31481481481482 1.0671016999986023
158000 131.9814814814815 131.9814814814815 117.79629629629629 0.4552469135802468 135.5185185185185 45.333333333333336 0.018518518518518517 45.31481481481482 1.0494909000117332
160000 131.9814814814815 131.9814814814815 117.79629629629629 0.4552469135802468 135.5185185185185 45.333333333333336 0.018518518518518517 45.31481481481482 1.1169803999364376
162000 131.9814814814815 131.9814814814815 117.79629629629629 0.4552469135802468 135.5185185185185 45.333333333333336 0.018518518518518517 45.31481481481482 1.1301996000111103
164000 131.9814814814815 131.9814814814815 117.79629629629629 0.4552469135802468 135.5185185185185 45.333333333333336 0.018518518518518517 45.31481481481482 1.1264195998664945
166000 131.9814814814815 131.9814814814815 117.79629629629629 0.4552469135802468 135.5185185185185 45.333333333333336 0.018518518518518517 45.31481481481482 1.1478153001517057
168000 131.9814814814815 131.9814814814815 117.79629629629629 0.4552469135802468 135.5185185185185 45.333333333333336 0.018518518518518517 45.31481481481482 1.0490086001809686
170000 131.9814814814815 131.9814814814815 117.79629629629629 0.4552469135802468 135.5185185185185 45.333333333333336 0.018518518518518517 45.31481481481482 1.0641836000140756
172000 131.9814814814815 131.9814814814815 117.79629629629629 0.4552469135802468 135.5185185185185 45.333333333333336 0.018518518518518517 45.31481481481482 1.0602901000529528
174000 131.9814814814815 131.9814814814815 117.79629629629629 0.4552469135802468 135.5185185185185 45.333333333333336 0.018518518518518517 45.31481481481482 1.0223389999009669
176000 131.9814814814815 131.9814814814815 117.79629629629629 0.4552469135802468 135.5185185185185 45.333333333333336 0.018518518518518517 45.31481481481482 1.0968591999262571
178000 131.9814814814815 131.9814814814815 117.79629629629629 0.4552469135802468 135.5185185185185 45.333333333333336 0.018518518518518517 45.31481481481482 1.1032728999853134
180000 131.9814814814815 131.9814814814815 117.79629629629629 0.4552469135802468 135.5185185185185 45.333333333333336 0.018518518518518517 45.31481481481482 1.0836410999763757
182000 131.9814814814815 131.9814814814815 117.79629629629629 0.4552469135802468 135.5185185185185 45.333333333333336 0.018518518518518517 45.31481481481482 1.1738606998696923
184000 131.9814814814815 131.9814814814815 117.79629629629629 0.4552469135802468 135.5185185185185 45.333333333333336 0.018518518518518517 45.31481481481482 1.1460568001493812
186000 131.9814814814815 131.9814814814815 117.79629629629629 0.4552469135802468 135.5185185185185 45.333333333333336 0.018518518518518517 45.31481481481482 1.0191073999740183
188000 131.9814814814815 131.9814814814815 117.79629629629629 0.4552469135802468 135.5185185185185 45.333333333333336 0.018518518518518517 45.31481481481482 1.04838479985483
190000 131.9814814814815 131.9814814814815 117.79629629629629 0.4552469135802468 135.5185185185185 45.333333333333336 0.018518518518518517 45.31481481481482 1.0474477999377996
192000 131.9814814814815 131.9814814814815 117.79629629629629 0.4552469135802468 135.5185185185185 45.333333333333336 0.018518518518518517 45.31481481481482 1.0598824000917375
194000 131.9814814814815 131.9814814814815 117.79629629629629 0.4552469135802468 135.5185185185185 45.333333333333336 0.018518518518518517 45.31481481481482 1.0961249999236315
196000 131.9814814814815 131.9814814814815 117.79629629629629 0.4552469135802468 135.5185185185185 45.333333333333336 0.018518518518518517 45.31481481481482 1.0502417001407593
198000 131.9814814814815 131.9814814814815 117.79629629629629 0.4552469135802468 135.5185185185185 45.333333333333336 0.018518518518518517 45.31481481481482 0.9599441001191735
200000 131.9814814814815 131.9814814814815 117.79629629629629 0.4552469135802468 135.5185185185185 45.333333333333336 0.018518518518518517 45.31481481481482 1.1331813998986036
202000 131.9814814814815 131.9814814814815 117.79629629629629 0.4552469135802468 135.5185185185185 45.333333333333336 0.018518518518518517 45.31481481481482 1.0576460999436677
204000 131.9814814814815 131.9814814814815 117.79629629629629 0.4552469135802468 135.5185185185185 45.333333333333336 0.018518518518518517 45.31481481481482 0.9886322999373078
206000 131.9814814814815 131.9814814814815 117.79629629629629 0.4552469135802468 135.5185185185185 45.333333333333336 0.018518518518518517 45.31481481481482 0.9992584998253733
208000 131.9814814814815 131.9814814814815 117.79629629629629 0.4552469135802468 135.5185185185185 45.333333333333336 0.018518518518518517 45.31481481481482 1.0035027998965234
210000 131.9814814814815 131.9814814814815 117.79629629629629 0.4552469135802468 135.5185185185185 45.333333333333336 0.018518518518518517 45.31481481481482 1.0663904999382794
212000 131.9814814814815 131.9814814814815 117.79629629629629 0.4552469135802468 135.5185185185185 45.333333333333336 0.018518518518518517 45.31481481481482 1.0793176998849958
214000 131.9814814814815 131.9814814814815 117.79629629629629 0.4552469135802468 135.5185185185185 45.333333333333336 0.018518518518518517 45.31481481481482 0.9737798999994993
216000 131.9814814814815 131.9814814814815 117.79629629629629 0.4552469135802468 135.5185185185185 45.333333333333336 0.018518518518518517 45.31481481481482 0.9826466999948025
218000 131.9814814814815 131.9814814814815 117.79629629629629 0.4552469135802468 135.5185185185185 45.333333333333336 0.018518518518518517 45.31481481481482 0.9789630998857319
220000 131.9814814814815 131.9814814814815 117.79629629629629 0.4552469135802468 135.5185185185185 45.333333333333336 0.018518518518518517 45.31481481481482 0.9978227999527007
222000 131.9814814814815 131.9814814814815 117.79629629629629 0.4552469135802468 135.5185185185185 45.333333333333336 0.018518518518518517 45.31481481481482 0.9711653999984264
224000 131.9814814814815 131.9814814814815 117.79629629629629 0.4552469135802468 135.5185185185185 45.333333333333336 0.018518518518518517 45.31481481481482 1.0294121000915766
226000 131.9814814814815 131.9814814814815 117.79629629629629 0.4552469135802468 135.5185185185185 45.333333333333336 0.018518518518518517 45.31481481481482 0.9767478001303971
228000 131.9814814814815 131.9814814814815 117.79629629629629 0.4552469135802468 135.5185185185185 45.333333333333336 0.018518518518518517 45.31481481481482 1.0609996998682618
230000 131.9814814814815 131.9814814814815 117.79629629629629 0.4552469135802468 135.5185185185185 45.333333333333336 0.018518518518518517 45.31481481481482 1.0962280000094324
232000 131.9814814814815 131.9814814814815 117.79629629629629 0.4552469135802468 135.5185185185185 45.333333333333336 0.018518518518518517 45.31481481481482 1.1238119001500309
234000 131.9814814814815 131.9814814814815 117.79629629629629 0.4552469135802468 135.5185185185185 45.333333333333336 0.018518518518518517 45.31481481481482 0.9785575999412686
236000 131.9814814814815 131.9814814814815 117.79629629629629 0.4552469135802468 135.5185185185185 45.333333333333336 0.018518518518518517 45.31481481481482 1.0554498999845237
238000 131.9814814814815 131.9814814814815 117.79629629629629 0.4552469135802468 135.5185185185185 45.333333333333336 0.018518518518518517 45.31481481481482 1.021720599848777
240000 131.9814814814815 131.9814814814815 117.79629629629629 0.4552469135802468 135.5185185185185 45.333333333333336 0.018518518518518517 45.31481481481482 0.9656139998696744
242000 131.9814814814815 131.9814814814815 117.79629629629629 0.4552469135802468 135.5185185185185 45.333333333333336 0.018518518518518517 45.31481481481482 1.1592714998405427
244000 131.9814814814815 131.9814814814815 117.79629629629629 0.4552469135802468 135.5185185185185 45.333333333333336 0.018518518518518517 45.31481481481482 0.9919749998953193
246000 131.9814814814815 131.9814814814815 117.79629629629629 0.4552469135802468 135.5185185185185 45.333333333333336 0.018518518518518517 45.31481481481482 1.2960965998936445
248000 131.9814814814815 131.9814814814815 117.79629629629629 0.4552469135802468 135.5185185185185 45.333333333333336 0.018518518518518517 45.31481481481482 1.1035615000873804
250000 131.9814814814815 131.9814814814815 117.79629629629629 0.4552469135802468 135.5185185185185 45.333333333333336 0.018518518518518517 45.31481481481482 1.2564276999328285
252000 131.9814814814815 131.9814814814815 117.79629629629629 0.4552469135802468 135.5185185185185 45.333333333333336 0.018518518518518517 45.31481481481482 1.1823112999554724
254000 131.9814814814815 131.9814814814815 117.79629629629629 0.4552469135802468 135.5185185185185 45.333333333333336 0.018518518518518517 45.31481481481482 1.1962169997859746
256000 131.9814814814815 131.9814814814815 117.79629629629629 0.4552469135802468 135.5185185185185 45.333333333333336 0.018518518518518517 45.31481481481482 1.192243600031361
258000 131.9814814814815 131.9814814814815 117.79629629629629 0.4552469135802468 135.5185185185185 45.333333333333336 0.018518518518518517 45.31481481481482 1.2495475001633167
260000 131.9814814814815 131.9814814814815 117.79629629629629 0.4552469135802468 135.5185185185185 45.333333333333336 0.018518518518518517 45.31481481481482 1.2407356000039726
262000 131.9814814814815 131.9814814814815 117.79629629629629 0.4552469135802468 135.5185185185185 45.333333333333336 0.018518518518518517 45.31481481481482 1.289619900053367
264000 131.9814814814815 131.9814814814815 117.79629629629629 0.4552469135802468 135.5185185185185 45.333333333333336 0.018518518518518517 45.31481481481482 1.2851434999611229
266000 131.9814814814815 131.9814814814815 117.79629629629629 0.4552469135802468 135.5185185185185 45.333333333333336 0.018518518518518517 45.31481481481482 1.208661099895835
268000 131.9814814814815 131.9814814814815 117.79629629629629 0.4552469135802468 135.5185185185185 45.333333333333336 0.018518518518518517 45.31481481481482 1.38740299991332
270000 131.9814814814815 131.9814814814815 117.79629629629629 0.4552469135802468 135.5185185185185 45.333333333333336 0.018518518518518517 45.31481481481482 1.2081304001621902
272000 131.9814814814815 131.9814814814815 117.79629629629629 0.4552469135802468 135.5185185185185 45.333333333333336 0.018518518518518517 45.31481481481482 1.2427022999618202
274000 131.9814814814815 131.9814814814815 117.79629629629629 0.4552469135802468 135.5185185185185 45.333333333333336 0.018518518518518517 45.31481481481482 1.1992088998667896
276000 131.9814814814815 131.9814814814815 117.79629629629629 0.4552469135802468 135.5185185185185 45.333333333333336 0.018518518518518517 45.31481481481482 1.2302998001687229
278000 131.9814814814815 131.9814814814815 117.79629629629629 0.4552469135802468 135.5185185185185 45.333333333333336 0.018518518518518517 45.31481481481482 1.1351257998030633
280000 131.9814814814815 131.9814814814815 117.79629629629629 0.4552469135802468 135.5185185185185 45.333333333333336 0.018518518518518517 45.31481481481482 1.2377659000921994
282000 131.9814814814815 131.9814814814815 117.79629629629629 0.4552469135802468 135.5185185185185 45.333333333333336 0.018518518518518517 45.31481481481482 1.263483699876815
284000 131.9814814814815 131.9814814814815 117.79629629629629 0.4552469135802468 135.5185185185185 45.333333333333336 0.018518518518518517 45.31481481481482 1.1879308999050409
286000 131.9814814814815 131.9814814814815 117.79629629629629 0.4552469135802468 135.5185185185185 45.333333333333336 0.018518518518518517 45.31481481481482 1.2623397998977453
288000 131.9814814814815 131.9814814814815 117.79629629629629 0.4552469135802468 135.5185185185185 45.333333333333336 0.018518518518518517 45.31481481481482 1.3336648000404239
290000 131.9814814814815 131.9814814814815 117.79629629629629 0.4552469135802468 135.5185185185185 45.333333333333336 0.018518518518518517 45.31481481481482 1.2353475000709295
292000 131.9814814814815 131.9814814814815 117.79629629629629 0.4552469135802468 135.5185185185185 45.333333333333336 0.018518518518518517 45.31481481481482 1.2660389000084251
294000 131.9814814814815 131.9814814814815 117.79629629629629 0.4552469135802468 135.5185185185185 45.333333333333336 0.018518518518518517 45.31481481481482 1.295919300056994
296000 131.9814814814815 131.9814814814815 117.79629629629629 0.4552469135802468 135.5185185185185 45.333333333333336 0.018518518518518517 45.31481481481482 1.1971452999860048
298000 131.9814814814815 131.9814814814815 117.79629629629629 0.4552469135802468 135.5185185185185 45.333333333333336 0.018518518518518517 45.31481481481482 1.1380461000371724
300000 131.9814814814815 131.9814814814815 117.79629629629629 0.4552469135802468 135.5185185185185 45.333333333333336 0.018518518518518517 45.31481481481482 1.2508487000595778
302000 131.9814814814815 131.9814814814815 117.79629629629629 0.4552469135802468 135.5185185185185 45.333333333333336 0.018518518518518517 45.31481481481482 1.1819739998318255
304000 131.9814814814815 131.9814814814815 117.79629629629629 0.4552469135802468 135.5185185185185 45.333333333333336 0.018518518518518517 45.31481481481482 1.2542900000698864
306000 131.9814814814815 131.9814814814815 117.79629629629629 0.4552469135802468 135.5185185185185 45.333333333333336 0.018518518518518517 45.31481481481482 1.2484355999622494
308000 131.9814814814815 131.9814814814815 117.79629629629629 0.4552469135802468 135.5185185185185 45.333333333333336 0.018518518518518517 45.31481481481482 1.142968999920413
310000 131.9814814814815 131.9814814814815 117.79629629629629 0.4552469135802468 135.5185185185185 45.333333333333336 0.018518518518518517 45.31481481481482 1.1525763999670744
312000 131.9814814814815 131.9814814814815 117.79629629629629 0.4552469135802468 135.5185185185185 45.333333333333336 0.018518518518518517 45.31481481481482 1.1763975999783725
314000 131.9814814814815 131.9814814814815 117.79629629629629 0.4552469135802468 135.5185185185185 45.333333333333336 0.018518518518518517 45.31481481481482 1.2113884999416769
316000 131.9814814814815 131.9814814814815 117.79629629629629 0.4552469135802468 135.5185185185185 45.333333333333336 0.018518518518518517 45.31481481481482 1.1863432000391185
318000 131.9814814814815 131.9814814814815 117.79629629629629 0.4552469135802468 135.5185185185185 45.333333333333336 0.018518518518518517 45.31481481481482 1.1156631999183446
320000 131.9814814814815 131.9814814814815 117.79629629629629 0.4552469135802468 135.5185185185185 45.333333333333336 0.018518518518518517 45.31481481481482 1.1398966000415385
322000 131.9814814814815 131.9814814814815 117.79629629629629 0.4552469135802468 135.5185185185185 45.333333333333336 0.018518518518518517 45.31481481481482 1.1575333001092076
324000 131.9814814814815 131.9814814814815 117.79629629629629 0.4552469135802468 135.5185185185185 45.333333333333336 0.018518518518518517 45.31481481481482 1.1440673000179231
326000 131.9814814814815 131.9814814814815 117.79629629629629 0.4552469135802468 135.5185185185185 45.333333333333336 0.018518518518518517 45.31481481481482 1.1682516001164913
328000 131.9814814814815 131.9814814814815 117.79629629629629 0.4552469135802468 135.5185185185185 45.333333333333336 0.018518518518518517 45.31481481481482 1.1738841999322176
330000 131.9814814814815 131.9814814814815 117.79629629629629 0.4552469135802468 135.5185185185185 45.333333333333336 0.018518518518518517 45.31481481481482 1.1742291999980807
332000 131.9814814814815 131.9814814814815 117.79629629629629 0.4552469135802468 135.5185185185185 45.333333333333336 0.018518518518518517 45.31481481481482 1.2214627000503242
334000 131.9814814814815 131.9814814814815 117.79629629629629 0.4552469135802468 135.5185185185185 45.333333333333336 0.018518518518518517 45.31481481481482 1.1395747000351548
336000 131.9814814814815 131.9814814814815 117.79629629629629 0.4552469135802468 135.5185185185185 45.333333333333336 0.018518518518518517 45.31481481481482 1.2053362999577075
338000 131.9814814814815 131.9814814814815 117.79629629629629 0.4552469135802468 135.5185185185185 45.333333333333336 0.018518518518518517 45.31481481481482 1.174351700115949
340000 131.9814814814815 131.9814814814815 117.79629629629629 0.4552469135802468 135.5185185185185 45.333333333333336 0.018518518518518517 45.31481481481482 1.1989819000009447
342000 131.9814814814815 131.9814814814815 117.79629629629629 0.4552469135802468 135.5185185185185 45.333333333333336 0.018518518518518517 45.31481481481482 1.123908800072968
344000 131.9814814814815 131.9814814814815 117.79629629629629 0.4552469135802468 135.5185185185185 45.333333333333336 0.018518518518518517 45.31481481481482 1.2120333998464048
346000 131.9814814814815 131.9814814814815 117.79629629629629 0.4552469135802468 135.5185185185185 45.333333333333336 0.018518518518518517 45.31481481481482 1.1657337001524866
348000 131.9814814814815 131.9814814814815 117.79629629629629 0.4552469135802468 135.5185185185185 45.333333333333336 0.018518518518518517 45.31481481481482 1.1556851000059396
350000 131.9814814814815 131.9814814814815 117.79629629629629 0.4552469135802468 135.5185185185185 45.333333333333336 0.018518518518518517 45.31481481481482 1.124114700127393
352000 131.9814814814815 131.9814814814815 117.79629629629629 0.4552469135802468 135.5185185185185 45.333333333333336 0.018518518518518517 45.31481481481482 1.2007639999501407
354000 131.9814814814815 131.9814814814815 117.79629629629629 0.4552469135802468 135.5185185185185 45.333333333333336 0.018518518518518517 45.31481481481482 1.1189427999779582
356000 131.9814814814815 131.9814814814815 117.79629629629629 0.4552469135802468 135.5185185185185 45.333333333333336 0.018518518518518517 45.31481481481482 1.2302268000785261
358000 131.9814814814815 131.9814814814815 117.79629629629629 0.4552469135802468 135.5185185185185 45.333333333333336 0.018518518518518517 45.31481481481482 1.218612999888137
360000 131.9814814814815 131.9814814814815 117.79629629629629 0.4552469135802468 135.5185185185185 45.333333333333336 0.018518518518518517 45.31481481481482 1.2223841999657452
362000 131.9814814814815 131.9814814814815 117.79629629629629 0.4552469135802468 135.5185185185185 45.333333333333336 0.018518518518518517 45.31481481481482 1.2549346000887454
364000 131.9814814814815 131.9814814814815 117.79629629629629 0.4552469135802468 135.5185185185185 45.333333333333336 0.018518518518518517 45.31481481481482 1.1295604000333697
366000 131.9814814814815 131.9814814814815 117.79629629629629 0.4552469135802468 135.5185185185185 45.333333333333336 0.018518518518518517 45.31481481481482 1.2482285001315176
368000 131.9814814814815 131.9814814814815 117.79629629629629 0.4552469135802468 135.5185185185185 45.333333333333336 0.018518518518518517 45.31481481481482 1.1723847000394017
370000 131.9814814814815 131.9814814814815 117.79629629629629 0.4552469135802468 135.5185185185185 45.333333333333336 0.018518518518518517 45.31481481481482 1.2020225999876857
372000 131.9814814814815 131.9814814814815 117.79629629629629 0.4552469135802468 135.5185185185185 45.333333333333336 0.018518518518518517 45.31481481481482 1.201057700207457
374000 131.9814814814815 131.9814814814815 117.79629629629629 0.4552469135802468 135.5185185185185 45.333333333333336 0.018518518518518517 45.31481481481482 1.111209599999711
376000 131.9814814814815 131.9814814814815 117.79629629629629 0.4552469135802468 135.5185185185185 45.333333333333336 0.018518518518518517 45.31481481481482 1.164805700071156
378000 131.9814814814815 131.9814814814815 117.79629629629629 0.4552469135802468 135.5185185185185 45.333333333333336 0.018518518518518517 45.31481481481482 1.2239641998894513
380000 131.9814814814815 131.9814814814815 117.79629629629629 0.4552469135802468 135.5185185185185 45.333333333333336 0.018518518518518517 45.31481481481482 1.2077664998359978
382000 131.9814814814815 131.9814814814815 117.79629629629629 0.4552469135802468 135.5185185185185 45.333333333333336 0.018518518518518517 45.31481481481482 1.1186146999243647
384000 131.9814814814815 131.9814814814815 117.79629629629629 0.4552469135802468 135.5185185185185 45.333333333333336 0.018518518518518517 45.31481481481482 1.1409812001511455
386000 131.9814814814815 131.9814814814815 117.79629629629629 0.4552469135802468 135.5185185185185 45.333333333333336 0.018518518518518517 45.31481481481482 1.1213869999628514
388000 131.9814814814815 131.9814814814815 117.79629629629629 0.4552469135802468 135.5185185185185 45.333333333333336 0.018518518518518517 45.31481481481482 1.2630350000690669
390000 131.9814814814815 131.9814814814815 117.79629629629629 0.4552469135802468 135.5185185185185 45.333333333333336 0.018518518518518517 45.31481481481482 1.206632599933073
392000 131.9814814814815 131.9814814814815 117.79629629629629 0.4552469135802468 135.5185185185185 45.333333333333336 0.018518518518518517 45.31481481481482 1.283686599927023
394000 131.9814814814815 131.9814814814815 117.79629629629629 0.4552469135802468 135.5185185185185 45.333333333333336 0.018518518518518517 45.31481481481482 1.214994000038132
396000 131.9814814814815 131.9814814814815 117.79629629629629 0.4552469135802468 135.5185185185185 45.333333333333336 0.018518518518518517 45.31481481481482 1.3397087999619544
398000 131.9814814814815 131.9814814814815 117.79629629629629 0.4552469135802468 135.5185185185185 45.333333333333336 0.018518518518518517 45.31481481481482 1.3578238000627607
400000 131.9814814814815 131.9814814814815 117.79629629629629 0.4552469135802468 135.5185185185185 45.333333333333336 0.018518518518518517 45.31481481481482 1.3376706999260932
402000 131.9814814814815 131.9814814814815 117.79629629629629 0.4552469135802468 135.5185185185185 45.333333333333336 0.018518518518518517 45.31481481481482 1.2130197000224143
404000 131.9814814814815 131.9814814814815 117.79629629629629 0.4552469135802468 135.5185185185185 45.333333333333336 0.018518518518518517 45.31481481481482 1.3590458000544459
406000 131.9814814814815 131.9814814814815 117.79629629629629 0.4552469135802468 135.5185185185185 45.333333333333336 0.018518518518518517 45.31481481481482 1.2440029000863433
408000 131.9814814814815 131.9814814814815 117.79629629629629 0.4552469135802468 135.5185185185185 45.333333333333336 0.018518518518518517 45.31481481481482 1.2602559998631477
410000 131.9814814814815 131.9814814814815 117.79629629629629 0.4552469135802468 135.5185185185185 45.333333333333336 0.018518518518518517 45.31481481481482 1.2166208000853658
412000 131.9814814814815 131.9814814814815 117.79629629629629 0.4552469135802468 135.5185185185185 45.333333333333336 0.018518518518518517 45.31481481481482 1.2155990998726338
414000 131.9814814814815 131.9814814814815 117.79629629629629 0.4552469135802468 135.5185185185185 45.333333333333336 0.018518518518518517 45.31481481481482 1.2589510001707822
416000 131.9814814814815 131.9814814814815 117.79629629629629 0.4552469135802468 135.5185185185185 45.333333333333336 0.018518518518518517 45.31481481481482 1.2177976998500526
418000 131.9814814814815 131.9814814814815 117.79629629629629 0.4552469135802468 135.5185185185185 45.333333333333336 0.018518518518518517 45.31481481481482 1.2018717001192272
420000 131.9814814814815 131.9814814814815 117.79629629629629 0.4552469135802468 135.5185185185185 45.333333333333336 0.018518518518518517 45.31481481481482 1.3723012001719326
422000 131.9814814814815 131.9814814814815 117.79629629629629 0.4552469135802468 135.5185185185185 45.333333333333336 0.018518518518518517 45.31481481481482 1.335634000133723
424000 131.9814814814815 131.9814814814815 117.79629629629629 0.4552469135802468 135.5185185185185 45.333333333333336 0.018518518518518517 45.31481481481482 1.3110132000874728
426000 131.9814814814815 131.9814814814815 117.79629629629629 0.4552469135802468 135.5185185185185 45.333333333333336 0.018518518518518517 45.31481481481482 1.2767612000461668
428000 131.9814814814815 131.9814814814815 117.79629629629629 0.4552469135802468 135.5185185185185 45.333333333333336 0.018518518518518517 45.31481481481482 1.2650036001577973
430000 131.9814814814815 131.9814814814815 117.79629629629629 0.4552469135802468 135.5185185185185 45.333333333333336 0.018518518518518517 45.31481481481482 1.2905576000921428
432000 131.9814814814815 131.9814814814815 117.79629629629629 0.4552469135802468 135.5185185185185 45.333333333333336 0.018518518518518517 45.31481481481482 1.3058436000719666
434000 131.9814814814815 131.9814814814815 117.79629629629629 0.4552469135802468 135.5185185185185 45.333333333333336 0.018518518518518517 45.31481481481482 1.1499574000481516
436000 131.9814814814815 131.9814814814815 117.79629629629629 0.4552469135802468 135.5185185185185 45.333333333333336 0.018518518518518517 45.31481481481482 1.1506501999683678
438000 131.9814814814815 131.9814814814815 117.79629629629629 0.4552469135802468 135.5185185185185 45.333333333333336 0.018518518518518517 45.31481481481482 1.2253059002105147
440000 131.9814814814815 131.9814814814815 117.79629629629629 0.4552469135802468 135.5185185185185 45.333333333333336 0.018518518518518517 45.31481481481482 1.1873417999595404
442000 131.9814814814815 131.9814814814815 117.79629629629629 0.4552469135802468 135.5185185185185 45.333333333333336 0.018518518518518517 45.31481481481482 1.2618553000502288
444000 131.9814814814815 131.9814814814815 117.79629629629629 0.4552469135802468 135.5185185185185 45.333333333333336 0.018518518518518517 45.31481481481482 1.1652919000480324
446000 131.9814814814815 131.9814814814815 117.79629629629629 0.4552469135802468 135.5185185185185 45.333333333333336 0.018518518518518517 45.31481481481482 1.2559388999361545
448000 131.9814814814815 131.9814814814815 117.79629629629629 0.4552469135802468 135.5185185185185 45.333333333333336 0.018518518518518517 45.31481481481482 1.17505279998295
450000 131.9814814814815 131.9814814814815 117.79629629629629 0.4552469135802468 135.5185185185185 45.333333333333336 0.018518518518518517 45.31481481481482 1.227237100014463
452000 131.9814814814815 131.9814814814815 117.79629629629629 0.4552469135802468 135.5185185185185 45.333333333333336 0.018518518518518517 45.31481481481482 1.1515556999947876
454000 131.9814814814815 131.9814814814815 117.79629629629629 0.4552469135802468 135.5185185185185 45.333333333333336 0.018518518518518517 45.31481481481482 1.2168878999073058
456000 131.9814814814815 131.9814814814815 117.79629629629629 0.4552469135802468 135.5185185185185 45.333333333333336 0.018518518518518517 45.31481481481482 1.1494746999815106
458000 131.9814814814815 131.9814814814815 117.79629629629629 0.4552469135802468 135.5185185185185 45.333333333333336 0.018518518518518517 45.31481481481482 1.2452481999062002
460000 131.9814814814815 131.9814814814815 117.79629629629629 0.4552469135802468 135.5185185185185 45.333333333333336 0.018518518518518517 45.31481481481482 1.1927903001196682
462000 131.9814814814815 131.9814814814815 117.79629629629629 0.4552469135802468 135.5185185185185 45.333333333333336 0.018518518518518517 45.31481481481482 1.1213340000249445
464000 131.9814814814815 131.9814814814815 117.79629629629629 0.4552469135802468 135.5185185185185 45.333333333333336 0.018518518518518517 45.31481481481482 1.2127765000332147
466000 131.9814814814815 131.9814814814815 117.79629629629629 0.4552469135802468 135.5185185185185 45.333333333333336 0.018518518518518517 45.31481481481482 1.2646649999078363
468000 131.9814814814815 131.9814814814815 117.79629629629629 0.4552469135802468 135.5185185185185 45.333333333333336 0.018518518518518517 45.31481481481482 1.2124187001027167
470000 131.9814814814815 131.9814814814815 117.79629629629629 0.4552469135802468 135.5185185185185 45.333333333333336 0.018518518518518517 45.31481481481482 1.2554326998069882
472000 131.9814814814815 131.9814814814815 117.79629629629629 0.4552469135802468 135.5185185185185 45.333333333333336 0.018518518518518517 45.31481481481482 1.245700400089845
474000 131.9814814814815 131.9814814814815 117.79629629629629 0.4552469135802468 135.5185185185185 45.333333333333336 0.018518518518518517 45.31481481481482 1.1903105999808758
476000 131.9814814814815 131.9814814814815 117.79629629629629 0.4552469135802468 135.5185185185185 45.333333333333336 0.018518518518518517 45.31481481481482 1.2054659000132233
478000 131.9814814814815 131.9814814814815 117.79629629629629 0.4552469135802468 135.5185185185185 45.333333333333336 0.018518518518518517 45.31481481481482 1.2207665999885648
480000 131.9814814814815 131.9814814814815 117.79629629629629 0.4552469135802468 135.5185185185185 45.333333333333336 0.018518518518518517 45.31481481481482 1.147373199928552
482000 131.9814814814815 131.9814814814815 117.79629629629629 0.4552469135802468 135.5185185185185 45.333333333333336 0.018518518518518517 45.31481481481482 1.2159390999004245
484000 131.9814814814815 131.9814814814815 117.79629629629629 0.4552469135802468 135.5185185185185 45.333333333333336 0.018518518518518517 45.31481481481482 1.1940539998468012
486000 131.9814814814815 131.9814814814815 117.79629629629629 0.4552469135802468 135.5185185185185 45.333333333333336 0.018518518518518517 45.31481481481482 1.1106091998517513
488000 131.9814814814815 131.9814814814815 117.79629629629629 0.4552469135802468 135.5185185185185 45.333333333333336 0.018518518518518517 45.31481481481482 1.2052674000151455
490000 131.9814814814815 131.9814814814815 117.79629629629629 0.4552469135802468 135.5185185185185 45.333333333333336 0.018518518518518517 45.31481481481482 1.1428880000021309
492000 131.9814814814815 131.9814814814815 117.79629629629629 0.4552469135802468 135.5185185185185 45.333333333333336 0.018518518518518517 45.31481481481482 1.0727784000337124
494000 131.9814814814815 131.9814814814815 117.79629629629629 0.4552469135802468 135.5185185185185 45.333333333333336 0.018518518518518517 45.31481481481482 1.1170153999701142
496000 131.9814814814815 131.9814814814815 117.79629629629629 0.4552469135802468 135.5185185185185 45.333333333333336 0.018518518518518517 45.31481481481482 0.9657423000317067
498000 131.9814814814815 131.9814814814815 117.79629629629629 0.4552469135802468 135.5185185185185 45.333333333333336 0.018518518518518517 45.31481481481482 0.9207415001001209
500000 131.9814814814815 131.9814814814815 117.79629629629629 0.4552469135802468 135.5185185185185 45.333333333333336 0.018518518518518517 45.31481481481482 0.9745704000815749
