2000 0.6346153846153846 -0.5384615384615384 129.78846153846155 0.052884615384615384 135.46153846153845 45.30769230769231 0.0 45.30769230769231 0.5763203001115471
4000 0.6346153846153846 -0.7115384615384616 129.53846153846155 0.03685897435897435 135.46153846153845 45.30769230769231 0.0 45.30769230769231 0.7163313999772072
6000 5.019230769230769 4.634615384615385 126.6923076923077 0.1362179487179487 135.46153846153845 45.30769230769231 0.019230769230769232 45.28846153846154 0.7227978000883013
8000 7.153846153846154 7.115384615384615 124.13461538461539 0.29807692307692313 135.46153846153845 45.30769230769231 0.019230769230769232 45.28846153846154 0.8134441999718547
10000 7.8076923076923075 7.8076923076923075 123.40384615384616 0.3237179487179488 135.46153846153845 45.30769230769231 0.019230769230769232 45.28846153846154 0.8316401999909431
12000 8.038461538461538 8.038461538461538 123.3076923076923 0.3237179487179488 135.46153846153845 45.30769230769231 0.019230769230769232 45.28846153846154 0.9229002001229674
14000 17.346153846153847 17.346153846153847 122.09615384615384 0.4118589743589744 135.46153846153845 45.30769230769231 0.0 45.30769230769231 1.004763500066474
16000 20.03846153846154 20.03846153846154 121.6923076923077 0.39262820512820507 135.46153846153845 45.30769230769231 0.0 45.30769230769231 0.9671893001068383
18000 20.03846153846154 20.03846153846154 121.6923076923077 0.39262820512820507 135.46153846153845 45.30769230769231 0.0 45.30769230769231 1.035506899934262
20000 20.03846153846154 20.03846153846154 121.6923076923077 0.39262820512820507 135.46153846153845 45.30769230769231 0.0 45.30769230769231 1.0273859999142587
22000 32.61538461538461 32.61538461538461 120.78846153846153 0.4326923076923076 135.46153846153845 45.30769230769231 0.0 45.30769230769231 1.0262446000706404
24000 32.61538461538461 32.61538461538461 120.78846153846153 0.4326923076923076 135.46153846153845 45.30769230769231 0.0 45.30769230769231 1.0081030000001192
26000 32.61538461538461 32.61538461538461 120.78846153846153 0.4326923076923076 135.46153846153845 45.30769230769231 0.0 45.30769230769231 1.063730699941516
28000 35.11538461538461 35.11538461538461 120.8076923076923 0.46153846153846156 135.46153846153845 45.30769230769231 0.0 45.30769230769231 1.0966598999220878
30000 35.11538461538461 35.11538461538461 120.8076923076923 0.46153846153846156 135.46153846153845 45.30769230769231 0.0 45.30769230769231 1.1353058000095189
32000 35.11538461538461 35.11538461538461 120.8076923076923 0.46153846153846156 135.46153846153845 45.30769230769231 0.0 45.30769230769231 1.0360439999494702
34000 35.11538461538461 35.11538461538461 120.8076923076923 0.46153846153846156 135.46153846153845 45.30769230769231 0.0 45.30769230769231 1.1463895000051707
36000 9.538461538461538 -1.0 124.5576923076923 0.27243589743589747 135.46153846153845 45.30769230769231 0.0 45.30769230769231 0.909037800040096
38000 35.11538461538461 34.55769230769231 120.8076923076923 0.46153846153846156 135.46153846153845 45.30769230769231 0.0 45.30769230769231 1.0443973001092672
40000 29.365384615384617 5.596153846153846 121.25 0.42788461538461536 135.46153846153845 45.30769230769231 0.0 45.30769230769231 1.0277372999116778
42000 28.846153846153847 5.038461538461538 121.36538461538461 0.42788461538461536 135.46153846153845 45.30769230769231 0.0 45.30769230769231 1.0197642999701202
44000 28.846153846153847 5.038461538461538 121.36538461538461 0.42788461538461536 135.46153846153845 45.30769230769231 0.0 45.30769230769231 1.0431290999986231
46000 28.846153846153847 5.038461538461538 121.36538461538461 0.42788461538461536 135.46153846153845 45.30769230769231 0.0 45.30769230769231 1.1066552000120282
48000 28.846153846153847 5.038461538461538 121.36538461538461 0.42788461538461536 135.46153846153845 45.30769230769231 0.0 45.30769230769231 1.0441529001109302
50000 29.365384615384617 5.596153846153846 121.25 0.42788461538461536 135.46153846153845 45.30769230769231 0.0 45.30769230769231 1.0373283000662923
52000 28.846153846153847 5.038461538461538 121.36538461538461 0.42788461538461536 135.46153846153845 45.30769230769231 0.0 45.30769230769231 1.2442332999780774
54000 28.846153846153847 5.038461538461538 121.36538461538461 0.42788461538461536 135.46153846153845 45.30769230769231 0.0 45.30769230769231 1.1226199001539499
56000 28.846153846153847 5.038461538461538 121.36538461538461 0.42788461538461536 135.46153846153845 45.30769230769231 0.0 45.30769230769231 1.0340565000660717
58000 28.846153846153847 5.038461538461538 121.36538461538461 0.42788461538461536 135.46153846153845 45.30769230769231 0.0 45.30769230769231 1.0136313999537379
60000 29.01923076923077 5.211538461538462 121.32692307692308 0.4375 135.46153846153845 45.30769230769231 0.0 45.30769230769231 1.1089416001923382
62000 30.307692307692307 6.538461538461538 121.15384615384616 0.4375 135.46153846153845 45.30769230769231 0.0 45.30769230769231 1.1446290998719633
64000 67.51923076923077 67.51923076923077 118.76923076923077 0.5240384615384616 135.46153846153845 45.30769230769231 0.019230769230769232 45.28846153846154 1.0886525998357683
66000 40.03846153846154 18.96153846153846 121.0 0.45192307692307676 135.46153846153845 45.30769230769231 0.019230769230769232 45.28846153846154 1.0600403000134975
68000 40.03846153846154 18.96153846153846 121.0 0.45192307692307676 135.46153846153845 45.30769230769231 0.019230769230769232 45.28846153846154 1.0955297998152673
70000 40.65384615384615 19.576923076923077 121.0 0.4615384615384614 135.46153846153845 45.30769230769231 0.019230769230769232 45.28846153846154 1.0255181998945773
72000 40.65384615384615 19.576923076923077 121.0 0.4615384615384614 135.46153846153845 45.30769230769231 0.019230769230769232 45.28846153846154 1.0898353001102805
74000 40.65384615384615 19.576923076923077 121.0 0.4615384615384614 135.46153846153845 45.30769230769231 0.019230769230769232 45.28846153846154 0.9966506999917328
76000 40.65384615384615 19.576923076923077 121.0 0.4615384615384614 135.46153846153845 45.30769230769231 0.019230769230769232 45.28846153846154 0.9372252998873591
78000 56.01923076923077 47.38461538461539 119.57692307692308 0.453525641025641 135.46153846153845 45.30769230769231 0.019230769230769232 45.28846153846154 0.9764259001240134
80000 36.17307692307692 15.096153846153847 121.11538461538461 0.4455128205128204 135.46153846153845 45.30769230769231 0.019230769230769232 45.28846153846154 0.9403440000023693
82000 36.17307692307692 15.096153846153847 121.11538461538461 0.4455128205128204 135.46153846153845 45.30769230769231 0.019230769230769232 45.28846153846154 0.9733224001247436
84000 36.17307692307692 15.096153846153847 121.11538461538461 0.4455128205128204 135.46153846153845 45.30769230769231 0.019230769230769232 45.28846153846154 1.1053883000276983
86000 36.17307692307692 15.096153846153847 121.11538461538461 0.4455128205128204 135.46153846153845 45.30769230769231 0.019230769230769232 45.28846153846154 0.9583515000995249
88000 36.17307692307692 15.096153846153847 121.11538461538461 0.4455128205128204 135.46153846153845 45.30769230769231 0.019230769230769232 45.28846153846154 1.1426538000814617
90000 36.17307692307692 15.096153846153847 121.11538461538461 0.4455128205128204 135.46153846153845 45.30769230769231 0.019230769230769232 45.28846153846154 1.0064498998690397
92000 36.17307692307692 15.096153846153847 121.11538461538461 0.4455128205128204 135.46153846153845 45.30769230769231 0.019230769230769232 45.28846153846154 1.083048600004986
94000 36.17307692307692 15.096153846153847 121.11538461538461 0.4455128205128204 135.46153846153845 45.30769230769231 0.019230769230769232 45.28846153846154 1.0460133999586105
96000 34.55769230769231 12.76923076923077 121.3076923076923 0.4294871794871794 135.46153846153845 45.30769230769231 0.019230769230769232 45.28846153846154 0.9780508999247104
98000 34.55769230769231 12.76923076923077 121.3076923076923 0.4294871794871794 135.46153846153845 45.30769230769231 0.019230769230769232 45.28846153846154 0.9594777000602335
100000 34.55769230769231 12.76923076923077 121.3076923076923 0.4294871794871794 135.46153846153845 45.30769230769231 0.019230769230769232 45.28846153846154 0.9018264999613166
102000 34.55769230769231 12.76923076923077 121.3076923076923 0.4294871794871794 135.46153846153845 45.30769230769231 0.019230769230769232 45.28846153846154 1.0037324000149965
104000 34.55769230769231 12.76923076923077 121.3076923076923 0.4294871794871794 135.46153846153845 45.30769230769231 0.019230769230769232 45.28846153846154 0.9402555997949094
106000 34.55769230769231 12.76923076923077 121.3076923076923 0.4294871794871794 135.46153846153845 45.30769230769231 0.019230769230769232 45.28846153846154 0.9067122000269592
108000 34.55769230769231 12.76923076923077 121.3076923076923 0.4294871794871794 135.46153846153845 45.30769230769231 0.019230769230769232 45.28846153846154 0.9304209998808801
110000 78.61538461538461 77.38461538461539 119.23076923076923 0.4583333333333333 135.46153846153845 45.30769230769231 0.019230769230769232 45.28846153846154 0.9144831001758575
112000 78.61538461538461 77.38461538461539 119.23076923076923 0.4583333333333333 135.46153846153845 45.30769230769231 0.019230769230769232 45.28846153846154 1.0044710000511259
114000 79.73076923076923 79.4423076923077 118.98076923076923 0.46153846153846156 135.46153846153845 45.30769230769231 0.019230769230769232 45.28846153846154 0.9281138000078499
116000 78.61538461538461 77.38461538461539 119.23076923076923 0.4583333333333333 135.46153846153845 45.30769230769231 0.019230769230769232 45.28846153846154 0.9438465998973697
118000 78.61538461538461 77.38461538461539 119.23076923076923 0.4583333333333333 135.46153846153845 45.30769230769231 0.019230769230769232 45.28846153846154 1.0395919000729918
120000 78.61538461538461 77.38461538461539 119.23076923076923 0.4583333333333333 135.46153846153845 45.30769230769231 0.019230769230769232 45.28846153846154 0.8975417998153716
122000 79.53846153846153 69.53846153846153 118.32692307692308 0.48717948717948717 135.46153846153845 45.30769230769231 0.019230769230769232 45.28846153846154 1.0410635999869555
124000 78.0576923076923 76.82692307692308 119.26923076923077 0.4487179487179487 135.46153846153845 45.30769230769231 0.019230769230769232 45.28846153846154 0.8955051999073476
126000 71.57692307692308 71.28846153846153 119.25 0.4214743589743589 135.46153846153845 45.30769230769231 0.019230769230769232 45.28846153846154 0.9433057999704033
128000 78.0576923076923 76.82692307692308 119.26923076923077 0.4487179487179487 135.46153846153845 45.30769230769231 0.019230769230769232 45.28846153846154 0.9738733000122011
130000 78.0576923076923 76.82692307692308 119.26923076923077 0.4487179487179487 135.46153846153845 45.30769230769231 0.019230769230769232 45.28846153846154 0.9282136000692844
132000 71.57692307692308 71.28846153846153 119.25 0.4214743589743589 135.46153846153845 45.30769230769231 0.019230769230769232 45.28846153846154 0.9629052998498082
134000 71.57692307692308 71.28846153846153 119.25 0.4214743589743589 135.46153846153845 45.30769230769231 0.019230769230769232 45.28846153846154 1.0047935000620782
136000 71.57692307692308 71.28846153846153 119.25 0.4214743589743589 135.46153846153845 45.30769230769231 0.019230769230769232 45.28846153846154 0.9770907000638545
138000 68.92307692307692 58.92307692307692 118.46153846153847 0.44551282051282054 135.46153846153845 45.30769230769231 0.019230769230769232 45.28846153846154 0.9788038001861423
140000 71.57692307692308 71.28846153846153 119.25 0.4214743589743589 135.46153846153845 45.30769230769231 0.019230769230769232 45.28846153846154 1.1001073999796063
142000 68.92307692307692 58.92307692307692 118.46153846153847 0.44551282051282054 135.46153846153845 45.30769230769231 0.019230769230769232 45.28846153846154 0.956472699996084
144000 68.92307692307692 58.92307692307692 118.46153846153847 0.44551282051282054 135.46153846153845 45.30769230769231 0.019230769230769232 45.28846153846154 1.103829100029543
146000 68.92307692307692 58.92307692307692 118.46153846153847 0.44551282051282054 135.46153846153845 45.30769230769231 0.019230769230769232 45.28846153846154 0.9494056000839919
148000 68.92307692307692 58.92307692307692 118.46153846153847 0.44551282051282054 135.46153846153845 45.30769230769231 0.019230769230769232 45.28846153846154 1.0242934999987483
150000 57.98076923076923 47.98076923076923 119.3076923076923 0.453525641025641 135.46153846153845 45.30769230769231 0.019230769230769232 45.28846153846154 0.9799621000420302
152000 57.98076923076923 47.98076923076923 119.3076923076923 0.453525641025641 135.46153846153845 45.30769230769231 0.019230769230769232 45.28846153846154 1.1030425000935793
154000 63.82692307692308 63.82692307692308 119.34615384615384 0.46794871794871795 135.46153846153845 45.30769230769231 0.019230769230769232 45.28846153846154 0.9536279998719692
156000 63.80769230769231 63.80769230769231 119.03846153846153 0.453525641025641 135.46153846153845 45.30769230769231 0.019230769230769232 45.28846153846154 1.0270410999655724
158000 63.80769230769231 63.80769230769231 119.03846153846153 0.453525641025641 135.46153846153845 45.30769230769231 0.019230769230769232 45.28846153846154 1.0807626000605524
160000 63.80769230769231 63.80769230769231 119.03846153846153 0.453525641025641 135.46153846153845 45.30769230769231 0.019230769230769232 45.28846153846154 0.9918484999798238
162000 63.80769230769231 63.80769230769231 119.03846153846153 0.453525641025641 135.46153846153845 45.30769230769231 0.019230769230769232 45.28846153846154 0.9795372001826763
164000 63.80769230769231 63.80769230769231 119.03846153846153 0.453525641025641 135.46153846153845 45.30769230769231 0.019230769230769232 45.28846153846154 1.0916253000032157
166000 63.80769230769231 63.80769230769231 119.03846153846153 0.453525641025641 135.46153846153845 45.30769230769231 0.019230769230769232 45.28846153846154 1.1105737001635134
168000 63.80769230769231 63.80769230769231 119.03846153846153 0.453525641025641 135.46153846153845 45.30769230769231 0.019230769230769232 45.28846153846154 1.1018024999648333
170000 63.80769230769231 63.80769230769231 119.03846153846153 0.453525641025641 135.46153846153845 45.30769230769231 0.019230769230769232 45.28846153846154 1.1250849000643939
172000 63.80769230769231 63.80769230769231 119.03846153846153 0.453525641025641 135.46153846153845 45.30769230769231 0.019230769230769232 45.28846153846154 1.0760464000049978
174000 63.80769230769231 63.80769230769231 119.03846153846153 0.453525641025641 135.46153846153845 45.30769230769231 0.019230769230769232 45.28846153846154 1.0682071999181062
176000 63.80769230769231 63.80769230769231 119.03846153846153 0.453525641025641 135.46153846153845 45.30769230769231 0.019230769230769232 45.28846153846154 1.0743130999617279
178000 63.80769230769231 63.80769230769231 119.03846153846153 0.453525641025641 135.46153846153845 45.30769230769231 0.019230769230769232 45.28846153846154 1.1120227000210434
180000 63.80769230769231 63.80769230769231 119.03846153846153 0.453525641025641 135.46153846153845 45.30769230769231 0.019230769230769232 45.28846153846154 1.1252045999281108
182000 63.80769230769231 63.80769230769231 119.03846153846153 0.453525641025641 135.46153846153845 45.30769230769231 0.019230769230769232 45.28846153846154 1.0430123000405729
184000 63.80769230769231 63.80769230769231 119.03846153846153 0.453525641025641 135.46153846153845 45.30769230769231 0.019230769230769232 45.28846153846154 1.0173029999714345
186000 63.80769230769231 63.80769230769231 119.03846153846153 0.453525641025641 135.46153846153845 45.30769230769231 0.019230769230769232 45.28846153846154 1.0828587000723928
188000 63.80769230769231 63.80769230769231 119.03846153846153 0.453525641025641 135.46153846153845 45.30769230769231 0.019230769230769232 45.28846153846154 1.2378062999341637
190000 63.80769230769231 63.80769230769231 119.03846153846153 0.453525641025641 135.46153846153845 45.30769230769231 0.019230769230769232 45.28846153846154 1.13450609985739
192000 63.80769230769231 63.80769230769231 119.03846153846153 0.453525641025641 135.46153846153845 45.30769230769231 0.019230769230769232 45.28846153846154 1.0692084999755025
194000 63.80769230769231 63.80769230769231 119.03846153846153 0.453525641025641 135.46153846153845 45.30769230769231 0.019230769230769232 45.28846153846154 1.1741245000157505
196000 63.80769230769231 63.80769230769231 119.03846153846153 0.453525641025641 135.46153846153845 45.30769230769231 0.019230769230769232 45.28846153846154 0.987743099918589
198000 63.80769230769231 63.80769230769231 119.03846153846153 0.453525641025641 135.46153846153845 45.30769230769231 0.019230769230769232 45.28846153846154 0.9649533000774682
200000 63.80769230769231 63.80769230769231 119.03846153846153 0.453525641025641 135.46153846153845 45.30769230769231 0.019230769230769232 45.28846153846154 1.1057939999736845
202000 63.80769230769231 63.80769230769231 119.03846153846153 0.453525641025641 135.46153846153845 45.30769230769231 0.019230769230769232 45.28846153846154 1.0683371999766678
204000 63.80769230769231 63.80769230769231 119.03846153846153 0.453525641025641 135.46153846153845 45.30769230769231 0.019230769230769232 45.28846153846154 1.0279545998200774
206000 63.80769230769231 63.80769230769231 119.03846153846153 0.453525641025641 135.46153846153845 45.30769230769231 0.019230769230769232 45.28846153846154 1.1479369001463056
208000 63.80769230769231 63.80769230769231 119.03846153846153 0.453525641025641 135.46153846153845 45.30769230769231 0.019230769230769232 45.28846153846154 1.0101602000650018
210000 63.80769230769231 63.80769230769231 119.03846153846153 0.453525641025641 135.46153846153845 45.30769230769231 0.019230769230769232 45.28846153846154 0.9783773000817746
212000 63.80769230769231 63.80769230769231 119.03846153846153 0.453525641025641 135.46153846153845 45.30769230769231 0.019230769230769232 45.28846153846154 0.9588772000279278
214000 63.80769230769231 63.80769230769231 119.03846153846153 0.453525641025641 135.46153846153845 45.30769230769231 0.019230769230769232 45.28846153846154 0.9490754001308233
216000 63.80769230769231 63.80769230769231 119.03846153846153 0.453525641025641 135.46153846153845 45.30769230769231 0.019230769230769232 45.28846153846154 0.9771106999833137
218000 63.80769230769231 63.80769230769231 119.03846153846153 0.453525641025641 135.46153846153845 45.30769230769231 0.019230769230769232 45.28846153846154 0.9316517999395728
220000 63.80769230769231 63.80769230769231 119.03846153846153 0.453525641025641 135.46153846153845 45.30769230769231 0.019230769230769232 45.28846153846154 1.020182500127703
222000 63.80769230769231 63.80769230769231 119.03846153846153 0.453525641025641 135.46153846153845 45.30769230769231 0.019230769230769232 45.28846153846154 1.0111159000080079
224000 63.80769230769231 63.80769230769231 119.03846153846153 0.453525641025641 135.46153846153845 45.30769230769231 0.019230769230769232 45.28846153846154 0.9410546999424696
226000 63.80769230769231 63.80769230769231 119.03846153846153 0.453525641025641 135.46153846153845 45.30769230769231 0.019230769230769232 45.28846153846154 0.9291902000550181
228000 63.80769230769231 63.80769230769231 119.03846153846153 0.453525641025641 135.46153846153845 45.30769230769231 0.019230769230769232 45.28846153846154 0.9253942999057472
230000 63.80769230769231 63.80769230769231 119.03846153846153 0.453525641025641 135.46153846153845 45.30769230769231 0.019230769230769232 45.28846153846154 1.030657900031656
232000 63.80769230769231 63.80769230769231 119.03846153846153 0.453525641025641 135.46153846153845 45.30769230769231 0.019230769230769232 45.28846153846154 1.0232444000430405
234000 63.80769230769231 63.80769230769231 119.03846153846153 0.453525641025641 135.46153846153845 45.30769230769231 0.019230769230769232 45.28846153846154 1.014743700157851
236000 63.80769230769231 63.80769230769231 119.03846153846153 0.453525641025641 135.46153846153845 45.30769230769231 0.019230769230769232 45.28846153846154 0.9793976999353617
238000 63.80769230769231 63.80769230769231 119.03846153846153 0.453525641025641 135.46153846153845 45.30769230769231 0.019230769230769232 45.28846153846154 1.0517376998905092
240000 63.80769230769231 63.80769230769231 119.03846153846153 0.453525641025641 135.46153846153845 45.30769230769231 0.019230769230769232 45.28846153846154 0.9428532999008894
242000 63.80769230769231 63.80769230769231 119.03846153846153 0.453525641025641 135.46153846153845 45.30769230769231 0.019230769230769232 45.28846153846154 0.9335677998606116
244000 63.80769230769231 63.80769230769231 119.03846153846153 0.453525641025641 135.46153846153845 45.30769230769231 0.019230769230769232 45.28846153846154 1.0273047999944538
246000 63.80769230769231 63.80769230769231 119.03846153846153 0.453525641025641 135.46153846153845 45.30769230769231 0.019230769230769232 45.28846153846154 1.1053691999986768
248000 63.80769230769231 63.80769230769231 119.03846153846153 0.453525641025641 135.46153846153845 45.30769230769231 0.019230769230769232 45.28846153846154 0.9770959001034498
250000 63.80769230769231 63.80769230769231 119.03846153846153 0.453525641025641 135.46153846153845 45.30769230769231 0.019230769230769232 45.28846153846154 0.9656236998271197
252000 63.80769230769231 63.80769230769231 119.03846153846153 0.453525641025641 135.46153846153845 45.30769230769231 0.019230769230769232 45.28846153846154 0.9625437997747213
254000 63.80769230769231 63.80769230769231 119.03846153846153 0.453525641025641 135.46153846153845 45.30769230769231 0.019230769230769232 45.28846153846154 0.9073983000125736
256000 63.80769230769231 63.80769230769231 119.03846153846153 0.453525641025641 135.46153846153845 45.30769230769231 0.019230769230769232 45.28846153846154 1.3029597999993712
258000 63.80769230769231 63.80769230769231 119.03846153846153 0.453525641025641 135.46153846153845 45.30769230769231 0.019230769230769232 45.28846153846154 1.1267724998760968
260000 63.80769230769231 63.80769230769231 119.03846153846153 0.453525641025641 135.46153846153845 45.30769230769231 0.019230769230769232 45.28846153846154 1.2881198001559824
262000 63.80769230769231 63.80769230769231 119.03846153846153 0.453525641025641 135.46153846153845 45.30769230769231 0.019230769230769232 45.28846153846154 1.137424800079316
264000 63.80769230769231 63.80769230769231 119.03846153846153 0.453525641025641 135.46153846153845 45.30769230769231 0.019230769230769232 45.28846153846154 1.2819737999234349
266000 63.80769230769231 63.80769230769231 119.03846153846153 0.453525641025641 135.46153846153845 45.30769230769231 0.019230769230769232 45.28846153846154 1.2002234000246972
268000 63.80769230769231 63.80769230769231 119.03846153846153 0.453525641025641 135.46153846153845 45.30769230769231 0.019230769230769232 45.28846153846154 1.2558446999173611
270000 63.80769230769231 63.80769230769231 119.03846153846153 0.453525641025641 135.46153846153845 45.30769230769231 0.019230769230769232 45.28846153846154 1.1844417001120746
272000 63.80769230769231 63.80769230769231 119.03846153846153 0.453525641025641 135.46153846153845 45.30769230769231 0.019230769230769232 45.28846153846154 1.1960380000527948
274000 63.80769230769231 63.80769230769231 119.03846153846153 0.453525641025641 135.46153846153845 45.30769230769231 0.019230769230769232 45.28846153846154 1.2087862000335008
276000 63.80769230769231 63.80769230769231 119.03846153846153 0.453525641025641 135.46153846153845 45.30769230769231 0.019230769230769232 45.28846153846154 1.2792444999795407
278000 63.80769230769231 63.80769230769231 119.03846153846153 0.453525641025641 135.46153846153845 45.30769230769231 0.019230769230769232 45.28846153846154 1.2476479997858405
280000 63.80769230769231 63.80769230769231 119.03846153846153 0.453525641025641 135.46153846153845 45.30769230769231 0.019230769230769232 45.28846153846154 1.1931505999527872
282000 63.80769230769231 63.80769230769231 119.03846153846153 0.453525641025641 135.46153846153845 45.30769230769231 0.019230769230769232 45.28846153846154 1.2144382998812944
284000 63.80769230769231 63.80769230769231 119.03846153846153 0.453525641025641 135.46153846153845 45.30769230769231 0.019230769230769232 45.28846153846154 1.146724499994889
286000 63.80769230769231 63.80769230769231 119.03846153846153 0.453525641025641 135.46153846153845 45.30769230769231 0.019230769230769232 45.28846153846154 1.177166200010106
288000 63.80769230769231 63.80769230769231 119.03846153846153 0.453525641025641 135.46153846153845 45.30769230769231 0.019230769230769232 45.28846153846154 1.1717965002171695
290000 63.80769230769231 63.80769230769231 119.03846153846153 0.453525641025641 135.46153846153845 45.30769230769231 0.019230769230769232 45.28846153846154 1.2722805999219418
292000 63.80769230769231 63.80769230769231 119.03846153846153 0.453525641025641 135.46153846153845 45.30769230769231 0.019230769230769232 45.28846153846154 1.1885385001078248
294000 63.80769230769231 63.80769230769231 119.03846153846153 0.453525641025641 135.46153846153845 45.30769230769231 0.019230769230769232 45.28846153846154 1.2336547002196312
296000 63.80769230769231 63.80769230769231 119.03846153846153 0.453525641025641 135.46153846153845 45.30769230769231 0.019230769230769232 45.28846153846154 1.141253100009635
298000 63.80769230769231 63.80769230769231 119.03846153846153 0.453525641025641 135.46153846153845 45.30769230769231 0.019230769230769232 45.28846153846154 1.3209901000373065
300000 63.80769230769231 63.80769230769231 119.03846153846153 0.453525641025641 135.46153846153845 45.30769230769231 0.019230769230769232 45.28846153846154 1.2832392998971045
302000 63.80769230769231 63.80769230769231 119.03846153846153 0.453525641025641 135.46153846153845 45.30769230769231 0.019230769230769232 45.28846153846154 1.2151134999003261
304000 63.80769230769231 63.80769230769231 119.03846153846153 0.453525641025641 135.46153846153845 45.30769230769231 0.019230769230769232 45.28846153846154 1.1279591000638902
306000 63.80769230769231 63.80769230769231 119.03846153846153 0.453525641025641 135.46153846153845 45.30769230769231 0.019230769230769232 45.28846153846154 1.0897534999530762
308000 63.80769230769231 63.80769230769231 119.03846153846153 0.453525641025641 135.46153846153845 45.30769230769231 0.019230769230769232 45.28846153846154 1.103835300076753
310000 63.80769230769231 63.80769230769231 119.03846153846153 0.453525641025641 135.46153846153845 45.30769230769231 0.019230769230769232 45.28846153846154 1.1729576999787241
312000 63.80769230769231 63.80769230769231 119.03846153846153 0.453525641025641 135.46153846153845 45.30769230769231 0.019230769230769232 45.28846153846154 1.2656296000350267
314000 63.80769230769231 63.80769230769231 119.03846153846153 0.453525641025641 135.46153846153845 45.30769230769231 0.019230769230769232 45.28846153846154 1.1652802999597043
316000 63.80769230769231 63.80769230769231 119.03846153846153 0.453525641025641 135.46153846153845 45.30769230769231 0.019230769230769232 45.28846153846154 1.1136349001899362
318000 63.80769230769231 63.80769230769231 119.03846153846153 0.453525641025641 135.46153846153845 45.30769230769231 0.019230769230769232 45.28846153846154 1.1955572001170367
320000 63.80769230769231 63.80769230769231 119.03846153846153 0.453525641025641 135.46153846153845 45.30769230769231 0.019230769230769232 45.28846153846154 1.0740267999935895
322000 63.80769230769231 63.80769230769231 119.03846153846153 0.453525641025641 135.46153846153845 45.30769230769231 0.019230769230769232 45.28846153846154 1.1880816000048071
324000 63.80769230769231 63.80769230769231 119.03846153846153 0.453525641025641 135.46153846153845 45.30769230769231 0.019230769230769232 45.28846153846154 1.100738000124693
326000 63.80769230769231 63.80769230769231 119.03846153846153 0.453525641025641 135.46153846153845 45.30769230769231 0.019230769230769232 45.28846153846154 1.132091699866578
328000 63.80769230769231 63.80769230769231 119.03846153846153 0.453525641025641 135.46153846153845 45.30769230769231 0.019230769230769232 45.28846153846154 1.0858595999889076
330000 63.80769230769231 63.80769230769231 119.03846153846153 0.453525641025641 135.46153846153845 45.30769230769231 0.019230769230769232 45.28846153846154 1.227306499844417
332000 63.80769230769231 63.80769230769231 119.03846153846153 0.453525641025641 135.46153846153845 45.30769230769231 0.019230769230769232 45.28846153846154 1.1823978999163955
334000 63.80769230769231 63.80769230769231 119.03846153846153 0.453525641025641 135.46153846153845 45.30769230769231 0.019230769230769232 45.28846153846154 1.1673745000734925
336000 63.80769230769231 63.80769230769231 119.03846153846153 0.453525641025641 135.46153846153845 45.30769230769231 0.019230769230769232 45.28846153846154 1.1037200998980552
338000 63.80769230769231 63.80769230769231 119.03846153846153 0.453525641025641 135.46153846153845 45.30769230769231 0.019230769230769232 45.28846153846154 1.2345498001668602
340000 63.80769230769231 63.80769230769231 119.03846153846153 0.453525641025641 135.46153846153845 45.30769230769231 0.019230769230769232 45.28846153846154 1.1359536000527442
342000 63.80769230769231 63.80769230769231 119.03846153846153 0.453525641025641 135.46153846153845 45.30769230769231 0.019230769230769232 45.28846153846154 1.1056895998772234
344000 63.80769230769231 63.80769230769231 119.03846153846153 0.453525641025641 135.46153846153845 45.30769230769231 0.019230769230769232 45.28846153846154 1.169929699972272
346000 63.80769230769231 63.80769230769231 119.03846153846153 0.453525641025641 135.46153846153845 45.30769230769231 0.019230769230769232 45.28846153846154 1.0884138999972492
348000 63.80769230769231 63.80769230769231 119.03846153846153 0.453525641025641 135.46153846153845 45.30769230769231 0.019230769230769232 45.28846153846154 1.1332270000129938
350000 63.80769230769231 63.80769230769231 119.03846153846153 0.453525641025641 135.46153846153845 45.30769230769231 0.019230769230769232 45.28846153846154 1.269692299887538
352000 63.80769230769231 63.80769230769231 119.03846153846153 0.453525641025641 135.46153846153845 45.30769230769231 0.019230769230769232 45.28846153846154 1.1462036001030356
354000 63.80769230769231 63.80769230769231 119.03846153846153 0.453525641025641 135.46153846153845 45.30769230769231 0.019230769230769232 45.28846153846154 1.1155483999755234
356000 63.80769230769231 63.80769230769231 119.03846153846153 0.453525641025641 135.46153846153845 45.30769230769231 0.019230769230769232 45.28846153846154 1.133180399890989
358000 63.80769230769231 63.80769230769231 119.03846153846153 0.453525641025641 135.46153846153845 45.30769230769231 0.019230769230769232 45.28846153846154 1.11471279989928
360000 63.80769230769231 63.80769230769231 119.03846153846153 0.453525641025641 135.46153846153845 45.30769230769231 0.019230769230769232 45.28846153846154 1.107177299913019
362000 63.80769230769231 63.80769230769231 119.03846153846153 0.453525641025641 135.46153846153845 45.30769230769231 0.019230769230769232 45.28846153846154 1.204947300022468
364000 63.80769230769231 63.80769230769231 119.03846153846153 0.453525641025641 135.46153846153845 45.30769230769231 0.019230769230769232 45.28846153846154 1.1026777001097798
366000 63.80769230769231 63.80769230769231 119.03846153846153 0.453525641025641 135.46153846153845 45.30769230769231 0.019230769230769232 45.28846153846154 1.1575766000896692
368000 63.80769230769231 63.80769230769231 119.03846153846153 0.453525641025641 135.46153846153845 45.30769230769231 0.019230769230769232 45.28846153846154 1.094976200023666
370000 63.80769230769231 63.80769230769231 119.03846153846153 0.453525641025641 135.46153846153845 45.30769230769231 0.019230769230769232 45.28846153846154 1.1259969999082386
372000 63.80769230769231 63.80769230769231 119.03846153846153 0.453525641025641 135.46153846153845 45.30769230769231 0.019230769230769232 45.28846153846154 1.1461189000401646
374000 63.80769230769231 63.80769230769231 119.03846153846153 0.453525641025641 135.46153846153845 45.30769230769231 0.019230769230769232 45.28846153846154 1.0932035997975618
376000 63.80769230769231 63.80769230769231 119.03846153846153 0.453525641025641 135.46153846153845 45.30769230769231 0.019230769230769232 45.28846153846154 1.1803506000433117
378000 63.80769230769231 63.80769230769231 119.03846153846153 0.453525641025641 135.46153846153845 45.30769230769231 0.019230769230769232 45.28846153846154 1.122777600074187
380000 63.80769230769231 63.80769230769231 119.03846153846153 0.453525641025641 135.46153846153845 45.30769230769231 0.019230769230769232 45.28846153846154 1.2932190001010895
382000 63.80769230769231 63.80769230769231 119.03846153846153 0.453525641025641 135.46153846153845 45.30769230769231 0.019230769230769232 45.28846153846154 1.141348000150174
384000 63.80769230769231 63.80769230769231 119.03846153846153 0.453525641025641 135.46153846153845 45.30769230769231 0.019230769230769232 45.28846153846154 1.1793126000557095
386000 63.80769230769231 63.80769230769231 119.03846153846153 0.453525641025641 135.46153846153845 45.30769230769231 0.019230769230769232 45.28846153846154 1.1167545998468995
388000 63.80769230769231 63.80769230769231 119.03846153846153 0.453525641025641 135.46153846153845 45.30769230769231 0.019230769230769232 45.28846153846154 1.1788095999509096
390000 63.80769230769231 63.80769230769231 119.03846153846153 0.453525641025641 135.46153846153845 45.30769230769231 0.019230769230769232 45.28846153846154 1.1552021000534296
392000 63.80769230769231 63.80769230769231 119.03846153846153 0.453525641025641 135.46153846153845 45.30769230769231 0.019230769230769232 45.28846153846154 1.224782899953425
394000 63.80769230769231 63.80769230769231 119.03846153846153 0.453525641025641 135.46153846153845 45.30769230769231 0.019230769230769232 45.28846153846154 1.2187661998905241
396000 63.80769230769231 63.80769230769231 119.03846153846153 0.453525641025641 135.46153846153845 45.30769230769231 0.019230769230769232 45.28846153846154 1.2678002999164164
398000 63.80769230769231 63.80769230769231 119.03846153846153 0.453525641025641 135.46153846153845 45.30769230769231 0.019230769230769232 45.28846153846154 1.2804892000276595
400000 63.80769230769231 63.80769230769231 119.03846153846153 0.453525641025641 135.46153846153845 45.30769230769231 0.019230769230769232 45.28846153846154 1.1944512999616563
402000 63.80769230769231 63.80769230769231 119.03846153846153 0.453525641025641 135.46153846153845 45.30769230769231 0.019230769230769232 45.28846153846154 1.198632099898532
404000 63.80769230769231 63.80769230769231 119.03846153846153 0.453525641025641 135.46153846153845 45.30769230769231 0.019230769230769232 45.28846153846154 1.2071997998282313
406000 63.80769230769231 63.80769230769231 119.03846153846153 0.453525641025641 135.46153846153845 45.30769230769231 0.019230769230769232 45.28846153846154 1.2166206000838429
408000 63.80769230769231 63.80769230769231 119.03846153846153 0.453525641025641 135.46153846153845 45.30769230769231 0.019230769230769232 45.28846153846154 1.2607229999266565
410000 63.80769230769231 63.80769230769231 119.03846153846153 0.453525641025641 135.46153846153845 45.30769230769231 0.019230769230769232 45.28846153846154 1.1987451000604779
412000 63.80769230769231 63.80769230769231 119.03846153846153 0.453525641025641 135.46153846153845 45.30769230769231 0.019230769230769232 45.28846153846154 1.1619353999849409
414000 63.80769230769231 63.80769230769231 119.03846153846153 0.453525641025641 135.46153846153845 45.30769230769231 0.019230769230769232 45.28846153846154 1.1837148999329656
416000 63.80769230769231 63.80769230769231 119.03846153846153 0.453525641025641 135.46153846153845 45.30769230769231 0.019230769230769232 45.28846153846154 1.1616358999162912
418000 63.80769230769231 63.80769230769231 119.03846153846153 0.453525641025641 135.46153846153845 45.30769230769231 0.019230769230769232 45.28846153846154 1.2193161000031978
420000 63.80769230769231 63.80769230769231 119.03846153846153 0.453525641025641 135.46153846153845 45.30769230769231 0.019230769230769232 45.28846153846154 1.1967011000961065
422000 63.80769230769231 63.80769230769231 119.03846153846153 0.453525641025641 135.46153846153845 45.30769230769231 0.019230769230769232 45.28846153846154 1.200603500008583
424000 63.80769230769231 63.80769230769231 119.03846153846153 0.453525641025641 135.46153846153845 45.30769230769231 0.019230769230769232 45.28846153846154 1.1705206998158246
426000 63.80769230769231 63.80769230769231 119.03846153846153 0.453525641025641 135.46153846153845 45.30769230769231 0.019230769230769232 45.28846153846154 1.2294572999235243
428000 63.80769230769231 63.80769230769231 119.03846153846153 0.453525641025641 135.46153846153845 45.30769230769231 0.019230769230769232 45.28846153846154 1.3541979999281466
430000 63.80769230769231 63.80769230769231 119.03846153846153 0.453525641025641 135.46153846153845 45.30769230769231 0.019230769230769232 45.28846153846154 1.2034519000444561
432000 63.80769230769231 63.80769230769231 119.03846153846153 0.453525641025641 135.46153846153845 45.30769230769231 0.019230769230769232 45.28846153846154 1.290217800065875
434000 63.80769230769231 63.80769230769231 119.03846153846153 0.453525641025641 135.46153846153845 45.30769230769231 0.019230769230769232 45.28846153846154 1.2178398999385536
436000 63.80769230769231 63.80769230769231 119.03846153846153 0.453525641025641 135.46153846153845 45.30769230769231 0.019230769230769232 45.28846153846154 1.2172840998973697
438000 63.80769230769231 63.80769230769231 119.03846153846153 0.453525641025641 135.46153846153845 45.30769230769231 0.019230769230769232 45.28846153846154 1.2334143000189215
440000 63.80769230769231 63.80769230769231 119.03846153846153 0.453525641025641 135.46153846153845 45.30769230769231 0.019230769230769232 45.28846153846154 1.2036342001520097
442000 63.80769230769231 63.80769230769231 119.03846153846153 0.453525641025641 135.46153846153845 45.30769230769231 0.019230769230769232 45.28846153846154 1.1875130000989884
444000 63.80769230769231 63.80769230769231 119.03846153846153 0.453525641025641 135.46153846153845 45.30769230769231 0.019230769230769232 45.28846153846154 1.16654930007644
446000 63.80769230769231 63.80769230769231 119.03846153846153 0.453525641025641 135.46153846153845 45.30769230769231 0.019230769230769232 45.28846153846154 1.0922482998576015
448000 63.80769230769231 63.80769230769231 119.03846153846153 0.453525641025641 135.46153846153845 45.30769230769231 0.019230769230769232 45.28846153846154 1.079476699931547
450000 63.80769230769231 63.80769230769231 119.03846153846153 0.453525641025641 135.46153846153845 45.30769230769231 0.019230769230769232 45.28846153846154 1.1709568998776376
452000 63.80769230769231 63.80769230769231 119.03846153846153 0.453525641025641 135.46153846153845 45.30769230769231 0.019230769230769232 45.28846153846154 1.231906200060621
454000 63.80769230769231 63.80769230769231 119.03846153846153 0.453525641025641 135.46153846153845 45.30769230769231 0.019230769230769232 45.28846153846154 1.1262292000465095
456000 63.80769230769231 63.80769230769231 119.03846153846153 0.453525641025641 135.46153846153845 45.30769230769231 0.019230769230769232 45.28846153846154 1.137105899862945
458000 63.80769230769231 63.80769230769231 119.03846153846153 0.453525641025641 135.46153846153845 45.30769230769231 0.019230769230769232 45.28846153846154 1.1791248999070376
460000 63.80769230769231 63.80769230769231 119.03846153846153 0.453525641025641 135.46153846153845 45.30769230769231 0.019230769230769232 45.28846153846154 1.1152576000895351
462000 63.80769230769231 63.80769230769231 119.03846153846153 0.453525641025641 135.46153846153845 45.30769230769231 0.019230769230769232 45.28846153846154 1.1370320999994874
464000 63.80769230769231 63.80769230769231 119.03846153846153 0.453525641025641 135.46153846153845 45.30769230769231 0.019230769230769232 45.28846153846154 1.137576000066474
466000 63.80769230769231 63.80769230769231 119.03846153846153 0.453525641025641 135.46153846153845 45.30769230769231 0.019230769230769232 45.28846153846154 1.1477338001132011
468000 63.80769230769231 63.80769230769231 119.03846153846153 0.453525641025641 135.46153846153845 45.30769230769231 0.019230769230769232 45.28846153846154 1.1321719998959452
470000 63.80769230769231 63.80769230769231 119.03846153846153 0.453525641025641 135.46153846153845 45.30769230769231 0.019230769230769232 45.28846153846154 1.1210703998804092
472000 63.80769230769231 63.80769230769231 119.03846153846153 0.453525641025641 135.46153846153845 45.30769230769231 0.019230769230769232 45.28846153846154 1.13867579982616
474000 63.80769230769231 63.80769230769231 119.03846153846153 0.453525641025641 135.46153846153845 45.30769230769231 0.019230769230769232 45.28846153846154 1.2045241999439895
476000 63.80769230769231 63.80769230769231 119.03846153846153 0.453525641025641 135.46153846153845 45.30769230769231 0.019230769230769232 45.28846153846154 1.1399876999203116
478000 63.80769230769231 63.80769230769231 119.03846153846153 0.453525641025641 135.46153846153845 45.30769230769231 0.019230769230769232 45.28846153846154 1.2159001999534667
480000 63.80769230769231 63.80769230769231 119.03846153846153 0.453525641025641 135.46153846153845 45.30769230769231 0.019230769230769232 45.28846153846154 1.1608466000761837
482000 63.80769230769231 63.80769230769231 119.03846153846153 0.453525641025641 135.46153846153845 45.30769230769231 0.019230769230769232 45.28846153846154 1.0672949999570847
484000 63.80769230769231 63.80769230769231 119.03846153846153 0.453525641025641 135.46153846153845 45.30769230769231 0.019230769230769232 45.28846153846154 1.2070516999810934
486000 63.80769230769231 63.80769230769231 119.03846153846153 0.453525641025641 135.46153846153845 45.30769230769231 0.019230769230769232 45.28846153846154 1.146792999934405
488000 63.80769230769231 63.80769230769231 119.03846153846153 0.453525641025641 135.46153846153845 45.30769230769231 0.019230769230769232 45.28846153846154 1.1324127002153546
490000 63.80769230769231 63.80769230769231 119.03846153846153 0.453525641025641 135.46153846153845 45.30769230769231 0.019230769230769232 45.28846153846154 1.1314383000135422
492000 63.80769230769231 63.80769230769231 119.03846153846153 0.453525641025641 135.46153846153845 45.30769230769231 0.019230769230769232 45.28846153846154 1.1314764998387545
494000 63.80769230769231 63.80769230769231 119.03846153846153 0.453525641025641 135.46153846153845 45.30769230769231 0.019230769230769232 45.28846153846154 1.1265328999143094
496000 63.80769230769231 63.80769230769231 119.03846153846153 0.453525641025641 135.46153846153845 45.30769230769231 0.019230769230769232 45.28846153846154 1.1305042000021785
498000 63.80769230769231 63.80769230769231 119.03846153846153 0.453525641025641 135.46153846153845 45.30769230769231 0.019230769230769232 45.28846153846154 1.1993581999558955
500000 63.80769230769231 63.80769230769231 119.03846153846153 0.453525641025641 135.46153846153845 45.30769230769231 0.019230769230769232 45.28846153846154 1.2100939999800175
