2000 7.326923076923077 7.326923076923077 102.46153846153847 0.23237179487179485 135.8653846153846 45.28846153846154 1.2884615384615385 44.0 0.6057996000163257
4000 14.115384615384615 14.115384615384615 90.84615384615384 0.3397435897435897 135.8653846153846 45.28846153846154 3.673076923076923 41.61538461538461 0.5978425999637693
6000 1.7115384615384615 1.7115384615384615 114.73076923076923 0.04006410256410256 135.8653846153846 45.28846153846154 1.3269230769230769 43.96153846153846 0.7706540001090616
8000 5.3076923076923075 5.3076923076923075 98.36538461538461 0.22435897435897434 135.8653846153846 45.28846153846154 2.6153846153846154 42.67307692307692 0.8029181999154389
10000 9.153846153846153 9.153846153846153 89.13461538461539 0.36858974358974356 135.8653846153846 45.28846153846154 1.1153846153846154 44.17307692307692 0.7660290999338031
12000 9.673076923076923 9.673076923076923 88.0 0.3878205128205128 135.8653846153846 45.28846153846154 1.1153846153846154 44.17307692307692 0.8391998999286443
14000 10.865384615384615 10.865384615384615 85.78846153846153 0.44391025641025644 135.8653846153846 45.28846153846154 1.1153846153846154 44.17307692307692 0.8544556000269949
16000 10.865384615384615 10.865384615384615 85.78846153846153 0.44391025641025644 135.8653846153846 45.28846153846154 1.1153846153846154 44.17307692307692 0.8861685001756996
18000 27.942307692307693 27.942307692307693 84.5576923076923 0.47916666666666674 135.8653846153846 45.28846153846154 1.1153846153846154 44.17307692307692 1.052115899976343
20000 27.942307692307693 27.942307692307693 84.5576923076923 0.47916666666666674 135.8653846153846 45.28846153846154 1.1153846153846154 44.17307692307692 0.9666652998421341
22000 29.26923076923077 29.26923076923077 84.48076923076923 0.4887820512820514 135.8653846153846 45.28846153846154 1.1153846153846154 44.17307692307692 1.1109883999451995
24000 29.26923076923077 29.26923076923077 84.48076923076923 0.4887820512820514 135.8653846153846 45.28846153846154 1.1153846153846154 44.17307692307692 1.076922400156036
26000 28.51923076923077 28.51923076923077 84.4423076923077 0.47916666666666674 135.8653846153846 45.28846153846154 1.1153846153846154 44.17307692307692 0.9864147999323905
28000 44.71153846153846 44.71153846153846 81.21153846153847 0.5080128205128205 135.8653846153846 45.28846153846154 1.1153846153846154 44.17307692307692 0.9786992999725044
30000 63.46153846153846 63.46153846153846 80.40384615384616 0.5272435897435898 135.8653846153846 45.28846153846154 1.1153846153846154 44.17307692307692 1.0139732998795807
32000 97.61538461538461 97.61538461538461 71.82692307692308 0.5608974358974359 135.8653846153846 45.28846153846154 1.1153846153846154 44.17307692307692 1.0669458999764174
34000 97.61538461538461 97.61538461538461 71.82692307692308 0.5608974358974359 135.8653846153846 45.28846153846154 1.1153846153846154 44.17307692307692 1.1270858000498265
36000 97.61538461538461 97.61538461538461 71.82692307692308 0.5608974358974359 135.8653846153846 45.28846153846154 1.1153846153846154 44.17307692307692 1.039934900123626
38000 97.61538461538461 97.61538461538461 71.82692307692308 0.5608974358974359 135.8653846153846 45.28846153846154 1.1153846153846154 44.17307692307692 1.1137297998648137
40000 97.61538461538461 97.61538461538461 71.82692307692308 0.5608974358974359 135.8653846153846 45.28846153846154 1.1153846153846154 44.17307692307692 1.0323490998707712
42000 97.61538461538461 97.61538461538461 71.82692307692308 0.5608974358974359 135.8653846153846 45.28846153846154 1.1153846153846154 44.17307692307692 1.05634790007025
44000 97.61538461538461 97.61538461538461 71.82692307692308 0.5608974358974359 135.8653846153846 45.28846153846154 1.1153846153846154 44.17307692307692 1.1057712000329047
46000 97.61538461538461 97.61538461538461 71.82692307692308 0.5608974358974359 135.8653846153846 45.28846153846154 1.1153846153846154 44.17307692307692 1.1358980000950396
48000 97.61538461538461 97.61538461538461 71.82692307692308 0.5608974358974359 135.8653846153846 45.28846153846154 1.1153846153846154 44.17307692307692 1.0349161000922322
50000 97.61538461538461 97.61538461538461 71.82692307692308 0.5608974358974359 135.8653846153846 45.28846153846154 1.1153846153846154 44.17307692307692 1.0550855998881161
52000 97.61538461538461 97.61538461538461 71.82692307692308 0.5608974358974359 135.8653846153846 45.28846153846154 1.1153846153846154 44.17307692307692 1.0649030997883528
54000 97.61538461538461 97.61538461538461 71.82692307692308 0.5608974358974359 135.8653846153846 45.28846153846154 1.1153846153846154 44.17307692307692 1.0453671000432223
56000 97.61538461538461 97.61538461538461 71.82692307692308 0.5608974358974359 135.8653846153846 45.28846153846154 1.1153846153846154 44.17307692307692 1.0465623999480158
58000 97.61538461538461 97.61538461538461 71.82692307692308 0.5608974358974359 135.8653846153846 45.28846153846154 1.1153846153846154 44.17307692307692 1.0452745000366122
60000 97.61538461538461 97.61538461538461 71.82692307692308 0.5608974358974359 135.8653846153846 45.28846153846154 1.1153846153846154 44.17307692307692 1.0698532999958843
62000 97.61538461538461 97.61538461538461 71.82692307692308 0.5608974358974359 135.8653846153846 45.28846153846154 1.1153846153846154 44.17307692307692 1.1250698999501765
64000 97.61538461538461 97.61538461538461 71.82692307692308 0.5608974358974359 135.8653846153846 45.28846153846154 1.1153846153846154 44.17307692307692 1.117492499994114
66000 97.61538461538461 97.61538461538461 71.82692307692308 0.5608974358974359 135.8653846153846 45.28846153846154 1.1153846153846154 44.17307692307692 1.0799730001017451
68000 97.61538461538461 97.61538461538461 71.82692307692308 0.5608974358974359 135.8653846153846 45.28846153846154 1.1153846153846154 44.17307692307692 1.0778764998540282
70000 97.61538461538461 97.61538461538461 71.82692307692308 0.5608974358974359 135.8653846153846 45.28846153846154 1.1153846153846154 44.17307692307692 1.0065830999519676
72000 97.61538461538461 97.61538461538461 71.82692307692308 0.5608974358974359 135.8653846153846 45.28846153846154 1.1153846153846154 44.17307692307692 1.0729414999950677
74000 97.61538461538461 97.61538461538461 71.82692307692308 0.5608974358974359 135.8653846153846 45.28846153846154 1.1153846153846154 44.17307692307692 1.0284204001072794
76000 97.61538461538461 97.61538461538461 71.82692307692308 0.5608974358974359 135.8653846153846 45.28846153846154 1.1153846153846154 44.17307692307692 1.0555328999180347
78000 97.61538461538461 97.61538461538461 71.82692307692308 0.5608974358974359 135.8653846153846 45.28846153846154 1.1153846153846154 44.17307692307692 0.9887070001568645
80000 97.61538461538461 97.61538461538461 71.82692307692308 0.5608974358974359 135.8653846153846 45.28846153846154 1.1153846153846154 44.17307692307692 1.0009579001925886
82000 97.61538461538461 97.61538461538461 71.82692307692308 0.5608974358974359 135.8653846153846 45.28846153846154 1.1153846153846154 44.17307692307692 1.0495576998218894
84000 97.61538461538461 97.61538461538461 71.82692307692308 0.5608974358974359 135.8653846153846 45.28846153846154 1.1153846153846154 44.17307692307692 1.2196136000566185
86000 97.61538461538461 97.61538461538461 71.82692307692308 0.5608974358974359 135.8653846153846 45.28846153846154 1.1153846153846154 44.17307692307692 1.0809196000918746
88000 164.78846153846155 164.78846153846155 66.53846153846153 0.6169871794871794 135.8653846153846 45.28846153846154 1.1153846153846154 44.17307692307692 1.2036210999358445
90000 164.78846153846155 164.78846153846155 66.53846153846153 0.6169871794871794 135.8653846153846 45.28846153846154 1.1153846153846154 44.17307692307692 1.0072160998824984
92000 164.78846153846155 164.78846153846155 66.53846153846153 0.6169871794871794 135.8653846153846 45.28846153846154 1.1153846153846154 44.17307692307692 1.0322692999616265
94000 164.78846153846155 164.78846153846155 66.53846153846153 0.6169871794871794 135.8653846153846 45.28846153846154 1.1153846153846154 44.17307692307692 1.0459292000159621
96000 164.78846153846155 164.78846153846155 66.53846153846153 0.6169871794871794 135.8653846153846 45.28846153846154 1.1153846153846154 44.17307692307692 1.0077273999340832
98000 164.78846153846155 164.78846153846155 66.53846153846153 0.6169871794871794 135.8653846153846 45.28846153846154 1.1153846153846154 44.17307692307692 0.9442934000398964
100000 164.78846153846155 164.78846153846155 66.53846153846153 0.6169871794871794 135.8653846153846 45.28846153846154 1.1153846153846154 44.17307692307692 0.9984937000554055
102000 164.78846153846155 164.78846153846155 66.53846153846153 0.6169871794871794 135.8653846153846 45.28846153846154 1.1153846153846154 44.17307692307692 1.0390882999636233
104000 164.78846153846155 164.78846153846155 66.53846153846153 0.6169871794871794 135.8653846153846 45.28846153846154 1.1153846153846154 44.17307692307692 1.1743393999058753
106000 164.78846153846155 164.78846153846155 66.53846153846153 0.6169871794871794 135.8653846153846 45.28846153846154 1.1153846153846154 44.17307692307692 1.153225400019437
108000 164.78846153846155 164.78846153846155 66.53846153846153 0.6169871794871794 135.8653846153846 45.28846153846154 1.1153846153846154 44.17307692307692 1.1377544000279158
110000 164.78846153846155 164.78846153846155 66.53846153846153 0.6169871794871794 135.8653846153846 45.28846153846154 1.1153846153846154 44.17307692307692 0.9772617998532951
112000 164.78846153846155 164.78846153846155 66.53846153846153 0.6169871794871794 135.8653846153846 45.28846153846154 1.1153846153846154 44.17307692307692 1.0291495001874864
114000 164.78846153846155 164.78846153846155 66.53846153846153 0.6169871794871794 135.8653846153846 45.28846153846154 1.1153846153846154 44.17307692307692 1.014622600050643
116000 164.78846153846155 164.78846153846155 66.53846153846153 0.6169871794871794 135.8653846153846 45.28846153846154 1.1153846153846154 44.17307692307692 0.9877944001927972
118000 164.78846153846155 164.78846153846155 66.53846153846153 0.6169871794871794 135.8653846153846 45.28846153846154 1.1153846153846154 44.17307692307692 1.0343561000190675
120000 164.78846153846155 164.78846153846155 66.53846153846153 0.6169871794871794 135.8653846153846 45.28846153846154 1.1153846153846154 44.17307692307692 0.9759041999932379
122000 164.78846153846155 164.78846153846155 66.53846153846153 0.6169871794871794 135.8653846153846 45.28846153846154 1.1153846153846154 44.17307692307692 0.9368086999747902
124000 164.78846153846155 164.78846153846155 66.53846153846153 0.6169871794871794 135.8653846153846 45.28846153846154 1.1153846153846154 44.17307692307692 1.0658158001024276
126000 164.78846153846155 164.78846153846155 66.53846153846153 0.6169871794871794 135.8653846153846 45.28846153846154 1.1153846153846154 44.17307692307692 0.9534889999777079
128000 164.78846153846155 164.78846153846155 66.53846153846153 0.6169871794871794 135.8653846153846 45.28846153846154 1.1153846153846154 44.17307692307692 1.0678927002009004
130000 164.78846153846155 164.78846153846155 66.53846153846153 0.6169871794871794 135.8653846153846 45.28846153846154 1.1153846153846154 44.17307692307692 1.0036588001530617
132000 164.78846153846155 164.78846153846155 66.53846153846153 0.6169871794871794 135.8653846153846 45.28846153846154 1.1153846153846154 44.17307692307692 1.0622117999009788
134000 164.78846153846155 164.78846153846155 66.53846153846153 0.6169871794871794 135.8653846153846 45.28846153846154 1.1153846153846154 44.17307692307692 1.047798000043258
136000 164.78846153846155 164.78846153846155 66.53846153846153 0.6169871794871794 135.8653846153846 45.28846153846154 1.1153846153846154 44.17307692307692 1.1903876001015306
138000 164.78846153846155 164.78846153846155 66.53846153846153 0.6169871794871794 135.8653846153846 45.28846153846154 1.1153846153846154 44.17307692307692 0.9990995000116527
140000 164.78846153846155 164.78846153846155 66.53846153846153 0.6169871794871794 135.8653846153846 45.28846153846154 1.1153846153846154 44.17307692307692 0.9964537001214921
142000 164.78846153846155 164.78846153846155 66.53846153846153 0.6169871794871794 135.8653846153846 45.28846153846154 1.1153846153846154 44.17307692307692 0.9337840001098812
144000 164.78846153846155 164.78846153846155 66.53846153846153 0.6169871794871794 135.8653846153846 45.28846153846154 1.1153846153846154 44.17307692307692 1.001575999893248
146000 164.78846153846155 164.78846153846155 66.53846153846153 0.6169871794871794 135.8653846153846 45.28846153846154 1.1153846153846154 44.17307692307692 0.918434000108391
148000 164.78846153846155 164.78846153846155 66.53846153846153 0.6169871794871794 135.8653846153846 45.28846153846154 1.1153846153846154 44.17307692307692 0.9252154999412596
150000 164.78846153846155 164.78846153846155 66.53846153846153 0.6169871794871794 135.8653846153846 45.28846153846154 1.1153846153846154 44.17307692307692 0.9915123998653144
152000 164.78846153846155 164.78846153846155 66.53846153846153 0.6169871794871794 135.8653846153846 45.28846153846154 1.1153846153846154 44.17307692307692 0.9998566000722349
154000 164.78846153846155 164.78846153846155 66.53846153846153 0.6169871794871794 135.8653846153846 45.28846153846154 1.1153846153846154 44.17307692307692 0.9388260999694467
156000 164.78846153846155 164.78846153846155 66.53846153846153 0.6169871794871794 135.8653846153846 45.28846153846154 1.1153846153846154 44.17307692307692 0.9790118997916579
158000 164.78846153846155 164.78846153846155 66.53846153846153 0.6169871794871794 135.8653846153846 45.28846153846154 1.1153846153846154 44.17307692307692 1.0136828999966383
160000 164.78846153846155 164.78846153846155 66.53846153846153 0.6169871794871794 135.8653846153846 45.28846153846154 1.1153846153846154 44.17307692307692 0.9329673999454826
162000 164.78846153846155 164.78846153846155 66.53846153846153 0.6169871794871794 135.8653846153846 45.28846153846154 1.1153846153846154 44.17307692307692 0.90572279994376
164000 164.78846153846155 164.78846153846155 66.53846153846153 0.6169871794871794 135.8653846153846 45.28846153846154 1.1153846153846154 44.17307692307692 0.9962563998997211
166000 164.78846153846155 164.78846153846155 66.53846153846153 0.6169871794871794 135.8653846153846 45.28846153846154 1.1153846153846154 44.17307692307692 1.1462251001503319
168000 164.78846153846155 164.78846153846155 66.53846153846153 0.6169871794871794 135.8653846153846 45.28846153846154 1.1153846153846154 44.17307692307692 1.0247536001261324
170000 164.78846153846155 164.78846153846155 66.53846153846153 0.6169871794871794 135.8653846153846 45.28846153846154 1.1153846153846154 44.17307692307692 1.0005667998921126
172000 164.78846153846155 164.78846153846155 66.53846153846153 0.6169871794871794 135.8653846153846 45.28846153846154 1.1153846153846154 44.17307692307692 1.0312838999088854
174000 164.78846153846155 164.78846153846155 66.53846153846153 0.6169871794871794 135.8653846153846 45.28846153846154 1.1153846153846154 44.17307692307692 1.119945599930361
176000 164.78846153846155 164.78846153846155 66.53846153846153 0.6169871794871794 135.8653846153846 45.28846153846154 1.1153846153846154 44.17307692307692 1.165844599949196
178000 164.78846153846155 164.78846153846155 66.53846153846153 0.6169871794871794 135.8653846153846 45.28846153846154 1.1153846153846154 44.17307692307692 1.0748916999436915
180000 164.78846153846155 164.78846153846155 66.53846153846153 0.6169871794871794 135.8653846153846 45.28846153846154 1.1153846153846154 44.17307692307692 0.9940263000316918
182000 164.78846153846155 164.78846153846155 66.53846153846153 0.6169871794871794 135.8653846153846 45.28846153846154 1.1153846153846154 44.17307692307692 1.0299949999898672
184000 164.78846153846155 164.78846153846155 66.53846153846153 0.6169871794871794 135.8653846153846 45.28846153846154 1.1153846153846154 44.17307692307692 1.0240546001587063
186000 164.78846153846155 164.78846153846155 66.53846153846153 0.6169871794871794 135.8653846153846 45.28846153846154 1.1153846153846154 44.17307692307692 1.0582942999899387
188000 164.78846153846155 164.78846153846155 66.53846153846153 0.6169871794871794 135.8653846153846 45.28846153846154 1.1153846153846154 44.17307692307692 1.025187699822709
190000 164.78846153846155 164.78846153846155 66.53846153846153 0.6169871794871794 135.8653846153846 45.28846153846154 1.1153846153846154 44.17307692307692 1.1568088999483734
192000 164.78846153846155 164.78846153846155 66.53846153846153 0.6169871794871794 135.8653846153846 45.28846153846154 1.1153846153846154 44.17307692307692 1.08013919997029
194000 164.78846153846155 164.78846153846155 66.53846153846153 0.6169871794871794 135.8653846153846 45.28846153846154 1.1153846153846154 44.17307692307692 1.0088965999893844
196000 164.78846153846155 164.78846153846155 66.53846153846153 0.6169871794871794 135.8653846153846 45.28846153846154 1.1153846153846154 44.17307692307692 1.0332479998469353
198000 164.78846153846155 164.78846153846155 66.53846153846153 0.6169871794871794 135.8653846153846 45.28846153846154 1.1153846153846154 44.17307692307692 1.07988870004192
200000 164.78846153846155 164.78846153846155 66.53846153846153 0.6169871794871794 135.8653846153846 45.28846153846154 1.1153846153846154 44.17307692307692 1.0767383000347763
202000 164.78846153846155 164.78846153846155 66.53846153846153 0.6169871794871794 135.8653846153846 45.28846153846154 1.1153846153846154 44.17307692307692 1.0072802999056876
204000 164.78846153846155 164.78846153846155 66.53846153846153 0.6169871794871794 135.8653846153846 45.28846153846154 1.1153846153846154 44.17307692307692 1.0404057998675853
206000 164.78846153846155 164.78846153846155 66.53846153846153 0.6169871794871794 135.8653846153846 45.28846153846154 1.1153846153846154 44.17307692307692 0.9610612001270056
208000 164.78846153846155 164.78846153846155 66.53846153846153 0.6169871794871794 135.8653846153846 45.28846153846154 1.1153846153846154 44.17307692307692 0.9532659999094903
210000 164.78846153846155 164.78846153846155 66.53846153846153 0.6169871794871794 135.8653846153846 45.28846153846154 1.1153846153846154 44.17307692307692 1.0324057000689209
212000 164.78846153846155 164.78846153846155 66.53846153846153 0.6169871794871794 135.8653846153846 45.28846153846154 1.1153846153846154 44.17307692307692 0.994292699964717
214000 164.78846153846155 164.78846153846155 66.53846153846153 0.6169871794871794 135.8653846153846 45.28846153846154 1.1153846153846154 44.17307692307692 1.0702761998400092
216000 164.78846153846155 164.78846153846155 66.53846153846153 0.6169871794871794 135.8653846153846 45.28846153846154 1.1153846153846154 44.17307692307692 0.9572838998865336
218000 164.78846153846155 164.78846153846155 66.53846153846153 0.6169871794871794 135.8653846153846 45.28846153846154 1.1153846153846154 44.17307692307692 0.9674244998022914
220000 164.78846153846155 164.78846153846155 66.53846153846153 0.6169871794871794 135.8653846153846 45.28846153846154 1.1153846153846154 44.17307692307692 1.146017299965024
222000 164.78846153846155 164.78846153846155 66.53846153846153 0.6169871794871794 135.8653846153846 45.28846153846154 1.1153846153846154 44.17307692307692 1.0654013000894338
224000 164.78846153846155 164.78846153846155 66.53846153846153 0.6169871794871794 135.8653846153846 45.28846153846154 1.1153846153846154 44.17307692307692 0.9673383999615908
226000 164.78846153846155 164.78846153846155 66.53846153846153 0.6169871794871794 135.8653846153846 45.28846153846154 1.1153846153846154 44.17307692307692 1.043830499984324
228000 164.78846153846155 164.78846153846155 66.53846153846153 0.6169871794871794 135.8653846153846 45.28846153846154 1.1153846153846154 44.17307692307692 1.0179170998744667
230000 164.78846153846155 164.78846153846155 66.53846153846153 0.6169871794871794 135.8653846153846 45.28846153846154 1.1153846153846154 44.17307692307692 0.9962181998416781
232000 164.78846153846155 164.78846153846155 66.53846153846153 0.6169871794871794 135.8653846153846 45.28846153846154 1.1153846153846154 44.17307692307692 0.9941279999911785
234000 164.78846153846155 164.78846153846155 66.53846153846153 0.6169871794871794 135.8653846153846 45.28846153846154 1.1153846153846154 44.17307692307692 0.9399375000502914
236000 164.78846153846155 164.78846153846155 66.53846153846153 0.6169871794871794 135.8653846153846 45.28846153846154 1.1153846153846154 44.17307692307692 0.9905870999209583
238000 164.78846153846155 164.78846153846155 66.53846153846153 0.6169871794871794 135.8653846153846 45.28846153846154 1.1153846153846154 44.17307692307692 0.9487897001672536
240000 164.78846153846155 164.78846153846155 66.53846153846153 0.6169871794871794 135.8653846153846 45.28846153846154 1.1153846153846154 44.17307692307692 0.947065900079906
242000 164.78846153846155 164.78846153846155 66.53846153846153 0.6169871794871794 135.8653846153846 45.28846153846154 1.1153846153846154 44.17307692307692 0.9371207000222057
244000 164.78846153846155 164.78846153846155 66.53846153846153 0.6169871794871794 135.8653846153846 45.28846153846154 1.1153846153846154 44.17307692307692 0.9561967998743057
246000 164.78846153846155 164.78846153846155 66.53846153846153 0.6169871794871794 135.8653846153846 45.28846153846154 1.1153846153846154 44.17307692307692 0.9341049001086503
248000 164.78846153846155 164.78846153846155 66.53846153846153 0.6169871794871794 135.8653846153846 45.28846153846154 1.1153846153846154 44.17307692307692 1.0087409000843763
250000 164.78846153846155 164.78846153846155 66.53846153846153 0.6169871794871794 135.8653846153846 45.28846153846154 1.1153846153846154 44.17307692307692 1.0051768000703305
252000 164.78846153846155 164.78846153846155 66.53846153846153 0.6169871794871794 135.8653846153846 45.28846153846154 1.1153846153846154 44.17307692307692 1.1776159000582993
254000 164.78846153846155 164.78846153846155 66.53846153846153 0.6169871794871794 135.8653846153846 45.28846153846154 1.1153846153846154 44.17307692307692 1.169941899832338
256000 164.78846153846155 164.78846153846155 66.53846153846153 0.6169871794871794 135.8653846153846 45.28846153846154 1.1153846153846154 44.17307692307692 1.2337688999250531
258000 164.78846153846155 164.78846153846155 66.53846153846153 0.6169871794871794 135.8653846153846 45.28846153846154 1.1153846153846154 44.17307692307692 1.164086400065571
260000 164.78846153846155 164.78846153846155 66.53846153846153 0.6169871794871794 135.8653846153846 45.28846153846154 1.1153846153846154 44.17307692307692 1.2030391998123378
262000 164.78846153846155 164.78846153846155 66.53846153846153 0.6169871794871794 135.8653846153846 45.28846153846154 1.1153846153846154 44.17307692307692 1.2210536000784487
264000 164.78846153846155 164.78846153846155 66.53846153846153 0.6169871794871794 135.8653846153846 45.28846153846154 1.1153846153846154 44.17307692307692 1.2126405001617968
266000 164.78846153846155 164.78846153846155 66.53846153846153 0.6169871794871794 135.8653846153846 45.28846153846154 1.1153846153846154 44.17307692307692 1.2032308001071215
268000 164.78846153846155 164.78846153846155 66.53846153846153 0.6169871794871794 135.8653846153846 45.28846153846154 1.1153846153846154 44.17307692307692 1.1562389000318944
270000 164.78846153846155 164.78846153846155 66.53846153846153 0.6169871794871794 135.8653846153846 45.28846153846154 1.1153846153846154 44.17307692307692 1.1555680998135358
272000 164.78846153846155 164.78846153846155 66.53846153846153 0.6169871794871794 135.8653846153846 45.28846153846154 1.1153846153846154 44.17307692307692 1.1465908999089152
274000 164.78846153846155 164.78846153846155 66.53846153846153 0.6169871794871794 135.8653846153846 45.28846153846154 1.1153846153846154 44.17307692307692 1.1187587000895292
276000 164.78846153846155 164.78846153846155 66.53846153846153 0.6169871794871794 135.8653846153846 45.28846153846154 1.1153846153846154 44.17307692307692 1.1812253000680357
278000 164.78846153846155 164.78846153846155 66.53846153846153 0.6169871794871794 135.8653846153846 45.28846153846154 1.1153846153846154 44.17307692307692 1.2821070000063628
280000 164.78846153846155 164.78846153846155 66.53846153846153 0.6169871794871794 135.8653846153846 45.28846153846154 1.1153846153846154 44.17307692307692 1.246113299857825
282000 164.78846153846155 164.78846153846155 66.53846153846153 0.6169871794871794 135.8653846153846 45.28846153846154 1.1153846153846154 44.17307692307692 1.2634638999588788
284000 164.78846153846155 164.78846153846155 66.53846153846153 0.6169871794871794 135.8653846153846 45.28846153846154 1.1153846153846154 44.17307692307692 1.250044799875468
286000 164.78846153846155 164.78846153846155 66.53846153846153 0.6169871794871794 135.8653846153846 45.28846153846154 1.1153846153846154 44.17307692307692 1.1639723000116646
288000 164.78846153846155 164.78846153846155 66.53846153846153 0.6169871794871794 135.8653846153846 45.28846153846154 1.1153846153846154 44.17307692307692 1.1803921000100672
290000 164.78846153846155 164.78846153846155 66.53846153846153 0.6169871794871794 135.8653846153846 45.28846153846154 1.1153846153846154 44.17307692307692 1.153734799940139
292000 164.78846153846155 164.78846153846155 66.53846153846153 0.6169871794871794 135.8653846153846 45.28846153846154 1.1153846153846154 44.17307692307692 1.3346541000064462
294000 164.78846153846155 164.78846153846155 66.53846153846153 0.6169871794871794 135.8653846153846 45.28846153846154 1.1153846153846154 44.17307692307692 1.20951890014112
296000 164.78846153846155 164.78846153846155 66.53846153846153 0.6169871794871794 135.8653846153846 45.28846153846154 1.1153846153846154 44.17307692307692 1.2045167000032961
298000 164.78846153846155 164.78846153846155 66.53846153846153 0.6169871794871794 135.8653846153846 45.28846153846154 1.1153846153846154 44.17307692307692 1.1781613999046385
300000 164.78846153846155 164.78846153846155 66.53846153846153 0.6169871794871794 135.8653846153846 45.28846153846154 1.1153846153846154 44.17307692307692 1.1279665001202375
302000 164.78846153846155 164.78846153846155 66.53846153846153 0.6169871794871794 135.8653846153846 45.28846153846154 1.1153846153846154 44.17307692307692 1.1094935999717563
304000 164.78846153846155 164.78846153846155 66.53846153846153 0.6169871794871794 135.8653846153846 45.28846153846154 1.1153846153846154 44.17307692307692 1.1229079999029636
306000 164.78846153846155 164.78846153846155 66.53846153846153 0.6169871794871794 135.8653846153846 45.28846153846154 1.1153846153846154 44.17307692307692 1.1556205998640507
308000 164.78846153846155 164.78846153846155 66.53846153846153 0.6169871794871794 135.8653846153846 45.28846153846154 1.1153846153846154 44.17307692307692 1.1093558000866324
310000 164.78846153846155 164.78846153846155 66.53846153846153 0.6169871794871794 135.8653846153846 45.28846153846154 1.1153846153846154 44.17307692307692 1.0927037000656128
312000 164.78846153846155 164.78846153846155 66.53846153846153 0.6169871794871794 135.8653846153846 45.28846153846154 1.1153846153846154 44.17307692307692 1.1530595999211073
314000 164.78846153846155 164.78846153846155 66.53846153846153 0.6169871794871794 135.8653846153846 45.28846153846154 1.1153846153846154 44.17307692307692 1.1973262000828981
316000 164.78846153846155 164.78846153846155 66.53846153846153 0.6169871794871794 135.8653846153846 45.28846153846154 1.1153846153846154 44.17307692307692 1.1459449001122266
318000 164.78846153846155 164.78846153846155 66.53846153846153 0.6169871794871794 135.8653846153846 45.28846153846154 1.1153846153846154 44.17307692307692 1.1283945001196116
320000 164.78846153846155 164.78846153846155 66.53846153846153 0.6169871794871794 135.8653846153846 45.28846153846154 1.1153846153846154 44.17307692307692 1.1595232000108808
322000 164.78846153846155 164.78846153846155 66.53846153846153 0.6169871794871794 135.8653846153846 45.28846153846154 1.1153846153846154 44.17307692307692 1.1481828999239951
324000 164.78846153846155 164.78846153846155 66.53846153846153 0.6169871794871794 135.8653846153846 45.28846153846154 1.1153846153846154 44.17307692307692 1.1145252999849617
326000 164.78846153846155 164.78846153846155 66.53846153846153 0.6169871794871794 135.8653846153846 45.28846153846154 1.1153846153846154 44.17307692307692 1.09109320002608
328000 164.78846153846155 164.78846153846155 66.53846153846153 0.6169871794871794 135.8653846153846 45.28846153846154 1.1153846153846154 44.17307692307692 1.138744399882853
330000 164.78846153846155 164.78846153846155 66.53846153846153 0.6169871794871794 135.8653846153846 45.28846153846154 1.1153846153846154 44.17307692307692 1.0735096998978406
332000 164.78846153846155 164.78846153846155 66.53846153846153 0.6169871794871794 135.8653846153846 45.28846153846154 1.1153846153846154 44.17307692307692 1.1963628998491913
334000 164.78846153846155 164.78846153846155 66.53846153846153 0.6169871794871794 135.8653846153846 45.28846153846154 1.1153846153846154 44.17307692307692 1.1496067999396473
336000 164.78846153846155 164.78846153846155 66.53846153846153 0.6169871794871794 135.8653846153846 45.28846153846154 1.1153846153846154 44.17307692307692 1.116965299937874
338000 164.78846153846155 164.78846153846155 66.53846153846153 0.6169871794871794 135.8653846153846 45.28846153846154 1.1153846153846154 44.17307692307692 1.1743450001813471
340000 164.78846153846155 164.78846153846155 66.53846153846153 0.6169871794871794 135.8653846153846 45.28846153846154 1.1153846153846154 44.17307692307692 1.0842688998673111
342000 164.78846153846155 164.78846153846155 66.53846153846153 0.6169871794871794 135.8653846153846 45.28846153846154 1.1153846153846154 44.17307692307692 1.1164031000807881
344000 164.78846153846155 164.78846153846155 66.53846153846153 0.6169871794871794 135.8653846153846 45.28846153846154 1.1153846153846154 44.17307692307692 1.1808821000158787
346000 164.78846153846155 164.78846153846155 66.53846153846153 0.6169871794871794 135.8653846153846 45.28846153846154 1.1153846153846154 44.17307692307692 1.1582297999411821
348000 164.78846153846155 164.78846153846155 66.53846153846153 0.6169871794871794 135.8653846153846 45.28846153846154 1.1153846153846154 44.17307692307692 1.1618894999846816
350000 164.78846153846155 164.78846153846155 66.53846153846153 0.6169871794871794 135.8653846153846 45.28846153846154 1.1153846153846154 44.17307692307692 1.1433749999850988
352000 164.78846153846155 164.78846153846155 66.53846153846153 0.6169871794871794 135.8653846153846 45.28846153846154 1.1153846153846154 44.17307692307692 1.0910887999925762
354000 164.78846153846155 164.78846153846155 66.53846153846153 0.6169871794871794 135.8653846153846 45.28846153846154 1.1153846153846154 44.17307692307692 1.151306499959901
356000 164.78846153846155 164.78846153846155 66.53846153846153 0.6169871794871794 135.8653846153846 45.28846153846154 1.1153846153846154 44.17307692307692 1.0670308000408113
358000 164.78846153846155 164.78846153846155 66.53846153846153 0.6169871794871794 135.8653846153846 45.28846153846154 1.1153846153846154 44.17307692307692 1.1261525999289006
360000 164.78846153846155 164.78846153846155 66.53846153846153 0.6169871794871794 135.8653846153846 45.28846153846154 1.1153846153846154 44.17307692307692 1.2167100999504328
362000 164.78846153846155 164.78846153846155 66.53846153846153 0.6169871794871794 135.8653846153846 45.28846153846154 1.1153846153846154 44.17307692307692 1.0856232999358326
364000 164.78846153846155 164.78846153846155 66.53846153846153 0.6169871794871794 135.8653846153846 45.28846153846154 1.1153846153846154 44.17307692307692 1.0531868000980467
366000 164.78846153846155 164.78846153846155 66.53846153846153 0.6169871794871794 135.8653846153846 45.28846153846154 1.1153846153846154 44.17307692307692 1.1111411000601947
368000 164.78846153846155 164.78846153846155 66.53846153846153 0.6169871794871794 135.8653846153846 45.28846153846154 1.1153846153846154 44.17307692307692 1.29034149996005
370000 164.78846153846155 164.78846153846155 66.53846153846153 0.6169871794871794 135.8653846153846 45.28846153846154 1.1153846153846154 44.17307692307692 1.2053700999822468
372000 164.78846153846155 164.78846153846155 66.53846153846153 0.6169871794871794 135.8653846153846 45.28846153846154 1.1153846153846154 44.17307692307692 1.1042146999388933
374000 164.78846153846155 164.78846153846155 66.53846153846153 0.6169871794871794 135.8653846153846 45.28846153846154 1.1153846153846154 44.17307692307692 1.079441700130701
376000 164.78846153846155 164.78846153846155 66.53846153846153 0.6169871794871794 135.8653846153846 45.28846153846154 1.1153846153846154 44.17307692307692 1.2030154999811202
378000 164.78846153846155 164.78846153846155 66.53846153846153 0.6169871794871794 135.8653846153846 45.28846153846154 1.1153846153846154 44.17307692307692 1.0917484001256526
380000 164.78846153846155 164.78846153846155 66.53846153846153 0.6169871794871794 135.8653846153846 45.28846153846154 1.1153846153846154 44.17307692307692 1.182533600134775
382000 164.78846153846155 164.78846153846155 66.53846153846153 0.6169871794871794 135.8653846153846 45.28846153846154 1.1153846153846154 44.17307692307692 1.124739499995485
384000 164.78846153846155 164.78846153846155 66.53846153846153 0.6169871794871794 135.8653846153846 45.28846153846154 1.1153846153846154 44.17307692307692 1.208646500017494
386000 164.78846153846155 164.78846153846155 66.53846153846153 0.6169871794871794 135.8653846153846 45.28846153846154 1.1153846153846154 44.17307692307692 1.2045749998651445
388000 164.78846153846155 164.78846153846155 66.53846153846153 0.6169871794871794 135.8653846153846 45.28846153846154 1.1153846153846154 44.17307692307692 1.1740017998963594
390000 164.78846153846155 164.78846153846155 66.53846153846153 0.6169871794871794 135.8653846153846 45.28846153846154 1.1153846153846154 44.17307692307692 1.210860500112176
392000 164.78846153846155 164.78846153846155 66.53846153846153 0.6169871794871794 135.8653846153846 45.28846153846154 1.1153846153846154 44.17307692307692 1.2284297000151128
394000 164.78846153846155 164.78846153846155 66.53846153846153 0.6169871794871794 135.8653846153846 45.28846153846154 1.1153846153846154 44.17307692307692 1.2155597999226302
396000 164.78846153846155 164.78846153846155 66.53846153846153 0.6169871794871794 135.8653846153846 45.28846153846154 1.1153846153846154 44.17307692307692 1.1765362001024187
398000 164.78846153846155 164.78846153846155 66.53846153846153 0.6169871794871794 135.8653846153846 45.28846153846154 1.1153846153846154 44.17307692307692 1.1924042999744415
400000 164.78846153846155 164.78846153846155 66.53846153846153 0.6169871794871794 135.8653846153846 45.28846153846154 1.1153846153846154 44.17307692307692 1.1945523000322282
402000 164.78846153846155 164.78846153846155 66.53846153846153 0.6169871794871794 135.8653846153846 45.28846153846154 1.1153846153846154 44.17307692307692 1.3594821998849511
404000 164.78846153846155 164.78846153846155 66.53846153846153 0.6169871794871794 135.8653846153846 45.28846153846154 1.1153846153846154 44.17307692307692 1.1752894001547247
406000 164.78846153846155 164.78846153846155 66.53846153846153 0.6169871794871794 135.8653846153846 45.28846153846154 1.1153846153846154 44.17307692307692 1.2443830999545753
408000 164.78846153846155 164.78846153846155 66.53846153846153 0.6169871794871794 135.8653846153846 45.28846153846154 1.1153846153846154 44.17307692307692 1.2583453999832273
410000 164.78846153846155 164.78846153846155 66.53846153846153 0.6169871794871794 135.8653846153846 45.28846153846154 1.1153846153846154 44.17307692307692 1.2066391000989825
412000 164.78846153846155 164.78846153846155 66.53846153846153 0.6169871794871794 135.8653846153846 45.28846153846154 1.1153846153846154 44.17307692307692 1.1029700001236051
414000 164.78846153846155 164.78846153846155 66.53846153846153 0.6169871794871794 135.8653846153846 45.28846153846154 1.1153846153846154 44.17307692307692 1.3082148998510092
416000 164.78846153846155 164.78846153846155 66.53846153846153 0.6169871794871794 135.8653846153846 45.28846153846154 1.1153846153846154 44.17307692307692 1.154540600022301
418000 164.78846153846155 164.78846153846155 66.53846153846153 0.6169871794871794 135.8653846153846 45.28846153846154 1.1153846153846154 44.17307692307692 1.2665715001057833
420000 164.78846153846155 164.78846153846155 66.53846153846153 0.6169871794871794 135.8653846153846 45.28846153846154 1.1153846153846154 44.17307692307692 1.2395866001024842
422000 164.78846153846155 164.78846153846155 66.53846153846153 0.6169871794871794 135.8653846153846 45.28846153846154 1.1153846153846154 44.17307692307692 1.2695009999442846
424000 164.78846153846155 164.78846153846155 66.53846153846153 0.6169871794871794 135.8653846153846 45.28846153846154 1.1153846153846154 44.17307692307692 1.216754499822855
426000 164.78846153846155 164.78846153846155 66.53846153846153 0.6169871794871794 135.8653846153846 45.28846153846154 1.1153846153846154 44.17307692307692 1.2609329998958856
428000 164.78846153846155 164.78846153846155 66.53846153846153 0.6169871794871794 135.8653846153846 45.28846153846154 1.1153846153846154 44.17307692307692 1.3710690999869257
430000 164.78846153846155 164.78846153846155 66.53846153846153 0.6169871794871794 135.8653846153846 45.28846153846154 1.1153846153846154 44.17307692307692 1.1116433998104185
432000 164.78846153846155 164.78846153846155 66.53846153846153 0.6169871794871794 135.8653846153846 45.28846153846154 1.1153846153846154 44.17307692307692 1.1549710999242961
434000 164.78846153846155 164.78846153846155 66.53846153846153 0.6169871794871794 135.8653846153846 45.28846153846154 1.1153846153846154 44.17307692307692 1.1481353000272065
436000 164.78846153846155 164.78846153846155 66.53846153846153 0.6169871794871794 135.8653846153846 45.28846153846154 1.1153846153846154 44.17307692307692 1.1368193998932838
438000 164.78846153846155 164.78846153846155 66.53846153846153 0.6169871794871794 135.8653846153846 45.28846153846154 1.1153846153846154 44.17307692307692 1.1520199999213219
440000 164.78846153846155 164.78846153846155 66.53846153846153 0.6169871794871794 135.8653846153846 45.28846153846154 1.1153846153846154 44.17307692307692 1.2271039001643658
442000 164.78846153846155 164.78846153846155 66.53846153846153 0.6169871794871794 135.8653846153846 45.28846153846154 1.1153846153846154 44.17307692307692 1.1920449999161065
444000 164.78846153846155 164.78846153846155 66.53846153846153 0.6169871794871794 135.8653846153846 45.28846153846154 1.1153846153846154 44.17307692307692 1.1440167999826372
446000 164.78846153846155 164.78846153846155 66.53846153846153 0.6169871794871794 135.8653846153846 45.28846153846154 1.1153846153846154 44.17307692307692 1.1938857999630272
448000 164.78846153846155 164.78846153846155 66.53846153846153 0.6169871794871794 135.8653846153846 45.28846153846154 1.1153846153846154 44.17307692307692 1.176672700094059
450000 164.78846153846155 164.78846153846155 66.53846153846153 0.6169871794871794 135.8653846153846 45.28846153846154 1.1153846153846154 44.17307692307692 1.1076815000269562
452000 164.78846153846155 164.78846153846155 66.53846153846153 0.6169871794871794 135.8653846153846 45.28846153846154 1.1153846153846154 44.17307692307692 1.1275247000157833
454000 164.78846153846155 164.78846153846155 66.53846153846153 0.6169871794871794 135.8653846153846 45.28846153846154 1.1153846153846154 44.17307692307692 1.1009599000681192
456000 164.78846153846155 164.78846153846155 66.53846153846153 0.6169871794871794 135.8653846153846 45.28846153846154 1.1153846153846154 44.17307692307692 1.0840411998797208
458000 164.78846153846155 164.78846153846155 66.53846153846153 0.6169871794871794 135.8653846153846 45.28846153846154 1.1153846153846154 44.17307692307692 1.1173680000938475
460000 164.78846153846155 164.78846153846155 66.53846153846153 0.6169871794871794 135.8653846153846 45.28846153846154 1.1153846153846154 44.17307692307692 1.1341637999285012
462000 164.78846153846155 164.78846153846155 66.53846153846153 0.6169871794871794 135.8653846153846 45.28846153846154 1.1153846153846154 44.17307692307692 1.1718909000046551
464000 164.78846153846155 164.78846153846155 66.53846153846153 0.6169871794871794 135.8653846153846 45.28846153846154 1.1153846153846154 44.17307692307692 1.130777900107205
466000 164.78846153846155 164.78846153846155 66.53846153846153 0.6169871794871794 135.8653846153846 45.28846153846154 1.1153846153846154 44.17307692307692 1.1554115999024361
468000 164.78846153846155 164.78846153846155 66.53846153846153 0.6169871794871794 135.8653846153846 45.28846153846154 1.1153846153846154 44.17307692307692 1.0722549001220614
470000 164.78846153846155 164.78846153846155 66.53846153846153 0.6169871794871794 135.8653846153846 45.28846153846154 1.1153846153846154 44.17307692307692 1.1247787999454886
472000 164.78846153846155 164.78846153846155 66.53846153846153 0.6169871794871794 135.8653846153846 45.28846153846154 1.1153846153846154 44.17307692307692 1.1207242000382394
474000 164.78846153846155 164.78846153846155 66.53846153846153 0.6169871794871794 135.8653846153846 45.28846153846154 1.1153846153846154 44.17307692307692 1.1584270999301225
476000 164.78846153846155 164.78846153846155 66.53846153846153 0.6169871794871794 135.8653846153846 45.28846153846154 1.1153846153846154 44.17307692307692 1.1183577000629157
478000 164.78846153846155 164.78846153846155 66.53846153846153 0.6169871794871794 135.8653846153846 45.28846153846154 1.1153846153846154 44.17307692307692 1.145767099922523
480000 164.78846153846155 164.78846153846155 66.53846153846153 0.6169871794871794 135.8653846153846 45.28846153846154 1.1153846153846154 44.17307692307692 1.1197546999901533
482000 164.78846153846155 164.78846153846155 66.53846153846153 0.6169871794871794 135.8653846153846 45.28846153846154 1.1153846153846154 44.17307692307692 1.1929740000050515
484000 164.78846153846155 164.78846153846155 66.53846153846153 0.6169871794871794 135.8653846153846 45.28846153846154 1.1153846153846154 44.17307692307692 1.0309129001107067
486000 164.78846153846155 164.78846153846155 66.53846153846153 0.6169871794871794 135.8653846153846 45.28846153846154 1.1153846153846154 44.17307692307692 0.9876582999713719
488000 164.78846153846155 164.78846153846155 66.53846153846153 0.6169871794871794 135.8653846153846 45.28846153846154 1.1153846153846154 44.17307692307692 0.8327194999437779
490000 164.78846153846155 164.78846153846155 66.53846153846153 0.6169871794871794 135.8653846153846 45.28846153846154 1.1153846153846154 44.17307692307692 0.9279492001514882
492000 164.78846153846155 164.78846153846155 66.53846153846153 0.6169871794871794 135.8653846153846 45.28846153846154 1.1153846153846154 44.17307692307692 0.9174852999858558
494000 164.78846153846155 164.78846153846155 66.53846153846153 0.6169871794871794 135.8653846153846 45.28846153846154 1.1153846153846154 44.17307692307692 0.5985415999311954
496000 164.78846153846155 164.78846153846155 66.53846153846153 0.6169871794871794 135.8653846153846 45.28846153846154 1.1153846153846154 44.17307692307692 0.7330273000989109
498000 164.78846153846155 164.78846153846155 66.53846153846153 0.6169871794871794 135.8653846153846 45.28846153846154 1.1153846153846154 44.17307692307692 0.6688661999069154
500000 164.78846153846155 164.78846153846155 66.53846153846153 0.6169871794871794 135.8653846153846 45.28846153846154 1.1153846153846154 44.17307692307692 0.6543372001033276
