2000 0.038461538461538464 0.203125
4000 0.07692307692307693 0.234375
6000 0.057692307692307696 0.296875
8000 0.1346153846153846 0.359375
10000 0.25 0.4375
12000 0.5384615384615384 0.421875
14000 0.40384615384615385 0.4375
16000 0.7307692307692307 0.453125
18000 0.8461538461538461 0.484375
20000 1.0 0.484375
22000 1.0384615384615385 0.53125
24000 1.0576923076923077 0.703125
26000 0.9615384615384616 0.765625
28000 1.0384615384615385 0.640625
30000 1.0384615384615385 0.78125
32000 1.0961538461538463 0.609375
34000 1.0769230769230769 0.671875
36000 1.1538461538461537 0.65625
38000 1.2307692307692308 0.609375
40000 1.1538461538461537 0.671875
42000 1.3076923076923077 0.671875
44000 1.4807692307692308 0.640625
46000 1.8653846153846154 0.640625
48000 2.1538461538461537 0.703125
50000 2.4615384615384617 0.71875
52000 2.4038461538461537 0.640625
54000 2.9038461538461537 0.671875
56000 2.9423076923076925 0.78125
58000 2.8076923076923075 0.703125
60000 3.1153846153846154 0.78125
62000 3.3076923076923075 0.890625
64000 3.673076923076923 0.859375
66000 3.5 0.8125
68000 3.576923076923077 1.0
70000 3.480769230769231 0.71875
72000 3.423076923076923 0.671875
74000 4.076923076923077 0.8125
76000 3.7884615384615383 0.8125
78000 3.7884615384615383 0.765625
80000 4.384615384615385 0.8125
82000 6.153846153846154 1.015625
84000 5.903846153846154 1.390625
86000 6.384615384615385 0.953125
88000 6.480769230769231 0.6875
90000 6.75 0.6875
92000 6.326923076923077 0.734375
94000 6.6923076923076925 0.71875
96000 6.8076923076923075 0.71875
98000 6.576923076923077 0.71875
100000 7.211538461538462 0.765625
102000 7.076923076923077 0.671875
104000 6.9423076923076925 0.65625
106000 6.653846153846154 0.65625
108000 6.230769230769231 0.671875
110000 6.480769230769231 0.6875
112000 6.75 0.703125
114000 6.826923076923077 0.703125
116000 7.0576923076923075 0.65625
118000 7.096153846153846 0.71875
120000 6.769230769230769 0.671875
122000 7.115384615384615 0.859375
124000 6.615384615384615 0.921875
126000 6.884615384615385 0.828125
128000 7.153846153846154 0.75
130000 6.846153846153846 0.8125
132000 7.0 0.75
134000 7.173076923076923 0.8125
136000 6.673076923076923 0.765625
138000 6.769230769230769 0.703125
140000 6.461538461538462 0.859375
142000 7.5576923076923075 0.75
144000 6.423076923076923 0.796875
146000 7.0 0.859375
148000 7.384615384615385 0.84375
150000 6.4423076923076925 0.921875
152000 6.884615384615385 0.90625
154000 7.019230769230769 0.828125
156000 7.288461538461538 1.0
158000 7.134615384615385 0.78125
160000 7.230769230769231 1.09375
162000 6.519230769230769 0.734375
164000 6.519230769230769 0.703125
166000 6.5576923076923075 0.765625
168000 6.923076923076923 0.8125
170000 6.961538461538462 1.640625
172000 7.038461538461538 0.703125
174000 6.865384615384615 0.765625
176000 6.673076923076923 0.6875
178000 6.538461538461538 0.65625
180000 6.653846153846154 0.75
182000 6.75 0.75
184000 6.884615384615385 0.75
186000 7.269230769230769 0.734375
188000 6.980769230769231 0.703125
190000 6.576923076923077 0.6875
192000 7.4423076923076925 0.703125
194000 7.3076923076923075 0.90625
196000 7.538461538461538 0.890625
198000 7.134615384615385 0.75
200000 6.711538461538462 0.671875
202000 7.384615384615385 0.703125
204000 6.923076923076923 0.734375
206000 6.8076923076923075 0.671875
208000 6.923076923076923 0.734375
210000 6.769230769230769 0.703125
212000 6.788461538461538 0.71875
214000 7.519230769230769 0.75
216000 7.326923076923077 0.671875
218000 6.9423076923076925 0.71875
220000 6.961538461538462 0.890625
222000 7.423076923076923 0.75
224000 6.5 0.6875
226000 6.711538461538462 0.765625
228000 6.9423076923076925 0.84375
230000 7.153846153846154 0.796875
232000 6.653846153846154 0.984375
234000 7.038461538461538 1.140625
236000 7.461538461538462 1.3125
238000 6.788461538461538 1.078125
240000 6.846153846153846 0.796875
242000 6.788461538461538 0.75
244000 7.173076923076923 0.796875
246000 6.8076923076923075 0.765625
248000 6.903846153846154 0.734375
250000 7.4423076923076925 0.6875
252000 7.096153846153846 0.734375
254000 6.730769230769231 0.734375
256000 6.961538461538462 0.6875
258000 6.673076923076923 0.71875
260000 7.269230769230769 0.71875
262000 6.884615384615385 0.71875
264000 6.961538461538462 0.765625
266000 7.576923076923077 0.953125
268000 7.269230769230769 0.859375
270000 7.326923076923077 0.71875
272000 7.423076923076923 0.734375
274000 6.865384615384615 0.6875
276000 7.269230769230769 0.6875
278000 6.461538461538462 0.75
280000 6.846153846153846 0.671875
282000 6.634615384615385 0.734375
284000 7.326923076923077 0.765625
286000 7.230769230769231 0.71875
288000 7.5 0.734375
290000 7.3076923076923075 0.734375
292000 7.365384615384615 0.703125
294000 6.538461538461538 0.65625
296000 7.0 0.671875
298000 7.230769230769231 0.671875
300000 6.211538461538462 0.6875
302000 6.961538461538462 0.84375
304000 7.326923076923077 0.78125
306000 7.346153846153846 0.859375
308000 7.153846153846154 0.71875
310000 6.673076923076923 0.734375
312000 6.903846153846154 0.78125
314000 7.75 0.984375
316000 6.961538461538462 1.09375
318000 7.0576923076923075 0.9375
320000 7.230769230769231 0.828125
322000 6.923076923076923 0.8125
324000 7.038461538461538 0.796875
326000 7.115384615384615 0.75
328000 7.0 1.0
330000 6.596153846153846 0.765625
332000 7.346153846153846 0.6875
334000 6.5576923076923075 0.71875
336000 7.384615384615385 0.640625
338000 6.961538461538462 0.734375
340000 6.884615384615385 0.796875
342000 6.884615384615385 0.765625
344000 7.384615384615385 0.71875
346000 6.769230769230769 0.671875
348000 7.3076923076923075 0.78125
350000 7.1923076923076925 0.734375
352000 7.038461538461538 0.734375
354000 6.538461538461538 0.734375
356000 7.0576923076923075 0.734375
358000 7.403846153846154 0.734375
360000 6.884615384615385 0.703125
362000 6.480769230769231 0.734375
364000 6.653846153846154 0.71875
366000 6.884615384615385 0.6875
368000 7.153846153846154 0.671875
370000 7.115384615384615 0.671875
372000 6.519230769230769 0.796875
374000 6.846153846153846 0.984375
376000 7.115384615384615 0.9375
378000 6.365384615384615 0.828125
380000 7.115384615384615 0.828125
382000 7.5576923076923075 0.859375
384000 7.038461538461538 0.8125
386000 6.461538461538462 0.71875
388000 7.115384615384615 0.84375
390000 6.673076923076923 0.875
392000 6.634615384615385 0.875
394000 6.615384615384615 0.84375
396000 6.615384615384615 0.8125
398000 6.673076923076923 0.65625
400000 7.269230769230769 0.6875
402000 7.3076923076923075 0.78125
404000 7.0576923076923075 0.640625
406000 7.5576923076923075 0.734375
408000 7.461538461538462 0.796875
410000 6.5 0.9375
412000 7.096153846153846 0.734375
414000 7.096153846153846 0.765625
416000 7.153846153846154 0.671875
418000 6.461538461538462 0.6875
420000 6.673076923076923 0.71875
422000 7.288461538461538 0.671875
424000 6.596153846153846 0.75
426000 7.0 1.71875
428000 6.730769230769231 0.734375
430000 6.25 0.765625
432000 6.3076923076923075 0.703125
434000 7.711538461538462 0.671875
436000 6.846153846153846 0.734375
438000 6.634615384615385 0.890625
440000 7.0 0.671875
442000 7.384615384615385 0.671875
444000 6.6923076923076925 0.734375
446000 6.865384615384615 0.75
448000 7.115384615384615 0.75
450000 6.8076923076923075 0.671875
452000 7.8076923076923075 0.71875
454000 7.403846153846154 0.96875
456000 7.173076923076923 0.921875
458000 6.788461538461538 1.078125
460000 6.711538461538462 1.234375
462000 7.788461538461538 0.90625
464000 7.096153846153846 0.875
466000 6.961538461538462 0.765625
468000 7.076923076923077 0.703125
470000 7.076923076923077 0.84375
472000 7.076923076923077 0.9375
474000 6.519230769230769 1.203125
476000 7.211538461538462 0.984375
478000 6.5576923076923075 1.15625
480000 6.923076923076923 0.9375
482000 6.884615384615385 0.859375
484000 6.903846153846154 0.75
486000 6.461538461538462 0.703125
488000 6.769230769230769 0.703125
490000 7.115384615384615 0.640625
492000 7.019230769230769 0.703125
494000 6.615384615384615 0.6875
496000 7.5576923076923075 0.6875
498000 7.596153846153846 0.71875
500000 7.1923076923076925 0.703125
