2000 0.8846153846153846 0.296875
4000 1.3461538461538463 0.28125
6000 2.173076923076923 0.28125
8000 2.5 0.28125
10000 2.769230769230769 0.453125
12000 4.269230769230769 0.40625
14000 4.288461538461538 0.46875
16000 4.538461538461538 0.390625
18000 4.9423076923076925 0.4375
20000 5.480769230769231 0.484375
22000 5.403846153846154 0.46875
24000 6.0 0.46875
26000 6.384615384615385 0.453125
28000 6.596153846153846 0.421875
30000 6.596153846153846 0.484375
32000 6.884615384615385 0.453125
34000 6.884615384615385 0.40625
36000 6.903846153846154 0.5
38000 7.038461538461538 0.453125
40000 7.038461538461538 0.546875
42000 7.0576923076923075 0.484375
44000 7.076923076923077 0.53125
46000 7.115384615384615 0.5625
48000 7.134615384615385 0.46875
50000 7.0576923076923075 0.5
52000 7.0576923076923075 0.59375
54000 7.173076923076923 0.59375
56000 7.153846153846154 0.578125
58000 7.230769230769231 0.546875
60000 7.096153846153846 0.578125
62000 7.096153846153846 0.546875
64000 7.134615384615385 0.59375
66000 7.134615384615385 0.546875
68000 7.1923076923076925 0.546875
70000 7.1923076923076925 0.546875
72000 7.230769230769231 0.515625
74000 7.173076923076923 0.53125
76000 7.173076923076923 0.515625
78000 7.153846153846154 0.5625
80000 7.173076923076923 0.546875
82000 7.211538461538462 0.53125
84000 7.1923076923076925 0.578125
86000 7.1923076923076925 0.53125
88000 7.211538461538462 0.578125
90000 7.211538461538462 0.5625
92000 7.211538461538462 0.5625
94000 7.230769230769231 0.59375
96000 7.326923076923077 0.5625
98000 7.230769230769231 0.546875
100000 7.326923076923077 0.609375
102000 7.326923076923077 0.59375
104000 7.403846153846154 0.546875
106000 7.480769230769231 0.578125
108000 7.519230769230769 0.53125
110000 7.538461538461538 0.578125
112000 7.576923076923077 0.578125
114000 7.634615384615385 0.59375
116000 7.596153846153846 0.609375
118000 7.6923076923076925 0.5625
120000 7.673076923076923 0.578125
122000 7.596153846153846 0.5625
124000 7.826923076923077 0.5625
126000 7.826923076923077 0.515625
128000 7.9423076923076925 0.59375
130000 7.9423076923076925 0.5625
132000 7.903846153846154 0.59375
134000 7.9423076923076925 0.59375
136000 7.961538461538462 0.546875
138000 7.961538461538462 0.515625
140000 7.961538461538462 0.53125
142000 7.9423076923076925 0.53125
144000 7.9423076923076925 0.5
146000 7.903846153846154 0.53125
148000 7.903846153846154 0.515625
150000 7.903846153846154 0.5625
152000 7.903846153846154 0.5
154000 7.903846153846154 0.578125
156000 7.903846153846154 0.546875
158000 7.9423076923076925 0.453125
160000 7.9423076923076925 0.53125
162000 7.9423076923076925 0.515625
164000 7.9423076923076925 0.515625
166000 7.961538461538462 0.515625
168000 8.0 0.515625
170000 7.980769230769231 0.546875
172000 7.980769230769231 0.53125
174000 7.980769230769231 0.515625
176000 7.961538461538462 0.5
178000 7.961538461538462 0.578125
180000 7.980769230769231 0.546875
182000 7.961538461538462 0.546875
184000 7.9423076923076925 0.5625
186000 7.923076923076923 0.5625
188000 7.9423076923076925 0.578125
190000 7.846153846153846 0.5625
192000 7.961538461538462 0.609375
194000 7.9423076923076925 0.546875
196000 7.9423076923076925 0.5
198000 7.9423076923076925 0.53125
200000 8.0 0.53125
202000 7.961538461538462 0.484375
204000 7.980769230769231 0.53125
206000 7.980769230769231 0.578125
208000 7.865384615384615 0.546875
210000 7.826923076923077 0.484375
212000 8.0 0.59375
214000 7.961538461538462 0.53125
216000 8.01923076923077 0.5
218000 7.961538461538462 0.546875
220000 7.9423076923076925 0.578125
222000 7.9423076923076925 0.546875
224000 7.9423076923076925 0.546875
226000 7.9423076923076925 0.609375
228000 7.9423076923076925 0.5625
230000 8.0 0.53125
232000 7.961538461538462 0.53125
234000 8.0 0.578125
236000 8.01923076923077 0.515625
238000 8.038461538461538 0.578125
240000 8.01923076923077 0.578125
242000 8.01923076923077 0.5625
244000 7.9423076923076925 0.5625
246000 7.961538461538462 0.53125
248000 7.980769230769231 0.546875
250000 7.980769230769231 0.5625
252000 7.980769230769231 0.578125
254000 8.0 0.546875
256000 8.0 0.546875
258000 8.01923076923077 0.484375
260000 8.0 0.546875
262000 7.9423076923076925 0.53125
264000 8.01923076923077 0.5625
266000 8.0 0.546875
268000 8.0 0.5625
270000 8.01923076923077 0.515625
272000 8.0 0.515625
274000 8.0 0.53125
276000 8.01923076923077 0.5625
278000 8.01923076923077 0.546875
280000 7.961538461538462 0.578125
282000 8.0 0.546875
284000 8.01923076923077 0.546875
286000 7.9423076923076925 0.578125
288000 7.961538461538462 0.59375
290000 7.961538461538462 0.546875
292000 8.0 0.5625
294000 7.980769230769231 0.5625
296000 7.980769230769231 0.5
298000 7.980769230769231 0.515625
300000 7.980769230769231 0.53125
302000 7.980769230769231 0.5625
304000 8.01923076923077 0.5625
306000 8.01923076923077 0.578125
308000 8.01923076923077 0.546875
310000 8.01923076923077 0.578125
312000 7.961538461538462 0.578125
314000 7.923076923076923 0.515625
316000 7.923076923076923 0.53125
318000 7.923076923076923 0.578125
320000 7.730769230769231 0.5625
322000 7.961538461538462 0.59375
324000 7.846153846153846 0.5625
326000 7.923076923076923 0.578125
328000 7.9423076923076925 0.59375
330000 7.9423076923076925 0.5625
332000 7.865384615384615 0.5625
334000 7.9423076923076925 0.5625
336000 8.01923076923077 0.578125
338000 8.01923076923077 0.59375
340000 7.980769230769231 0.5625
342000 7.980769230769231 0.515625
344000 7.980769230769231 0.625
346000 8.0 0.59375
348000 8.0 0.59375
350000 8.01923076923077 0.53125
352000 7.980769230769231 0.578125
354000 8.01923076923077 0.546875
356000 8.0 0.5625
358000 8.0 0.578125
360000 7.961538461538462 0.546875
362000 8.01923076923077 0.546875
364000 8.057692307692308 0.59375
366000 8.01923076923077 0.578125
368000 8.057692307692308 0.515625
370000 8.038461538461538 0.609375
372000 8.057692307692308 0.53125
374000 8.057692307692308 0.546875
376000 8.038461538461538 0.53125
378000 8.0 0.578125
380000 8.076923076923077 0.609375
382000 8.076923076923077 0.59375
384000 8.076923076923077 0.5625
386000 8.076923076923077 0.5625
388000 8.01923076923077 0.546875
390000 8.038461538461538 0.546875
392000 8.134615384615385 0.578125
394000 8.134615384615385 0.546875
396000 8.134615384615385 0.59375
398000 8.134615384615385 0.546875
400000 8.134615384615385 0.53125
402000 8.134615384615385 0.53125
404000 8.134615384615385 0.5625
406000 8.173076923076923 0.515625
408000 8.173076923076923 0.53125
410000 8.134615384615385 0.546875
412000 8.115384615384615 0.53125
414000 8.153846153846153 0.546875
416000 8.115384615384615 0.578125
418000 8.153846153846153 0.53125
420000 8.057692307692308 0.59375
422000 8.057692307692308 0.546875
424000 8.01923076923077 0.53125
426000 8.038461538461538 0.5625
428000 8.038461538461538 0.53125
430000 8.076923076923077 0.578125
432000 8.076923076923077 0.578125
434000 8.076923076923077 0.5625
436000 8.173076923076923 0.5625
438000 8.173076923076923 0.59375
440000 8.173076923076923 0.53125
442000 8.173076923076923 0.53125
444000 8.173076923076923 0.5625
446000 8.134615384615385 0.5625
448000 8.173076923076923 0.359375
450000 8.173076923076923 0.359375
452000 8.192307692307692 0.359375
454000 8.192307692307692 0.359375
456000 8.153846153846153 0.34375
458000 8.153846153846153 0.296875
460000 8.153846153846153 0.40625
462000 8.173076923076923 0.34375
464000 8.173076923076923 0.375
466000 8.173076923076923 0.328125
468000 8.173076923076923 0.34375
470000 8.173076923076923 0.34375
472000 8.173076923076923 0.3125
474000 8.173076923076923 0.28125
476000 8.173076923076923 0.46875
478000 8.192307692307692 0.5
480000 8.173076923076923 0.390625
482000 8.173076923076923 0.421875
484000 8.153846153846153 0.5
486000 8.211538461538462 0.46875
488000 8.211538461538462 0.46875
490000 8.211538461538462 0.46875
492000 8.211538461538462 0.421875
494000 8.211538461538462 0.515625
496000 8.211538461538462 0.484375
498000 8.211538461538462 0.515625
500000 8.076923076923077 0.46875
