2000 0.46153846153846156 0.09375
4000 0.28846153846153844 0.09375
6000 1.0961538461538463 0.15625
8000 1.1153846153846154 0.125
10000 1.1923076923076923 0.15625
12000 1.2692307692307692 0.171875
14000 1.3269230769230769 0.203125
16000 1.3269230769230769 0.1875
18000 2.4038461538461537 0.21875
20000 2.5 0.21875
22000 2.5961538461538463 0.21875
24000 2.5 0.21875
26000 2.673076923076923 0.21875
28000 2.673076923076923 0.203125
30000 2.5961538461538463 0.21875
32000 2.6153846153846154 0.203125
34000 2.5 0.203125
36000 2.5961538461538463 0.203125
38000 2.6538461538461537 0.15625
40000 2.6538461538461537 0.21875
42000 2.6538461538461537 0.21875
44000 2.6538461538461537 0.21875
46000 2.6346153846153846 0.203125
48000 2.6153846153846154 0.234375
50000 2.6153846153846154 0.21875
52000 2.6346153846153846 0.21875
54000 2.6538461538461537 0.203125
56000 2.6346153846153846 0.203125
58000 2.576923076923077 0.203125
60000 2.673076923076923 0.203125
62000 2.6538461538461537 0.1875
64000 2.4423076923076925 0.203125
66000 2.673076923076923 0.203125
68000 2.5576923076923075 0.21875
70000 2.5576923076923075 0.203125
72000 2.5576923076923075 0.21875
74000 2.5961538461538463 0.234375
76000 2.6153846153846154 0.203125
78000 2.673076923076923 0.234375
80000 2.5576923076923075 0.21875
82000 2.5384615384615383 0.203125
84000 2.6346153846153846 0.234375
86000 2.5961538461538463 0.203125
88000 2.673076923076923 0.234375
90000 2.6538461538461537 0.25
92000 2.673076923076923 0.234375
94000 2.673076923076923 0.21875
96000 2.673076923076923 0.265625
98000 2.5576923076923075 0.21875
100000 2.5384615384615383 0.234375
102000 2.5384615384615383 0.234375
104000 2.6346153846153846 0.21875
106000 2.6346153846153846 0.203125
108000 2.6538461538461537 0.21875
110000 2.576923076923077 0.21875
112000 2.5576923076923075 0.234375
114000 2.6538461538461537 0.234375
116000 2.6346153846153846 0.21875
118000 2.6346153846153846 0.21875
120000 2.7115384615384617 0.21875
122000 2.3461538461538463 0.25
124000 2.7115384615384617 0.234375
126000 2.6923076923076925 0.21875
128000 2.4038461538461537 0.203125
130000 2.6153846153846154 0.234375
132000 2.2884615384615383 0.1875
134000 2.6923076923076925 0.1875
136000 2.673076923076923 0.203125
138000 3.0961538461538463 0.21875
140000 3.2115384615384617 0.25
142000 2.9423076923076925 0.234375
144000 3.230769230769231 0.21875
146000 3.269230769230769 0.25
148000 3.1346153846153846 0.21875
150000 3.4423076923076925 0.203125
152000 3.4423076923076925 0.171875
154000 3.4038461538461537 0.21875
156000 3.5576923076923075 0.21875
158000 3.4038461538461537 0.203125
160000 3.6346153846153846 0.21875
162000 3.5 0.21875
164000 3.5961538461538463 0.21875
166000 3.5384615384615383 0.21875
168000 3.4038461538461537 0.203125
170000 3.4423076923076925 0.21875
172000 3.4038461538461537 0.21875
174000 3.6923076923076925 0.25
176000 3.6153846153846154 0.21875
178000 3.519230769230769 0.21875
180000 3.673076923076923 0.234375
182000 3.576923076923077 0.21875
184000 3.6153846153846154 0.21875
186000 3.6923076923076925 0.21875
188000 3.6923076923076925 0.21875
190000 3.730769230769231 0.203125
192000 3.6538461538461537 0.203125
194000 3.6538461538461537 0.234375
196000 3.6923076923076925 0.234375
198000 3.7115384615384617 0.203125
200000 3.6538461538461537 0.21875
202000 3.6346153846153846 0.234375
204000 3.6923076923076925 0.21875
206000 3.576923076923077 0.203125
208000 3.6923076923076925 0.21875
210000 3.673076923076923 0.234375
212000 3.923076923076923 0.234375
214000 3.8076923076923075 0.21875
216000 3.730769230769231 0.203125
218000 3.7115384615384617 0.21875
220000 3.75 0.21875
222000 3.6923076923076925 0.234375
224000 3.8461538461538463 0.234375
226000 3.9038461538461537 0.234375
228000 3.730769230769231 0.234375
230000 3.8846153846153846 0.234375
232000 3.826923076923077 0.203125
234000 3.8846153846153846 0.21875
236000 3.7884615384615383 0.21875
238000 3.6538461538461537 0.234375
240000 3.7884615384615383 0.234375
242000 3.826923076923077 0.234375
244000 3.7884615384615383 0.203125
246000 3.8461538461538463 0.234375
248000 3.826923076923077 0.234375
250000 3.769230769230769 0.25
252000 3.730769230769231 0.265625
254000 3.75 0.21875
256000 3.769230769230769 0.234375
258000 3.6923076923076925 0.21875
260000 3.826923076923077 0.21875
262000 3.7884615384615383 0.21875
264000 3.7884615384615383 0.25
266000 3.75 0.25
268000 3.8076923076923075 0.21875
270000 3.826923076923077 0.25
272000 3.826923076923077 0.234375
274000 3.8076923076923075 0.234375
276000 3.8461538461538463 0.25
278000 3.75 0.25
280000 3.826923076923077 0.203125
282000 3.8076923076923075 0.25
284000 3.8461538461538463 0.1875
286000 3.8653846153846154 0.21875
288000 3.769230769230769 0.234375
290000 3.8461538461538463 0.265625
292000 3.8846153846153846 0.234375
294000 4.153846153846154 0.21875
296000 4.019230769230769 0.21875
298000 4.019230769230769 0.234375
300000 4.115384615384615 0.203125
302000 4.346153846153846 0.234375
304000 4.653846153846154 0.21875
306000 4.5 0.203125
308000 4.5 0.25
310000 4.4423076923076925 0.234375
312000 4.8076923076923075 0.234375
314000 4.5576923076923075 0.234375
316000 4.1923076923076925 0.21875
318000 4.269230769230769 0.234375
320000 4.480769230769231 0.234375
322000 4.75 0.234375
324000 4.173076923076923 0.265625
326000 4.6923076923076925 0.234375
328000 4.673076923076923 0.25
330000 4.384615384615385 0.234375
332000 4.576923076923077 0.25
334000 4.461538461538462 0.203125
336000 4.711538461538462 0.234375
338000 4.6923076923076925 0.25
340000 4.634615384615385 0.234375
342000 4.4423076923076925 0.234375
344000 4.480769230769231 0.234375
346000 4.769230769230769 0.25
348000 4.4423076923076925 0.21875
350000 4.634615384615385 0.25
352000 4.75 0.21875
354000 4.4423076923076925 0.203125
356000 4.673076923076923 0.203125
358000 4.5576923076923075 0.203125
360000 4.480769230769231 0.21875
362000 4.5 0.1875
364000 4.4423076923076925 0.234375
366000 4.346153846153846 0.234375
368000 4.4423076923076925 0.203125
370000 4.4423076923076925 0.234375
372000 4.596153846153846 0.234375
374000 4.923076923076923 0.265625
376000 5.019230769230769 0.25
378000 4.923076923076923 0.203125
380000 5.134615384615385 0.21875
382000 5.096153846153846 0.203125
384000 5.0576923076923075 0.203125
386000 5.0576923076923075 0.203125
388000 4.826923076923077 0.234375
390000 4.980769230769231 0.25
392000 4.923076923076923 0.234375
394000 4.980769230769231 0.21875
396000 5.115384615384615 0.21875
398000 4.711538461538462 0.203125
400000 4.826923076923077 0.21875
402000 5.0 0.234375
404000 5.115384615384615 0.234375
406000 4.9423076923076925 0.25
408000 4.865384615384615 0.234375
410000 4.923076923076923 0.21875
412000 4.826923076923077 0.234375
414000 4.961538461538462 0.25
416000 4.788461538461538 0.21875
418000 4.730769230769231 0.203125
420000 4.8076923076923075 0.21875
422000 4.6923076923076925 0.203125
424000 5.019230769230769 0.21875
426000 5.019230769230769 0.25
428000 5.153846153846154 0.21875
430000 5.076923076923077 0.21875
432000 4.961538461538462 0.21875
434000 4.730769230769231 0.203125
436000 4.711538461538462 0.234375
438000 4.788461538461538 0.25
440000 4.730769230769231 0.21875
442000 4.769230769230769 0.21875
444000 4.9423076923076925 0.21875
446000 4.519230769230769 0.234375
448000 4.4423076923076925 0.234375
450000 4.5576923076923075 0.203125
452000 4.4423076923076925 0.1875
454000 4.769230769230769 0.234375
456000 4.8076923076923075 0.234375
458000 5.0 0.265625
460000 5.096153846153846 0.21875
462000 4.673076923076923 0.21875
464000 4.519230769230769 0.21875
466000 4.788461538461538 0.234375
468000 4.769230769230769 0.25
470000 4.576923076923077 0.234375
472000 4.75 0.234375
474000 4.730769230769231 0.21875
476000 4.826923076923077 0.21875
478000 4.903846153846154 0.1875
480000 4.711538461538462 0.265625
482000 4.711538461538462 0.234375
484000 4.903846153846154 0.203125
486000 4.903846153846154 0.234375
488000 4.846153846153846 0.234375
490000 4.730769230769231 0.25
492000 4.769230769230769 0.234375
494000 4.769230769230769 0.21875
496000 4.846153846153846 0.21875
498000 4.769230769230769 0.25
500000 4.884615384615385 0.25
