2000 1.3076923076923077 0.4375
4000 6.9423076923076925 0.453125
6000 6.865384615384615 0.421875
8000 6.923076923076923 0.453125
10000 7.038461538461538 0.515625
12000 6.923076923076923 0.453125
14000 6.923076923076923 0.375
16000 6.980769230769231 0.4375
18000 7.076923076923077 0.4375
20000 7.134615384615385 0.453125
22000 7.076923076923077 0.53125
24000 6.865384615384615 0.453125
26000 6.615384615384615 0.484375
28000 6.711538461538462 0.453125
30000 6.9423076923076925 0.453125
32000 7.0 0.515625
34000 6.8076923076923075 0.46875
36000 7.153846153846154 0.5625
38000 7.115384615384615 0.5625
40000 7.115384615384615 0.5
42000 7.0 0.53125
44000 7.038461538461538 0.515625
46000 7.115384615384615 0.484375
48000 7.115384615384615 0.546875
50000 6.576923076923077 0.5625
52000 7.076923076923077 0.546875
54000 7.019230769230769 0.53125
56000 7.115384615384615 0.515625
58000 7.038461538461538 0.5
60000 7.0 0.5625
62000 7.1923076923076925 0.546875
64000 7.0 0.5625
66000 6.980769230769231 0.59375
68000 7.038461538461538 0.53125
70000 7.230769230769231 0.5625
72000 7.3076923076923075 0.546875
74000 7.1923076923076925 0.5625
76000 7.230769230769231 0.5
78000 7.211538461538462 0.578125
80000 7.365384615384615 0.578125
82000 7.269230769230769 0.5625
84000 7.3076923076923075 0.59375
86000 7.3076923076923075 0.5625
88000 7.1923076923076925 0.5625
90000 7.25 0.546875
92000 7.1923076923076925 0.515625
94000 7.3076923076923075 0.625
96000 7.3076923076923075 0.546875
98000 7.3076923076923075 0.5625
100000 7.3076923076923075 0.546875
102000 7.403846153846154 0.515625
104000 7.384615384615385 0.609375
106000 7.1923076923076925 0.515625
108000 7.423076923076923 0.515625
110000 7.288461538461538 0.5625
112000 7.346153846153846 0.5625
114000 7.346153846153846 0.546875
116000 7.346153846153846 0.546875
118000 7.3076923076923075 0.609375
120000 7.269230769230769 0.671875
122000 7.403846153846154 0.5625
124000 7.403846153846154 0.578125
126000 7.384615384615385 0.609375
128000 7.423076923076923 0.5625
130000 7.3076923076923075 0.53125
132000 7.269230769230769 0.53125
134000 7.269230769230769 0.609375
136000 7.269230769230769 0.578125
138000 7.326923076923077 0.5625
140000 7.384615384615385 0.5625
142000 7.346153846153846 0.515625
144000 7.346153846153846 0.5625
146000 7.269230769230769 0.46875
148000 7.326923076923077 0.5625
150000 7.3076923076923075 0.578125
152000 7.346153846153846 0.546875
154000 7.423076923076923 0.546875
156000 7.461538461538462 0.5
158000 7.480769230769231 0.484375
160000 7.384615384615385 0.5
162000 7.461538461538462 0.59375
164000 7.4423076923076925 0.546875
166000 7.326923076923077 0.5625
168000 7.288461538461538 0.46875
170000 7.3076923076923075 0.53125
172000 7.3076923076923075 0.515625
174000 7.3076923076923075 0.546875
176000 7.403846153846154 0.59375
178000 7.403846153846154 0.53125
180000 7.403846153846154 0.515625
182000 7.346153846153846 0.53125
184000 7.423076923076923 0.515625
186000 7.365384615384615 0.515625
188000 7.384615384615385 0.53125
190000 7.365384615384615 0.5625
192000 7.423076923076923 0.578125
194000 7.384615384615385 0.546875
196000 7.269230769230769 0.59375
198000 7.461538461538462 0.5625
200000 7.480769230769231 0.59375
202000 7.403846153846154 0.578125
204000 7.365384615384615 0.5625
206000 7.3076923076923075 0.546875
208000 7.365384615384615 0.5625
210000 7.346153846153846 0.484375
212000 7.461538461538462 0.578125
214000 7.326923076923077 0.609375
216000 7.4423076923076925 0.5625
218000 7.269230769230769 0.546875
220000 7.384615384615385 0.515625
222000 7.346153846153846 0.5625
224000 7.173076923076923 0.546875
226000 7.288461538461538 0.5625
228000 7.134615384615385 0.578125
230000 7.384615384615385 0.53125
232000 7.346153846153846 0.515625
234000 7.1923076923076925 0.5625
236000 6.9423076923076925 0.515625
238000 7.230769230769231 0.59375
240000 7.115384615384615 0.546875
242000 7.326923076923077 0.578125
244000 7.615384615384615 0.59375
246000 7.423076923076923 0.5625
248000 7.365384615384615 0.5625
250000 7.846153846153846 0.609375
252000 7.596153846153846 0.5
254000 7.480769230769231 0.515625
256000 7.711538461538462 0.609375
258000 7.6923076923076925 0.53125
260000 8.115384615384615 0.546875
262000 7.6923076923076925 0.59375
264000 7.6923076923076925 0.578125
266000 7.769230769230769 0.5625
268000 7.5576923076923075 0.53125
270000 7.884615384615385 0.609375
272000 8.096153846153847 0.546875
274000 7.788461538461538 0.53125
276000 7.730769230769231 0.5625
278000 7.576923076923077 0.515625
280000 7.403846153846154 0.546875
282000 7.923076923076923 0.53125
284000 7.903846153846154 0.625
286000 7.769230769230769 0.59375
288000 7.576923076923077 0.5
290000 8.173076923076923 0.546875
292000 7.75 0.578125
294000 7.769230769230769 0.515625
296000 7.653846153846154 0.59375
298000 7.9423076923076925 0.53125
300000 7.865384615384615 0.5625
302000 7.769230769230769 0.578125
304000 8.0 0.578125
306000 8.057692307692308 0.546875
308000 8.076923076923077 0.5625
310000 8.038461538461538 0.59375
312000 7.9423076923076925 0.59375
314000 7.903846153846154 0.515625
316000 7.865384615384615 0.5625
318000 8.096153846153847 0.578125
320000 7.9423076923076925 0.5625
322000 8.057692307692308 0.5625
324000 8.23076923076923 0.5625
326000 8.076923076923077 0.5625
328000 8.211538461538462 0.625
330000 7.653846153846154 0.5625
332000 8.134615384615385 0.484375
334000 7.980769230769231 0.578125
336000 8.173076923076923 0.5625
338000 8.115384615384615 0.609375
340000 8.153846153846153 0.53125
342000 8.26923076923077 0.515625
344000 7.903846153846154 0.546875
346000 7.980769230769231 0.546875
348000 8.153846153846153 0.546875
350000 7.75 0.546875
352000 8.134615384615385 0.578125
354000 8.115384615384615 0.546875
356000 8.01923076923077 0.609375
358000 8.096153846153847 0.546875
360000 8.134615384615385 0.546875
362000 7.980769230769231 0.59375
364000 8.173076923076923 0.53125
366000 7.923076923076923 0.578125
368000 7.9423076923076925 0.546875
370000 8.153846153846153 0.625
372000 8.153846153846153 0.5625
374000 7.8076923076923075 0.546875
376000 8.01923076923077 0.59375
378000 7.846153846153846 0.515625
380000 7.980769230769231 0.5
382000 8.076923076923077 0.5625
384000 7.980769230769231 0.546875
386000 8.173076923076923 0.578125
388000 8.0 0.5625
390000 7.961538461538462 0.546875
392000 7.961538461538462 0.640625
394000 8.076923076923077 0.5625
396000 7.826923076923077 0.578125
398000 8.01923076923077 0.53125
400000 8.01923076923077 0.5625
402000 8.173076923076923 0.515625
404000 7.980769230769231 0.546875
406000 7.711538461538462 0.5625
408000 8.01923076923077 0.609375
410000 8.134615384615385 0.546875
412000 8.057692307692308 0.5625
414000 7.961538461538462 0.515625
416000 8.038461538461538 0.53125
418000 8.0 0.546875
420000 8.057692307692308 0.5625
422000 7.846153846153846 0.546875
424000 8.0 0.546875
426000 7.769230769230769 0.546875
428000 8.153846153846153 0.59375
430000 8.096153846153847 0.578125
432000 8.23076923076923 0.578125
434000 8.057692307692308 0.59375
436000 8.173076923076923 0.59375
438000 8.25 0.546875
440000 8.307692307692308 0.546875
442000 8.288461538461538 0.5625
444000 8.134615384615385 0.578125
446000 8.01923076923077 0.515625
448000 8.173076923076923 0.578125
450000 8.153846153846153 0.65625
452000 8.173076923076923 0.578125
454000 8.038461538461538 0.578125
456000 7.6923076923076925 0.515625
458000 7.865384615384615 0.578125
460000 7.826923076923077 0.546875
462000 7.769230769230769 0.5
464000 7.903846153846154 0.5625
466000 7.980769230769231 0.515625
468000 7.903846153846154 0.578125
470000 8.0 0.578125
472000 8.153846153846153 0.546875
474000 8.288461538461538 0.53125
476000 8.23076923076923 0.5625
478000 8.211538461538462 0.53125
480000 8.173076923076923 0.578125
482000 8.153846153846153 0.578125
484000 8.192307692307692 0.59375
486000 8.192307692307692 0.5625
488000 8.192307692307692 0.59375
490000 8.192307692307692 0.546875
492000 8.173076923076923 0.609375
494000 8.211538461538462 0.546875
496000 8.153846153846153 0.515625
498000 8.23076923076923 0.578125
500000 8.192307692307692 0.59375
