2000 0.4230769230769231 0.3125
4000 1.8653846153846154 0.234375
6000 2.423076923076923 0.3125
8000 3.673076923076923 0.375
10000 4.6923076923076925 0.546875
12000 6.596153846153846 0.34375
14000 6.826923076923077 0.375
16000 6.865384615384615 0.46875
18000 6.884615384615385 0.40625
20000 6.884615384615385 0.515625
22000 6.711538461538462 0.4375
24000 6.865384615384615 0.484375
26000 6.903846153846154 0.375
28000 6.865384615384615 0.390625
30000 6.923076923076923 0.4375
32000 6.961538461538462 0.359375
34000 6.923076923076923 0.40625
36000 6.903846153846154 0.421875
38000 6.980769230769231 0.34375
40000 7.134615384615385 0.328125
42000 7.153846153846154 0.359375
44000 7.0576923076923075 0.53125
46000 7.076923076923077 0.359375
48000 7.0576923076923075 0.4375
50000 6.923076923076923 0.390625
52000 7.230769230769231 0.4375
54000 7.096153846153846 0.359375
56000 7.115384615384615 0.328125
58000 7.173076923076923 0.5625
60000 7.115384615384615 0.359375
62000 7.076923076923077 0.515625
64000 7.076923076923077 0.484375
66000 7.096153846153846 0.34375
68000 6.980769230769231 0.59375
70000 7.153846153846154 0.328125
72000 7.115384615384615 0.34375
74000 7.153846153846154 0.546875
76000 6.9423076923076925 0.359375
78000 7.096153846153846 0.328125
80000 7.019230769230769 0.328125
82000 7.096153846153846 0.375
84000 7.115384615384615 0.359375
86000 7.211538461538462 0.421875
88000 7.0 0.328125
90000 7.173076923076923 0.390625
92000 6.980769230769231 0.390625
94000 7.115384615384615 0.390625
96000 7.153846153846154 0.296875
98000 7.173076923076923 0.453125
100000 7.134615384615385 0.46875
102000 7.115384615384615 0.5
104000 7.211538461538462 0.640625
106000 7.3076923076923075 0.5625
108000 6.980769230769231 0.5625
110000 7.153846153846154 0.46875
112000 7.134615384615385 0.453125
114000 7.25 0.375
116000 7.3076923076923075 0.4375
118000 7.269230769230769 0.375
120000 7.211538461538462 0.5
122000 7.403846153846154 0.65625
124000 7.115384615384615 0.5
126000 7.153846153846154 0.5
128000 7.211538461538462 0.5625
130000 7.269230769230769 0.34375
132000 7.153846153846154 0.625
134000 7.403846153846154 0.359375
136000 7.3076923076923075 0.40625
138000 7.423076923076923 0.484375
140000 7.153846153846154 0.375
142000 7.211538461538462 0.5
144000 7.326923076923077 0.5
146000 7.3076923076923075 0.46875
148000 7.423076923076923 0.515625
150000 7.5576923076923075 0.515625
152000 7.3076923076923075 0.40625
154000 7.1923076923076925 0.5
156000 7.1923076923076925 0.53125
158000 7.288461538461538 0.5
160000 7.365384615384615 0.3125
162000 7.326923076923077 0.375
164000 7.326923076923077 0.375
166000 7.3076923076923075 0.421875
168000 7.403846153846154 0.421875
170000 7.326923076923077 0.59375
172000 7.461538461538462 0.390625
174000 7.3076923076923075 0.34375
176000 7.173076923076923 0.46875
178000 7.326923076923077 0.53125
180000 7.288461538461538 0.5
182000 7.288461538461538 0.390625
184000 7.173076923076923 0.375
186000 7.5576923076923075 0.46875
188000 7.596153846153846 0.390625
190000 7.384615384615385 0.4375
192000 7.5 0.34375
194000 7.653846153846154 0.390625
196000 7.480769230769231 0.5
198000 7.4423076923076925 0.328125
200000 7.5 0.421875
202000 7.365384615384615 0.46875
204000 7.538461538461538 0.4375
206000 7.519230769230769 0.421875
208000 7.403846153846154 0.40625
210000 7.519230769230769 0.328125
212000 7.5576923076923075 0.484375
214000 7.115384615384615 0.34375
216000 7.230769230769231 0.375
218000 7.384615384615385 0.53125
220000 7.384615384615385 0.359375
222000 7.326923076923077 0.421875
224000 7.326923076923077 0.359375
226000 7.615384615384615 0.3125
228000 7.711538461538462 0.375
230000 7.3076923076923075 0.4375
232000 7.5 0.46875
234000 7.5576923076923075 0.46875
236000 7.596153846153846 0.59375
238000 7.538461538461538 0.40625
240000 7.423076923076923 0.34375
242000 7.653846153846154 0.34375
244000 7.653846153846154 0.46875
246000 7.769230769230769 0.3125
248000 7.8076923076923075 0.359375
250000 7.6923076923076925 0.328125
252000 7.884615384615385 0.328125
254000 7.673076923076923 0.375
256000 7.980769230769231 0.359375
258000 8.192307692307692 0.3125
260000 8.0 0.328125
262000 8.096153846153847 0.34375
264000 8.057692307692308 0.40625
266000 7.903846153846154 0.484375
268000 8.038461538461538 0.421875
270000 8.038461538461538 0.3125
272000 8.01923076923077 0.34375
274000 8.25 0.28125
276000 8.096153846153847 0.4375
278000 7.903846153846154 0.296875
280000 8.211538461538462 0.28125
282000 8.076923076923077 0.3125
284000 8.038461538461538 0.375
286000 8.192307692307692 0.390625
288000 8.192307692307692 0.296875
290000 8.01923076923077 0.296875
292000 7.980769230769231 0.28125
294000 8.01923076923077 0.34375
296000 8.038461538461538 0.40625
298000 8.076923076923077 0.53125
300000 7.980769230769231 0.34375
302000 8.173076923076923 0.34375
304000 8.153846153846153 0.328125
306000 8.26923076923077 0.34375
308000 8.25 0.453125
310000 8.076923076923077 0.25
312000 7.9423076923076925 0.328125
314000 8.0 0.328125
316000 8.115384615384615 0.3125
318000 7.6923076923076925 0.375
320000 7.5 0.28125
322000 8.057692307692308 0.234375
324000 8.115384615384615 0.390625
326000 8.211538461538462 0.34375
328000 8.25 0.390625
330000 8.0 0.515625
332000 8.096153846153847 0.40625
334000 7.961538461538462 0.28125
336000 7.634615384615385 0.40625
338000 7.903846153846154 0.328125
340000 8.057692307692308 0.375
342000 8.346153846153847 0.375
344000 8.115384615384615 0.296875
346000 8.0 0.28125
348000 8.096153846153847 0.328125
350000 8.134615384615385 0.4375
352000 7.961538461538462 0.453125
354000 8.153846153846153 0.46875
356000 7.9423076923076925 0.328125
358000 7.826923076923077 0.296875
360000 7.75 0.359375
362000 8.01923076923077 0.515625
364000 8.076923076923077 0.296875
366000 8.0 0.40625
368000 7.8076923076923075 0.3125
370000 8.288461538461538 0.328125
372000 8.403846153846153 0.4375
374000 7.75 0.359375
376000 8.01923076923077 0.3125
378000 8.096153846153847 0.359375
380000 8.288461538461538 0.375
382000 7.5576923076923075 0.421875
384000 7.903846153846154 0.359375
386000 7.980769230769231 0.34375
388000 7.9423076923076925 0.34375
390000 7.6923076923076925 0.375
392000 7.730769230769231 0.390625
394000 8.192307692307692 0.59375
396000 7.865384615384615 0.28125
398000 8.288461538461538 0.328125
400000 8.26923076923077 0.296875
402000 8.346153846153847 0.328125
404000 8.403846153846153 0.40625
406000 8.25 0.3125
408000 8.423076923076923 0.3125
410000 8.288461538461538 0.25
412000 8.192307692307692 0.296875
414000 8.423076923076923 0.40625
416000 8.326923076923077 0.3125
418000 8.326923076923077 0.328125
420000 8.115384615384615 0.3125
422000 8.23076923076923 0.359375
424000 8.192307692307692 0.34375
426000 8.153846153846153 0.5
428000 8.038461538461538 0.296875
430000 8.326923076923077 0.296875
432000 8.211538461538462 0.296875
434000 8.25 0.34375
436000 8.307692307692308 0.4375
438000 8.23076923076923 0.34375
440000 8.288461538461538 0.328125
442000 8.346153846153847 0.3125
444000 8.461538461538462 0.3125
446000 8.26923076923077 0.390625
448000 8.307692307692308 0.328125
450000 8.346153846153847 0.40625
452000 8.461538461538462 0.296875
454000 8.346153846153847 0.296875
456000 8.442307692307692 0.359375
458000 8.461538461538462 0.515625
460000 8.423076923076923 0.328125
462000 8.25 0.3125
464000 8.173076923076923 0.265625
466000 8.192307692307692 0.3125
468000 8.346153846153847 0.375
470000 8.25 0.328125
472000 8.23076923076923 0.328125
474000 8.423076923076923 0.53125
476000 8.423076923076923 0.40625
478000 8.5 0.390625
480000 8.461538461538462 0.328125
482000 8.423076923076923 0.34375
484000 8.461538461538462 0.296875
486000 8.384615384615385 0.28125
488000 8.384615384615385 0.484375
490000 8.153846153846153 0.5
492000 8.25 0.25
494000 8.307692307692308 0.375
496000 8.307692307692308 0.375
498000 8.288461538461538 0.25
500000 8.211538461538462 0.5
