2000 0.7307692307692307 0.53125
4000 1.3653846153846154 0.4375
6000 1.0961538461538463 0.984375
8000 1.1346153846153846 0.71875
10000 1.7692307692307692 0.921875
12000 6.173076923076923 0.984375
14000 7.346153846153846 1.03125
16000 7.673076923076923 1.03125
18000 7.730769230769231 1.015625
20000 7.730769230769231 1.03125
22000 7.730769230769231 1.171875
24000 7.673076923076923 0.9375
26000 7.788461538461538 0.78125
28000 7.6923076923076925 0.875
30000 7.788461538461538 0.78125
32000 7.769230769230769 0.921875
34000 7.826923076923077 0.703125
36000 7.884615384615385 0.75
38000 7.846153846153846 0.78125
40000 7.961538461538462 1.015625
42000 7.9423076923076925 0.859375
44000 8.01923076923077 0.71875
46000 8.038461538461538 0.984375
48000 8.038461538461538 0.78125
50000 7.980769230769231 0.8125
52000 8.096153846153847 1.21875
54000 8.038461538461538 0.703125
56000 8.23076923076923 0.78125
58000 7.576923076923077 0.75
60000 7.538461538461538 1.109375
62000 7.4423076923076925 0.84375
64000 8.01923076923077 0.78125
66000 7.9423076923076925 0.8125
68000 7.961538461538462 0.71875
70000 8.038461538461538 0.765625
72000 7.865384615384615 0.8125
74000 7.903846153846154 0.9375
76000 7.865384615384615 0.8125
78000 7.9423076923076925 0.9375
80000 8.076923076923077 0.734375
82000 7.923076923076923 0.90625
84000 8.192307692307692 1.0
86000 8.23076923076923 0.796875
88000 8.01923076923077 0.921875
90000 8.173076923076923 1.046875
92000 8.057692307692308 0.875
94000 8.211538461538462 1.125
96000 8.038461538461538 1.0625
98000 8.115384615384615 0.75
100000 8.076923076923077 0.71875
102000 8.288461538461538 1.1875
104000 8.192307692307692 0.765625
106000 8.057692307692308 1.0625
108000 8.096153846153847 1.125
110000 7.826923076923077 0.75
112000 7.923076923076923 0.8125
114000 7.903846153846154 0.84375
116000 7.903846153846154 0.859375
118000 7.673076923076923 0.84375
120000 7.884615384615385 0.765625
122000 7.365384615384615 0.796875
124000 7.865384615384615 0.71875
126000 7.884615384615385 0.671875
128000 8.134615384615385 0.859375
130000 7.8076923076923075 0.75
132000 7.8076923076923075 0.796875
134000 8.134615384615385 0.734375
136000 7.711538461538462 0.703125
138000 7.884615384615385 0.890625
140000 7.846153846153846 0.765625
142000 8.057692307692308 0.6875
144000 7.788461538461538 0.828125
146000 7.923076923076923 0.921875
148000 8.01923076923077 0.8125
150000 7.923076923076923 0.8125
152000 8.134615384615385 0.96875
154000 8.153846153846153 0.796875
156000 8.115384615384615 0.6875
158000 8.057692307692308 0.96875
160000 8.057692307692308 0.734375
162000 7.8076923076923075 0.765625
164000 7.673076923076923 0.75
166000 8.192307692307692 0.71875
168000 8.096153846153847 0.859375
170000 8.0 1.203125
172000 7.730769230769231 0.890625
174000 7.730769230769231 0.953125
176000 7.615384615384615 1.015625
178000 7.8076923076923075 0.78125
180000 8.038461538461538 0.890625
182000 7.865384615384615 0.796875
184000 8.153846153846153 0.96875
186000 7.980769230769231 0.890625
188000 8.134615384615385 0.953125
190000 8.153846153846153 0.84375
192000 8.038461538461538 0.921875
194000 7.980769230769231 0.828125
196000 7.788461538461538 0.890625
198000 8.23076923076923 0.953125
200000 7.8076923076923075 0.84375
202000 7.980769230769231 0.875
204000 8.057692307692308 0.8125
206000 7.865384615384615 0.796875
208000 8.038461538461538 0.984375
210000 8.192307692307692 1.03125
212000 7.865384615384615 1.09375
214000 7.903846153846154 1.109375
216000 7.6923076923076925 0.75
218000 7.615384615384615 0.9375
220000 8.038461538461538 0.875
222000 8.076923076923077 0.796875
224000 8.211538461538462 0.765625
226000 7.980769230769231 0.921875
228000 7.673076923076923 0.78125
230000 8.0 0.765625
232000 8.173076923076923 0.984375
234000 8.115384615384615 0.875
236000 8.173076923076923 0.90625
238000 8.096153846153847 0.953125
240000 8.134615384615385 0.90625
242000 8.25 0.75
244000 8.134615384615385 0.953125
246000 8.211538461538462 0.703125
248000 8.096153846153847 1.0
250000 8.096153846153847 1.09375
252000 8.0 0.6875
254000 8.288461538461538 0.796875
256000 8.307692307692308 0.96875
258000 7.865384615384615 0.75
260000 8.211538461538462 0.90625
262000 8.173076923076923 0.703125
264000 7.903846153846154 0.734375
266000 7.9423076923076925 0.96875
268000 7.961538461538462 0.875
270000 7.8076923076923075 0.734375
272000 7.769230769230769 1.0625
274000 7.865384615384615 0.765625
276000 7.615384615384615 0.75
278000 7.923076923076923 0.75
280000 8.115384615384615 0.765625
282000 7.615384615384615 0.953125
284000 8.115384615384615 0.8125
286000 8.25 1.09375
288000 7.480769230769231 0.71875
290000 7.769230769230769 0.6875
292000 8.01923076923077 0.90625
294000 8.173076923076923 0.765625
296000 8.192307692307692 0.9375
298000 8.307692307692308 0.96875
300000 8.134615384615385 1.09375
302000 8.134615384615385 0.890625
304000 8.173076923076923 0.859375
306000 8.173076923076923 0.953125
308000 8.134615384615385 0.859375
310000 8.307692307692308 0.953125
312000 8.115384615384615 0.953125
314000 8.326923076923077 1.265625
316000 8.461538461538462 1.015625
318000 7.8076923076923075 0.96875
320000 8.192307692307692 0.953125
322000 7.788461538461538 1.0
324000 8.23076923076923 1.03125
326000 8.134615384615385 0.953125
328000 8.288461538461538 0.875
330000 8.26923076923077 0.859375
332000 8.192307692307692 0.8125
334000 8.23076923076923 0.8125
336000 8.307692307692308 1.015625
338000 8.403846153846153 1.078125
340000 8.038461538461538 1.171875
342000 8.076923076923077 0.875
344000 8.346153846153847 0.78125
346000 8.26923076923077 0.765625
348000 8.115384615384615 0.890625
350000 8.192307692307692 0.859375
352000 8.307692307692308 0.765625
354000 8.211538461538462 0.84375
356000 7.865384615384615 0.6875
358000 7.865384615384615 0.84375
360000 7.8076923076923075 0.734375
362000 8.153846153846153 0.890625
364000 8.23076923076923 0.796875
366000 8.26923076923077 0.859375
368000 8.211538461538462 0.78125
370000 8.288461538461538 0.890625
372000 8.115384615384615 0.90625
374000 8.346153846153847 0.875
376000 8.307692307692308 0.9375
378000 8.307692307692308 0.859375
380000 8.346153846153847 0.859375
382000 8.192307692307692 0.8125
384000 8.134615384615385 0.75
386000 8.307692307692308 0.890625
388000 8.211538461538462 0.8125
390000 8.038461538461538 0.75
392000 8.26923076923077 0.75
394000 8.26923076923077 1.328125
396000 8.326923076923077 0.71875
398000 8.076923076923077 1.0625
400000 7.75 0.75
402000 8.326923076923077 0.921875
404000 8.365384615384615 0.90625
406000 8.326923076923077 0.796875
408000 8.326923076923077 0.828125
410000 8.115384615384615 0.859375
412000 7.826923076923077 1.28125
414000 8.076923076923077 0.9375
416000 8.057692307692308 1.03125
418000 8.173076923076923 0.6875
420000 8.153846153846153 0.8125
422000 8.153846153846153 0.75
424000 8.173076923076923 0.890625
426000 7.903846153846154 1.125
428000 8.134615384615385 1.078125
430000 8.076923076923077 0.671875
432000 8.173076923076923 0.984375
434000 8.365384615384615 0.78125
436000 8.26923076923077 0.8125
438000 8.134615384615385 0.796875
440000 8.153846153846153 0.859375
442000 8.25 0.828125
444000 8.115384615384615 0.96875
446000 8.365384615384615 1.296875
448000 8.23076923076923 0.9375
450000 8.25 0.765625
452000 8.211538461538462 0.953125
454000 8.057692307692308 0.796875
456000 8.211538461538462 0.796875
458000 8.326923076923077 1.046875
460000 8.057692307692308 0.6875
462000 8.326923076923077 1.0
464000 8.403846153846153 1.03125
466000 8.134615384615385 0.921875
468000 8.096153846153847 0.84375
470000 8.288461538461538 0.96875
472000 8.211538461538462 0.828125
474000 8.23076923076923 0.875
476000 8.307692307692308 0.765625
478000 8.192307692307692 0.890625
480000 8.26923076923077 0.8125
482000 8.26923076923077 0.734375
484000 8.134615384615385 0.875
486000 8.096153846153847 0.859375
488000 8.307692307692308 0.890625
490000 8.307692307692308 0.9375
492000 8.365384615384615 0.78125
494000 8.48076923076923 1.28125
496000 8.442307692307692 1.078125
498000 8.442307692307692 0.90625
500000 8.384615384615385 0.875
