2000 0.5576923076923077 0.34375
4000 1.0384615384615385 0.390625
6000 0.8846153846153846 0.4375
8000 1.0769230769230769 0.40625
10000 0.9038461538461539 0.421875
12000 1.1346153846153846 0.453125
14000 1.25 0.453125
16000 1.9423076923076923 0.453125
18000 6.423076923076923 0.375
20000 6.961538461538462 0.421875
22000 6.826923076923077 0.453125
24000 7.173076923076923 0.5
26000 7.269230769230769 0.40625
28000 7.211538461538462 0.4375
30000 7.173076923076923 0.484375
32000 6.961538461538462 0.5
34000 6.961538461538462 0.5
36000 7.076923076923077 0.53125
38000 7.173076923076923 0.46875
40000 7.173076923076923 0.5
42000 7.076923076923077 0.546875
44000 7.019230769230769 0.484375
46000 7.096153846153846 0.53125
48000 6.846153846153846 0.5
50000 7.096153846153846 0.5
52000 7.0 0.5625
54000 7.038461538461538 0.5
56000 7.038461538461538 0.484375
58000 7.173076923076923 0.5
60000 7.134615384615385 0.515625
62000 7.173076923076923 0.5
64000 7.173076923076923 0.5
66000 7.153846153846154 0.453125
68000 7.153846153846154 0.515625
70000 7.211538461538462 0.484375
72000 7.134615384615385 0.546875
74000 7.3076923076923075 0.515625
76000 7.4423076923076925 0.46875
78000 7.4423076923076925 0.46875
80000 7.3076923076923075 0.515625
82000 7.25 0.53125
84000 7.25 0.5
86000 7.326923076923077 0.5
88000 7.288461538461538 0.53125
90000 7.288461538461538 0.515625
92000 7.346153846153846 0.515625
94000 7.153846153846154 0.484375
96000 7.211538461538462 0.515625
98000 7.3076923076923075 0.484375
100000 7.423076923076923 0.46875
102000 7.4423076923076925 0.5
104000 7.4423076923076925 0.5
106000 7.5576923076923075 0.53125
108000 7.423076923076923 0.515625
110000 7.423076923076923 0.578125
112000 7.326923076923077 0.46875
114000 7.384615384615385 0.53125
116000 7.384615384615385 0.53125
118000 7.403846153846154 0.59375
120000 7.519230769230769 0.46875
122000 7.384615384615385 0.46875
124000 7.403846153846154 0.453125
126000 7.346153846153846 0.5
128000 7.5 0.484375
130000 7.596153846153846 0.5
132000 7.384615384615385 0.53125
134000 7.480769230769231 0.453125
136000 7.576923076923077 0.515625
138000 7.384615384615385 0.5
140000 7.5576923076923075 0.484375
142000 7.5 0.53125
144000 7.5576923076923075 0.484375
146000 7.634615384615385 0.4375
148000 7.596153846153846 0.453125
150000 7.576923076923077 0.484375
152000 7.461538461538462 0.46875
154000 7.634615384615385 0.40625
156000 7.596153846153846 0.40625
158000 7.576923076923077 0.484375
160000 7.519230769230769 0.46875
162000 7.5576923076923075 0.453125
164000 7.673076923076923 0.5
166000 7.576923076923077 0.5
168000 7.346153846153846 0.484375
170000 7.423076923076923 0.484375
172000 7.596153846153846 0.53125
174000 7.5576923076923075 0.484375
176000 7.480769230769231 0.53125
178000 7.5576923076923075 0.484375
180000 7.5576923076923075 0.484375
182000 7.538461538461538 0.5
184000 7.788461538461538 0.5
186000 7.673076923076923 0.515625
188000 7.596153846153846 0.53125
190000 7.788461538461538 0.5
192000 7.673076923076923 0.484375
194000 7.826923076923077 0.515625
196000 7.769230769230769 0.453125
198000 7.75 0.5
200000 7.865384615384615 0.453125
202000 7.538461538461538 0.5
204000 7.5576923076923075 0.515625
206000 7.769230769230769 0.5
208000 7.480769230769231 0.578125
210000 7.769230769230769 0.53125
212000 7.8076923076923075 0.515625
214000 7.596153846153846 0.578125
216000 7.653846153846154 0.5625
218000 7.865384615384615 0.53125
220000 7.75 0.515625
222000 7.846153846153846 0.5625
224000 7.6923076923076925 0.484375
226000 7.903846153846154 0.5625
228000 7.711538461538462 0.484375
230000 8.153846153846153 0.5
232000 8.23076923076923 0.515625
234000 8.057692307692308 0.5
236000 8.307692307692308 0.515625
238000 8.192307692307692 0.546875
240000 8.173076923076923 0.5
242000 8.096153846153847 0.46875
244000 8.26923076923077 0.5
246000 8.346153846153847 0.546875
248000 8.25 0.515625
250000 8.038461538461538 0.484375
252000 8.115384615384615 0.546875
254000 7.980769230769231 0.46875
256000 7.980769230769231 0.515625
258000 8.096153846153847 0.46875
260000 8.153846153846153 0.484375
262000 8.307692307692308 0.515625
264000 8.326923076923077 0.5625
266000 7.3076923076923075 0.515625
268000 7.3076923076923075 0.46875
270000 8.51923076923077 0.515625
272000 7.788461538461538 0.484375
274000 8.288461538461538 0.4375
276000 8.365384615384615 0.515625
278000 8.326923076923077 0.515625
280000 8.153846153846153 0.484375
282000 8.26923076923077 0.515625
284000 8.115384615384615 0.5625
286000 7.9423076923076925 0.53125
288000 8.01923076923077 0.515625
290000 7.961538461538462 0.515625
292000 8.288461538461538 0.546875
294000 8.25 0.484375
296000 8.365384615384615 0.546875
298000 7.865384615384615 0.515625
300000 8.192307692307692 0.5625
302000 8.115384615384615 0.53125
304000 8.211538461538462 0.53125
306000 8.288461538461538 0.546875
308000 7.961538461538462 0.46875
310000 8.365384615384615 0.515625
312000 8.5 0.59375
314000 8.326923076923077 0.515625
316000 8.326923076923077 0.5625
318000 8.0 0.546875
320000 8.01923076923077 0.546875
322000 8.076923076923077 0.5625
324000 8.576923076923077 0.5625
326000 8.557692307692308 0.5625
328000 8.01923076923077 0.546875
330000 8.23076923076923 0.53125
332000 8.192307692307692 0.515625
334000 8.442307692307692 0.515625
336000 8.326923076923077 0.5
338000 8.211538461538462 0.5
340000 8.557692307692308 0.515625
342000 8.365384615384615 0.546875
344000 8.557692307692308 0.484375
346000 8.384615384615385 0.5
348000 8.442307692307692 0.484375
350000 8.423076923076923 0.53125
352000 8.576923076923077 0.46875
354000 8.538461538461538 0.5
356000 8.01923076923077 0.484375
358000 8.423076923076923 0.5
360000 8.51923076923077 0.515625
362000 8.538461538461538 0.546875
364000 8.576923076923077 0.53125
366000 8.288461538461538 0.5
368000 8.634615384615385 0.46875
370000 8.51923076923077 0.5
372000 8.51923076923077 0.484375
374000 8.538461538461538 0.46875
376000 8.576923076923077 0.5
378000 8.653846153846153 0.546875
380000 7.884615384615385 0.53125
382000 7.653846153846154 0.484375
384000 8.211538461538462 0.5
386000 8.384615384615385 0.5
388000 8.48076923076923 0.484375
390000 8.576923076923077 0.5
392000 8.326923076923077 0.5
394000 8.442307692307692 0.46875
396000 8.038461538461538 0.4375
398000 8.5 0.5
400000 8.365384615384615 0.515625
402000 8.51923076923077 0.484375
404000 8.615384615384615 0.5625
406000 8.5 0.546875
408000 8.48076923076923 0.515625
410000 8.153846153846153 0.484375
412000 8.153846153846153 0.46875
414000 8.307692307692308 0.5
416000 8.442307692307692 0.5
418000 8.442307692307692 0.53125
420000 8.557692307692308 0.515625
422000 8.538461538461538 0.46875
424000 8.48076923076923 0.46875
426000 8.596153846153847 0.5
428000 8.5 0.5
430000 8.5 0.515625
432000 8.48076923076923 0.5
434000 8.557692307692308 0.515625
436000 8.5 0.5
438000 8.634615384615385 0.484375
440000 8.461538461538462 0.453125
442000 8.48076923076923 0.5
444000 8.442307692307692 0.5
446000 8.461538461538462 0.484375
448000 8.423076923076923 0.5
450000 8.346153846153847 0.5
452000 8.442307692307692 0.5
454000 8.442307692307692 0.5
456000 8.5 0.453125
458000 8.23076923076923 0.53125
460000 8.365384615384615 0.453125
462000 8.423076923076923 0.515625
464000 8.384615384615385 0.546875
466000 8.423076923076923 0.5
468000 8.423076923076923 0.546875
470000 8.48076923076923 0.515625
472000 8.461538461538462 0.53125
474000 8.442307692307692 0.53125
476000 8.423076923076923 0.484375
478000 8.538461538461538 0.484375
480000 8.538461538461538 0.5
482000 8.576923076923077 0.5
484000 8.51923076923077 0.53125
486000 8.538461538461538 0.5
488000 8.461538461538462 0.53125
490000 8.423076923076923 0.515625
492000 8.442307692307692 0.5
494000 8.326923076923077 0.484375
496000 8.384615384615385 0.5
498000 8.384615384615385 0.484375
500000 8.384615384615385 0.53125
