2000 0.38461538461538464 0.703125
4000 1.0961538461538463 0.765625
6000 0.9615384615384616 0.75
8000 0.6538461538461539 0.734375
10000 0.6923076923076923 0.734375
12000 3.0576923076923075 0.65625
14000 5.653846153846154 0.8125
16000 6.961538461538462 0.828125
18000 6.75 0.671875
20000 6.846153846153846 0.71875
22000 7.596153846153846 0.796875
24000 7.769230769230769 0.765625
26000 7.769230769230769 0.75
28000 7.769230769230769 0.796875
30000 7.730769230769231 0.75
32000 7.711538461538462 0.75
34000 7.730769230769231 0.734375
36000 7.769230769230769 0.796875
38000 7.788461538461538 0.84375
40000 7.8076923076923075 0.78125
42000 7.788461538461538 0.828125
44000 7.769230769230769 0.828125
46000 7.788461538461538 0.8125
48000 7.711538461538462 0.8125
50000 7.788461538461538 0.78125
52000 7.75 0.78125
54000 7.75 0.875
56000 7.826923076923077 0.796875
58000 7.865384615384615 0.75
60000 7.846153846153846 0.796875
62000 7.826923076923077 0.75
64000 8.057692307692308 0.796875
66000 7.980769230769231 0.75
68000 7.884615384615385 0.8125
70000 8.076923076923077 0.78125
72000 7.923076923076923 0.71875
74000 7.903846153846154 0.765625
76000 7.865384615384615 0.78125
78000 7.884615384615385 0.765625
80000 7.903846153846154 0.765625
82000 7.961538461538462 0.796875
84000 8.0 0.71875
86000 7.903846153846154 0.75
88000 7.9423076923076925 0.890625
90000 8.153846153846153 0.828125
92000 8.134615384615385 0.875
94000 8.038461538461538 0.859375
96000 8.076923076923077 0.78125
98000 8.115384615384615 0.8125
100000 8.173076923076923 0.8125
102000 8.134615384615385 0.828125
104000 8.211538461538462 0.8125
106000 8.115384615384615 0.796875
108000 8.115384615384615 0.84375
110000 8.23076923076923 0.84375
112000 8.26923076923077 0.84375
114000 8.26923076923077 0.828125
116000 8.173076923076923 0.828125
118000 8.192307692307692 0.84375
120000 8.211538461538462 0.6875
122000 8.192307692307692 0.828125
124000 8.153846153846153 0.71875
126000 7.615384615384615 0.765625
128000 7.653846153846154 0.734375
130000 7.5576923076923075 0.78125
132000 7.673076923076923 0.78125
134000 7.596153846153846 0.78125
136000 7.634615384615385 0.6875
138000 8.01923076923077 0.75
140000 7.384615384615385 0.828125
142000 8.057692307692308 0.703125
144000 8.25 0.671875
146000 8.25 0.734375
148000 8.173076923076923 0.71875
150000 8.076923076923077 0.796875
152000 8.096153846153847 0.765625
154000 7.75 0.734375
156000 7.711538461538462 0.6875
158000 7.980769230769231 0.703125
160000 7.884615384615385 0.75
162000 8.115384615384615 0.765625
164000 8.076923076923077 0.796875
166000 7.9423076923076925 0.75
168000 7.923076923076923 0.6875
170000 7.653846153846154 0.765625
172000 8.01923076923077 0.71875
174000 7.980769230769231 0.828125
176000 8.365384615384615 0.78125
178000 8.173076923076923 0.734375
180000 8.173076923076923 0.703125
182000 8.23076923076923 0.75
184000 8.173076923076923 0.75
186000 8.365384615384615 0.75
188000 8.307692307692308 0.765625
190000 8.115384615384615 0.84375
192000 8.288461538461538 0.703125
194000 8.23076923076923 0.765625
196000 8.25 0.8125
198000 8.192307692307692 0.8125
200000 8.211538461538462 0.734375
202000 7.884615384615385 0.671875
204000 7.884615384615385 0.78125
206000 8.307692307692308 0.75
208000 8.134615384615385 0.75
210000 8.115384615384615 0.859375
212000 8.038461538461538 0.875
214000 7.846153846153846 0.828125
216000 8.26923076923077 0.890625
218000 8.096153846153847 0.921875
220000 8.134615384615385 0.796875
222000 8.096153846153847 0.8125
224000 8.307692307692308 0.8125
226000 8.365384615384615 0.84375
228000 8.307692307692308 0.8125
230000 7.826923076923077 0.734375
232000 8.038461538461538 0.8125
234000 7.846153846153846 0.75
236000 8.076923076923077 0.75
238000 8.134615384615385 0.625
240000 8.25 0.8125
242000 8.23076923076923 0.765625
244000 8.211538461538462 0.734375
246000 8.096153846153847 0.8125
248000 7.865384615384615 0.78125
250000 8.153846153846153 0.78125
252000 8.153846153846153 0.703125
254000 8.115384615384615 0.8125
256000 8.076923076923077 0.78125
258000 8.192307692307692 0.734375
260000 8.211538461538462 0.71875
262000 8.326923076923077 0.765625
264000 8.346153846153847 0.796875
266000 8.288461538461538 0.78125
268000 7.961538461538462 0.78125
270000 8.0 0.734375
272000 8.192307692307692 0.78125
274000 8.346153846153847 0.765625
276000 8.423076923076923 0.796875
278000 8.26923076923077 0.796875
280000 8.25 0.875
282000 8.307692307692308 0.765625
284000 8.057692307692308 0.78125
286000 8.26923076923077 0.71875
288000 7.884615384615385 0.8125
290000 8.307692307692308 0.78125
292000 8.23076923076923 0.796875
294000 8.25 0.75
296000 8.173076923076923 0.765625
298000 8.288461538461538 0.828125
300000 8.365384615384615 0.78125
302000 8.211538461538462 0.78125
304000 8.307692307692308 0.734375
306000 8.23076923076923 0.78125
308000 8.384615384615385 0.734375
310000 8.288461538461538 0.796875
312000 8.01923076923077 0.796875
314000 8.0 0.78125
316000 8.173076923076923 0.71875
318000 8.192307692307692 0.890625
320000 8.115384615384615 0.78125
322000 8.288461538461538 0.859375
324000 8.211538461538462 0.9375
326000 8.01923076923077 0.859375
328000 8.134615384615385 0.8125
330000 8.211538461538462 0.765625
332000 8.307692307692308 0.78125
334000 7.980769230769231 0.90625
336000 7.9423076923076925 0.75
338000 8.096153846153847 0.765625
340000 7.865384615384615 0.8125
342000 8.173076923076923 0.8125
344000 8.307692307692308 0.875
346000 8.25 0.8125
348000 8.307692307692308 0.796875
350000 8.076923076923077 0.75
352000 7.980769230769231 0.8125
354000 8.25 0.78125
356000 8.211538461538462 0.84375
358000 8.115384615384615 0.78125
360000 8.192307692307692 0.828125
362000 7.923076923076923 0.78125
364000 7.5 0.6875
366000 8.173076923076923 0.625
368000 8.23076923076923 0.78125
370000 7.9423076923076925 0.796875
372000 7.923076923076923 0.828125
374000 8.326923076923077 0.75
376000 8.288461538461538 0.78125
378000 8.423076923076923 0.859375
380000 8.307692307692308 0.734375
382000 8.23076923076923 0.8125
384000 8.346153846153847 0.75
386000 8.173076923076923 0.78125
388000 8.307692307692308 0.796875
390000 8.211538461538462 0.71875
392000 8.25 0.78125
394000 8.115384615384615 0.796875
396000 8.173076923076923 0.734375
398000 8.211538461538462 0.71875
400000 8.173076923076923 0.75
402000 8.211538461538462 0.75
404000 8.192307692307692 0.8125
406000 8.211538461538462 0.796875
408000 8.211538461538462 0.796875
410000 8.23076923076923 0.765625
412000 8.076923076923077 0.796875
414000 8.096153846153847 0.6875
416000 8.134615384615385 0.734375
418000 8.096153846153847 0.640625
420000 8.173076923076923 0.734375
422000 8.096153846153847 0.71875
424000 8.173076923076923 0.890625
426000 8.134615384615385 0.859375
428000 8.288461538461538 0.84375
430000 8.153846153846153 0.78125
432000 8.076923076923077 0.828125
434000 8.0 0.78125
436000 8.01923076923077 0.578125
438000 8.326923076923077 0.65625
440000 8.423076923076923 0.5625
442000 8.23076923076923 0.546875
444000 8.346153846153847 0.640625
446000 8.326923076923077 0.609375
448000 8.25 0.5625
450000 8.192307692307692 0.5625
452000 8.0 0.578125
454000 8.076923076923077 0.71875
456000 8.153846153846153 0.796875
458000 8.173076923076923 0.734375
460000 8.01923076923077 0.796875
462000 8.365384615384615 0.765625
464000 8.365384615384615 0.703125
466000 8.326923076923077 0.828125
468000 8.307692307692308 0.671875
470000 8.346153846153847 0.765625
472000 8.173076923076923 0.75
474000 8.192307692307692 0.765625
476000 8.01923076923077 0.734375
478000 8.134615384615385 0.78125
480000 8.115384615384615 0.765625
482000 8.0 0.78125
484000 7.9423076923076925 0.78125
486000 7.9423076923076925 0.78125
488000 8.057692307692308 0.8125
490000 8.115384615384615 0.765625
492000 8.134615384615385 0.828125
494000 8.134615384615385 0.859375
496000 8.115384615384615 0.890625
498000 8.115384615384615 0.875
500000 8.115384615384615 0.828125
