2000 4.4423076923076925 0.609375
4000 6.5 0.5
6000 6.826923076923077 0.46875
8000 7.115384615384615 0.484375
10000 7.173076923076923 0.53125
12000 7.134615384615385 0.5
14000 7.076923076923077 0.53125
16000 7.134615384615385 0.515625
18000 7.134615384615385 0.46875
20000 7.076923076923077 0.515625
22000 7.115384615384615 0.484375
24000 7.038461538461538 0.484375
26000 7.096153846153846 0.515625
28000 7.134615384615385 0.53125
30000 7.038461538461538 0.453125
32000 7.019230769230769 0.515625
34000 7.288461538461538 0.5
36000 7.211538461538462 0.4375
38000 7.173076923076923 0.453125
40000 7.134615384615385 0.46875
42000 7.134615384615385 0.484375
44000 7.134615384615385 0.53125
46000 7.25 0.5
48000 7.615384615384615 0.5
50000 7.538461538461538 0.546875
52000 7.5 0.5625
54000 6.961538461538462 0.515625
56000 7.134615384615385 0.515625
58000 7.076923076923077 0.546875
60000 7.230769230769231 0.515625
62000 7.865384615384615 0.5
64000 7.865384615384615 0.484375
66000 7.9423076923076925 0.5
68000 7.923076923076923 0.53125
70000 8.038461538461538 0.453125
72000 7.846153846153846 0.53125
74000 8.0 0.5
76000 7.653846153846154 0.5
78000 7.730769230769231 0.484375
80000 7.596153846153846 0.546875
82000 8.0 0.515625
84000 7.730769230769231 0.46875
86000 7.423076923076923 0.453125
88000 8.057692307692308 0.453125
90000 7.9423076923076925 0.515625
92000 7.826923076923077 0.4375
94000 7.961538461538462 0.546875
96000 7.980769230769231 0.46875
98000 7.923076923076923 0.53125
100000 7.961538461538462 0.609375
102000 8.173076923076923 0.46875
104000 8.076923076923077 0.578125
106000 7.961538461538462 0.578125
108000 7.961538461538462 0.546875
110000 7.980769230769231 0.515625
112000 8.096153846153847 0.546875
114000 8.01923076923077 0.5625
116000 7.384615384615385 0.5
118000 7.923076923076923 0.578125
120000 7.211538461538462 0.5625
122000 7.730769230769231 0.484375
124000 7.230769230769231 0.546875
126000 7.3076923076923075 0.484375
128000 7.403846153846154 0.46875
130000 7.769230769230769 0.46875
132000 8.057692307692308 0.5
134000 7.980769230769231 0.5
136000 8.134615384615385 0.453125
138000 8.134615384615385 0.46875
140000 8.173076923076923 0.484375
142000 8.096153846153847 0.453125
144000 7.730769230769231 0.484375
146000 7.980769230769231 0.484375
148000 8.038461538461538 0.453125
150000 7.25 0.484375
152000 7.769230769230769 0.5
154000 7.846153846153846 0.515625
156000 7.615384615384615 0.453125
158000 8.057692307692308 0.453125
160000 8.057692307692308 0.484375
162000 7.903846153846154 0.46875
164000 7.673076923076923 0.484375
166000 8.346153846153847 0.5
168000 8.096153846153847 0.46875
170000 7.903846153846154 0.546875
172000 7.961538461538462 0.46875
174000 7.980769230769231 0.484375
176000 7.730769230769231 0.5
178000 7.923076923076923 0.5625
180000 7.884615384615385 0.5
182000 8.115384615384615 0.5
184000 8.01923076923077 0.53125
186000 8.153846153846153 0.53125
188000 8.192307692307692 0.546875
190000 8.173076923076923 0.484375
192000 8.23076923076923 0.515625
194000 8.173076923076923 0.515625
196000 8.134615384615385 0.515625
198000 8.211538461538462 0.515625
200000 8.192307692307692 0.515625
202000 8.057692307692308 0.546875
204000 7.9423076923076925 0.5
206000 7.8076923076923075 0.53125
208000 7.980769230769231 0.578125
210000 7.980769230769231 0.5625
212000 8.057692307692308 0.5
214000 8.076923076923077 0.515625
216000 8.096153846153847 0.484375
218000 8.01923076923077 0.515625
220000 8.01923076923077 0.5625
222000 7.9423076923076925 0.46875
224000 8.01923076923077 0.515625
226000 7.903846153846154 0.5
228000 8.01923076923077 0.484375
230000 8.173076923076923 0.53125
232000 7.961538461538462 0.46875
234000 7.75 0.484375
236000 7.961538461538462 0.546875
238000 7.923076923076923 0.59375
240000 7.903846153846154 0.53125
242000 8.057692307692308 0.5
244000 8.076923076923077 0.484375
246000 7.961538461538462 0.484375
248000 7.923076923076923 0.453125
250000 7.865384615384615 0.5
252000 7.730769230769231 0.4375
254000 8.173076923076923 0.515625
256000 8.096153846153847 0.515625
258000 8.038461538461538 0.46875
260000 8.057692307692308 0.484375
262000 8.01923076923077 0.5
264000 7.961538461538462 0.5
266000 8.0 0.515625
268000 7.788461538461538 0.5
270000 7.9423076923076925 0.484375
272000 8.01923076923077 0.484375
274000 8.153846153846153 0.484375
276000 8.173076923076923 0.484375
278000 8.173076923076923 0.5
280000 8.038461538461538 0.484375
282000 8.096153846153847 0.484375
284000 8.192307692307692 0.5
286000 8.134615384615385 0.484375
288000 7.653846153846154 0.484375
290000 8.038461538461538 0.484375
292000 8.211538461538462 0.5
294000 8.076923076923077 0.546875
296000 8.307692307692308 0.453125
298000 8.365384615384615 0.46875
300000 8.326923076923077 0.5
302000 8.307692307692308 0.453125
304000 8.307692307692308 0.484375
306000 8.307692307692308 0.46875
308000 8.23076923076923 0.5
310000 8.134615384615385 0.5
312000 8.288461538461538 0.5625
314000 8.25 0.484375
316000 8.25 0.484375
318000 8.0 0.546875
320000 8.192307692307692 0.5625
322000 8.115384615384615 0.484375
324000 8.134615384615385 0.484375
326000 8.134615384615385 0.609375
328000 8.173076923076923 0.5625
330000 8.115384615384615 0.515625
332000 8.134615384615385 0.53125
334000 8.288461538461538 0.546875
336000 8.26923076923077 0.5
338000 8.211538461538462 0.515625
340000 8.173076923076923 0.515625
342000 7.846153846153846 0.515625
344000 7.903846153846154 0.5
346000 7.884615384615385 0.53125
348000 8.307692307692308 0.546875
350000 8.384615384615385 0.578125
352000 8.211538461538462 0.546875
354000 8.23076923076923 0.546875
356000 8.23076923076923 0.515625
358000 8.384615384615385 0.53125
360000 8.173076923076923 0.453125
362000 8.057692307692308 0.546875
364000 8.01923076923077 0.515625
366000 7.673076923076923 0.484375
368000 7.9423076923076925 0.53125
370000 7.769230769230769 0.5
372000 7.923076923076923 0.484375
374000 8.115384615384615 0.5
376000 8.211538461538462 0.5
378000 8.0 0.53125
380000 7.980769230769231 0.546875
382000 8.0 0.546875
384000 8.153846153846153 0.546875
386000 8.211538461538462 0.53125
388000 8.23076923076923 0.5
390000 8.25 0.484375
392000 8.115384615384615 0.53125
394000 8.115384615384615 0.5625
396000 8.134615384615385 0.546875
398000 8.326923076923077 0.53125
400000 8.211538461538462 0.546875
402000 8.192307692307692 0.53125
404000 8.038461538461538 0.578125
406000 8.326923076923077 0.515625
408000 8.173076923076923 0.5
410000 8.23076923076923 0.546875
412000 8.192307692307692 0.453125
414000 8.057692307692308 0.578125
416000 8.307692307692308 0.5
418000 8.134615384615385 0.53125
420000 8.25 0.53125
422000 8.115384615384615 0.546875
424000 8.26923076923077 0.515625
426000 8.26923076923077 0.59375
428000 8.26923076923077 0.5625
430000 8.288461538461538 0.53125
432000 8.211538461538462 0.5
434000 8.326923076923077 0.5625
436000 8.384615384615385 0.5625
438000 8.326923076923077 0.515625
440000 8.307692307692308 0.53125
442000 8.307692307692308 0.5
444000 8.365384615384615 0.5625
446000 8.23076923076923 0.546875
448000 8.23076923076923 0.5625
450000 8.288461538461538 0.578125
452000 8.346153846153847 0.546875
454000 8.326923076923077 0.546875
456000 8.346153846153847 0.515625
458000 8.326923076923077 0.5625
460000 8.25 0.53125
462000 8.26923076923077 0.53125
464000 8.384615384615385 0.484375
466000 8.365384615384615 0.484375
468000 8.365384615384615 0.5625
470000 8.23076923076923 0.515625
472000 8.26923076923077 0.53125
474000 8.26923076923077 0.578125
476000 8.288461538461538 0.515625
478000 8.288461538461538 0.515625
480000 8.26923076923077 0.5625
482000 8.23076923076923 0.578125
484000 8.326923076923077 0.5625
486000 8.26923076923077 0.578125
488000 8.326923076923077 0.515625
490000 8.288461538461538 0.5625
492000 8.326923076923077 0.53125
494000 8.26923076923077 0.53125
496000 8.288461538461538 0.484375
498000 8.288461538461538 0.515625
500000 8.173076923076923 0.53125
