2000 3.8461538461538463 0.734375
4000 6.461538461538462 0.796875
6000 6.826923076923077 0.71875
8000 6.730769230769231 0.765625
10000 7.076923076923077 0.796875
12000 7.019230769230769 0.765625
14000 6.884615384615385 0.734375
16000 6.826923076923077 0.765625
18000 7.076923076923077 0.75
20000 7.019230769230769 0.703125
22000 7.019230769230769 0.6875
24000 6.903846153846154 0.75
26000 6.903846153846154 0.78125
28000 7.0576923076923075 0.71875
30000 7.076923076923077 0.75
32000 7.019230769230769 0.78125
34000 7.115384615384615 0.78125
36000 7.0576923076923075 0.734375
38000 7.019230769230769 0.765625
40000 7.0576923076923075 0.78125
42000 6.673076923076923 0.71875
44000 6.961538461538462 0.84375
46000 6.903846153846154 0.765625
48000 7.019230769230769 0.796875
50000 7.038461538461538 0.71875
52000 6.884615384615385 0.765625
54000 6.961538461538462 0.796875
56000 7.0576923076923075 0.78125
58000 7.0576923076923075 0.65625
60000 6.980769230769231 0.828125
62000 6.653846153846154 0.859375
64000 6.8076923076923075 0.875
66000 7.076923076923077 0.796875
68000 7.038461538461538 0.84375
70000 7.173076923076923 0.828125
72000 7.25 0.78125
74000 7.019230769230769 0.796875
76000 7.115384615384615 0.71875
78000 7.25 0.78125
80000 7.0576923076923075 0.734375
82000 7.038461538461538 0.71875
84000 7.25 0.84375
86000 7.0576923076923075 0.703125
88000 7.230769230769231 0.8125
90000 7.288461538461538 0.96875
92000 7.076923076923077 0.78125
94000 7.1923076923076925 0.9375
96000 7.173076923076923 0.890625
98000 7.230769230769231 0.84375
100000 7.25 0.90625
102000 7.134615384615385 0.78125
104000 7.0 0.796875
106000 7.346153846153846 0.828125
108000 7.326923076923077 0.71875
110000 7.326923076923077 0.765625
112000 7.211538461538462 0.734375
114000 7.269230769230769 0.6875
116000 7.288461538461538 0.703125
118000 7.365384615384615 0.78125
120000 7.269230769230769 0.8125
122000 7.384615384615385 0.71875
124000 7.346153846153846 0.796875
126000 7.269230769230769 0.78125
128000 7.326923076923077 0.8125
130000 7.4423076923076925 0.75
132000 7.173076923076923 0.8125
134000 7.269230769230769 0.71875
136000 7.480769230769231 0.703125
138000 7.480769230769231 0.796875
140000 7.4423076923076925 0.78125
142000 7.615384615384615 0.734375
144000 7.5576923076923075 0.859375
146000 7.365384615384615 0.84375
148000 7.403846153846154 0.796875
150000 7.269230769230769 0.8125
152000 7.326923076923077 0.859375
154000 7.538461538461538 0.828125
156000 7.461538461538462 0.890625
158000 7.5576923076923075 0.8125
160000 7.576923076923077 0.875
162000 7.519230769230769 0.8125
164000 7.423076923076923 0.796875
166000 7.423076923076923 0.8125
168000 7.403846153846154 0.921875
170000 7.384615384615385 0.828125
172000 7.4423076923076925 0.734375
174000 7.384615384615385 0.8125
176000 7.519230769230769 0.8125
178000 7.576923076923077 0.8125
180000 7.480769230769231 0.875
182000 7.403846153846154 0.859375
184000 7.4423076923076925 0.765625
186000 7.5 0.8125
188000 7.423076923076923 0.765625
190000 7.4423076923076925 0.8125
192000 7.4423076923076925 0.75
194000 7.384615384615385 0.75
196000 7.615384615384615 0.75
198000 7.4423076923076925 0.765625
200000 7.346153846153846 0.75
202000 7.365384615384615 0.8125
204000 7.326923076923077 0.703125
206000 7.326923076923077 0.75
208000 7.346153846153846 0.75
210000 7.384615384615385 0.75
212000 7.384615384615385 0.71875
214000 7.4423076923076925 0.796875
216000 7.519230769230769 0.703125
218000 7.5 0.765625
220000 7.538461538461538 0.796875
222000 7.519230769230769 0.703125
224000 7.403846153846154 0.765625
226000 7.5576923076923075 0.734375
228000 7.519230769230769 0.75
230000 7.403846153846154 0.75
232000 7.5576923076923075 0.765625
234000 7.480769230769231 0.8125
236000 7.5 0.75
238000 7.403846153846154 0.75
240000 7.461538461538462 0.875
242000 7.4423076923076925 0.84375
244000 7.423076923076923 0.828125
246000 7.461538461538462 0.796875
248000 7.538461538461538 0.78125
250000 7.461538461538462 0.890625
252000 7.461538461538462 0.828125
254000 7.538461538461538 0.828125
256000 7.384615384615385 0.828125
258000 7.576923076923077 0.828125
260000 7.519230769230769 0.859375
262000 7.538461538461538 0.796875
264000 7.576923076923077 0.859375
266000 7.576923076923077 0.859375
268000 7.634615384615385 0.859375
270000 7.4423076923076925 0.84375
272000 7.423076923076923 0.84375
274000 7.5 0.859375
276000 7.538461538461538 0.828125
278000 7.480769230769231 0.84375
280000 7.519230769230769 0.78125
282000 7.538461538461538 0.828125
284000 7.461538461538462 0.84375
286000 7.596153846153846 0.84375
288000 7.6923076923076925 0.84375
290000 7.596153846153846 0.765625
292000 7.576923076923077 0.75
294000 7.596153846153846 0.796875
296000 7.4423076923076925 0.765625
298000 7.5576923076923075 0.84375
300000 7.480769230769231 0.8125
302000 7.423076923076923 0.8125
304000 7.519230769230769 0.828125
306000 7.538461538461538 0.78125
308000 7.615384615384615 0.859375
310000 7.596153846153846 0.8125
312000 7.5576923076923075 0.796875
314000 7.615384615384615 0.78125
316000 7.480769230769231 0.734375
318000 7.538461538461538 0.84375
320000 7.5576923076923075 0.875
322000 7.596153846153846 0.78125
324000 7.5576923076923075 0.84375
326000 7.5576923076923075 0.828125
328000 7.5 0.84375
330000 7.538461538461538 0.875
332000 7.538461538461538 0.828125
334000 7.596153846153846 0.859375
336000 7.615384615384615 0.828125
338000 7.5576923076923075 0.796875
340000 7.5576923076923075 0.828125
342000 7.653846153846154 0.8125
344000 7.788461538461538 0.84375
346000 7.903846153846154 0.84375
348000 7.673076923076923 0.828125
350000 7.8076923076923075 0.859375
352000 7.673076923076923 0.859375
354000 7.6923076923076925 0.78125
356000 7.596153846153846 0.875
358000 7.5576923076923075 0.84375
360000 7.596153846153846 0.78125
362000 7.615384615384615 0.796875
364000 7.615384615384615 0.640625
366000 7.519230769230769 0.59375
368000 7.6923076923076925 0.609375
370000 7.615384615384615 0.59375
372000 7.75 0.625
374000 7.538461538461538 0.578125
376000 7.576923076923077 0.546875
378000 7.480769230769231 0.515625
380000 7.711538461538462 0.5
382000 7.6923076923076925 0.546875
384000 7.6923076923076925 0.546875
386000 7.730769230769231 0.515625
388000 7.615384615384615 0.53125
390000 7.9423076923076925 0.515625
392000 7.923076923076923 0.625
394000 7.788461538461538 0.578125
396000 7.769230769230769 0.734375
398000 7.846153846153846 0.65625
400000 7.75 0.640625
402000 7.730769230769231 0.6875
404000 7.711538461538462 0.625
406000 7.769230769230769 0.640625
408000 7.826923076923077 0.65625
410000 7.730769230769231 0.6875
412000 7.730769230769231 0.671875
414000 7.826923076923077 0.734375
416000 7.846153846153846 0.8125
418000 7.826923076923077 0.828125
420000 7.75 0.84375
422000 7.769230769230769 0.734375
424000 7.8076923076923075 0.734375
426000 7.615384615384615 0.71875
428000 7.75 0.71875
430000 7.923076923076923 0.828125
432000 7.903846153846154 0.765625
434000 7.634615384615385 0.703125
436000 7.730769230769231 0.765625
438000 7.8076923076923075 0.765625
440000 7.769230769230769 0.765625
442000 7.769230769230769 0.71875
444000 7.846153846153846 0.6875
446000 7.769230769230769 0.796875
448000 7.788461538461538 0.796875
450000 7.826923076923077 0.71875
452000 7.884615384615385 0.765625
454000 7.788461538461538 0.765625
456000 7.8076923076923075 0.796875
458000 7.769230769230769 0.703125
460000 7.846153846153846 0.703125
462000 7.826923076923077 0.8125
464000 7.923076923076923 0.765625
466000 7.846153846153846 0.734375
468000 7.884615384615385 0.703125
470000 7.634615384615385 0.703125
472000 7.653846153846154 0.765625
474000 7.6923076923076925 0.78125
476000 7.673076923076923 0.78125
478000 7.711538461538462 0.75
480000 7.576923076923077 0.6875
482000 7.673076923076923 0.8125
484000 7.673076923076923 0.75
486000 7.8076923076923075 0.71875
488000 7.846153846153846 0.828125
490000 7.884615384615385 0.703125
492000 7.826923076923077 0.796875
494000 7.846153846153846 0.703125
496000 7.75 0.765625
498000 7.788461538461538 0.71875
500000 7.769230769230769 0.78125
