2000 0.6153846153846154 1.1766373040000033
4000 0.5192307692307693 1.1765443589999975
6000 0.6538461538461539 1.1793264749999963
8000 0.5576923076923077 1.179099069000003
10000 0.4423076923076923 1.1753841620000003
12000 0.28846153846153844 1.1749469840000017
14000 0.15384615384615385 1.1758805759999973
16000 0.23076923076923078 1.1764357760000053
18000 0.17307692307692307 1.1787742740000056
20000 0.11538461538461539 1.1767910239999821
22000 0.19230769230769232 1.1737844879999955
24000 0.21153846153846154 1.1781821309999998
26000 0.7884615384615384 1.1765151339999989
28000 0.7692307692307693 1.1774960559999954
30000 0.6923076923076923 1.179598958000014
32000 0.6153846153846154 1.1773495470000057
34000 0.6153846153846154 1.1793882630000212
36000 0.7115384615384616 1.1791219229999683
38000 0.4230769230769231 1.1839482830000065
40000 0.34615384615384615 1.1806508509999958
42000 0.6538461538461539 1.18188548400002
44000 0.8846153846153846 1.1799762549999855
46000 1.0961538461538463 1.1767698509999605
48000 0.9615384615384616 1.180044573000032
50000 0.5192307692307693 1.1751410780000242
52000 0.4423076923076923 1.1802860679999867
54000 0.5192307692307693 1.1761104079999996
56000 0.6153846153846154 1.1790105449999828
58000 0.5192307692307693 1.1814488260000076
60000 0.5192307692307693 1.1780344229999855
62000 0.6346153846153846 1.1830422760000374
64000 0.6538461538461539 1.1822362229999044
66000 0.5384615384615384 1.1805388790000961
68000 0.6346153846153846 1.181130832000008
70000 0.8076923076923077 1.1775994270000183
72000 0.9038461538461539 1.1826713179999615
74000 1.0 1.1824548350000441
76000 1.1730769230769231 1.1811495660000446
78000 1.1730769230769231 1.1841642059999913
80000 1.2692307692307692 1.1884450549999883
82000 1.2884615384615385 1.184862174999921
84000 1.4423076923076923 1.1833141320000777
86000 1.4423076923076923 1.1826148330000024
88000 1.4423076923076923 1.1825923210000155
90000 1.3076923076923077 1.1833896029999096
92000 1.2115384615384615 1.1858452580000858
94000 1.4230769230769231 1.1841563339999084
96000 1.6923076923076923 1.182097102000057
98000 2.6923076923076925 1.185419842999977
100000 2.673076923076923 1.1817225300000018
102000 2.6346153846153846 1.184428003999983
104000 2.576923076923077 1.1832630169999447
106000 2.3653846153846154 1.1863035789999685
108000 2.6538461538461537 1.183769626999947
110000 2.480769230769231 1.1844364479999285
112000 2.673076923076923 1.184117610000044
114000 2.923076923076923 1.185539145000007
116000 2.9615384615384617 1.1872386399999186
118000 2.9615384615384617 1.1826313430000255
120000 2.9615384615384617 1.1834140509999997
122000 2.6923076923076925 1.188983023999981
124000 2.923076923076923 1.183118874999991
126000 2.673076923076923 1.1823944780001057
128000 2.7884615384615383 1.1841420849998485
130000 3.6346153846153846 1.186243224000009
132000 3.6346153846153846 1.1909407230000397
134000 3.8076923076923075 1.1898709890001555
136000 3.8076923076923075 1.1870317860000341
138000 3.8076923076923075 1.1824998270001288
140000 3.8076923076923075 1.184262882000212
142000 3.8076923076923075 1.182934590999821
144000 3.8076923076923075 1.1837836560000596
146000 4.211538461538462 1.185147612000037
148000 4.423076923076923 1.1887492930000008
150000 4.403846153846154 1.1907564559999173
152000 4.403846153846154 1.1885515040000882
154000 4.5 1.1830117069998778
156000 4.5 1.187072661000002
158000 4.5 1.1860755369998515
160000 4.5 1.1872167039998658
162000 4.5 1.1903910539999742
164000 4.5 1.1844741200000044
166000 4.5 1.1868073719999757
168000 4.5 1.1900038280000445
170000 4.5 1.1886134300000322
172000 4.5 1.1923739110000042
174000 4.5 1.188988714000061
176000 4.5 1.1926921780000157
178000 4.5 1.189720834000127
180000 4.5 1.187750699999924
182000 4.5 1.1849360449998585
184000 4.5 1.18678905999991
186000 4.5 1.193260194000004
188000 4.5 1.1895666550001351
190000 4.5 1.1889721339998687
192000 4.5 1.1882684439999593
194000 4.5 1.1931155500001296
196000 4.5 1.188305334000006
198000 4.5 1.1895497560001331
200000 4.5 1.1892143879999821
202000 4.5 1.1907440459999634
204000 4.5 1.188170911000043
206000 4.5 1.1896321900001112
208000 4.5 1.1847424999998566
210000 4.5 1.1849357349999536
212000 4.5 1.1815301580002142
214000 4.5 1.188773337999919
216000 4.5 1.1902540680000584
218000 4.5 1.1869269939998048
220000 4.5 1.1884889880000173
222000 4.5 1.1894502759998886
224000 4.5 1.1936415679999755
226000 4.5 1.189425392999965
228000 4.5 1.188660617999858
230000 4.5 1.187434187000008
232000 4.5 1.1902301699999498
234000 4.5 1.1856507049999436
236000 4.5 1.188836930999969
238000 4.5 1.1887554379998164
240000 4.5 1.189314745000047
242000 4.5 1.188182210999912
244000 4.5 1.185836504000008
246000 4.5 1.1870673999997052
248000 4.5 1.1877300940000168
250000 4.5 1.1900466370002505
252000 4.5 1.1924968920002357
254000 4.5 1.1914278859999285
256000 4.5 1.1899284959999932
258000 4.5 1.1910234239999227
260000 4.5 1.1909797659996002
262000 4.5 1.18676840299986
264000 4.5 1.1873933120000402
266000 4.5 1.1864802130003227
268000 4.5 1.1875093369999377
270000 4.5 1.186354062999726
272000 4.5 1.1895683100001406
274000 4.5 1.190667891999965
276000 4.5 1.186525513000106
278000 4.5 1.1907220630000666
280000 4.5 1.1905467579999822
282000 4.5 1.189555448000192
284000 4.5 1.1896162409998396
286000 4.5 1.186613078999926
288000 4.5 1.1889998139999989
290000 4.5 1.181981174000157
292000 4.5 1.1902890829996977
294000 4.5 1.1842872870001884
296000 4.5 1.1896171690000301
298000 4.5 1.1902347989998816
300000 4.5 1.1925719699997899
302000 4.5 1.1860737979995974
304000 4.5 1.188962826000079
306000 4.5 1.1897144509998725
308000 4.5 1.189227881000079
310000 4.5 1.1929353909999918
312000 4.5 1.191632359000323
314000 4.5 1.192872145000365
316000 4.5 1.1918009149999307
318000 4.5 1.1863674090000131
320000 4.5 1.1872996279998915
322000 4.5 1.1845676729999468
324000 4.5 1.1865994439999668
326000 4.5 1.193009842000265
328000 4.5 1.1898767200000293
330000 4.5 1.1851144080001177
332000 4.5 1.1927217530001144
334000 4.5 1.1870371929999237
336000 4.5 1.190605764999873
338000 4.5 1.1944240449997778
340000 4.5 1.192655158999969
342000 4.5 1.190240150000136
344000 4.5 1.1935474900001282
346000 4.5 1.19066655000006
348000 4.5 1.1860303570001633
350000 4.5 1.190217285000017
352000 4.5 1.19237661499983
354000 4.5 1.1897253680003814
356000 4.5 1.1895205579999129
358000 4.5 1.1911085780002395
360000 4.5 1.188449034000314
362000 4.5 1.1887180450003143
364000 4.461538461538462 1.1860654920001252
366000 4.5 1.1876362970001537
368000 4.461538461538462 1.1918006979999518
370000 4.461538461538462 1.1909627550003279
372000 4.461538461538462 1.1840700029997606
374000 4.5 1.1886178080003447
376000 4.5 1.1854308540000602
378000 4.5 1.1886849630000142
380000 4.5 1.1865666919998148
382000 4.5 1.1833364639996944
384000 4.5 1.1846397489998708
386000 4.5 1.185145686999931
388000 4.5 1.1881215260000317
390000 4.5 1.18561895799985
392000 4.5 1.1894722889996956
394000 4.5 1.1880524349999178
396000 4.5 1.185734462000255
398000 4.5 1.189042642000004
400000 4.5 1.1905663400002595
402000 4.5 1.185948513999847
404000 4.5 1.185037975999876
406000 4.5 1.188385532999746
408000 4.5 1.1931059070002448
410000 4.461538461538462 1.1912732999999207
412000 4.461538461538462 1.190424867999809
414000 4.461538461538462 1.187247639999896
416000 4.461538461538462 1.1893736859997261
418000 4.5 1.189999951000118
420000 4.5 1.1860028659998534
422000 4.5 1.1965155369998683
424000 4.5 1.186067734000062
426000 4.5 1.1874286649999704
428000 4.5 1.1838089749999199
430000 4.5 1.1877475249998497
432000 4.461538461538462 1.1829564810000193
434000 4.5 1.1875857539998833
436000 4.5 1.1895634389998122
438000 4.5 1.1886956519997511
440000 4.461538461538462 1.18729534699969
442000 4.461538461538462 1.1882737120004094
444000 4.461538461538462 1.1910343449999345
446000 4.461538461538462 1.187885945999824
448000 4.461538461538462 1.1894958829998359
450000 4.461538461538462 1.1892957889999707
452000 4.461538461538462 1.1912286810002115
454000 4.461538461538462 1.1887851810001848
456000 4.461538461538462 1.1826485770002364
458000 4.461538461538462 1.1856675640001413
460000 4.5 1.1858391069999925
462000 4.461538461538462 1.183393175999754
464000 4.461538461538462 1.1875826479999887
466000 4.461538461538462 1.1921782520003035
468000 4.5 1.1910358420000193
470000 4.5 1.1917394510001031
472000 4.5 1.1867382909999833
474000 4.5 1.1837109379998765
476000 4.5 1.188449331999891
478000 4.5 1.1924258490003012
480000 4.5 1.1830056640001203
482000 4.5 1.183407691999946
484000 4.5 1.1858609380001326
486000 4.5 1.1854549449999467
488000 4.5 1.1878188790001332
490000 4.5 1.1893847950000236
492000 4.5 1.1851456590002272
494000 4.5 1.1879325150002842
496000 4.5 1.190090938999674
498000 4.5 1.1863376139999673
500000 4.5 1.1872252560006018
