2000 0.6153846153846154 1.1777248460000003
4000 0.8269230769230769 1.1849746250000024
6000 0.9807692307692307 1.1797356179999952
8000 1.1923076923076923 1.1778199230000013
10000 1.1923076923076923 1.1775869049999983
12000 1.3269230769230769 1.180595258000011
14000 1.6153846153846154 1.1804051599999923
16000 1.6923076923076923 1.1757953450000116
18000 1.9230769230769231 1.1787624190000088
20000 4.019230769230769 1.1805406449999793
22000 4.0 1.1810019979999993
24000 4.173076923076923 1.1833234030000028
26000 4.1923076923076925 1.180198192000006
28000 4.211538461538462 1.1826930980000157
30000 4.211538461538462 1.1828119310000034
32000 4.211538461538462 1.180383820999964
34000 4.403846153846154 1.1824789140000007
36000 4.403846153846154 1.1840405860000374
38000 4.403846153846154 1.1846073199999978
40000 4.5 1.1856080570000245
42000 4.5 1.1843061149999699
44000 4.5 1.1807730109999852
46000 4.5 1.1823526480000055
48000 4.5 1.1855630109999993
50000 4.5 1.1822757360000082
52000 4.5 1.1837095449999993
54000 4.5 1.1804849699999522
56000 4.5 1.1850754849999703
58000 4.5 1.1836019830000168
60000 4.5 1.185841043000039
62000 4.5 1.1859634529999994
64000 4.5 1.188856908000048
66000 4.5 1.184550933999958
68000 4.5 1.1803627410000672
70000 4.5 1.1835556359999373
72000 4.5 1.1813010690000283
74000 4.5 1.1817275590000236
76000 4.5 1.1823482639999838
78000 4.5 1.184785895999994
80000 4.5 1.1872542290000183
82000 4.5 1.1856267509999725
84000 4.5 1.1867400069999121
86000 4.5 1.184077875000071
88000 4.5 1.1825634230000333
90000 4.5 1.185936641000012
92000 4.5 1.1850621709999132
94000 4.5 1.1814067859999113
96000 4.5 1.185360150000065
98000 4.5 1.1818653589999712
100000 4.5 1.1855524220000007
102000 4.5 1.1853627960000495
104000 4.5 1.1834656080000059
106000 4.5 1.1832026460000407
108000 4.5 1.1842903530000513
110000 4.5 1.1850059160000228
112000 4.5 1.1849065169999449
114000 4.5 1.1847180429999753
116000 4.5 1.1879254890000084
118000 4.5 1.1849018199999364
120000 4.5 1.1897946740000407
122000 4.5 1.1860887379999667
124000 4.5 1.1988246739999795
126000 4.5 1.186834964999889
128000 4.5 1.190438419000202
130000 4.5 1.1948247149998679
132000 4.5 1.1913253430000168
134000 4.5 1.1955968120000762
136000 4.5 1.1827559159999055
138000 4.5 1.1819511119999788
140000 4.5 1.1833171210000728
142000 4.5 1.183477047999986
144000 4.5 1.1846771999998964
146000 4.5 1.1840799290000632
148000 4.5 1.18608091100009
150000 4.5 1.1851407369999833
152000 4.5 1.185905264999974
154000 4.5 1.1804407679999258
156000 4.5 1.1880928069999754
158000 4.5 1.1863732499998605
160000 4.5 1.1834975589999885
162000 4.5 1.1859270040001775
164000 4.5 1.184416783000188
166000 4.5 1.1867726479999874
168000 4.5 1.1892909099999542
170000 4.5 1.183630224000126
172000 4.5 1.1839211829999385
174000 4.5 1.1906006770000204
176000 4.5 1.1889454309998655
178000 4.5 1.1846165240001483
180000 4.5 1.1864063430000442
182000 4.5 1.1837017919999653
184000 4.5 1.1832507730000543
186000 4.5 1.1867798229998243
188000 4.5 1.1840800909999416
190000 4.5 1.185412266999947
192000 4.5 1.1881768379998903
194000 4.5 1.1855952799999159
196000 4.5 1.1890071570001055
198000 4.5 1.189058636000027
200000 4.5 1.185112504000017
202000 4.5 1.1833593579999615
204000 4.5 1.186614852000048
206000 4.5 1.1860653640001146
208000 4.5 1.1839410790000784
210000 4.5 1.186211596000021
212000 4.5 1.189697260999992
214000 4.5 1.187434770999971
216000 4.5 1.1900900079999701
218000 4.5 1.1865151340000466
220000 4.5 1.188880962000212
222000 4.5 1.1886222160001125
224000 4.5 1.1838509499998509
226000 4.5 1.1858885910000936
228000 4.5 1.1857685340000899
230000 4.5 1.1835413589999462
232000 4.5 1.1856936550000228
234000 4.5 1.189027175000092
236000 4.5 1.1867336919999616
238000 4.5 1.1846818179999445
240000 4.5 1.1865308159999586
242000 4.5 1.1855472810000265
244000 4.5 1.1859981329998845
246000 4.5 1.1863079979998474
248000 4.5 1.1883300790000249
250000 4.5 1.1913063289998718
252000 4.5 1.1891461660002278
254000 4.5 1.1890158630003498
256000 4.5 1.1868952980003087
258000 4.5 1.1886047030002374
260000 4.5 1.187325417000011
262000 4.5 1.184705362999921
264000 4.5 1.1866685730001336
266000 4.5 1.1833155869999246
268000 4.5 1.1871673279997594
270000 4.5 1.1880869599999642
272000 4.5 1.1869484769999872
274000 4.5 1.1851737919996594
276000 4.5 1.1848770240003432
278000 4.5 1.1879616960000021
280000 4.5 1.1848979470000813
282000 4.5 1.1870689440002025
284000 4.5 1.1871402980000312
286000 4.5 1.1872826640001222
288000 4.5 1.187034340000082
290000 4.5 1.1863185379997958
292000 4.5 1.185387252000055
294000 4.5 1.183105093999984
296000 4.5 1.1854376750002302
298000 4.5 1.1827587210000274
300000 4.5 1.186199262000173
302000 4.5 1.187157699999716
304000 4.5 1.1831644529997902
306000 4.5 1.1876192559998344
308000 4.5 1.1851287559998127
310000 4.5 1.1838209649999953
312000 4.5 1.1865698260003228
314000 4.5 1.1862076170000364
316000 4.5 1.1863273039998603
318000 4.5 1.1844526780000706
320000 4.5 1.1816745289997925
322000 4.5 1.1806156650000048
324000 4.5 1.1835945990001164
326000 4.5 1.1818543300000783
328000 4.5 1.1835291649999817
330000 4.5 1.1871928049999951
332000 4.5 1.18582545199979
334000 4.5 1.187865619999684
336000 4.5 1.1864762039999732
338000 4.5 1.1849687860003542
340000 4.5 1.1871642549999706
342000 4.5 1.1856410230002439
344000 4.5 1.185273276999851
346000 4.5 1.184855424000034
348000 4.5 1.1864541519998966
350000 4.5 1.1852072529995894
352000 4.5 1.1938206339996214
354000 4.5 1.1943155189997015
356000 4.5 1.186197600000014
358000 4.5 1.1865356539997265
360000 4.5 1.1845435680002083
362000 4.5 1.1861814320000121
364000 4.5 1.1853078119997917
366000 4.5 1.185461479999958
368000 4.5 1.1875137480001285
370000 4.5 1.1851384260003215
372000 4.5 1.185975273999702
374000 4.5 1.1952622859998883
376000 4.5 1.1904086029999235
378000 4.5 1.1865649089995713
380000 4.5 1.1916298470000584
382000 4.5 1.1860544000001028
384000 4.5 1.185971847000019
386000 4.5 1.1869436080000924
388000 4.5 1.1877794500001073
390000 4.5 1.1819232560001183
392000 4.5 1.1804247250001936
394000 4.5 1.1894330079999236
396000 4.5 1.183489782000379
398000 4.5 1.186918814999899
400000 4.5 1.1841360220000752
402000 4.5 1.1849890029998278
404000 4.5 1.186194563999834
406000 4.5 1.1885982419998982
408000 4.519230769230769 1.187252647999685
410000 4.5 1.1870863559997815
412000 4.5 1.184364874000039
414000 4.5 1.1833197840001048
416000 4.519230769230769 1.1861631350002426
418000 4.5576923076923075 1.1845572339998398
420000 4.5576923076923075 1.1850328569998965
422000 4.5576923076923075 1.1868304109998462
424000 4.5 1.1848465250000118
426000 4.5 1.184530974000154
428000 4.5 1.18489264200025
430000 4.5 1.1842663490001542
432000 4.5 1.1873354210001708
434000 4.5 1.1829663530002108
436000 4.519230769230769 1.194320892000178
438000 4.519230769230769 1.2053156359997956
440000 4.519230769230769 1.1840751629997612
442000 4.519230769230769 1.2017249360001188
444000 4.519230769230769 1.185790784999881
446000 4.519230769230769 1.1842505810000148
448000 4.519230769230769 1.1864165590000084
450000 4.519230769230769 1.18707468599996
452000 4.519230769230769 1.18272535899996
454000 4.576923076923077 1.1809062590000394
456000 4.576923076923077 1.1834470620001412
458000 4.576923076923077 1.1866382860002886
460000 4.519230769230769 1.1865674229998149
462000 4.519230769230769 1.1844453669996255
464000 4.576923076923077 1.1924550839999029
466000 4.576923076923077 1.1840736359999937
468000 4.576923076923077 1.187586644000021
470000 4.576923076923077 1.1844887160000326
472000 4.576923076923077 1.183112274999985
474000 4.576923076923077 1.185718432000158
476000 4.576923076923077 1.1859638239998276
478000 4.576923076923077 1.1824079969997001
480000 4.576923076923077 1.182272379999631
482000 4.576923076923077 1.1823035470001741
484000 4.576923076923077 1.18549039599975
486000 4.576923076923077 1.184186019000208
488000 4.519230769230769 1.1853933500001403
490000 4.519230769230769 1.1850952550003058
492000 4.519230769230769 1.1829079909994107
494000 4.519230769230769 1.1834356990002561
496000 4.519230769230769 1.183687165000265
498000 4.576923076923077 1.186255808000169
500000 4.576923076923077 1.1832031650001227
