2000 1.6923076923076923 0.109375
4000 3.8076923076923075 0.1875
6000 4.519230769230769 0.234375
8000 4.519230769230769 0.21875
10000 4.519230769230769 0.25
12000 4.519230769230769 0.125
14000 4.519230769230769 0.125
16000 4.519230769230769 0.1875
18000 4.519230769230769 0.234375
20000 4.519230769230769 0.25
22000 4.519230769230769 0.125
24000 4.519230769230769 0.109375
26000 4.519230769230769 0.203125
28000 4.519230769230769 0.203125
30000 4.519230769230769 0.34375
32000 4.519230769230769 0.171875
34000 4.519230769230769 0.140625
36000 4.519230769230769 0.171875
38000 4.576923076923077 0.203125
40000 4.576923076923077 0.25
42000 4.576923076923077 0.359375
44000 4.576923076923077 0.140625
46000 4.576923076923077 0.171875
48000 4.576923076923077 0.140625
50000 4.5576923076923075 0.265625
52000 4.576923076923077 0.3125
54000 4.576923076923077 0.15625
56000 4.653846153846154 0.21875
58000 4.730769230769231 0.171875
60000 4.673076923076923 0.25
62000 4.711538461538462 0.234375
64000 4.653846153846154 0.15625
66000 4.75 0.1875
68000 4.711538461538462 0.296875
70000 4.711538461538462 0.171875
72000 4.75 0.3125
74000 4.75 0.359375
76000 4.730769230769231 0.15625
78000 4.769230769230769 0.171875
80000 4.769230769230769 0.15625
82000 4.769230769230769 0.234375
84000 4.6923076923076925 0.3125
86000 4.769230769230769 0.15625
88000 4.788461538461538 0.1875
90000 4.769230769230769 0.15625
92000 4.711538461538462 0.265625
94000 4.865384615384615 0.265625
96000 4.903846153846154 0.28125
98000 4.903846153846154 0.171875
100000 4.788461538461538 0.1875
102000 4.8076923076923075 0.21875
104000 4.826923076923077 0.296875
106000 4.826923076923077 0.28125
108000 4.634615384615385 0.15625
110000 4.8076923076923075 0.1875
112000 4.75 0.15625
114000 4.769230769230769 0.265625
116000 4.769230769230769 0.3125
118000 4.846153846153846 0.171875
120000 4.8076923076923075 0.234375
122000 4.826923076923077 0.234375
124000 4.826923076923077 0.203125
126000 4.788461538461538 0.3125
128000 4.8076923076923075 0.171875
130000 4.923076923076923 0.171875
132000 4.8076923076923075 0.171875
134000 4.769230769230769 0.203125
136000 4.865384615384615 0.25
138000 4.884615384615385 0.34375
140000 4.923076923076923 0.1875
142000 4.865384615384615 0.171875
144000 4.846153846153846 0.125
146000 5.0 0.21875
148000 4.846153846153846 0.3125
150000 4.8076923076923075 0.25
152000 4.826923076923077 0.234375
154000 4.788461538461538 0.140625
156000 4.8076923076923075 0.1875
158000 4.865384615384615 0.3125
160000 4.826923076923077 0.171875
162000 4.826923076923077 0.171875
164000 4.903846153846154 0.15625
166000 4.826923076923077 0.203125
168000 4.8076923076923075 0.265625
170000 4.673076923076923 0.328125
172000 4.8076923076923075 0.1875
174000 4.769230769230769 0.171875
176000 4.826923076923077 0.15625
178000 4.769230769230769 0.234375
180000 4.826923076923077 0.328125
182000 4.769230769230769 0.234375
184000 4.8076923076923075 0.25
186000 5.038461538461538 0.171875
188000 4.9423076923076925 0.21875
190000 4.961538461538462 0.28125
192000 5.0 0.15625
194000 4.884615384615385 0.203125
196000 4.923076923076923 0.15625
198000 4.711538461538462 0.21875
200000 4.923076923076923 0.265625
202000 4.711538461538462 0.296875
204000 4.730769230769231 0.265625
206000 4.403846153846154 0.265625
208000 4.403846153846154 0.234375
210000 4.576923076923077 0.21875
212000 4.634615384615385 0.328125
214000 4.576923076923077 0.15625
216000 4.519230769230769 0.1875
218000 4.865384615384615 0.15625
220000 4.826923076923077 0.203125
222000 4.711538461538462 0.265625
224000 4.730769230769231 0.15625
226000 4.730769230769231 0.15625
228000 4.865384615384615 0.171875
230000 5.019230769230769 0.171875
232000 4.826923076923077 0.265625
234000 4.788461538461538 0.3125
236000 4.9423076923076925 0.15625
238000 4.8076923076923075 0.1875
240000 4.75 0.15625
242000 4.711538461538462 0.21875
244000 4.634615384615385 0.34375
246000 4.730769230769231 0.21875
248000 4.538461538461538 0.1875
250000 4.711538461538462 0.140625
252000 4.788461538461538 0.21875
254000 4.711538461538462 0.3125
256000 4.6923076923076925 0.171875
258000 4.615384615384615 0.203125
260000 4.634615384615385 0.265625
262000 4.596153846153846 0.171875
264000 4.653846153846154 0.234375
266000 4.711538461538462 0.34375
268000 4.75 0.171875
270000 4.75 0.265625
272000 4.6923076923076925 0.21875
274000 4.673076923076923 0.203125
276000 4.826923076923077 0.328125
278000 4.5576923076923075 0.15625
280000 4.769230769230769 0.15625
282000 4.826923076923077 0.1875
284000 4.923076923076923 0.203125
286000 4.961538461538462 0.3125
288000 4.884615384615385 0.1875
290000 4.961538461538462 0.171875
292000 4.9423076923076925 0.21875
294000 4.961538461538462 0.25
296000 4.961538461538462 0.25
298000 5.0 0.34375
300000 4.903846153846154 0.171875
302000 4.903846153846154 0.171875
304000 4.75 0.15625
306000 4.846153846153846 0.265625
308000 4.903846153846154 0.3125
310000 4.884615384615385 0.15625
312000 4.673076923076923 0.171875
314000 4.75 0.203125
316000 4.961538461538462 0.234375
318000 4.980769230769231 0.28125
320000 4.826923076923077 0.171875
322000 4.846153846153846 0.234375
324000 4.923076923076923 0.234375
326000 4.903846153846154 0.15625
328000 4.9423076923076925 0.265625
330000 5.0 0.359375
332000 4.961538461538462 0.15625
334000 4.9423076923076925 0.171875
336000 4.923076923076923 0.15625
338000 4.923076923076923 0.28125
340000 4.903846153846154 0.328125
342000 4.769230769230769 0.140625
344000 4.884615384615385 0.1875
346000 4.923076923076923 0.171875
348000 4.826923076923077 0.1875
350000 4.653846153846154 0.296875
352000 4.865384615384615 0.15625
354000 4.923076923076923 0.15625
356000 4.884615384615385 0.1875
358000 4.980769230769231 0.171875
360000 4.769230769230769 0.28125
362000 4.75 0.359375
364000 4.730769230769231 0.234375
366000 4.769230769230769 0.234375
368000 4.730769230769231 0.25
370000 4.769230769230769 0.265625
372000 4.903846153846154 0.296875
374000 4.903846153846154 0.1875
376000 4.903846153846154 0.296875
378000 4.961538461538462 0.328125
380000 4.865384615384615 0.25
382000 4.884615384615385 0.328125
384000 4.826923076923077 0.1875
386000 4.788461538461538 0.203125
388000 4.846153846153846 0.171875
390000 4.846153846153846 0.171875
392000 4.903846153846154 0.28125
394000 4.903846153846154 0.375
396000 4.9423076923076925 0.171875
398000 4.9423076923076925 0.171875
400000 4.961538461538462 0.15625
402000 4.923076923076923 0.25
404000 4.9423076923076925 0.34375
406000 4.923076923076923 0.15625
408000 4.865384615384615 0.15625
410000 4.9423076923076925 0.1875
412000 4.846153846153846 0.171875
414000 4.865384615384615 0.28125
416000 4.730769230769231 0.1875
418000 4.6923076923076925 0.15625
420000 4.6923076923076925 0.171875
422000 4.730769230769231 0.171875
424000 4.75 0.28125
426000 4.75 0.328125
428000 4.769230769230769 0.1875
430000 4.730769230769231 0.21875
432000 4.865384615384615 0.234375
434000 4.865384615384615 0.25
436000 4.846153846153846 0.328125
438000 4.846153846153846 0.171875
440000 4.903846153846154 0.15625
442000 4.903846153846154 0.171875
444000 4.826923076923077 0.203125
446000 4.8076923076923075 0.3125
448000 4.769230769230769 0.1875
450000 4.75 0.15625
452000 4.75 0.1875
454000 4.711538461538462 0.171875
456000 4.673076923076923 0.28125
458000 4.6923076923076925 0.34375
460000 4.6923076923076925 0.15625
462000 4.711538461538462 0.171875
464000 4.730769230769231 0.171875
466000 4.673076923076923 0.265625
468000 4.6923076923076925 0.328125
470000 4.6923076923076925 0.171875
472000 4.730769230769231 0.234375
474000 4.673076923076923 0.234375
476000 4.865384615384615 0.1875
478000 4.865384615384615 0.34375
480000 4.826923076923077 0.234375
482000 4.826923076923077 0.21875
484000 4.865384615384615 0.234375
486000 4.884615384615385 0.21875
488000 4.884615384615385 0.328125
490000 4.884615384615385 0.359375
492000 4.846153846153846 0.21875
494000 4.826923076923077 0.328125
496000 4.865384615384615 0.328125
498000 4.75 0.265625
500000 4.730769230769231 0.25
