2000 0.28846153846153844 0.0625
4000 0.4807692307692308 0.09375
6000 1.0384615384615385 0.171875
8000 1.0769230769230769 0.203125
10000 1.1153846153846154 0.171875
12000 1.0769230769230769 0.046875
14000 1.0769230769230769 0.109375
16000 1.0961538461538463 0.15625
18000 1.0961538461538463 0.1875
20000 1.1538461538461537 0.125
22000 1.0384615384615385 0.09375
24000 1.0384615384615385 0.109375
26000 1.0961538461538463 0.125
28000 1.0 0.171875
30000 1.0576923076923077 0.1875
32000 1.0 0.078125
34000 1.0769230769230769 0.078125
36000 1.1346153846153846 0.125
38000 0.9807692307692307 0.140625
40000 1.0961538461538463 0.109375
42000 1.0 0.1875
44000 1.0 0.09375
46000 1.0192307692307692 0.109375
48000 1.0384615384615385 0.15625
50000 0.9615384615384616 0.203125
52000 1.0961538461538463 0.15625
54000 1.0769230769230769 0.125
56000 1.0961538461538463 0.078125
58000 1.0769230769230769 0.125
60000 1.0769230769230769 0.203125
62000 1.0384615384615385 0.21875
64000 1.0769230769230769 0.09375
66000 1.0192307692307692 0.078125
68000 1.1346153846153846 0.125
70000 1.0769230769230769 0.171875
72000 1.0961538461538463 0.1875
74000 1.0769230769230769 0.171875
76000 0.9807692307692307 0.078125
78000 1.0 0.09375
80000 1.0576923076923077 0.15625
82000 1.0769230769230769 0.140625
84000 1.1346153846153846 0.1875
86000 1.1538461538461537 0.09375
88000 1.1346153846153846 0.09375
90000 1.2115384615384615 0.125
92000 1.1730769230769231 0.171875
94000 1.0769230769230769 0.15625
96000 1.1730769230769231 0.09375
98000 1.1730769230769231 0.09375
100000 1.0769230769230769 0.109375
102000 1.1346153846153846 0.203125
104000 1.1923076923076923 0.1875
106000 1.1923076923076923 0.203125
108000 1.1923076923076923 0.109375
110000 1.2115384615384615 0.09375
112000 1.1538461538461537 0.125
114000 1.2115384615384615 0.171875
116000 1.2115384615384615 0.1875
118000 1.1538461538461537 0.109375
120000 1.2307692307692308 0.109375
122000 1.2115384615384615 0.125
124000 1.1730769230769231 0.125
126000 1.1730769230769231 0.1875
128000 1.2115384615384615 0.078125
130000 1.1923076923076923 0.078125
132000 1.1538461538461537 0.109375
134000 1.1730769230769231 0.140625
136000 1.1538461538461537 0.1875
138000 1.2115384615384615 0.15625
140000 1.2692307692307692 0.078125
142000 1.2307692307692308 0.125
144000 1.1153846153846154 0.15625
146000 1.4807692307692308 0.1875
148000 1.4807692307692308 0.21875
150000 1.4807692307692308 0.09375
152000 1.4615384615384615 0.09375
154000 1.4807692307692308 0.125
156000 1.4807692307692308 0.1875
158000 1.4807692307692308 0.1875
160000 1.4423076923076923 0.0625
162000 1.5 0.078125
164000 1.5192307692307692 0.0625
166000 1.5 0.140625
168000 1.4423076923076923 0.1875
170000 1.5 0.1875
172000 1.4807692307692308 0.078125
174000 1.4615384615384615 0.109375
176000 1.4807692307692308 0.15625
178000 1.4038461538461537 0.1875
180000 1.4423076923076923 0.1875
182000 1.3846153846153846 0.09375
184000 1.4423076923076923 0.078125
186000 1.4423076923076923 0.140625
188000 1.4807692307692308 0.1875
190000 1.4807692307692308 0.140625
192000 1.4615384615384615 0.125
194000 1.5 0.109375
196000 1.4807692307692308 0.109375
198000 1.5 0.171875
200000 1.4615384615384615 0.171875
202000 1.4807692307692308 0.171875
204000 1.4615384615384615 0.09375
206000 1.4038461538461537 0.109375
208000 1.3461538461538463 0.140625
210000 1.4807692307692308 0.109375
212000 1.4038461538461537 0.203125
214000 1.3076923076923077 0.109375
216000 1.3076923076923077 0.0625
218000 1.2884615384615385 0.140625
220000 1.4038461538461537 0.15625
222000 1.3846153846153846 0.15625
224000 1.4038461538461537 0.09375
226000 1.4615384615384615 0.078125
228000 1.5192307692307692 0.125
230000 1.4807692307692308 0.1875
232000 1.4615384615384615 0.171875
234000 1.4038461538461537 0.21875
236000 1.3076923076923077 0.09375
238000 1.4423076923076923 0.125
240000 1.5384615384615385 0.15625
242000 1.5 0.21875
244000 1.4807692307692308 0.15625
246000 1.4423076923076923 0.09375
248000 1.4230769230769231 0.109375
250000 1.4615384615384615 0.15625
252000 1.5192307692307692 0.1875
254000 1.3653846153846154 0.21875
256000 1.3653846153846154 0.09375
258000 1.3653846153846154 0.09375
260000 1.3846153846153846 0.078125
262000 1.3461538461538463 0.171875
264000 1.4615384615384615 0.203125
266000 1.4038461538461537 0.21875
268000 1.3461538461538463 0.09375
270000 1.4230769230769231 0.109375
272000 1.4423076923076923 0.109375
274000 1.4230769230769231 0.171875
276000 1.4038461538461537 0.203125
278000 1.3846153846153846 0.109375
280000 1.3653846153846154 0.078125
282000 1.3269230769230769 0.125
284000 1.3846153846153846 0.1875
286000 1.4615384615384615 0.171875
288000 1.5192307692307692 0.09375
290000 1.4807692307692308 0.09375
292000 1.4423076923076923 0.109375
294000 1.4807692307692308 0.171875
296000 1.4230769230769231 0.1875
298000 1.4615384615384615 0.203125
300000 1.3461538461538463 0.09375
302000 1.4807692307692308 0.109375
304000 1.4230769230769231 0.15625
306000 1.3846153846153846 0.1875
308000 1.4038461538461537 0.203125
310000 1.3076923076923077 0.078125
312000 1.4230769230769231 0.109375
314000 1.4038461538461537 0.140625
316000 1.4615384615384615 0.1875
318000 1.4807692307692308 0.1875
320000 1.4230769230769231 0.09375
322000 1.4038461538461537 0.109375
324000 1.4807692307692308 0.125
326000 1.4038461538461537 0.171875
328000 1.4807692307692308 0.1875
330000 1.3846153846153846 0.171875
332000 1.4038461538461537 0.078125
334000 1.5 0.109375
336000 1.4807692307692308 0.109375
338000 1.3846153846153846 0.171875
340000 1.4038461538461537 0.203125
342000 1.5 0.078125
344000 1.4615384615384615 0.125
346000 1.4423076923076923 0.140625
348000 1.5 0.1875
350000 1.4038461538461537 0.15625
352000 1.3269230769230769 0.09375
354000 1.5192307692307692 0.078125
356000 1.3846153846153846 0.078125
358000 1.4423076923076923 0.15625
360000 1.4423076923076923 0.203125
362000 1.4230769230769231 0.1875
364000 1.5 0.09375
366000 1.3461538461538463 0.09375
368000 1.3269230769230769 0.15625
370000 1.25 0.171875
372000 1.2884615384615385 0.203125
374000 1.2884615384615385 0.09375
376000 1.3269230769230769 0.078125
378000 1.3846153846153846 0.125
380000 1.4615384615384615 0.203125
382000 1.5 0.171875
384000 1.5 0.0625
386000 1.4615384615384615 0.09375
388000 1.5 0.09375
390000 1.5769230769230769 0.1875
392000 1.5961538461538463 0.15625
394000 1.5192307692307692 0.1875
396000 1.5192307692307692 0.109375
398000 1.3461538461538463 0.109375
400000 1.3269230769230769 0.140625
402000 1.4038461538461537 0.1875
404000 1.4038461538461537 0.171875
406000 1.4615384615384615 0.09375
408000 1.4230769230769231 0.078125
410000 1.5192307692307692 0.140625
412000 1.4615384615384615 0.171875
414000 1.5576923076923077 0.203125
416000 1.5192307692307692 0.09375
418000 1.4807692307692308 0.09375
420000 1.4423076923076923 0.125
422000 1.3846153846153846 0.171875
424000 1.4230769230769231 0.1875
426000 1.5384615384615385 0.21875
428000 1.4807692307692308 0.078125
430000 1.4807692307692308 0.109375
432000 1.5576923076923077 0.15625
434000 1.4615384615384615 0.1875
436000 1.3846153846153846 0.171875
438000 1.4038461538461537 0.078125
440000 1.4807692307692308 0.09375
442000 1.5576923076923077 0.125
444000 1.4807692307692308 0.15625
446000 1.4423076923076923 0.171875
448000 1.4230769230769231 0.09375
450000 1.4423076923076923 0.09375
452000 1.4230769230769231 0.125
454000 1.3846153846153846 0.171875
456000 1.4230769230769231 0.109375
458000 1.5192307692307692 0.1875
460000 1.5769230769230769 0.09375
462000 1.4230769230769231 0.125
464000 1.5 0.09375
466000 1.5576923076923077 0.15625
468000 1.5769230769230769 0.15625
470000 1.5769230769230769 0.078125
472000 1.5769230769230769 0.09375
474000 1.5769230769230769 0.15625
476000 1.4423076923076923 0.15625
478000 1.4230769230769231 0.1875
480000 1.3846153846153846 0.09375
482000 1.4423076923076923 0.078125
484000 1.5 0.109375
486000 1.4807692307692308 0.1875
488000 1.5769230769230769 0.15625
490000 1.4807692307692308 0.171875
492000 1.4423076923076923 0.09375
494000 1.4038461538461537 0.078125
496000 1.3653846153846154 0.15625
498000 1.3653846153846154 0.15625
500000 1.4423076923076923 0.125
