2000 0.17307692307692307 0.046875
4000 0.15384615384615385 0.078125
6000 0.3076923076923077 0.09375
8000 0.34615384615384615 0.203125
10000 0.23076923076923078 0.078125
12000 0.38461538461538464 0.109375
14000 0.7884615384615384 0.09375
16000 0.9230769230769231 0.09375
18000 0.9230769230769231 0.09375
20000 1.0576923076923077 0.078125
22000 1.0576923076923077 0.078125
24000 1.0192307692307692 0.109375
26000 1.0961538461538463 0.09375
28000 1.1153846153846154 0.09375
30000 1.1346153846153846 0.109375
32000 1.1346153846153846 0.09375
34000 1.1153846153846154 0.09375
36000 1.1153846153846154 0.09375
38000 1.1153846153846154 0.09375
40000 1.1153846153846154 0.125
42000 1.1153846153846154 0.078125
44000 1.1538461538461537 0.09375
46000 1.2692307692307692 0.09375
48000 1.2307692307692308 0.09375
50000 1.3653846153846154 0.09375
52000 1.4615384615384615 0.125
54000 1.5 0.109375
56000 1.6538461538461537 0.125
58000 1.8461538461538463 0.125
60000 1.8076923076923077 0.109375
62000 2.2115384615384617 0.078125
64000 2.4038461538461537 0.109375
66000 2.3846153846153846 0.078125
68000 2.5961538461538463 0.125
70000 2.5961538461538463 0.078125
72000 2.7115384615384617 0.078125
74000 2.8846153846153846 0.09375
76000 2.923076923076923 0.078125
78000 2.9615384615384617 0.125
80000 3.019230769230769 0.125
82000 2.9038461538461537 0.203125
84000 2.8461538461538463 0.1875
86000 2.8461538461538463 0.109375
88000 2.8461538461538463 0.078125
90000 2.980769230769231 0.09375
92000 3.019230769230769 0.109375
94000 3.1346153846153846 0.09375
96000 3.1538461538461537 0.09375
98000 3.1346153846153846 0.109375
100000 3.076923076923077 0.09375
102000 3.173076923076923 0.09375
104000 3.0 0.09375
106000 3.2115384615384617 0.09375
108000 3.1538461538461537 0.078125
110000 3.1153846153846154 0.109375
112000 3.1538461538461537 0.109375
114000 3.230769230769231 0.125
116000 3.2115384615384617 0.109375
118000 3.2115384615384617 0.09375
120000 3.2115384615384617 0.09375
122000 3.230769230769231 0.09375
124000 3.1923076923076925 0.09375
126000 3.1923076923076925 0.09375
128000 3.230769230769231 0.09375
130000 3.230769230769231 0.125
132000 3.25 0.078125
134000 3.230769230769231 0.078125
136000 3.230769230769231 0.09375
138000 3.2115384615384617 0.09375
140000 3.230769230769231 0.109375
142000 3.230769230769231 0.09375
144000 3.2115384615384617 0.09375
146000 3.230769230769231 0.09375
148000 3.2115384615384617 0.09375
150000 3.1923076923076925 0.09375
152000 3.25 0.09375
154000 3.230769230769231 0.09375
156000 3.25 0.109375
158000 3.25 0.09375
160000 3.25 0.078125
162000 3.25 0.109375
164000 3.3653846153846154 0.109375
166000 3.25 0.203125
168000 3.25 0.15625
170000 3.230769230769231 0.1875
172000 3.230769230769231 0.0625
174000 3.230769230769231 0.0625
176000 3.230769230769231 0.078125
178000 3.230769230769231 0.125
180000 3.230769230769231 0.0625
182000 3.0576923076923075 0.078125
184000 3.076923076923077 0.078125
186000 3.3461538461538463 0.078125
188000 3.3461538461538463 0.078125
190000 3.326923076923077 0.078125
192000 3.0576923076923075 0.078125
194000 3.0576923076923075 0.109375
196000 3.076923076923077 0.09375
198000 3.0384615384615383 0.125
200000 3.076923076923077 0.09375
202000 3.0576923076923075 0.125
204000 3.0576923076923075 0.109375
206000 3.0576923076923075 0.0625
208000 3.0384615384615383 0.09375
210000 3.0576923076923075 0.09375
212000 3.0384615384615383 0.09375
214000 3.0576923076923075 0.109375
216000 3.0576923076923075 0.09375
218000 3.0576923076923075 0.09375
220000 3.0384615384615383 0.09375
222000 3.230769230769231 0.078125
224000 3.2115384615384617 0.109375
226000 3.230769230769231 0.109375
228000 3.2115384615384617 0.09375
230000 3.2115384615384617 0.09375
232000 3.230769230769231 0.09375
234000 3.230769230769231 0.09375
236000 3.2115384615384617 0.109375
238000 3.3461538461538463 0.09375
240000 3.2115384615384617 0.109375
242000 3.1923076923076925 0.078125
244000 3.2115384615384617 0.09375
246000 3.230769230769231 0.09375
248000 3.2115384615384617 0.09375
250000 3.2115384615384617 0.140625
252000 3.1923076923076925 0.1875
254000 3.2115384615384617 0.1875
256000 3.2115384615384617 0.078125
258000 3.2115384615384617 0.078125
260000 3.2115384615384617 0.109375
262000 3.2115384615384617 0.09375
264000 3.1923076923076925 0.078125
266000 3.2115384615384617 0.0625
268000 3.2115384615384617 0.078125
270000 3.1923076923076925 0.09375
272000 3.2115384615384617 0.09375
274000 3.2115384615384617 0.09375
276000 3.2115384615384617 0.09375
278000 3.2115384615384617 0.09375
280000 3.2115384615384617 0.09375
282000 3.2115384615384617 0.109375
284000 3.2115384615384617 0.09375
286000 3.2115384615384617 0.09375
288000 3.2115384615384617 0.109375
290000 3.2115384615384617 0.109375
292000 3.1923076923076925 0.078125
294000 3.1923076923076925 0.09375
296000 3.2115384615384617 0.109375
298000 3.230769230769231 0.109375
300000 3.230769230769231 0.09375
302000 3.2115384615384617 0.09375
304000 3.1923076923076925 0.09375
306000 3.230769230769231 0.09375
308000 3.2115384615384617 0.09375
310000 3.230769230769231 0.09375
312000 3.230769230769231 0.09375
314000 3.230769230769231 0.09375
316000 3.326923076923077 0.09375
318000 3.230769230769231 0.109375
320000 3.3461538461538463 0.109375
322000 3.326923076923077 0.09375
324000 3.3461538461538463 0.109375
326000 3.3461538461538463 0.109375
328000 3.3461538461538463 0.09375
330000 3.3461538461538463 0.09375
332000 3.3461538461538463 0.078125
334000 3.3461538461538463 0.09375
336000 3.3653846153846154 0.171875
338000 3.3461538461538463 0.203125
340000 3.1923076923076925 0.203125
342000 3.1923076923076925 0.0625
344000 3.1923076923076925 0.078125
346000 3.1923076923076925 0.078125
348000 3.173076923076923 0.078125
350000 3.1538461538461537 0.078125
352000 3.0384615384615383 0.109375
354000 3.1538461538461537 0.125
356000 3.0576923076923075 0.078125
358000 3.1923076923076925 0.0625
360000 3.173076923076923 0.078125
362000 3.1923076923076925 0.109375
364000 3.173076923076923 0.046875
366000 3.173076923076923 0.09375
368000 3.173076923076923 0.125
370000 3.173076923076923 0.0625
372000 3.3461538461538463 0.078125
374000 3.25 0.078125
376000 3.3461538461538463 0.09375
378000 3.3461538461538463 0.09375
380000 3.326923076923077 0.078125
382000 3.1923076923076925 0.078125
384000 3.326923076923077 0.09375
386000 3.3461538461538463 0.09375
388000 3.326923076923077 0.078125
390000 3.3653846153846154 0.09375
392000 3.3653846153846154 0.109375
394000 3.230769230769231 0.109375
396000 3.1923076923076925 0.078125
398000 3.3653846153846154 0.125
400000 3.3653846153846154 0.109375
402000 3.3461538461538463 0.09375
404000 3.2115384615384617 0.078125
406000 3.3653846153846154 0.09375
408000 3.3461538461538463 0.078125
410000 3.3461538461538463 0.109375
412000 3.3461538461538463 0.109375
414000 3.2115384615384617 0.125
416000 3.3653846153846154 0.109375
418000 3.173076923076923 0.09375
420000 3.2115384615384617 0.109375
422000 3.326923076923077 0.171875
424000 3.326923076923077 0.171875
426000 3.173076923076923 0.171875
428000 3.173076923076923 0.09375
430000 3.173076923076923 0.078125
432000 3.3461538461538463 0.109375
434000 3.3461538461538463 0.078125
436000 3.326923076923077 0.078125
438000 3.3076923076923075 0.078125
440000 3.3461538461538463 0.078125
442000 3.3461538461538463 0.078125
444000 3.3653846153846154 0.078125
446000 3.3653846153846154 0.078125
448000 3.3653846153846154 0.078125
450000 3.3461538461538463 0.0625
452000 3.3653846153846154 0.078125
454000 3.3461538461538463 0.0625
456000 3.3461538461538463 0.078125
458000 3.3461538461538463 0.09375
460000 3.3461538461538463 0.0625
462000 3.326923076923077 0.125
464000 3.3461538461538463 0.09375
466000 3.3653846153846154 0.09375
468000 3.3653846153846154 0.09375
470000 3.3653846153846154 0.078125
472000 3.326923076923077 0.09375
474000 3.326923076923077 0.09375
476000 3.3461538461538463 0.09375
478000 3.3461538461538463 0.109375
480000 3.3076923076923075 0.109375
482000 3.326923076923077 0.09375
484000 3.3076923076923075 0.09375
486000 3.3461538461538463 0.046875
488000 3.3846153846153846 0.046875
490000 3.3846153846153846 0.046875
492000 3.2115384615384617 0.046875
494000 3.2115384615384617 0.046875
496000 3.2115384615384617 0.046875
498000 3.326923076923077 0.09375
500000 3.3846153846153846 0.109375
