2000 0.7692307692307693 0.65625
4000 1.0192307692307692 0.765625
6000 1.0961538461538463 0.65625
8000 1.1346153846153846 0.78125
10000 1.8269230769230769 0.640625
12000 2.673076923076923 0.5625
14000 2.6923076923076925 0.578125
16000 2.673076923076923 0.53125
18000 2.673076923076923 0.625
20000 2.673076923076923 0.59375
22000 2.673076923076923 0.5625
24000 2.9423076923076925 0.546875
26000 2.826923076923077 0.53125
28000 4.403846153846154 0.5625
30000 4.519230769230769 0.609375
32000 4.519230769230769 0.59375
34000 4.519230769230769 0.5625
36000 4.519230769230769 0.515625
38000 4.519230769230769 0.65625
40000 4.519230769230769 0.5625
42000 4.519230769230769 0.71875
44000 4.519230769230769 0.671875
46000 4.519230769230769 0.53125
48000 4.519230769230769 0.5625
50000 4.519230769230769 0.78125
52000 4.423076923076923 0.6875
54000 4.519230769230769 0.8125
56000 4.519230769230769 0.921875
58000 4.519230769230769 0.875
60000 4.519230769230769 0.53125
62000 4.519230769230769 0.515625
64000 4.519230769230769 0.5625
66000 4.519230769230769 0.796875
68000 4.4423076923076925 0.5625
70000 4.519230769230769 0.546875
72000 4.519230769230769 0.734375
74000 4.326923076923077 0.765625
76000 4.153846153846154 0.53125
78000 4.384615384615385 0.578125
80000 4.538461538461538 0.734375
82000 4.403846153846154 0.6875
84000 4.173076923076923 0.578125
86000 4.1923076923076925 0.734375
88000 4.346153846153846 0.53125
90000 4.1923076923076925 0.625
92000 4.5 0.828125
94000 4.1923076923076925 0.5
96000 4.153846153846154 0.53125
98000 4.576923076923077 0.84375
100000 4.596153846153846 0.5625
102000 4.576923076923077 0.5625
104000 4.423076923076923 0.578125
106000 4.365384615384615 0.640625
108000 4.538461538461538 0.59375
110000 4.519230769230769 0.640625
112000 4.634615384615385 0.546875
114000 4.615384615384615 0.546875
116000 4.5576923076923075 0.609375
118000 4.519230769230769 0.609375
120000 4.8076923076923075 0.53125
122000 4.711538461538462 0.515625
124000 4.6923076923076925 0.71875
126000 4.653846153846154 0.640625
128000 4.673076923076923 0.59375
130000 4.634615384615385 0.5625
132000 4.653846153846154 0.5625
134000 4.711538461538462 0.578125
136000 4.673076923076923 0.5625
138000 4.6923076923076925 0.65625
140000 4.711538461538462 0.515625
142000 4.6923076923076925 0.8125
144000 4.75 0.734375
146000 4.711538461538462 0.59375
148000 4.730769230769231 0.59375
150000 4.769230769230769 0.5
152000 4.653846153846154 0.546875
154000 4.6923076923076925 0.578125
156000 4.6923076923076925 0.71875
158000 4.730769230769231 0.5625
160000 4.769230769230769 0.546875
162000 4.75 0.53125
164000 4.75 0.75
166000 4.730769230769231 0.59375
168000 4.711538461538462 0.59375
170000 4.769230769230769 0.71875
172000 4.769230769230769 0.484375
174000 4.769230769230769 0.53125
176000 4.769230769230769 0.546875
178000 4.615384615384615 0.578125
180000 4.75 0.578125
182000 4.730769230769231 0.609375
184000 4.4423076923076925 0.53125
186000 4.6923076923076925 0.578125
188000 4.6923076923076925 0.515625
190000 4.788461538461538 0.5625
192000 4.788461538461538 0.703125
194000 4.6923076923076925 0.53125
196000 4.769230769230769 0.59375
198000 4.653846153846154 0.53125
200000 4.826923076923077 0.53125
202000 4.711538461538462 0.625
204000 4.653846153846154 0.625
206000 4.596153846153846 0.578125
208000 4.519230769230769 0.578125
210000 4.653846153846154 0.515625
212000 4.730769230769231 0.765625
214000 4.75 0.734375
216000 4.634615384615385 0.5
218000 4.365384615384615 0.71875
220000 4.711538461538462 0.5625
222000 4.6923076923076925 0.578125
224000 4.75 0.765625
226000 4.730769230769231 0.515625
228000 4.730769230769231 0.59375
230000 4.75 0.609375
232000 4.711538461538462 0.609375
234000 4.730769230769231 0.796875
236000 4.769230769230769 0.53125
238000 4.846153846153846 0.609375
240000 4.884615384615385 0.515625
242000 4.961538461538462 0.59375
244000 4.961538461538462 0.71875
246000 4.711538461538462 0.515625
248000 4.730769230769231 0.46875
250000 4.75 0.84375
252000 4.730769230769231 0.59375
254000 4.884615384615385 0.59375
256000 4.711538461538462 0.75
258000 4.846153846153846 0.6875
260000 4.826923076923077 0.5
262000 4.788461538461538 0.71875
264000 4.6923076923076925 0.5625
266000 4.6923076923076925 0.6875
268000 4.711538461538462 0.734375
270000 4.615384615384615 0.609375
272000 4.653846153846154 0.53125
274000 4.6923076923076925 0.53125
276000 4.673076923076923 0.578125
278000 4.788461538461538 0.671875
280000 4.673076923076923 0.640625
282000 4.75 0.5625
284000 4.75 0.609375
286000 4.75 0.78125
288000 4.75 0.734375
290000 4.788461538461538 0.515625
292000 4.788461538461538 0.5625
294000 4.75 0.59375
296000 4.846153846153846 0.609375
298000 4.769230769230769 0.6875
300000 4.865384615384615 0.71875
302000 4.884615384615385 0.53125
304000 4.846153846153846 0.5625
306000 4.923076923076923 0.59375
308000 4.923076923076923 0.859375
310000 4.903846153846154 0.71875
312000 4.769230769230769 0.53125
314000 4.75 0.765625
316000 4.923076923076923 0.578125
318000 4.961538461538462 0.546875
320000 4.980769230769231 0.796875
322000 4.903846153846154 0.5625
324000 5.0 0.53125
326000 4.884615384615385 0.484375
328000 4.980769230769231 0.5625
330000 4.8076923076923075 0.6875
332000 4.865384615384615 0.625
334000 4.826923076923077 0.5625
336000 4.788461538461538 0.546875
338000 4.769230769230769 0.65625
340000 4.769230769230769 0.71875
342000 4.711538461538462 0.609375
344000 4.826923076923077 0.53125
346000 4.884615384615385 0.640625
348000 5.0 0.671875
350000 5.0 0.578125
352000 4.846153846153846 0.828125
354000 4.8076923076923075 0.5625
356000 4.75 0.53125
358000 4.6923076923076925 0.546875
360000 4.788461538461538 0.59375
362000 4.788461538461538 0.734375
364000 4.769230769230769 0.625
366000 4.788461538461538 0.53125
368000 4.6923076923076925 0.515625
370000 4.788461538461538 0.6875
372000 4.75 0.734375
374000 4.788461538461538 0.5625
376000 4.884615384615385 0.609375
378000 4.788461538461538 0.5
380000 4.788461538461538 0.640625
382000 4.826923076923077 0.515625
384000 4.8076923076923075 0.59375
386000 4.980769230769231 0.5625
388000 4.884615384615385 0.546875
390000 4.903846153846154 0.53125
392000 4.846153846153846 0.5
394000 4.865384615384615 0.765625
396000 4.865384615384615 0.609375
398000 4.961538461538462 0.734375
400000 4.903846153846154 0.609375
402000 4.923076923076923 0.546875
404000 4.961538461538462 0.640625
406000 4.903846153846154 0.609375
408000 4.846153846153846 0.71875
410000 4.884615384615385 0.515625
412000 5.038461538461538 0.53125
414000 5.0576923076923075 0.65625
416000 4.9423076923076925 0.84375
418000 4.961538461538462 0.5
420000 4.884615384615385 0.6875
422000 4.961538461538462 0.78125
424000 4.903846153846154 0.5625
426000 4.9423076923076925 0.671875
428000 5.019230769230769 0.59375
430000 4.8076923076923075 0.515625
432000 4.846153846153846 0.5625
434000 4.846153846153846 0.8125
436000 4.865384615384615 0.65625
438000 4.769230769230769 0.53125
440000 4.826923076923077 0.734375
442000 4.961538461538462 0.546875
444000 5.0 0.625
446000 4.826923076923077 0.5625
448000 4.923076923076923 0.53125
450000 4.961538461538462 0.75
452000 4.9423076923076925 0.53125
454000 5.0 0.578125
456000 5.0 0.578125
458000 5.019230769230769 0.71875
460000 4.884615384615385 0.6875
462000 4.961538461538462 0.578125
464000 4.9423076923076925 0.59375
466000 4.923076923076923 0.75
468000 4.9423076923076925 0.8125
470000 4.923076923076923 0.640625
472000 4.903846153846154 0.640625
474000 4.903846153846154 0.53125
476000 4.923076923076923 0.609375
478000 4.923076923076923 0.796875
480000 4.923076923076923 0.65625
482000 4.903846153846154 0.53125
484000 4.961538461538462 0.8125
486000 4.923076923076923 0.640625
488000 4.980769230769231 0.671875
490000 4.980769230769231 0.671875
492000 5.0 0.625
494000 5.0 0.53125
496000 5.0 0.546875
498000 5.0 0.5625
500000 4.9423076923076925 0.609375
