2000 0.75 0.25
4000 1.0 0.28125
6000 1.0192307692307692 0.25
8000 1.1346153846153846 0.296875
10000 1.2307692307692308 0.390625
12000 1.5961538461538463 0.25
14000 2.5961538461538463 0.28125
16000 2.673076923076923 0.296875
18000 2.9423076923076925 0.3125
20000 3.7884615384615383 0.34375
22000 4.384615384615385 0.28125
24000 4.384615384615385 0.21875
26000 4.519230769230769 0.25
28000 4.576923076923077 0.21875
30000 4.519230769230769 0.34375
32000 4.519230769230769 0.25
34000 4.519230769230769 0.25
36000 4.596153846153846 0.234375
38000 4.538461538461538 0.21875
40000 4.538461538461538 0.328125
42000 4.653846153846154 0.375
44000 4.5576923076923075 0.25
46000 4.576923076923077 0.234375
48000 4.576923076923077 0.25
50000 4.615384615384615 0.28125
52000 4.596153846153846 0.375
54000 4.596153846153846 0.28125
56000 4.596153846153846 0.21875
58000 4.653846153846154 0.28125
60000 4.5576923076923075 0.28125
62000 4.576923076923077 0.3125
64000 4.519230769230769 0.25
66000 4.519230769230769 0.296875
68000 4.519230769230769 0.234375
70000 4.576923076923077 0.25
72000 4.653846153846154 0.296875
74000 4.673076923076923 0.421875
76000 4.673076923076923 0.28125
78000 4.615384615384615 0.328125
80000 4.519230769230769 0.359375
82000 4.634615384615385 0.375
84000 4.576923076923077 0.28125
86000 4.423076923076923 0.328125
88000 4.269230769230769 0.34375
90000 4.269230769230769 0.25
92000 4.403846153846154 0.234375
94000 4.25 0.359375
96000 4.288461538461538 0.234375
98000 4.711538461538462 0.25
100000 4.75 0.265625
102000 4.615384615384615 0.234375
104000 4.326923076923077 0.296875
106000 4.538461538461538 0.4375
108000 4.519230769230769 0.21875
110000 4.75 0.234375
112000 4.769230769230769 0.265625
114000 4.826923076923077 0.265625
116000 4.75 0.390625
118000 4.730769230769231 0.203125
120000 4.403846153846154 0.21875
122000 4.8076923076923075 0.203125
124000 4.730769230769231 0.21875
126000 4.8076923076923075 0.34375
128000 4.769230769230769 0.28125
130000 4.634615384615385 0.296875
132000 4.711538461538462 0.25
134000 4.4423076923076925 0.265625
136000 4.576923076923077 0.3125
138000 4.826923076923077 0.40625
140000 4.75 0.21875
142000 4.75 0.21875
144000 4.75 0.234375
146000 4.6923076923076925 0.28125
148000 4.711538461538462 0.390625
150000 4.5576923076923075 0.3125
152000 4.634615384615385 0.25
154000 4.615384615384615 0.25
156000 4.75 0.265625
158000 4.730769230769231 0.3125
160000 4.75 0.328125
162000 4.846153846153846 0.203125
164000 4.8076923076923075 0.21875
166000 4.826923076923077 0.234375
168000 4.461538461538462 0.296875
170000 4.730769230769231 0.421875
172000 4.6923076923076925 0.28125
174000 4.673076923076923 0.28125
176000 4.634615384615385 0.265625
178000 4.730769230769231 0.21875
180000 4.6923076923076925 0.359375
182000 4.711538461538462 0.25
184000 4.576923076923077 0.296875
186000 4.769230769230769 0.265625
188000 4.8076923076923075 0.234375
190000 4.6923076923076925 0.375
192000 4.4423076923076925 0.21875
194000 4.5 0.21875
196000 4.6923076923076925 0.234375
198000 4.576923076923077 0.25
200000 4.423076923076923 0.28125
202000 4.538461538461538 0.390625
204000 4.6923076923076925 0.1875
206000 4.596153846153846 0.25
208000 4.75 0.3125
210000 4.846153846153846 0.28125
212000 4.846153846153846 0.375
214000 4.634615384615385 0.234375
216000 4.711538461538462 0.296875
218000 4.596153846153846 0.296875
220000 4.826923076923077 0.28125
222000 4.6923076923076925 0.375
224000 4.961538461538462 0.203125
226000 4.634615384615385 0.25
228000 4.653846153846154 0.203125
230000 4.826923076923077 0.234375
232000 4.846153846153846 0.234375
234000 4.826923076923077 0.40625
236000 4.6923076923076925 0.203125
238000 4.6923076923076925 0.234375
240000 4.846153846153846 0.265625
242000 4.596153846153846 0.25
244000 4.884615384615385 0.359375
246000 4.846153846153846 0.359375
248000 4.826923076923077 0.3125
250000 4.923076923076923 0.328125
252000 4.923076923076923 0.28125
254000 4.8076923076923075 0.375
256000 4.884615384615385 0.28125
258000 4.961538461538462 0.265625
260000 5.019230769230769 0.25
262000 4.788461538461538 0.21875
264000 4.730769230769231 0.25
266000 4.846153846153846 0.46875
268000 4.846153846153846 0.3125
270000 4.846153846153846 0.3125
272000 4.8076923076923075 0.265625
274000 4.865384615384615 0.296875
276000 4.8076923076923075 0.375
278000 4.826923076923077 0.265625
280000 4.788461538461538 0.265625
282000 4.923076923076923 0.25
284000 4.884615384615385 0.28125
286000 4.923076923076923 0.328125
288000 4.884615384615385 0.328125
290000 4.769230769230769 0.28125
292000 4.980769230769231 0.265625
294000 4.980769230769231 0.265625
296000 4.865384615384615 0.328125
298000 4.865384615384615 0.421875
300000 5.038461538461538 0.234375
302000 4.769230769230769 0.28125
304000 4.980769230769231 0.265625
306000 4.769230769230769 0.296875
308000 4.903846153846154 0.34375
310000 4.865384615384615 0.28125
312000 4.846153846153846 0.25
314000 4.8076923076923075 0.265625
316000 4.8076923076923075 0.296875
318000 4.769230769230769 0.359375
320000 4.826923076923077 0.234375
322000 4.923076923076923 0.28125
324000 4.923076923076923 0.265625
326000 4.961538461538462 0.3125
328000 4.9423076923076925 0.3125
330000 4.75 0.390625
332000 4.6923076923076925 0.21875
334000 4.846153846153846 0.21875
336000 4.980769230769231 0.28125
338000 4.711538461538462 0.296875
340000 4.8076923076923075 0.375
342000 4.8076923076923075 0.234375
344000 4.788461538461538 0.296875
346000 4.6923076923076925 0.390625
348000 4.6923076923076925 0.296875
350000 4.711538461538462 0.375
352000 4.711538461538462 0.34375
354000 4.730769230769231 0.375
356000 4.826923076923077 0.390625
358000 4.8076923076923075 0.359375
360000 4.769230769230769 0.28125
362000 4.788461538461538 0.40625
364000 4.730769230769231 0.21875
366000 4.865384615384615 0.25
368000 4.788461538461538 0.265625
370000 4.6923076923076925 0.25
372000 4.769230769230769 0.359375
374000 4.788461538461538 0.265625
376000 4.8076923076923075 0.234375
378000 4.730769230769231 0.21875
380000 4.826923076923077 0.265625
382000 4.846153846153846 0.3125
384000 4.826923076923077 0.203125
386000 4.788461538461538 0.296875
388000 4.923076923076923 0.34375
390000 4.846153846153846 0.234375
392000 4.826923076923077 0.28125
394000 4.846153846153846 0.421875
396000 4.865384615384615 0.203125
398000 4.826923076923077 0.21875
400000 4.846153846153846 0.25
402000 4.961538461538462 0.28125
404000 4.9423076923076925 0.375
406000 4.980769230769231 0.234375
408000 4.9423076923076925 0.265625
410000 4.846153846153846 0.328125
412000 4.788461538461538 0.390625
414000 4.769230769230769 0.296875
416000 4.846153846153846 0.28125
418000 4.980769230769231 0.265625
420000 4.865384615384615 0.265625
422000 5.0 0.28125
424000 4.846153846153846 0.328125
426000 4.826923076923077 0.46875
428000 4.8076923076923075 0.25
430000 4.8076923076923075 0.359375
432000 4.961538461538462 0.4375
434000 4.980769230769231 0.25
436000 4.961538461538462 0.390625
438000 4.980769230769231 0.234375
440000 4.961538461538462 0.28125
442000 4.961538461538462 0.265625
444000 4.826923076923077 0.296875
446000 4.980769230769231 0.34375
448000 4.826923076923077 0.28125
450000 4.923076923076923 0.3125
452000 4.826923076923077 0.21875
454000 4.788461538461538 0.390625
456000 4.980769230769231 0.359375
458000 5.0 0.453125
460000 4.865384615384615 0.234375
462000 5.0 0.265625
464000 4.980769230769231 0.3125
466000 5.0 0.3125
468000 4.980769230769231 0.390625
470000 4.961538461538462 0.3125
472000 4.980769230769231 0.28125
474000 4.980769230769231 0.265625
476000 4.980769230769231 0.234375
478000 4.961538461538462 0.390625
480000 4.961538461538462 0.296875
482000 4.980769230769231 0.265625
484000 4.961538461538462 0.375
486000 4.9423076923076925 0.21875
488000 4.9423076923076925 0.375
490000 4.9423076923076925 0.390625
492000 4.826923076923077 0.140625
494000 4.961538461538462 0.21875
496000 4.961538461538462 0.15625
498000 4.9423076923076925 0.234375
500000 4.9423076923076925 0.25
