2000 0.3076923076923077 0.3125
4000 0.4230769230769231 0.3125
6000 0.7884615384615384 0.484375
8000 1.1346153846153846 0.46875
10000 0.7884615384615384 0.65625
12000 1.1730769230769231 0.53125
14000 1.2692307692307692 0.609375
16000 1.5576923076923077 0.671875
18000 1.7115384615384615 0.5625
20000 2.269230769230769 0.75
22000 2.673076923076923 0.65625
24000 3.25 0.546875
26000 4.519230769230769 0.5625
28000 4.519230769230769 0.671875
30000 4.519230769230769 0.546875
32000 4.519230769230769 0.578125
34000 4.519230769230769 0.65625
36000 4.519230769230769 0.546875
38000 4.519230769230769 0.484375
40000 4.519230769230769 0.640625
42000 4.519230769230769 0.78125
44000 4.5 0.546875
46000 4.519230769230769 0.5
48000 4.519230769230769 0.703125
50000 4.5 0.5
52000 4.5 0.671875
54000 4.5 0.5625
56000 4.5 0.515625
58000 4.5 0.5625
60000 4.5 0.765625
62000 4.4423076923076925 0.625
64000 4.461538461538462 0.640625
66000 4.5 0.546875
68000 4.25 0.609375
70000 4.538461538461538 0.578125
72000 4.480769230769231 0.578125
74000 4.5576923076923075 0.78125
76000 4.730769230769231 0.609375
78000 4.615384615384615 0.515625
80000 4.653846153846154 0.59375
82000 4.6923076923076925 0.578125
84000 4.6923076923076925 0.65625
86000 4.615384615384615 0.546875
88000 4.5576923076923075 0.453125
90000 4.596153846153846 0.453125
92000 4.634615384615385 0.484375
94000 4.711538461538462 0.546875
96000 4.673076923076923 0.671875
98000 4.634615384615385 0.453125
100000 4.711538461538462 0.453125
102000 4.673076923076923 0.671875
104000 4.6923076923076925 0.5
106000 4.653846153846154 0.734375
108000 4.596153846153846 0.671875
110000 4.576923076923077 0.46875
112000 4.634615384615385 0.453125
114000 4.653846153846154 0.53125
116000 4.75 0.5625
118000 4.75 0.484375
120000 4.711538461538462 0.453125
122000 4.576923076923077 0.703125
124000 4.5576923076923075 0.5
126000 4.653846153846154 0.734375
128000 4.8076923076923075 0.46875
130000 4.730769230769231 0.546875
132000 4.730769230769231 0.515625
134000 4.730769230769231 0.5
136000 4.596153846153846 0.484375
138000 4.730769230769231 0.625
140000 4.769230769230769 0.546875
142000 4.730769230769231 0.515625
144000 4.6923076923076925 0.75
146000 4.75 0.6875
148000 4.576923076923077 0.5625
150000 4.730769230769231 0.53125
152000 4.576923076923077 0.625
154000 4.846153846153846 0.515625
156000 4.576923076923077 0.46875
158000 4.5576923076923075 0.65625
160000 4.576923076923077 0.453125
162000 4.75 0.515625
164000 4.826923076923077 0.484375
166000 4.826923076923077 0.453125
168000 4.8076923076923075 0.5625
170000 4.865384615384615 0.703125
172000 4.730769230769231 0.671875
174000 4.653846153846154 0.578125
176000 4.634615384615385 0.625
178000 4.8076923076923075 0.515625
180000 4.8076923076923075 0.515625
182000 4.673076923076923 0.734375
184000 4.596153846153846 0.578125
186000 4.769230769230769 0.59375
188000 4.730769230769231 0.625
190000 4.788461538461538 0.65625
192000 4.769230769230769 0.578125
194000 4.788461538461538 0.703125
196000 4.788461538461538 0.5
198000 4.634615384615385 0.5625
200000 4.769230769230769 0.5625
202000 4.75 0.703125
204000 4.8076923076923075 0.484375
206000 4.8076923076923075 0.53125
208000 4.6923076923076925 0.546875
210000 4.653846153846154 0.53125
212000 4.865384615384615 0.578125
214000 4.884615384615385 0.53125
216000 4.903846153846154 0.59375
218000 4.8076923076923075 0.5625
220000 4.826923076923077 0.484375
222000 4.846153846153846 0.59375
224000 4.826923076923077 0.5625
226000 4.8076923076923075 0.578125
228000 4.8076923076923075 0.5
230000 4.8076923076923075 0.46875
232000 4.846153846153846 0.578125
234000 4.6923076923076925 0.671875
236000 4.884615384615385 0.5625
238000 4.826923076923077 0.65625
240000 4.8076923076923075 0.640625
242000 4.9423076923076925 0.640625
244000 4.884615384615385 0.75
246000 4.9423076923076925 0.671875
248000 4.826923076923077 0.5
250000 4.769230769230769 0.578125
252000 4.826923076923077 0.6875
254000 4.788461538461538 0.625
256000 4.8076923076923075 0.625
258000 4.769230769230769 0.625
260000 4.673076923076923 0.625
262000 4.9423076923076925 0.75
264000 5.019230769230769 0.59375
266000 4.884615384615385 0.75
268000 4.846153846153846 0.671875
270000 4.961538461538462 0.65625
272000 4.961538461538462 0.671875
274000 4.826923076923077 0.8125
276000 4.75 0.484375
278000 4.826923076923077 0.65625
280000 4.923076923076923 0.59375
282000 4.884615384615385 0.515625
284000 4.788461538461538 0.609375
286000 4.884615384615385 0.59375
288000 4.9423076923076925 0.546875
290000 4.826923076923077 0.671875
292000 4.865384615384615 0.578125
294000 4.903846153846154 0.671875
296000 4.653846153846154 0.578125
298000 4.769230769230769 0.578125
300000 4.730769230769231 0.578125
302000 4.6923076923076925 0.71875
304000 4.769230769230769 0.578125
306000 4.711538461538462 0.828125
308000 4.596153846153846 0.546875
310000 4.634615384615385 0.703125
312000 4.826923076923077 0.59375
314000 4.75 0.6875
316000 4.788461538461538 0.546875
318000 4.8076923076923075 0.65625
320000 4.788461538461538 0.609375
322000 4.903846153846154 0.515625
324000 4.923076923076923 0.609375
326000 4.884615384615385 0.5625
328000 4.826923076923077 0.65625
330000 4.769230769230769 0.671875
332000 4.788461538461538 0.53125
334000 4.846153846153846 0.515625
336000 4.75 0.515625
338000 4.769230769230769 0.484375
340000 4.903846153846154 0.796875
342000 4.8076923076923075 0.8125
344000 4.865384615384615 0.796875
346000 4.769230769230769 0.53125
348000 4.923076923076923 0.53125
350000 4.75 0.578125
352000 4.903846153846154 0.671875
354000 4.961538461538462 0.578125
356000 4.75 0.5625
358000 4.730769230769231 0.578125
360000 4.711538461538462 0.546875
362000 4.711538461538462 0.59375
364000 4.6923076923076925 0.65625
366000 4.826923076923077 0.609375
368000 4.769230769230769 0.546875
370000 4.826923076923077 0.578125
372000 4.961538461538462 0.546875
374000 4.923076923076923 0.484375
376000 4.980769230769231 0.65625
378000 4.961538461538462 0.5625
380000 4.826923076923077 0.53125
382000 4.903846153846154 0.703125
384000 4.903846153846154 0.734375
386000 4.769230769230769 0.5625
388000 4.846153846153846 0.546875
390000 4.846153846153846 0.53125
392000 4.865384615384615 0.5
394000 4.673076923076923 0.640625
396000 4.826923076923077 0.609375
398000 4.846153846153846 0.53125
400000 4.846153846153846 0.53125
402000 4.826923076923077 0.5625
404000 5.019230769230769 0.671875
406000 4.903846153846154 0.65625
408000 4.8076923076923075 0.53125
410000 4.884615384615385 0.578125
412000 4.826923076923077 0.515625
414000 4.8076923076923075 0.578125
416000 4.730769230769231 0.5625
418000 4.711538461538462 0.5
420000 4.8076923076923075 0.515625
422000 4.826923076923077 0.5625
424000 4.826923076923077 0.6875
426000 4.846153846153846 0.6875
428000 4.788461538461538 0.59375
430000 4.653846153846154 0.515625
432000 4.6923076923076925 0.671875
434000 4.6923076923076925 0.515625
436000 4.769230769230769 0.5625
438000 4.75 0.546875
440000 4.826923076923077 0.578125
442000 4.884615384615385 0.609375
444000 4.75 0.609375
446000 4.8076923076923075 0.78125
448000 4.8076923076923075 0.6875
450000 4.826923076923077 0.828125
452000 4.826923076923077 0.65625
454000 4.788461538461538 0.453125
456000 4.8076923076923075 0.46875
458000 4.788461538461538 0.5625
460000 4.826923076923077 0.59375
462000 4.8076923076923075 0.5
464000 4.846153846153846 0.578125
466000 4.826923076923077 0.46875
468000 4.8076923076923075 0.515625
470000 4.788461538461538 0.53125
472000 4.788461538461538 0.78125
474000 4.788461538461538 0.78125
476000 4.826923076923077 0.578125
478000 4.826923076923077 0.453125
480000 4.846153846153846 0.515625
482000 4.846153846153846 0.640625
484000 4.846153846153846 0.671875
486000 4.9423076923076925 0.5
488000 4.9423076923076925 0.453125
490000 4.9423076923076925 0.71875
492000 4.9423076923076925 0.578125
494000 4.846153846153846 0.515625
496000 4.8076923076923075 0.5625
498000 4.8076923076923075 0.625
500000 4.8076923076923075 0.765625
