2000 0.34615384615384615 0.296875
4000 0.5 0.203125
6000 0.6923076923076923 0.171875
8000 0.7884615384615384 0.28125
10000 1.5384615384615385 0.375
12000 1.4038461538461537 0.15625
14000 1.6346153846153846 0.171875
16000 2.019230769230769 0.21875
18000 2.2884615384615383 0.359375
20000 3.4038461538461537 0.28125
22000 3.5961538461538463 0.265625
24000 4.3076923076923075 0.1875
26000 4.576923076923077 0.234375
28000 4.576923076923077 0.203125
30000 4.519230769230769 0.265625
32000 4.519230769230769 0.171875
34000 4.576923076923077 0.203125
36000 4.653846153846154 0.21875
38000 4.634615384615385 0.21875
40000 4.634615384615385 0.3125
42000 4.6923076923076925 0.390625
44000 4.673076923076923 0.171875
46000 4.711538461538462 0.234375
48000 4.576923076923077 0.203125
50000 4.711538461538462 0.25
52000 4.711538461538462 0.3125
54000 4.788461538461538 0.125
56000 4.826923076923077 0.109375
58000 4.8076923076923075 0.140625
60000 4.75 0.203125
62000 4.730769230769231 0.25
64000 4.826923076923077 0.140625
66000 4.519230769230769 0.125
68000 4.769230769230769 0.125
70000 4.788461538461538 0.171875
72000 4.6923076923076925 0.234375
74000 4.8076923076923075 0.296875
76000 4.788461538461538 0.15625
78000 4.75 0.15625
80000 4.730769230769231 0.171875
82000 4.6923076923076925 0.265625
84000 4.75 0.296875
86000 4.846153846153846 0.21875
88000 4.8076923076923075 0.140625
90000 4.8076923076923075 0.171875
92000 4.711538461538462 0.234375
94000 4.826923076923077 0.34375
96000 4.634615384615385 0.234375
98000 4.634615384615385 0.25
100000 4.769230769230769 0.234375
102000 4.730769230769231 0.203125
104000 4.75 0.28125
106000 4.576923076923077 0.40625
108000 4.75 0.25
110000 4.730769230769231 0.171875
112000 4.788461538461538 0.171875
114000 4.769230769230769 0.234375
116000 4.8076923076923075 0.375
118000 4.8076923076923075 0.203125
120000 4.9423076923076925 0.21875
122000 4.923076923076923 0.203125
124000 4.961538461538462 0.34375
126000 4.846153846153846 0.3125
128000 4.788461538461538 0.3125
130000 4.788461538461538 0.28125
132000 4.788461538461538 0.375
134000 4.903846153846154 0.25
136000 4.5576923076923075 0.28125
138000 4.9423076923076925 0.4375
140000 4.730769230769231 0.234375
142000 4.788461538461538 0.265625
144000 4.8076923076923075 0.3125
146000 4.75 0.28125
148000 4.903846153846154 0.3125
150000 4.865384615384615 0.234375
152000 4.634615384615385 0.203125
154000 4.6923076923076925 0.234375
156000 4.711538461538462 0.265625
158000 4.75 0.34375
160000 4.8076923076923075 0.234375
162000 4.6923076923076925 0.265625
164000 4.6923076923076925 0.28125
166000 4.846153846153846 0.28125
168000 4.769230769230769 0.296875
170000 4.8076923076923075 0.390625
172000 4.8076923076923075 0.21875
174000 4.8076923076923075 0.203125
176000 4.8076923076923075 0.28125
178000 4.769230769230769 0.1875
180000 4.826923076923077 0.28125
182000 4.8076923076923075 0.25
184000 4.653846153846154 0.25
186000 4.865384615384615 0.234375
188000 4.903846153846154 0.3125
190000 4.903846153846154 0.328125
192000 4.865384615384615 0.203125
194000 4.884615384615385 0.234375
196000 4.865384615384615 0.234375
198000 4.826923076923077 0.203125
200000 4.730769230769231 0.3125
202000 4.846153846153846 0.375
204000 4.6923076923076925 0.203125
206000 4.769230769230769 0.25
208000 4.826923076923077 0.25
210000 4.576923076923077 0.296875
212000 4.634615384615385 0.34375
214000 4.826923076923077 0.234375
216000 4.846153846153846 0.21875
218000 4.826923076923077 0.21875
220000 4.865384615384615 0.203125
222000 4.826923076923077 0.328125
224000 4.846153846153846 0.265625
226000 4.788461538461538 0.234375
228000 4.903846153846154 0.203125
230000 4.8076923076923075 0.21875
232000 4.8076923076923075 0.296875
234000 4.884615384615385 0.359375
236000 4.826923076923077 0.265625
238000 4.403846153846154 0.21875
240000 4.826923076923077 0.21875
242000 4.9423076923076925 0.25
244000 4.903846153846154 0.375
246000 4.8076923076923075 0.28125
248000 4.769230769230769 0.3125
250000 4.846153846153846 0.28125
252000 4.846153846153846 0.265625
254000 4.769230769230769 0.296875
256000 4.865384615384615 0.234375
258000 4.826923076923077 0.21875
260000 4.9423076923076925 0.28125
262000 4.615384615384615 0.234375
264000 4.961538461538462 0.296875
266000 4.769230769230769 0.375
268000 4.615384615384615 0.203125
270000 4.923076923076923 0.25
272000 5.0 0.28125
274000 4.865384615384615 0.25
276000 4.8076923076923075 0.359375
278000 4.846153846153846 0.265625
280000 5.0 0.359375
282000 4.961538461538462 0.34375
284000 4.846153846153846 0.21875
286000 4.730769230769231 0.3125
288000 4.826923076923077 0.25
290000 4.903846153846154 0.328125
292000 4.884615384615385 0.34375
294000 4.865384615384615 0.21875
296000 4.884615384615385 0.34375
298000 4.884615384615385 0.453125
300000 4.884615384615385 0.28125
302000 4.826923076923077 0.296875
304000 4.865384615384615 0.234375
306000 4.884615384615385 0.296875
308000 4.846153846153846 0.296875
310000 4.8076923076923075 0.25
312000 4.826923076923077 0.25
314000 4.8076923076923075 0.21875
316000 4.788461538461538 0.203125
318000 4.884615384615385 0.359375
320000 4.884615384615385 0.21875
322000 5.0 0.171875
324000 4.8076923076923075 0.203125
326000 4.884615384615385 0.25
328000 4.846153846153846 0.28125
330000 4.730769230769231 0.359375
332000 4.788461538461538 0.28125
334000 4.730769230769231 0.3125
336000 4.846153846153846 0.234375
338000 4.769230769230769 0.34375
340000 4.884615384615385 0.34375
342000 4.75 0.28125
344000 4.826923076923077 0.234375
346000 4.769230769230769 0.234375
348000 4.5 0.28125
350000 4.846153846153846 0.328125
352000 4.923076923076923 0.25
354000 4.6923076923076925 0.203125
356000 4.769230769230769 0.234375
358000 4.923076923076923 0.25
360000 4.923076923076923 0.296875
362000 4.884615384615385 0.359375
364000 4.769230769230769 0.25
366000 4.788461538461538 0.265625
368000 4.846153846153846 0.25
370000 4.769230769230769 0.25
372000 4.519230769230769 0.328125
374000 4.8076923076923075 0.1875
376000 4.8076923076923075 0.265625
378000 4.788461538461538 0.265625
380000 4.826923076923077 0.25
382000 4.8076923076923075 0.328125
384000 4.8076923076923075 0.234375
386000 4.865384615384615 0.296875
388000 4.788461538461538 0.203125
390000 4.826923076923077 0.1875
392000 4.788461538461538 0.28125
394000 4.826923076923077 0.390625
396000 4.788461538461538 0.265625
398000 4.788461538461538 0.203125
400000 4.8076923076923075 0.28125
402000 4.8076923076923075 0.25
404000 4.788461538461538 0.359375
406000 4.846153846153846 0.1875
408000 4.75 0.25
410000 4.826923076923077 0.296875
412000 4.846153846153846 0.3125
414000 4.769230769230769 0.359375
416000 4.846153846153846 0.296875
418000 4.884615384615385 0.203125
420000 4.865384615384615 0.21875
422000 4.865384615384615 0.203125
424000 4.826923076923077 0.328125
426000 4.826923076923077 0.390625
428000 4.788461538461538 0.296875
430000 4.788461538461538 0.234375
432000 4.788461538461538 0.1875
434000 4.788461538461538 0.203125
436000 4.8076923076923075 0.34375
438000 4.826923076923077 0.1875
440000 4.846153846153846 0.234375
442000 4.846153846153846 0.21875
444000 4.826923076923077 0.34375
446000 4.826923076923077 0.265625
448000 4.8076923076923075 0.234375
450000 4.846153846153846 0.21875
452000 4.826923076923077 0.25
454000 4.8076923076923075 0.234375
456000 4.846153846153846 0.234375
458000 4.8076923076923075 0.359375
460000 4.826923076923077 0.234375
462000 4.826923076923077 0.234375
464000 4.826923076923077 0.265625
466000 4.846153846153846 0.25
468000 4.846153846153846 0.359375
470000 4.826923076923077 0.25
472000 4.846153846153846 0.234375
474000 4.846153846153846 0.21875
476000 4.788461538461538 0.21875
478000 4.903846153846154 0.328125
480000 4.884615384615385 0.25
482000 4.769230769230769 0.234375
484000 4.769230769230769 0.21875
486000 4.846153846153846 0.234375
488000 4.826923076923077 0.25
490000 4.846153846153846 0.390625
492000 4.846153846153846 0.171875
494000 4.846153846153846 0.21875
496000 4.846153846153846 0.21875
498000 4.846153846153846 0.28125
500000 4.846153846153846 0.390625
