2000 1.8846153846153846 0.515625
4000 4.211538461538462 0.5
6000 4.519230769230769 0.625
8000 4.519230769230769 0.734375
10000 4.519230769230769 0.625
12000 4.519230769230769 0.578125
14000 4.519230769230769 0.734375
16000 4.461538461538462 0.59375
18000 4.576923076923077 0.640625
20000 4.596153846153846 0.640625
22000 4.1923076923076925 0.671875
24000 4.5576923076923075 0.515625
26000 4.596153846153846 0.65625
28000 4.461538461538462 0.625
30000 4.615384615384615 0.625
32000 4.615384615384615 0.625
34000 4.615384615384615 0.5625
36000 4.615384615384615 0.578125
38000 4.615384615384615 0.6875
40000 4.25 0.515625
42000 4.5 0.671875
44000 4.596153846153846 0.671875
46000 4.615384615384615 0.84375
48000 4.615384615384615 0.703125
50000 4.230769230769231 0.59375
52000 4.25 0.546875
54000 4.230769230769231 0.59375
56000 4.25 0.609375
58000 4.615384615384615 0.578125
60000 4.576923076923077 0.734375
62000 4.596153846153846 0.515625
64000 4.615384615384615 0.671875
66000 4.596153846153846 0.578125
68000 4.615384615384615 0.546875
70000 4.615384615384615 0.5625
72000 4.615384615384615 0.53125
74000 4.615384615384615 0.71875
76000 4.615384615384615 0.515625
78000 4.615384615384615 0.421875
80000 4.615384615384615 0.484375
82000 4.538461538461538 0.453125
84000 4.615384615384615 0.59375
86000 4.615384615384615 0.5
88000 4.615384615384615 0.578125
90000 4.615384615384615 0.640625
92000 4.615384615384615 0.46875
94000 4.615384615384615 0.46875
96000 4.596153846153846 0.515625
98000 4.403846153846154 0.5
100000 4.403846153846154 0.4375
102000 4.230769230769231 0.4375
104000 4.615384615384615 0.46875
106000 4.5576923076923075 0.640625
108000 4.615384615384615 0.484375
110000 4.615384615384615 0.671875
112000 4.615384615384615 0.46875
114000 4.615384615384615 0.484375
116000 4.615384615384615 0.640625
118000 4.615384615384615 0.453125
120000 4.596153846153846 0.515625
122000 4.230769230769231 0.6875
124000 4.5576923076923075 0.734375
126000 4.576923076923077 0.515625
128000 4.596153846153846 0.4375
130000 4.576923076923077 0.484375
132000 4.615384615384615 0.484375
134000 4.3076923076923075 0.53125
136000 4.538461538461538 0.59375
138000 4.346153846153846 0.671875
140000 4.615384615384615 0.640625
142000 4.519230769230769 0.515625
144000 4.365384615384615 0.453125
146000 4.615384615384615 0.65625
148000 4.596153846153846 0.53125
150000 4.519230769230769 0.5
152000 4.5576923076923075 0.671875
154000 4.5 0.5
156000 4.288461538461538 0.484375
158000 4.365384615384615 0.546875
160000 4.423076923076923 0.484375
162000 4.423076923076923 0.640625
164000 4.615384615384615 0.609375
166000 4.538461538461538 0.46875
168000 4.576923076923077 0.796875
170000 4.4423076923076925 0.671875
172000 4.576923076923077 0.53125
174000 4.365384615384615 0.65625
176000 4.384615384615385 0.53125
178000 4.3076923076923075 0.625
180000 4.365384615384615 0.59375
182000 4.403846153846154 0.65625
184000 4.576923076923077 0.609375
186000 4.461538461538462 0.59375
188000 4.3076923076923075 0.625
190000 4.5 0.46875
192000 4.346153846153846 0.546875
194000 4.461538461538462 0.625
196000 4.461538461538462 0.546875
198000 4.288461538461538 0.609375
200000 4.365384615384615 0.546875
202000 4.423076923076923 0.703125
204000 4.5 0.46875
206000 4.5576923076923075 0.609375
208000 4.480769230769231 0.578125
210000 4.461538461538462 0.59375
212000 4.4423076923076925 0.5625
214000 4.4423076923076925 0.546875
216000 4.5 0.53125
218000 4.5576923076923075 0.65625
220000 4.5576923076923075 0.625
222000 4.596153846153846 0.640625
224000 4.576923076923077 0.484375
226000 4.576923076923077 0.5
228000 4.596153846153846 0.53125
230000 4.519230769230769 0.515625
232000 4.596153846153846 0.609375
234000 4.5576923076923075 0.78125
236000 4.5576923076923075 0.71875
238000 4.480769230769231 0.65625
240000 4.288461538461538 0.609375
242000 4.4423076923076925 0.640625
244000 4.423076923076923 0.625
246000 4.461538461538462 0.625
248000 4.269230769230769 0.5
250000 4.3076923076923075 0.5625
252000 4.461538461538462 0.578125
254000 4.4423076923076925 0.671875
256000 4.461538461538462 0.671875
258000 4.480769230769231 0.484375
260000 4.423076923076923 0.5625
262000 4.365384615384615 0.734375
264000 4.365384615384615 0.6875
266000 4.384615384615385 0.78125
268000 4.4423076923076925 0.71875
270000 4.403846153846154 0.640625
272000 4.4423076923076925 0.546875
274000 4.461538461538462 0.75
276000 4.576923076923077 0.578125
278000 4.5 0.671875
280000 4.519230769230769 0.53125
282000 4.461538461538462 0.5625
284000 4.4423076923076925 0.640625
286000 4.5 0.5625
288000 4.538461538461538 0.6875
290000 4.615384615384615 0.671875
292000 4.653846153846154 0.546875
294000 4.653846153846154 0.515625
296000 4.5 0.4375
298000 4.576923076923077 0.671875
300000 4.596153846153846 0.609375
302000 4.5 0.578125
304000 4.403846153846154 0.65625
306000 4.269230769230769 0.53125
308000 4.519230769230769 0.703125
310000 4.480769230769231 0.546875
312000 4.403846153846154 0.578125
314000 4.288461538461538 0.5
316000 4.519230769230769 0.65625
318000 4.538461538461538 0.703125
320000 4.519230769230769 0.546875
322000 4.346153846153846 0.46875
324000 4.519230769230769 0.640625
326000 4.423076923076923 0.59375
328000 4.5 0.75
330000 4.288461538461538 0.8125
332000 4.326923076923077 0.625
334000 4.3076923076923075 0.609375
336000 4.365384615384615 0.734375
338000 4.538461538461538 0.859375
340000 4.5576923076923075 0.75
342000 4.5 0.671875
344000 4.423076923076923 0.640625
346000 4.423076923076923 0.59375
348000 4.423076923076923 0.5625
350000 4.384615384615385 0.609375
352000 4.519230769230769 0.5625
354000 4.423076923076923 0.484375
356000 4.365384615384615 0.546875
358000 4.519230769230769 0.578125
360000 4.461538461538462 0.609375
362000 4.519230769230769 0.765625
364000 4.538461538461538 0.640625
366000 4.403846153846154 0.578125
368000 4.346153846153846 0.5625
370000 4.384615384615385 0.546875
372000 4.423076923076923 0.59375
374000 4.5576923076923075 0.65625
376000 4.403846153846154 0.640625
378000 4.346153846153846 0.609375
380000 4.4423076923076925 0.515625
382000 4.365384615384615 0.609375
384000 4.461538461538462 0.5
386000 4.5 0.53125
388000 4.480769230769231 0.59375
390000 4.5 0.65625
392000 4.5 0.53125
394000 4.4423076923076925 0.640625
396000 4.3076923076923075 0.546875
398000 4.365384615384615 0.484375
400000 4.461538461538462 0.5625
402000 4.365384615384615 0.546875
404000 4.576923076923077 0.59375
406000 4.5576923076923075 0.578125
408000 4.538461538461538 0.5
410000 4.5 0.5625
412000 4.5 0.5625
414000 4.480769230769231 0.5625
416000 4.519230769230769 0.5
418000 4.538461538461538 0.609375
420000 4.480769230769231 0.703125
422000 4.480769230769231 0.484375
424000 4.5 0.5625
426000 4.576923076923077 0.78125
428000 4.5 0.625
430000 4.403846153846154 0.515625
432000 4.519230769230769 0.640625
434000 4.5 0.625
436000 4.4423076923076925 0.6875
438000 4.519230769230769 0.59375
440000 4.423076923076923 0.65625
442000 4.384615384615385 0.546875
444000 4.346153846153846 0.671875
446000 4.384615384615385 0.53125
448000 4.3076923076923075 0.484375
450000 4.269230769230769 0.46875
452000 4.288461538461538 0.5
454000 4.326923076923077 0.53125
456000 4.288461538461538 0.734375
458000 4.3076923076923075 0.640625
460000 4.3076923076923075 0.46875
462000 4.346153846153846 0.484375
464000 4.480769230769231 0.53125
466000 4.5 0.515625
468000 4.384615384615385 0.75
470000 4.423076923076923 0.796875
472000 4.423076923076923 0.546875
474000 4.5 0.5
476000 4.365384615384615 0.53125
478000 4.384615384615385 0.515625
480000 4.384615384615385 0.46875
482000 4.4423076923076925 0.515625
484000 4.4423076923076925 0.515625
486000 4.403846153846154 0.640625
488000 4.403846153846154 0.453125
490000 4.403846153846154 0.59375
492000 4.384615384615385 0.5625
494000 4.461538461538462 0.484375
496000 4.461538461538462 0.484375
498000 4.403846153846154 0.6875
500000 4.5 0.484375
