2000 1.9615384615384615 0.1875
4000 4.211538461538462 0.1875
6000 4.519230769230769 0.203125
8000 4.519230769230769 0.265625
10000 4.519230769230769 0.390625
12000 4.519230769230769 0.1875
14000 4.519230769230769 0.1875
16000 4.519230769230769 0.1875
18000 4.519230769230769 0.234375
20000 4.461538461538462 0.34375
22000 4.461538461538462 0.21875
24000 4.423076923076923 0.234375
26000 4.576923076923077 0.21875
28000 4.1923076923076925 0.28125
30000 4.576923076923077 0.25
32000 4.75 0.21875
34000 4.75 0.203125
36000 4.75 0.28125
38000 4.769230769230769 0.203125
40000 4.653846153846154 0.28125
42000 4.788461538461538 0.421875
44000 4.826923076923077 0.25
46000 4.826923076923077 0.234375
48000 4.846153846153846 0.25
50000 4.846153846153846 0.25
52000 4.846153846153846 0.359375
54000 4.865384615384615 0.21875
56000 4.826923076923077 0.234375
58000 4.865384615384615 0.21875
60000 4.826923076923077 0.25
62000 4.846153846153846 0.328125
64000 4.846153846153846 0.28125
66000 4.788461538461538 0.28125
68000 4.826923076923077 0.296875
70000 4.846153846153846 0.21875
72000 4.826923076923077 0.359375
74000 4.769230769230769 0.421875
76000 4.788461538461538 0.234375
78000 4.846153846153846 0.21875
80000 4.865384615384615 0.234375
82000 4.846153846153846 0.296875
84000 4.846153846153846 0.3125
86000 4.865384615384615 0.203125
88000 4.846153846153846 0.234375
90000 4.75 0.1875
92000 4.538461538461538 0.234375
94000 4.634615384615385 0.25
96000 4.8076923076923075 0.28125
98000 4.8076923076923075 0.203125
100000 4.846153846153846 0.21875
102000 4.8076923076923075 0.1875
104000 4.576923076923077 0.28125
106000 4.75 0.375
108000 4.788461538461538 0.203125
110000 4.6923076923076925 0.25
112000 4.769230769230769 0.21875
114000 4.6923076923076925 0.265625
116000 4.75 0.359375
118000 4.653846153846154 0.21875
120000 4.769230769230769 0.234375
122000 4.769230769230769 0.25
124000 4.6923076923076925 0.234375
126000 4.788461538461538 0.28125
128000 4.769230769230769 0.21875
130000 4.826923076923077 0.234375
132000 4.846153846153846 0.234375
134000 4.8076923076923075 0.265625
136000 4.826923076923077 0.234375
138000 4.865384615384615 0.390625
140000 4.8076923076923075 0.1875
142000 4.826923076923077 0.203125
144000 4.8076923076923075 0.28125
146000 4.846153846153846 0.25
148000 4.634615384615385 0.3125
150000 4.865384615384615 0.359375
152000 4.826923076923077 0.28125
154000 4.769230769230769 0.328125
156000 4.846153846153846 0.21875
158000 4.865384615384615 0.3125
160000 4.884615384615385 0.1875
162000 4.884615384615385 0.25
164000 4.8076923076923075 0.28125
166000 4.865384615384615 0.203125
168000 4.865384615384615 0.296875
170000 4.846153846153846 0.328125
172000 4.634615384615385 0.328125
174000 4.8076923076923075 0.25
176000 4.788461538461538 0.265625
178000 4.6923076923076925 0.3125
180000 4.826923076923077 0.359375
182000 4.788461538461538 0.25
184000 4.8076923076923075 0.3125
186000 4.865384615384615 0.328125
188000 4.826923076923077 0.234375
190000 4.8076923076923075 0.34375
192000 4.8076923076923075 0.359375
194000 4.903846153846154 0.3125
196000 4.884615384615385 0.265625
198000 4.884615384615385 0.328125
200000 4.826923076923077 0.296875
202000 4.730769230769231 0.34375
204000 4.903846153846154 0.265625
206000 4.865384615384615 0.234375
208000 4.8076923076923075 0.203125
210000 4.8076923076923075 0.3125
212000 4.846153846153846 0.265625
214000 4.673076923076923 0.234375
216000 4.75 0.203125
218000 4.923076923076923 0.28125
220000 4.6923076923076925 0.203125
222000 4.75 0.28125
224000 4.653846153846154 0.265625
226000 4.826923076923077 0.265625
228000 4.75 0.28125
230000 4.5576923076923075 0.234375
232000 4.615384615384615 0.3125
234000 4.846153846153846 0.359375
236000 4.865384615384615 0.21875
238000 4.846153846153846 0.25
240000 4.788461538461538 0.265625
242000 4.769230769230769 0.28125
244000 4.75 0.375
246000 4.826923076923077 0.203125
248000 4.730769230769231 0.21875
250000 4.826923076923077 0.296875
252000 4.846153846153846 0.203125
254000 4.730769230769231 0.3125
256000 4.769230769230769 0.234375
258000 4.846153846153846 0.265625
260000 4.711538461538462 0.265625
262000 4.884615384615385 0.203125
264000 4.846153846153846 0.25
266000 4.865384615384615 0.375
268000 4.884615384615385 0.21875
270000 4.865384615384615 0.203125
272000 4.769230769230769 0.21875
274000 4.730769230769231 0.265625
276000 4.730769230769231 0.34375
278000 4.6923076923076925 0.21875
280000 4.75 0.265625
282000 4.653846153846154 0.203125
284000 4.769230769230769 0.1875
286000 4.711538461538462 0.28125
288000 4.788461538461538 0.203125
290000 4.75 0.34375
292000 4.711538461538462 0.234375
294000 4.6923076923076925 0.203125
296000 4.6923076923076925 0.3125
298000 4.730769230769231 0.296875
300000 4.826923076923077 0.265625
302000 4.730769230769231 0.234375
304000 4.788461538461538 0.25
306000 4.8076923076923075 0.296875
308000 4.788461538461538 0.3125
310000 4.788461538461538 0.234375
312000 4.75 0.1875
314000 4.826923076923077 0.3125
316000 4.903846153846154 0.3125
318000 4.769230769230769 0.34375
320000 4.884615384615385 0.171875
322000 4.730769230769231 0.234375
324000 4.884615384615385 0.203125
326000 4.846153846153846 0.1875
328000 4.846153846153846 0.296875
330000 4.769230769230769 0.375
332000 4.788461538461538 0.234375
334000 4.8076923076923075 0.25
336000 4.884615384615385 0.203125
338000 4.8076923076923075 0.28125
340000 4.903846153846154 0.328125
342000 4.8076923076923075 0.234375
344000 4.8076923076923075 0.21875
346000 4.923076923076923 0.3125
348000 4.730769230769231 0.28125
350000 4.6923076923076925 0.296875
352000 4.6923076923076925 0.21875
354000 4.615384615384615 0.25
356000 4.615384615384615 0.203125
358000 4.5576923076923075 0.171875
360000 4.576923076923077 0.328125
362000 4.615384615384615 0.359375
364000 4.769230769230769 0.1875
366000 4.653846153846154 0.203125
368000 4.75 0.25
370000 4.596153846153846 0.28125
372000 4.673076923076923 0.328125
374000 4.788461538461538 0.234375
376000 4.711538461538462 0.234375
378000 4.769230769230769 0.203125
380000 4.634615384615385 0.234375
382000 4.6923076923076925 0.265625
384000 4.730769230769231 0.203125
386000 4.788461538461538 0.21875
388000 4.673076923076923 0.265625
390000 4.6923076923076925 0.25
392000 4.673076923076923 0.34375
394000 4.596153846153846 0.40625
396000 4.538461538461538 0.203125
398000 4.5576923076923075 0.21875
400000 4.711538461538462 0.234375
402000 4.653846153846154 0.25
404000 4.673076923076923 0.375
406000 4.6923076923076925 0.28125
408000 4.5576923076923075 0.1875
410000 4.730769230769231 0.1875
412000 4.538461538461538 0.28125
414000 4.596153846153846 0.265625
416000 4.576923076923077 0.1875
418000 4.519230769230769 0.3125
420000 4.615384615384615 0.140625
422000 4.6923076923076925 0.203125
424000 4.576923076923077 0.171875
426000 4.596153846153846 0.34375
428000 4.653846153846154 0.1875
430000 4.653846153846154 0.140625
432000 4.615384615384615 0.171875
434000 4.596153846153846 0.25
436000 4.596153846153846 0.34375
438000 4.615384615384615 0.203125
440000 4.634615384615385 0.125
442000 4.75 0.140625
444000 4.6923076923076925 0.203125
446000 4.634615384615385 0.28125
448000 4.615384615384615 0.28125
450000 4.634615384615385 0.234375
452000 4.673076923076923 0.15625
454000 4.634615384615385 0.171875
456000 4.673076923076923 0.234375
458000 4.711538461538462 0.34375
460000 4.653846153846154 0.25
462000 4.653846153846154 0.171875
464000 4.653846153846154 0.1875
466000 4.5 0.25
468000 4.5 0.28125
470000 4.5 0.125
472000 4.384615384615385 0.21875
474000 4.5 0.171875
476000 4.423076923076923 0.203125
478000 4.403846153846154 0.28125
480000 4.5576923076923075 0.15625
482000 4.538461538461538 0.1875
484000 4.5576923076923075 0.1875
486000 4.519230769230769 0.140625
488000 4.423076923076923 0.265625
490000 4.4423076923076925 0.34375
492000 4.403846153846154 0.109375
494000 4.403846153846154 0.15625
496000 4.480769230769231 0.171875
498000 4.423076923076923 0.140625
500000 4.4423076923076925 0.3125
