2000 0.36538461538461536 0.078125
4000 1.0384615384615385 0.125
6000 1.0769230769230769 0.09375
8000 1.0769230769230769 0.125
10000 1.1153846153846154 0.125
12000 1.1346153846153846 0.09375
14000 1.1346153846153846 0.09375
16000 1.1346153846153846 0.09375
18000 1.1346153846153846 0.125
20000 1.1346153846153846 0.171875
22000 1.1538461538461537 0.078125
24000 1.3461538461538463 0.078125
26000 1.3461538461538463 0.15625
28000 1.4615384615384615 0.140625
30000 1.4423076923076923 0.140625
32000 1.4615384615384615 0.09375
34000 1.4423076923076923 0.078125
36000 1.4615384615384615 0.140625
38000 1.4807692307692308 0.109375
40000 1.4615384615384615 0.171875
42000 1.4423076923076923 0.203125
44000 1.4423076923076923 0.109375
46000 1.4615384615384615 0.109375
48000 1.4615384615384615 0.125
50000 1.4230769230769231 0.140625
52000 1.4423076923076923 0.15625
54000 1.4615384615384615 0.0625
56000 1.4423076923076923 0.109375
58000 1.4038461538461537 0.15625
60000 1.4038461538461537 0.171875
62000 1.4230769230769231 0.1875
64000 1.4038461538461537 0.0625
66000 1.3846153846153846 0.078125
68000 1.3846153846153846 0.125
70000 1.4423076923076923 0.15625
72000 1.4615384615384615 0.1875
74000 1.4615384615384615 0.1875
76000 1.4423076923076923 0.078125
78000 1.4807692307692308 0.109375
80000 1.4807692307692308 0.15625
82000 1.4615384615384615 0.1875
84000 1.4807692307692308 0.171875
86000 1.4807692307692308 0.078125
88000 1.8076923076923077 0.09375
90000 2.2115384615384617 0.140625
92000 2.3076923076923075 0.15625
94000 2.480769230769231 0.171875
96000 2.4038461538461537 0.09375
98000 2.480769230769231 0.09375
100000 2.519230769230769 0.140625
102000 2.423076923076923 0.1875
104000 2.519230769230769 0.171875
106000 2.5576923076923075 0.171875
108000 2.5384615384615383 0.09375
110000 2.5384615384615383 0.140625
112000 2.4615384615384617 0.171875
114000 2.5961538461538463 0.15625
116000 2.5576923076923075 0.15625
118000 2.7115384615384617 0.078125
120000 2.730769230769231 0.078125
122000 2.6153846153846154 0.140625
124000 2.6153846153846154 0.125
126000 2.5961538461538463 0.171875
128000 2.3846153846153846 0.09375
130000 2.7115384615384617 0.09375
132000 2.673076923076923 0.140625
134000 2.769230769230769 0.171875
136000 2.7115384615384617 0.171875
138000 2.6538461538461537 0.15625
140000 2.6538461538461537 0.078125
142000 2.673076923076923 0.109375
144000 2.8076923076923075 0.15625
146000 2.8076923076923075 0.15625
148000 2.75 0.140625
150000 2.8076923076923075 0.078125
152000 2.7884615384615383 0.078125
154000 2.75 0.140625
156000 2.769230769230769 0.1875
158000 2.8076923076923075 0.15625
160000 2.7884615384615383 0.078125
162000 2.673076923076923 0.109375
164000 2.6923076923076925 0.125
166000 2.326923076923077 0.171875
168000 2.923076923076923 0.171875
170000 2.6538461538461537 0.15625
172000 2.6923076923076925 0.078125
174000 2.75 0.125
176000 2.769230769230769 0.078125
178000 2.673076923076923 0.171875
180000 2.8076923076923075 0.15625
182000 2.5961538461538463 0.09375
184000 2.75 0.078125
186000 2.769230769230769 0.125
188000 2.5961538461538463 0.109375
190000 2.8846153846153846 0.15625
192000 2.5 0.109375
194000 2.75 0.140625
196000 2.8846153846153846 0.125
198000 2.8653846153846154 0.109375
200000 2.8653846153846154 0.140625
202000 2.826923076923077 0.109375
204000 2.7884615384615383 0.125
206000 2.7115384615384617 0.109375
208000 2.769230769230769 0.125
210000 2.8076923076923075 0.09375
212000 2.673076923076923 0.125
214000 2.730769230769231 0.15625
216000 2.6346153846153846 0.125
218000 2.576923076923077 0.109375
220000 2.576923076923077 0.171875
222000 2.5 0.125
224000 2.5576923076923075 0.109375
226000 2.519230769230769 0.109375
228000 2.7115384615384617 0.125
230000 2.75 0.140625
232000 2.423076923076923 0.125
234000 2.769230769230769 0.125
236000 2.6153846153846154 0.09375
238000 2.5961538461538463 0.125
240000 2.7115384615384617 0.109375
242000 2.576923076923077 0.15625
244000 2.6538461538461537 0.15625
246000 2.3653846153846154 0.125
248000 2.6346153846153846 0.109375
250000 2.5576923076923075 0.125
252000 2.673076923076923 0.109375
254000 2.7115384615384617 0.109375
256000 2.5 0.109375
258000 2.75 0.09375
260000 2.5576923076923075 0.09375
262000 2.7884615384615383 0.140625
264000 2.7884615384615383 0.203125
266000 2.576923076923077 0.15625
268000 2.7884615384615383 0.109375
270000 2.7884615384615383 0.109375
272000 2.9038461538461537 0.109375
274000 2.8461538461538463 0.1875
276000 2.576923076923077 0.15625
278000 2.7884615384615383 0.078125
280000 2.75 0.109375
282000 2.576923076923077 0.140625
284000 2.8846153846153846 0.1875
286000 2.826923076923077 0.15625
288000 2.730769230769231 0.109375
290000 2.4038461538461537 0.078125
292000 2.519230769230769 0.140625
294000 2.8846153846153846 0.1875
296000 2.6153846153846154 0.1875
298000 2.6346153846153846 0.140625
300000 2.8846153846153846 0.09375
302000 2.8846153846153846 0.140625
304000 2.826923076923077 0.15625
306000 2.769230769230769 0.15625
308000 2.9038461538461537 0.15625
310000 2.6923076923076925 0.046875
312000 2.9615384615384617 0.078125
314000 2.826923076923077 0.109375
316000 2.9038461538461537 0.1875
318000 2.8846153846153846 0.15625
320000 2.8461538461538463 0.0625
322000 2.9423076923076925 0.09375
324000 2.8846153846153846 0.09375
326000 2.9038461538461537 0.15625
328000 2.8076923076923075 0.1875
330000 2.7884615384615383 0.1875
332000 2.6153846153846154 0.078125
334000 2.8076923076923075 0.125
336000 2.5384615384615383 0.109375
338000 2.9423076923076925 0.1875
340000 2.923076923076923 0.140625
342000 2.826923076923077 0.0625
344000 2.8653846153846154 0.109375
346000 2.8461538461538463 0.140625
348000 2.673076923076923 0.15625
350000 2.6153846153846154 0.1875
352000 2.6923076923076925 0.09375
354000 2.8653846153846154 0.09375
356000 2.8076923076923075 0.140625
358000 2.8076923076923075 0.125
360000 3.0 0.15625
362000 3.0 0.171875
364000 2.9615384615384617 0.078125
366000 3.0576923076923075 0.125
368000 2.9615384615384617 0.109375
370000 3.0384615384615383 0.1875
372000 3.0961538461538463 0.15625
374000 3.019230769230769 0.078125
376000 3.076923076923077 0.125
378000 3.0384615384615383 0.140625
380000 3.0 0.1875
382000 3.076923076923077 0.171875
384000 3.0 0.0625
386000 2.9038461538461537 0.0625
388000 2.7884615384615383 0.140625
390000 3.076923076923077 0.125
392000 3.0384615384615383 0.125
394000 3.0384615384615383 0.203125
396000 3.0576923076923075 0.109375
398000 3.0961538461538463 0.125
400000 2.9615384615384617 0.140625
402000 3.0 0.15625
404000 2.980769230769231 0.1875
406000 3.0576923076923075 0.09375
408000 2.923076923076923 0.078125
410000 3.0576923076923075 0.140625
412000 3.076923076923077 0.171875
414000 3.0576923076923075 0.109375
416000 3.0384615384615383 0.0625
418000 3.019230769230769 0.109375
420000 3.0961538461538463 0.125
422000 2.8846153846153846 0.1875
424000 3.0576923076923075 0.171875
426000 3.0576923076923075 0.125
428000 3.0 0.109375
430000 3.076923076923077 0.09375
432000 3.0961538461538463 0.140625
434000 3.0384615384615383 0.109375
436000 3.076923076923077 0.15625
438000 3.0961538461538463 0.109375
440000 3.0576923076923075 0.125
442000 3.0961538461538463 0.125
444000 3.1153846153846154 0.15625
446000 3.0 0.125
448000 3.0576923076923075 0.09375
450000 2.9615384615384617 0.15625
452000 2.980769230769231 0.125
454000 2.9615384615384617 0.1875
456000 2.9615384615384617 0.15625
458000 3.0 0.1875
460000 2.9615384615384617 0.078125
462000 2.9423076923076925 0.109375
464000 2.826923076923077 0.140625
466000 3.0384615384615383 0.1875
468000 3.0 0.125
470000 3.0 0.078125
472000 2.9615384615384617 0.125
474000 3.0384615384615383 0.140625
476000 3.019230769230769 0.15625
478000 3.0576923076923075 0.1875
480000 3.0961538461538463 0.0625
482000 3.0961538461538463 0.078125
484000 2.923076923076923 0.15625
486000 2.980769230769231 0.15625
488000 3.0961538461538463 0.15625
490000 3.0576923076923075 0.1875
492000 3.0961538461538463 0.0625
494000 3.0961538461538463 0.078125
496000 3.0576923076923075 0.1875
498000 3.0961538461538463 0.1875
500000 3.0576923076923075 0.1875
