2000 3.75 0.234375
4000 3.8076923076923075 0.203125
6000 4.519230769230769 0.140625
8000 4.519230769230769 0.296875
10000 4.519230769230769 0.390625
12000 4.519230769230769 0.1875
14000 4.519230769230769 0.140625
16000 4.519230769230769 0.234375
18000 4.519230769230769 0.21875
20000 4.519230769230769 0.328125
22000 4.365384615384615 0.15625
24000 4.365384615384615 0.203125
26000 4.519230769230769 0.28125
28000 4.519230769230769 0.21875
30000 4.519230769230769 0.3125
32000 4.576923076923077 0.15625
34000 4.519230769230769 0.140625
36000 4.634615384615385 0.1875
38000 4.634615384615385 0.203125
40000 4.634615384615385 0.25
42000 4.711538461538462 0.34375
44000 4.75 0.21875
46000 4.769230769230769 0.21875
48000 4.769230769230769 0.25
50000 4.75 0.25
52000 4.769230769230769 0.296875
54000 4.6923076923076925 0.1875
56000 4.730769230769231 0.234375
58000 4.769230769230769 0.15625
60000 4.788461538461538 0.1875
62000 4.769230769230769 0.296875
64000 4.769230769230769 0.1875
66000 4.769230769230769 0.171875
68000 4.8076923076923075 0.1875
70000 4.769230769230769 0.203125
72000 4.769230769230769 0.296875
74000 4.769230769230769 0.359375
76000 4.788461538461538 0.203125
78000 4.788461538461538 0.15625
80000 4.75 0.21875
82000 4.730769230769231 0.203125
84000 4.769230769230769 0.3125
86000 4.730769230769231 0.171875
88000 4.730769230769231 0.15625
90000 4.730769230769231 0.15625
92000 4.730769230769231 0.203125
94000 4.75 0.265625
96000 4.730769230769231 0.1875
98000 4.75 0.171875
100000 4.711538461538462 0.15625
102000 4.769230769230769 0.203125
104000 4.711538461538462 0.234375
106000 4.730769230769231 0.359375
108000 4.826923076923077 0.15625
110000 4.788461538461538 0.21875
112000 4.865384615384615 0.203125
114000 4.846153846153846 0.21875
116000 4.769230769230769 0.328125
118000 4.769230769230769 0.21875
120000 4.846153846153846 0.203125
122000 4.788461538461538 0.1875
124000 4.846153846153846 0.203125
126000 4.788461538461538 0.265625
128000 4.884615384615385 0.203125
130000 4.826923076923077 0.265625
132000 4.9423076923076925 0.203125
134000 4.8076923076923075 0.203125
136000 4.788461538461538 0.28125
138000 4.8076923076923075 0.296875
140000 4.769230769230769 0.234375
142000 4.865384615384615 0.1875
144000 4.961538461538462 0.140625
146000 4.923076923076923 0.234375
148000 4.75 0.359375
150000 4.865384615384615 0.1875
152000 4.75 0.25
154000 4.6923076923076925 0.140625
156000 4.788461538461538 0.21875
158000 4.788461538461538 0.25
160000 4.75 0.171875
162000 4.903846153846154 0.171875
164000 4.788461538461538 0.234375
166000 4.8076923076923075 0.203125
168000 4.769230769230769 0.28125
170000 4.788461538461538 0.34375
172000 4.8076923076923075 0.1875
174000 4.788461538461538 0.25
176000 4.826923076923077 0.1875
178000 4.8076923076923075 0.21875
180000 4.826923076923077 0.34375
182000 4.8076923076923075 0.140625
184000 4.8076923076923075 0.171875
186000 4.769230769230769 0.15625
188000 4.711538461538462 0.265625
190000 4.75 0.234375
192000 4.769230769230769 0.25
194000 4.8076923076923075 0.171875
196000 4.788461538461538 0.1875
198000 4.826923076923077 0.21875
200000 4.75 0.234375
202000 4.788461538461538 0.328125
204000 4.826923076923077 0.1875
206000 4.788461538461538 0.28125
208000 4.826923076923077 0.171875
210000 4.788461538461538 0.21875
212000 4.788461538461538 0.328125
214000 4.826923076923077 0.21875
216000 4.8076923076923075 0.203125
218000 4.826923076923077 0.1875
220000 4.846153846153846 0.203125
222000 4.8076923076923075 0.296875
224000 4.769230769230769 0.1875
226000 4.961538461538462 0.140625
228000 4.769230769230769 0.234375
230000 4.826923076923077 0.171875
232000 4.75 0.265625
234000 4.961538461538462 0.375
236000 4.8076923076923075 0.140625
238000 4.5 0.15625
240000 4.961538461538462 0.1875
242000 4.826923076923077 0.234375
244000 4.9423076923076925 0.328125
246000 4.9423076923076925 0.171875
248000 4.865384615384615 0.171875
250000 4.8076923076923075 0.1875
252000 4.769230769230769 0.203125
254000 4.769230769230769 0.203125
256000 4.8076923076923075 0.203125
258000 4.961538461538462 0.21875
260000 4.8076923076923075 0.171875
262000 4.865384615384615 0.140625
264000 4.865384615384615 0.234375
266000 4.846153846153846 0.375
268000 4.865384615384615 0.171875
270000 4.865384615384615 0.203125
272000 4.865384615384615 0.171875
274000 4.865384615384615 0.234375
276000 4.826923076923077 0.3125
278000 4.711538461538462 0.15625
280000 4.826923076923077 0.15625
282000 4.865384615384615 0.140625
284000 4.865384615384615 0.21875
286000 4.865384615384615 0.3125
288000 4.8076923076923075 0.1875
290000 4.8076923076923075 0.171875
292000 4.8076923076923075 0.140625
294000 4.769230769230769 0.1875
296000 4.826923076923077 0.28125
298000 4.730769230769231 0.34375
300000 4.711538461538462 0.1875
302000 4.8076923076923075 0.171875
304000 4.903846153846154 0.15625
306000 4.788461538461538 0.21875
308000 4.826923076923077 0.3125
310000 4.846153846153846 0.171875
312000 4.826923076923077 0.171875
314000 4.961538461538462 0.15625
316000 5.0 0.21875
318000 4.980769230769231 0.3125
320000 4.826923076923077 0.171875
322000 4.846153846153846 0.15625
324000 4.75 0.1875
326000 4.865384615384615 0.15625
328000 5.0 0.3125
330000 4.826923076923077 0.3125
332000 4.903846153846154 0.171875
334000 4.980769230769231 0.171875
336000 4.826923076923077 0.203125
338000 5.0 0.296875
340000 4.826923076923077 0.3125
342000 4.6923076923076925 0.1875
344000 4.730769230769231 0.234375
346000 4.711538461538462 0.21875
348000 4.846153846153846 0.265625
350000 4.788461538461538 0.25
352000 4.730769230769231 0.171875
354000 4.8076923076923075 0.265625
356000 4.730769230769231 0.171875
358000 4.6923076923076925 0.21875
360000 4.480769230769231 0.234375
362000 4.653846153846154 0.3125
364000 4.326923076923077 0.15625
366000 4.346153846153846 0.21875
368000 4.346153846153846 0.15625
370000 4.5576923076923075 0.21875
372000 4.596153846153846 0.34375
374000 4.538461538461538 0.21875
376000 4.519230769230769 0.15625
378000 4.730769230769231 0.203125
380000 4.846153846153846 0.171875
382000 4.788461538461538 0.328125
384000 4.730769230769231 0.1875
386000 4.788461538461538 0.203125
388000 4.846153846153846 0.15625
390000 4.826923076923077 0.21875
392000 4.846153846153846 0.265625
394000 4.865384615384615 0.3125
396000 4.826923076923077 0.171875
398000 4.6923076923076925 0.15625
400000 4.711538461538462 0.140625
402000 4.846153846153846 0.21875
404000 4.75 0.296875
406000 4.730769230769231 0.234375
408000 4.9423076923076925 0.15625
410000 4.9423076923076925 0.171875
412000 4.961538461538462 0.28125
414000 4.980769230769231 0.25
416000 4.9423076923076925 0.203125
418000 4.903846153846154 0.15625
420000 4.884615384615385 0.15625
422000 4.788461538461538 0.25
424000 4.9423076923076925 0.265625
426000 4.980769230769231 0.375
428000 4.980769230769231 0.15625
430000 4.9423076923076925 0.203125
432000 4.923076923076923 0.171875
434000 4.923076923076923 0.25
436000 4.903846153846154 0.34375
438000 4.980769230769231 0.203125
440000 4.903846153846154 0.1875
442000 4.903846153846154 0.15625
444000 4.884615384615385 0.21875
446000 4.903846153846154 0.3125
448000 4.9423076923076925 0.171875
450000 4.884615384615385 0.203125
452000 4.884615384615385 0.15625
454000 4.769230769230769 0.15625
456000 4.884615384615385 0.296875
458000 4.961538461538462 0.328125
460000 4.9423076923076925 0.1875
462000 4.788461538461538 0.15625
464000 4.884615384615385 0.21875
466000 4.8076923076923075 0.203125
468000 4.788461538461538 0.34375
470000 4.8076923076923075 0.203125
472000 4.8076923076923075 0.15625
474000 4.788461538461538 0.1875
476000 4.8076923076923075 0.21875
478000 4.769230769230769 0.203125
480000 4.769230769230769 0.203125
482000 4.788461538461538 0.15625
484000 4.9423076923076925 0.171875
486000 4.788461538461538 0.140625
488000 4.788461538461538 0.28125
490000 4.788461538461538 0.296875
492000 4.8076923076923075 0.1875
494000 4.923076923076923 0.15625
496000 4.961538461538462 0.15625
498000 4.826923076923077 0.25
500000 4.788461538461538 0.328125
