2000 0.7115384615384616 0.1875
4000 1.2692307692307692 0.1875
6000 1.7307692307692308 0.234375
8000 1.9807692307692308 0.171875
10000 2.019230769230769 0.25
12000 2.0384615384615383 0.171875
14000 2.1538461538461537 0.171875
16000 2.3846153846153846 0.171875
18000 2.3653846153846154 0.171875
20000 2.5384615384615383 0.171875
22000 2.6923076923076925 0.15625
24000 2.8461538461538463 0.203125
26000 3.5384615384615383 0.171875
28000 3.730769230769231 0.15625
30000 4.0576923076923075 0.15625
32000 4.173076923076923 0.171875
34000 4.134615384615385 0.1875
36000 4.1923076923076925 0.171875
38000 4.423076923076923 0.1875
40000 4.4423076923076925 0.171875
42000 4.538461538461538 0.171875
44000 4.5576923076923075 0.171875
46000 4.5576923076923075 0.203125
48000 4.538461538461538 0.21875
50000 4.480769230769231 0.203125
52000 4.4423076923076925 0.171875
54000 4.5 0.171875
56000 4.519230769230769 0.171875
58000 4.519230769230769 0.3125
60000 4.519230769230769 0.171875
62000 4.5 0.171875
64000 4.519230769230769 0.15625
66000 4.5 0.15625
68000 4.519230769230769 0.171875
70000 4.5576923076923075 0.171875
72000 4.5576923076923075 0.171875
74000 4.5 0.15625
76000 4.461538461538462 0.1875
78000 4.423076923076923 0.296875
80000 4.4423076923076925 0.28125
82000 4.423076923076923 0.265625
84000 4.423076923076923 0.28125
86000 4.423076923076923 0.25
88000 4.423076923076923 0.265625
90000 4.4423076923076925 0.328125
92000 4.423076923076923 0.3125
94000 4.423076923076923 0.265625
96000 4.423076923076923 0.28125
98000 4.423076923076923 0.234375
100000 4.423076923076923 0.25
102000 4.365384615384615 0.28125
104000 4.365384615384615 0.28125
106000 4.384615384615385 0.234375
108000 4.423076923076923 0.1875
110000 4.403846153846154 0.21875
112000 4.461538461538462 0.234375
114000 4.461538461538462 0.234375
116000 4.403846153846154 0.265625
118000 4.480769230769231 0.1875
120000 4.480769230769231 0.171875
122000 4.461538461538462 0.171875
124000 4.480769230769231 0.234375
126000 4.480769230769231 0.171875
128000 4.480769230769231 0.171875
130000 4.423076923076923 0.171875
132000 4.423076923076923 0.1875
134000 4.480769230769231 0.203125
136000 4.423076923076923 0.171875
138000 4.480769230769231 0.1875
140000 4.423076923076923 0.21875
142000 4.480769230769231 0.171875
144000 4.480769230769231 0.171875
146000 4.480769230769231 0.1875
148000 4.384615384615385 0.15625
150000 4.423076923076923 0.234375
152000 4.5 0.171875
154000 4.519230769230769 0.1875
156000 4.519230769230769 0.171875
158000 4.4423076923076925 0.15625
160000 4.5 0.1875
162000 4.5 0.171875
164000 4.538461538461538 0.171875
166000 4.576923076923077 0.171875
168000 4.538461538461538 0.234375
170000 4.480769230769231 0.359375
172000 4.480769230769231 0.203125
174000 4.519230769230769 0.234375
176000 4.538461538461538 0.171875
178000 4.5576923076923075 0.1875
180000 4.519230769230769 0.1875
182000 4.576923076923077 0.203125
184000 4.538461538461538 0.171875
186000 4.538461538461538 0.171875
188000 4.538461538461538 0.171875
190000 4.538461538461538 0.25
192000 4.519230769230769 0.25
194000 4.519230769230769 0.203125
196000 4.519230769230769 0.203125
198000 4.480769230769231 0.1875
200000 4.5 0.265625
202000 4.519230769230769 0.1875
204000 4.519230769230769 0.203125
206000 4.5 0.1875
208000 4.576923076923077 0.21875
210000 4.576923076923077 0.15625
212000 4.576923076923077 0.171875
214000 4.576923076923077 0.1875
216000 4.5576923076923075 0.203125
218000 4.5576923076923075 0.171875
220000 4.576923076923077 0.25
222000 4.576923076923077 0.1875
224000 4.5576923076923075 0.171875
226000 4.538461538461538 0.171875
228000 4.5576923076923075 0.09375
230000 4.538461538461538 0.1875
232000 4.596153846153846 0.15625
234000 4.596153846153846 0.09375
236000 4.5576923076923075 0.109375
238000 4.5576923076923075 0.109375
240000 4.5576923076923075 0.109375
242000 4.5 0.109375
244000 4.5576923076923075 0.09375
246000 4.538461538461538 0.109375
248000 4.538461538461538 0.140625
250000 4.538461538461538 0.15625
252000 4.538461538461538 0.171875
254000 4.5576923076923075 0.21875
256000 4.5576923076923075 0.09375
258000 4.5576923076923075 0.109375
260000 4.5576923076923075 0.09375
262000 4.615384615384615 0.109375
264000 4.615384615384615 0.109375
266000 4.5576923076923075 0.1875
268000 4.538461538461538 0.109375
270000 4.5 0.078125
272000 4.596153846153846 0.09375
274000 4.596153846153846 0.09375
276000 4.653846153846154 0.125
278000 4.6923076923076925 0.125
280000 4.673076923076923 0.125
282000 4.6923076923076925 0.15625
284000 4.75 0.125
286000 4.730769230769231 0.125
288000 4.730769230769231 0.125
290000 4.730769230769231 0.09375
292000 4.730769230769231 0.09375
294000 4.730769230769231 0.203125
296000 4.730769230769231 0.15625
298000 4.730769230769231 0.25
300000 4.615384615384615 0.21875
302000 4.653846153846154 0.265625
304000 4.711538461538462 0.234375
306000 4.711538461538462 0.265625
308000 4.711538461538462 0.234375
310000 4.730769230769231 0.15625
312000 4.711538461538462 0.234375
314000 4.711538461538462 0.25
316000 4.75 0.234375
318000 4.75 0.25
320000 4.75 0.265625
322000 4.673076923076923 0.15625
324000 4.653846153846154 0.203125
326000 4.6923076923076925 0.1875
328000 4.730769230769231 0.1875
330000 4.711538461538462 0.171875
332000 4.711538461538462 0.171875
334000 4.673076923076923 0.1875
336000 4.6923076923076925 0.21875
338000 4.6923076923076925 0.25
340000 4.576923076923077 0.28125
342000 4.576923076923077 0.1875
344000 4.615384615384615 0.203125
346000 4.615384615384615 0.1875
348000 4.596153846153846 0.1875
350000 4.615384615384615 0.1875
352000 4.653846153846154 0.1875
354000 4.634615384615385 0.21875
356000 4.711538461538462 0.1875
358000 4.673076923076923 0.15625
360000 4.634615384615385 0.234375
362000 4.596153846153846 0.1875
364000 4.6923076923076925 0.203125
366000 4.596153846153846 0.21875
368000 4.615384615384615 0.15625
370000 4.596153846153846 0.203125
372000 4.673076923076923 0.1875
374000 4.673076923076923 0.21875
376000 4.711538461538462 0.1875
378000 4.711538461538462 0.1875
380000 4.711538461538462 0.140625
382000 4.75 0.171875
384000 4.75 0.28125
386000 4.75 0.234375
388000 4.730769230769231 0.1875
390000 4.730769230769231 0.21875
392000 4.730769230769231 0.21875
394000 4.596153846153846 0.15625
396000 4.615384615384615 0.203125
398000 4.634615384615385 0.15625
400000 4.615384615384615 0.1875
402000 4.6923076923076925 0.203125
404000 4.6923076923076925 0.203125
406000 4.6923076923076925 0.15625
408000 4.6923076923076925 0.203125
410000 4.673076923076923 0.1875
412000 4.730769230769231 0.234375
414000 4.6923076923076925 0.15625
416000 4.634615384615385 0.171875
418000 4.615384615384615 0.21875
420000 4.596153846153846 0.21875
422000 4.730769230769231 0.171875
424000 4.730769230769231 0.28125
426000 4.711538461538462 0.359375
428000 4.711538461538462 0.171875
430000 4.75 0.1875
432000 4.615384615384615 0.234375
434000 4.634615384615385 0.1875
436000 4.576923076923077 0.234375
438000 4.576923076923077 0.203125
440000 4.576923076923077 0.203125
442000 4.576923076923077 0.15625
444000 4.538461538461538 0.234375
446000 4.653846153846154 0.1875
448000 4.538461538461538 0.171875
450000 4.615384615384615 0.1875
452000 4.461538461538462 0.25
454000 4.615384615384615 0.171875
456000 4.5 0.203125
458000 4.384615384615385 0.1875
460000 4.423076923076923 0.15625
462000 4.326923076923077 0.1875
464000 4.5 0.203125
466000 4.384615384615385 0.1875
468000 4.5576923076923075 0.15625
470000 4.634615384615385 0.171875
472000 4.615384615384615 0.1875
474000 4.519230769230769 0.171875
476000 4.615384615384615 0.1875
478000 4.5576923076923075 0.203125
480000 4.634615384615385 0.171875
482000 4.634615384615385 0.234375
484000 4.596153846153846 0.171875
486000 4.673076923076923 0.1875
488000 4.711538461538462 0.1875
490000 4.634615384615385 0.1875
492000 4.5 0.15625
494000 4.673076923076923 0.15625
496000 4.673076923076923 0.15625
498000 4.615384615384615 0.15625
500000 4.653846153846154 0.171875
