2000 0.9038461538461539 0.625
4000 0.7115384615384616 0.5625
6000 1.1153846153846154 0.5
8000 1.5576923076923077 0.515625
10000 1.8846153846153846 0.71875
12000 1.9423076923076923 0.484375
14000 4.5 0.546875
16000 4.480769230769231 0.703125
18000 4.519230769230769 0.515625
20000 4.5 0.515625
22000 4.5 0.53125
24000 4.634615384615385 0.5625
26000 4.480769230769231 0.734375
28000 4.365384615384615 0.65625
30000 4.634615384615385 0.625
32000 4.519230769230769 0.65625
34000 4.576923076923077 0.6875
36000 4.576923076923077 0.53125
38000 4.211538461538462 0.515625
40000 4.365384615384615 0.6875
42000 4.576923076923077 0.671875
44000 4.3076923076923075 0.65625
46000 4.576923076923077 0.6875
48000 4.596153846153846 0.5625
50000 4.211538461538462 0.546875
52000 4.4423076923076925 0.78125
54000 4.384615384615385 0.640625
56000 4.519230769230769 0.703125
58000 4.538461538461538 0.71875
60000 4.4423076923076925 0.53125
62000 4.365384615384615 0.515625
64000 4.519230769230769 0.875
66000 4.5576923076923075 0.515625
68000 4.615384615384615 0.53125
70000 4.5 0.671875
72000 4.596153846153846 0.515625
74000 4.576923076923077 0.703125
76000 4.576923076923077 0.578125
78000 4.576923076923077 0.53125
80000 4.480769230769231 0.5625
82000 4.576923076923077 0.828125
84000 4.538461538461538 0.609375
86000 4.5576923076923075 0.609375
88000 4.4423076923076925 0.5625
90000 4.538461538461538 0.53125
92000 4.576923076923077 0.5625
94000 4.576923076923077 0.734375
96000 4.596153846153846 0.53125
98000 4.576923076923077 0.609375
100000 4.596153846153846 0.65625
102000 4.576923076923077 0.578125
104000 4.6923076923076925 0.765625
106000 4.576923076923077 0.6875
108000 4.6923076923076925 0.71875
110000 4.673076923076923 0.609375
112000 4.615384615384615 0.59375
114000 4.653846153846154 0.546875
116000 4.673076923076923 0.5625
118000 4.538461538461538 0.59375
120000 4.730769230769231 0.515625
122000 4.75 0.578125
124000 4.769230769230769 0.53125
126000 4.634615384615385 0.5625
128000 4.711538461538462 0.609375
130000 4.826923076923077 0.703125
132000 4.673076923076923 0.546875
134000 4.846153846153846 0.5625
136000 4.8076923076923075 0.546875
138000 4.846153846153846 0.65625
140000 4.788461538461538 0.765625
142000 4.673076923076923 0.5
144000 4.923076923076923 0.671875
146000 4.9423076923076925 0.734375
148000 4.846153846153846 0.75
150000 4.846153846153846 0.625
152000 4.884615384615385 0.75
154000 4.846153846153846 0.53125
156000 4.884615384615385 0.515625
158000 4.884615384615385 0.734375
160000 4.865384615384615 0.625
162000 4.865384615384615 0.71875
164000 4.8076923076923075 0.734375
166000 4.8076923076923075 0.828125
168000 4.923076923076923 0.828125
170000 4.884615384615385 0.703125
172000 4.923076923076923 0.671875
174000 4.903846153846154 0.59375
176000 4.903846153846154 0.8125
178000 4.923076923076923 0.578125
180000 4.9423076923076925 0.546875
182000 4.923076923076923 0.75
184000 4.961538461538462 0.546875
186000 4.980769230769231 0.671875
188000 4.75 0.53125
190000 4.826923076923077 0.625
192000 4.884615384615385 0.59375
194000 4.961538461538462 0.578125
196000 4.846153846153846 0.734375
198000 4.865384615384615 0.5
200000 4.923076923076923 0.609375
202000 4.923076923076923 0.921875
204000 4.923076923076923 0.640625
206000 4.884615384615385 0.59375
208000 4.884615384615385 0.59375
210000 4.9423076923076925 0.734375
212000 4.903846153846154 0.609375
214000 4.884615384615385 0.609375
216000 4.923076923076923 0.703125
218000 4.980769230769231 0.703125
220000 4.865384615384615 0.609375
222000 4.865384615384615 0.59375
224000 4.884615384615385 0.75
226000 4.884615384615385 0.546875
228000 4.75 0.578125
230000 4.788461538461538 0.609375
232000 4.865384615384615 0.78125
234000 4.826923076923077 0.640625
236000 4.865384615384615 0.75
238000 4.826923076923077 0.59375
240000 4.846153846153846 0.625
242000 4.884615384615385 0.546875
244000 4.826923076923077 0.6875
246000 4.8076923076923075 0.78125
248000 4.8076923076923075 0.6875
250000 4.865384615384615 0.625
252000 4.865384615384615 0.65625
254000 4.826923076923077 0.546875
256000 4.865384615384615 0.515625
258000 4.846153846153846 0.71875
260000 4.903846153846154 0.625
262000 4.846153846153846 0.578125
264000 4.846153846153846 0.765625
266000 4.730769230769231 0.8125
268000 4.711538461538462 0.5
270000 4.865384615384615 0.765625
272000 4.903846153846154 0.734375
274000 4.826923076923077 0.703125
276000 4.923076923076923 0.6875
278000 4.884615384615385 0.65625
280000 4.8076923076923075 0.8125
282000 4.846153846153846 0.5625
284000 4.846153846153846 0.734375
286000 4.730769230769231 0.71875
288000 4.826923076923077 0.703125
290000 4.826923076923077 0.75
292000 4.846153846153846 0.8125
294000 4.769230769230769 0.75
296000 4.769230769230769 0.75
298000 4.846153846153846 0.6875
300000 4.653846153846154 0.65625
302000 4.673076923076923 0.703125
304000 4.903846153846154 0.609375
306000 4.846153846153846 0.703125
308000 4.846153846153846 0.5625
310000 4.769230769230769 0.6875
312000 4.730769230769231 0.78125
314000 4.75 0.671875
316000 4.846153846153846 0.609375
318000 4.75 0.78125
320000 4.769230769230769 0.703125
322000 4.769230769230769 0.703125
324000 4.8076923076923075 0.8125
326000 4.923076923076923 0.640625
328000 4.826923076923077 0.578125
330000 4.826923076923077 0.953125
332000 4.8076923076923075 0.546875
334000 4.730769230769231 0.65625
336000 4.730769230769231 0.796875
338000 4.730769230769231 0.625
340000 4.711538461538462 0.828125
342000 4.711538461538462 0.78125
344000 4.788461538461538 0.625
346000 4.75 0.625
348000 4.769230769230769 0.625
350000 4.730769230769231 0.671875
352000 4.730769230769231 0.609375
354000 4.826923076923077 0.625
356000 4.846153846153846 0.65625
358000 4.788461538461538 0.75
360000 4.846153846153846 0.5625
362000 4.75 0.71875
364000 4.730769230769231 0.640625
366000 4.6923076923076925 0.625
368000 4.75 0.515625
370000 4.769230769230769 0.546875
372000 4.884615384615385 0.703125
374000 4.903846153846154 0.625
376000 4.788461538461538 0.625
378000 4.846153846153846 0.5625
380000 4.711538461538462 0.734375
382000 4.8076923076923075 0.65625
384000 4.8076923076923075 0.546875
386000 4.846153846153846 0.6875
388000 4.846153846153846 0.578125
390000 4.961538461538462 0.59375
392000 4.788461538461538 0.875
394000 4.788461538461538 0.75
396000 4.673076923076923 0.53125
398000 4.826923076923077 0.546875
400000 4.730769230769231 0.578125
402000 4.769230769230769 0.78125
404000 4.6923076923076925 0.609375
406000 4.75 0.5625
408000 4.730769230769231 0.546875
410000 4.75 0.625
412000 4.75 0.640625
414000 4.730769230769231 0.609375
416000 4.75 0.546875
418000 4.826923076923077 0.5625
420000 4.903846153846154 0.625
422000 4.923076923076923 0.640625
424000 4.903846153846154 0.578125
426000 4.961538461538462 0.6875
428000 4.8076923076923075 0.609375
430000 4.865384615384615 0.609375
432000 4.846153846153846 0.625
434000 4.788461538461538 0.625
436000 4.846153846153846 0.578125
438000 4.826923076923077 0.609375
440000 4.903846153846154 0.65625
442000 4.884615384615385 0.625
444000 4.923076923076923 0.546875
446000 4.846153846153846 0.546875
448000 4.865384615384615 0.71875
450000 4.903846153846154 0.609375
452000 4.923076923076923 0.59375
454000 4.903846153846154 0.78125
456000 4.923076923076923 0.515625
458000 4.923076923076923 0.75
460000 4.923076923076923 0.578125
462000 4.8076923076923075 0.75
464000 4.769230769230769 0.625
466000 4.769230769230769 0.5625
468000 4.769230769230769 0.609375
470000 4.769230769230769 0.5625
472000 4.769230769230769 0.765625
474000 4.769230769230769 0.546875
476000 4.884615384615385 0.90625
478000 4.884615384615385 0.5625
480000 4.75 0.515625
482000 4.769230769230769 0.703125
484000 4.769230769230769 0.5625
486000 4.769230769230769 0.5625
488000 4.769230769230769 0.703125
490000 4.769230769230769 0.625
492000 4.769230769230769 0.703125
494000 4.769230769230769 0.453125
496000 4.75 0.46875
498000 4.75 0.4375
500000 4.75 0.5625
