2000 0.8653846153846154 0.203125
4000 0.7692307692307693 0.375
6000 1.0576923076923077 0.5625
8000 1.2692307692307692 0.5
10000 1.3461538461538463 0.4375
12000 1.3846153846153846 0.265625
14000 1.4230769230769231 0.234375
16000 1.9038461538461537 0.46875
18000 2.8653846153846154 0.34375
20000 3.7115384615384617 0.421875
22000 4.365384615384615 0.25
24000 4.1923076923076925 0.34375
26000 4.230769230769231 0.265625
28000 4.25 0.25
30000 4.461538461538462 0.328125
32000 4.423076923076923 0.28125
34000 4.423076923076923 0.25
36000 4.384615384615385 0.25
38000 4.173076923076923 0.375
40000 4.5576923076923075 0.296875
42000 4.538461538461538 0.375
44000 4.461538461538462 0.234375
46000 4.480769230769231 0.296875
48000 4.480769230769231 0.3125
50000 4.538461538461538 0.421875
52000 4.538461538461538 0.46875
54000 4.519230769230769 0.21875
56000 4.461538461538462 0.296875
58000 4.519230769230769 0.203125
60000 4.596153846153846 0.25
62000 4.615384615384615 0.265625
64000 4.576923076923077 0.3125
66000 4.596153846153846 0.25
68000 4.596153846153846 0.25
70000 4.596153846153846 0.25
72000 4.519230769230769 0.296875
74000 4.596153846153846 0.4375
76000 4.596153846153846 0.234375
78000 4.576923076923077 0.25
80000 4.346153846153846 0.25
82000 4.615384615384615 0.265625
84000 4.634615384615385 0.390625
86000 4.673076923076923 0.3125
88000 4.634615384615385 0.234375
90000 4.480769230769231 0.234375
92000 4.288461538461538 0.28125
94000 4.25 0.34375
96000 4.538461538461538 0.25
98000 4.519230769230769 0.28125
100000 4.576923076923077 0.234375
102000 4.576923076923077 0.265625
104000 4.596153846153846 0.34375
106000 4.480769230769231 0.390625
108000 4.480769230769231 0.28125
110000 4.384615384615385 0.25
112000 4.538461538461538 0.296875
114000 4.653846153846154 0.390625
116000 4.653846153846154 0.40625
118000 4.615384615384615 0.28125
120000 4.615384615384615 0.234375
122000 4.480769230769231 0.265625
124000 4.5 0.265625
126000 4.461538461538462 0.359375
128000 4.538461538461538 0.3125
130000 4.538461538461538 0.328125
132000 4.480769230769231 0.28125
134000 4.596153846153846 0.265625
136000 4.538461538461538 0.25
138000 4.538461538461538 0.4375
140000 4.384615384615385 0.296875
142000 4.538461538461538 0.28125
144000 4.4423076923076925 0.265625
146000 4.461538461538462 0.25
148000 4.769230769230769 0.296875
150000 4.480769230769231 0.3125
152000 4.5576923076923075 0.421875
154000 4.596153846153846 0.25
156000 4.6923076923076925 0.390625
158000 4.730769230769231 0.296875
160000 4.846153846153846 0.421875
162000 4.769230769230769 0.375
164000 4.9423076923076925 0.34375
166000 4.9423076923076925 0.3125
168000 4.923076923076923 0.25
170000 4.788461538461538 0.453125
172000 4.653846153846154 0.28125
174000 4.711538461538462 0.296875
176000 4.6923076923076925 0.265625
178000 4.788461538461538 0.28125
180000 4.788461538461538 0.359375
182000 4.788461538461538 0.28125
184000 4.673076923076923 0.25
186000 4.634615384615385 0.3125
188000 4.365384615384615 0.25
190000 4.75 0.296875
192000 4.826923076923077 0.25
194000 4.519230769230769 0.234375
196000 4.634615384615385 0.265625
198000 4.711538461538462 0.296875
200000 4.711538461538462 0.296875
202000 4.826923076923077 0.421875
204000 4.711538461538462 0.28125
206000 4.673076923076923 0.28125
208000 4.903846153846154 0.265625
210000 4.826923076923077 0.265625
212000 4.788461538461538 0.34375
214000 4.8076923076923075 0.28125
216000 4.730769230769231 0.3125
218000 4.346153846153846 0.390625
220000 4.538461538461538 0.265625
222000 4.653846153846154 0.328125
224000 4.75 0.21875
226000 4.788461538461538 0.28125
228000 4.826923076923077 0.265625
230000 4.865384615384615 0.3125
232000 4.8076923076923075 0.28125
234000 4.884615384615385 0.40625
236000 4.884615384615385 0.265625
238000 4.884615384615385 0.234375
240000 4.75 0.296875
242000 4.711538461538462 0.421875
244000 4.673076923076923 0.4375
246000 4.711538461538462 0.328125
248000 4.75 0.234375
250000 4.730769230769231 0.296875
252000 4.788461538461538 0.4375
254000 4.8076923076923075 0.3125
256000 4.8076923076923075 0.265625
258000 4.788461538461538 0.34375
260000 4.576923076923077 0.234375
262000 4.75 0.4375
264000 4.75 0.296875
266000 4.730769230769231 0.4375
268000 4.730769230769231 0.296875
270000 4.653846153846154 0.21875
272000 4.711538461538462 0.40625
274000 4.653846153846154 0.296875
276000 4.596153846153846 0.375
278000 4.865384615384615 0.46875
280000 4.826923076923077 0.296875
282000 4.846153846153846 0.34375
284000 4.769230769230769 0.375
286000 4.884615384615385 0.46875
288000 4.711538461538462 0.453125
290000 4.903846153846154 0.3125
292000 4.9423076923076925 0.234375
294000 4.865384615384615 0.3125
296000 4.846153846153846 0.34375
298000 4.826923076923077 0.421875
300000 4.8076923076923075 0.28125
302000 4.826923076923077 0.265625
304000 4.826923076923077 0.296875
306000 4.961538461538462 0.328125
308000 4.865384615384615 0.359375
310000 4.826923076923077 0.296875
312000 4.865384615384615 0.296875
314000 4.980769230769231 0.328125
316000 4.9423076923076925 0.296875
318000 4.788461538461538 0.34375
320000 4.980769230769231 0.40625
322000 4.961538461538462 0.296875
324000 4.884615384615385 0.28125
326000 4.865384615384615 0.390625
328000 4.730769230769231 0.265625
330000 4.769230769230769 0.4375
332000 4.75 0.28125
334000 4.75 0.234375
336000 4.769230769230769 0.21875
338000 4.673076923076923 0.234375
340000 4.826923076923077 0.390625
342000 4.788461538461538 0.234375
344000 4.8076923076923075 0.234375
346000 4.884615384615385 0.3125
348000 4.865384615384615 0.234375
350000 4.788461538461538 0.34375
352000 4.711538461538462 0.25
354000 4.865384615384615 0.21875
356000 4.788461538461538 0.265625
358000 4.711538461538462 0.25
360000 4.769230769230769 0.359375
362000 4.788461538461538 0.359375
364000 4.865384615384615 0.234375
366000 4.884615384615385 0.21875
368000 4.884615384615385 0.234375
370000 4.6923076923076925 0.265625
372000 4.673076923076923 0.390625
374000 4.788461538461538 0.203125
376000 4.788461538461538 0.21875
378000 4.75 0.234375
380000 4.923076923076923 0.234375
382000 4.711538461538462 0.359375
384000 4.980769230769231 0.21875
386000 4.826923076923077 0.234375
388000 4.846153846153846 0.25
390000 4.961538461538462 0.25
392000 4.961538461538462 0.328125
394000 4.884615384615385 0.390625
396000 4.788461538461538 0.328125
398000 4.711538461538462 0.296875
400000 4.8076923076923075 0.25
402000 4.8076923076923075 0.265625
404000 4.788461538461538 0.375
406000 4.8076923076923075 0.3125
408000 4.788461538461538 0.25
410000 4.8076923076923075 0.25
412000 4.826923076923077 0.265625
414000 4.865384615384615 0.40625
416000 4.826923076923077 0.390625
418000 4.961538461538462 0.359375
420000 4.8076923076923075 0.359375
422000 4.884615384615385 0.390625
424000 4.980769230769231 0.359375
426000 4.846153846153846 0.390625
428000 4.846153846153846 0.359375
430000 4.980769230769231 0.375
432000 4.923076923076923 0.359375
434000 4.769230769230769 0.375
436000 4.730769230769231 0.359375
438000 4.730769230769231 0.390625
440000 4.6923076923076925 0.34375
442000 4.6923076923076925 0.3125
444000 4.711538461538462 0.296875
446000 4.730769230769231 0.375
448000 4.730769230769231 0.359375
450000 4.865384615384615 0.28125
452000 4.865384615384615 0.328125
454000 4.826923076923077 0.390625
456000 4.826923076923077 0.296875
458000 4.846153846153846 0.421875
460000 4.865384615384615 0.265625
462000 4.865384615384615 0.21875
464000 4.865384615384615 0.28125
466000 4.884615384615385 0.21875
468000 4.903846153846154 0.359375
470000 4.903846153846154 0.21875
472000 4.903846153846154 0.3125
474000 4.865384615384615 0.3125
476000 4.826923076923077 0.265625
478000 4.826923076923077 0.359375
480000 4.826923076923077 0.203125
482000 4.865384615384615 0.328125
484000 4.884615384615385 0.328125
486000 4.884615384615385 0.296875
488000 4.884615384615385 0.265625
490000 4.884615384615385 0.359375
492000 4.865384615384615 0.140625
494000 4.884615384615385 0.15625
496000 4.923076923076923 0.140625
498000 4.884615384615385 0.203125
500000 4.884615384615385 0.34375
