2000 1.0 0.15625
4000 0.5384615384615384 0.1875
6000 1.1153846153846154 0.1875
8000 1.0769230769230769 0.25
10000 1.5384615384615385 0.34375
12000 1.9038461538461537 0.171875
14000 1.75 0.1875
16000 1.9230769230769231 0.1875
18000 3.8076923076923075 0.265625
20000 4.576923076923077 0.328125
22000 4.576923076923077 0.15625
24000 4.576923076923077 0.25
26000 4.519230769230769 0.15625
28000 4.576923076923077 0.203125
30000 4.576923076923077 0.328125
32000 4.634615384615385 0.1875
34000 4.75 0.203125
36000 4.769230769230769 0.265625
38000 4.730769230769231 0.25
40000 4.769230769230769 0.265625
42000 4.75 0.359375
44000 4.711538461538462 0.15625
46000 4.8076923076923075 0.203125
48000 4.826923076923077 0.171875
50000 4.8076923076923075 0.203125
52000 4.8076923076923075 0.3125
54000 4.826923076923077 0.15625
56000 4.8076923076923075 0.15625
58000 4.8076923076923075 0.203125
60000 4.826923076923077 0.234375
62000 4.826923076923077 0.296875
64000 4.865384615384615 0.265625
66000 4.826923076923077 0.203125
68000 4.769230769230769 0.25
70000 4.711538461538462 0.203125
72000 4.730769230769231 0.265625
74000 4.788461538461538 0.40625
76000 4.865384615384615 0.21875
78000 4.8076923076923075 0.203125
80000 4.846153846153846 0.25
82000 4.865384615384615 0.25
84000 4.826923076923077 0.359375
86000 4.8076923076923075 0.21875
88000 4.865384615384615 0.203125
90000 4.865384615384615 0.1875
92000 4.846153846153846 0.21875
94000 4.75 0.28125
96000 4.8076923076923075 0.21875
98000 4.769230769230769 0.203125
100000 4.8076923076923075 0.171875
102000 4.826923076923077 0.21875
104000 4.5576923076923075 0.296875
106000 4.596153846153846 0.375
108000 4.884615384615385 0.234375
110000 4.75 0.171875
112000 4.846153846153846 0.203125
114000 4.846153846153846 0.234375
116000 4.75 0.296875
118000 4.769230769230769 0.203125
120000 4.6923076923076925 0.1875
122000 4.769230769230769 0.203125
124000 4.846153846153846 0.265625
126000 4.769230769230769 0.28125
128000 4.519230769230769 0.203125
130000 4.423076923076923 0.203125
132000 4.75 0.171875
134000 4.673076923076923 0.203125
136000 4.8076923076923075 0.296875
138000 4.826923076923077 0.390625
140000 4.846153846153846 0.21875
142000 4.846153846153846 0.171875
144000 4.846153846153846 0.1875
146000 4.8076923076923075 0.296875
148000 4.826923076923077 0.296875
150000 4.769230769230769 0.15625
152000 4.788461538461538 0.171875
154000 4.461538461538462 0.171875
156000 4.788461538461538 0.25
158000 4.769230769230769 0.328125
160000 4.403846153846154 0.15625
162000 4.826923076923077 0.1875
164000 4.826923076923077 0.171875
166000 4.788461538461538 0.1875
168000 4.846153846153846 0.25
170000 4.826923076923077 0.296875
172000 4.8076923076923075 0.203125
174000 4.711538461538462 0.1875
176000 4.846153846153846 0.171875
178000 4.769230769230769 0.21875
180000 4.730769230769231 0.296875
182000 4.865384615384615 0.265625
184000 4.788461538461538 0.25
186000 4.788461538461538 0.1875
188000 4.788461538461538 0.1875
190000 4.788461538461538 0.296875
192000 4.6923076923076925 0.171875
194000 4.730769230769231 0.171875
196000 4.711538461538462 0.203125
198000 4.75 0.21875
200000 4.769230769230769 0.265625
202000 4.711538461538462 0.390625
204000 4.788461538461538 0.1875
206000 4.519230769230769 0.171875
208000 4.730769230769231 0.21875
210000 4.8076923076923075 0.28125
212000 4.769230769230769 0.328125
214000 4.826923076923077 0.3125
216000 4.846153846153846 0.1875
218000 4.769230769230769 0.203125
220000 4.826923076923077 0.234375
222000 4.711538461538462 0.234375
224000 4.480769230769231 0.171875
226000 4.596153846153846 0.203125
228000 4.346153846153846 0.1875
230000 4.711538461538462 0.203125
232000 4.5 0.265625
234000 4.480769230769231 0.265625
236000 4.673076923076923 0.125
238000 4.615384615384615 0.125
240000 4.5576923076923075 0.28125
242000 4.769230769230769 0.234375
244000 4.75 0.328125
246000 4.596153846153846 0.1875
248000 4.75 0.28125
250000 4.730769230769231 0.25
252000 4.8076923076923075 0.171875
254000 4.615384615384615 0.265625
256000 4.711538461538462 0.171875
258000 4.673076923076923 0.171875
260000 4.6923076923076925 0.234375
262000 4.519230769230769 0.21875
264000 4.673076923076923 0.203125
266000 4.5576923076923075 0.375
268000 4.596153846153846 0.171875
270000 4.403846153846154 0.25
272000 4.538461538461538 0.1875
274000 4.576923076923077 0.265625
276000 4.711538461538462 0.34375
278000 4.711538461538462 0.25
280000 4.615384615384615 0.21875
282000 4.519230769230769 0.203125
284000 4.288461538461538 0.25
286000 4.730769230769231 0.3125
288000 4.519230769230769 0.25
290000 4.269230769230769 0.21875
292000 4.615384615384615 0.15625
294000 4.6923076923076925 0.171875
296000 4.711538461538462 0.234375
298000 4.6923076923076925 0.359375
300000 4.711538461538462 0.171875
302000 4.634615384615385 0.171875
304000 4.730769230769231 0.203125
306000 4.711538461538462 0.265625
308000 4.788461538461538 0.328125
310000 4.769230769230769 0.234375
312000 4.75 0.203125
314000 4.653846153846154 0.203125
316000 4.730769230769231 0.21875
318000 4.730769230769231 0.296875
320000 4.6923076923076925 0.203125
322000 4.653846153846154 0.234375
324000 4.6923076923076925 0.203125
326000 4.596153846153846 0.203125
328000 4.673076923076923 0.3125
330000 4.6923076923076925 0.359375
332000 4.6923076923076925 0.234375
334000 4.711538461538462 0.203125
336000 4.730769230769231 0.25
338000 4.75 0.21875
340000 4.826923076923077 0.3125
342000 4.615384615384615 0.171875
344000 4.75 0.25
346000 4.75 0.171875
348000 4.730769230769231 0.25
350000 4.75 0.265625
352000 4.769230769230769 0.203125
354000 4.769230769230769 0.15625
356000 4.769230769230769 0.171875
358000 4.730769230769231 0.203125
360000 4.769230769230769 0.296875
362000 4.75 0.375
364000 4.769230769230769 0.140625
366000 4.6923076923076925 0.1875
368000 4.788461538461538 0.21875
370000 4.769230769230769 0.21875
372000 4.826923076923077 0.34375
374000 4.75 0.171875
376000 4.788461538461538 0.15625
378000 4.865384615384615 0.28125
380000 4.923076923076923 0.203125
382000 4.769230769230769 0.328125
384000 4.653846153846154 0.1875
386000 4.653846153846154 0.171875
388000 4.75 0.21875
390000 4.730769230769231 0.21875
392000 4.6923076923076925 0.265625
394000 4.634615384615385 0.375
396000 4.615384615384615 0.1875
398000 4.634615384615385 0.1875
400000 4.769230769230769 0.203125
402000 4.865384615384615 0.234375
404000 4.730769230769231 0.3125
406000 4.711538461538462 0.21875
408000 4.75 0.25
410000 4.730769230769231 0.171875
412000 4.75 0.171875
414000 4.615384615384615 0.328125
416000 4.846153846153846 0.171875
418000 4.826923076923077 0.203125
420000 4.826923076923077 0.265625
422000 4.8076923076923075 0.265625
424000 4.788461538461538 0.25
426000 4.769230769230769 0.375
428000 4.6923076923076925 0.15625
430000 4.596153846153846 0.171875
432000 4.673076923076923 0.15625
434000 4.75 0.203125
436000 4.75 0.34375
438000 4.711538461538462 0.203125
440000 4.75 0.21875
442000 4.75 0.203125
444000 4.75 0.203125
446000 4.826923076923077 0.328125
448000 4.769230769230769 0.140625
450000 4.769230769230769 0.171875
452000 4.75 0.203125
454000 4.711538461538462 0.1875
456000 4.769230769230769 0.28125
458000 4.769230769230769 0.3125
460000 4.75 0.140625
462000 4.788461538461538 0.171875
464000 4.769230769230769 0.1875
466000 4.769230769230769 0.234375
468000 4.769230769230769 0.328125
470000 4.769230769230769 0.25
472000 4.75 0.203125
474000 4.75 0.203125
476000 4.769230769230769 0.203125
478000 4.769230769230769 0.28125
480000 4.769230769230769 0.171875
482000 4.769230769230769 0.15625
484000 4.769230769230769 0.171875
486000 4.769230769230769 0.15625
488000 4.769230769230769 0.25
490000 4.769230769230769 0.296875
492000 4.788461538461538 0.1875
494000 4.769230769230769 0.1875
496000 4.826923076923077 0.171875
498000 4.788461538461538 0.234375
500000 4.788461538461538 0.296875
