2000 0.9230769230769231 0.515625
4000 0.40384615384615385 0.59375
6000 0.5 0.46875
8000 0.9615384615384616 0.546875
10000 0.6538461538461539 0.734375
12000 1.0384615384615385 0.46875
14000 1.5384615384615385 0.5
16000 3.576923076923077 0.546875
18000 4.384615384615385 0.5625
20000 4.5 0.609375
22000 4.5 0.53125
24000 4.5 0.515625
26000 4.519230769230769 0.546875
28000 4.519230769230769 0.609375
30000 4.519230769230769 0.453125
32000 4.519230769230769 0.53125
34000 4.576923076923077 0.5
36000 4.365384615384615 0.46875
38000 4.576923076923077 0.484375
40000 4.576923076923077 0.671875
42000 4.5576923076923075 0.71875
44000 4.634615384615385 0.46875
46000 4.5 0.484375
48000 4.596153846153846 0.484375
50000 4.596153846153846 0.578125
52000 4.269230769230769 0.640625
54000 4.230769230769231 0.484375
56000 4.173076923076923 0.484375
58000 4.634615384615385 0.578125
60000 4.519230769230769 0.46875
62000 4.480769230769231 0.5625
64000 4.269230769230769 0.5
66000 4.634615384615385 0.5625
68000 4.596153846153846 0.546875
70000 4.5576923076923075 0.453125
72000 4.615384615384615 0.625
74000 4.576923076923077 0.5625
76000 4.615384615384615 0.5
78000 4.326923076923077 0.5
80000 4.75 0.625
82000 4.596153846153846 0.75
84000 4.596153846153846 0.671875
86000 4.634615384615385 0.59375
88000 4.846153846153846 0.59375
90000 4.826923076923077 0.640625
92000 4.788461538461538 0.4375
94000 4.846153846153846 0.484375
96000 4.8076923076923075 0.515625
98000 4.846153846153846 0.515625
100000 4.826923076923077 0.484375
102000 4.615384615384615 0.5
104000 4.9423076923076925 0.578125
106000 4.788461538461538 0.640625
108000 4.9423076923076925 0.484375
110000 4.9423076923076925 0.5
112000 4.923076923076923 0.46875
114000 4.884615384615385 0.53125
116000 4.980769230769231 0.515625
118000 4.653846153846154 0.484375
120000 4.6923076923076925 0.578125
122000 4.6923076923076925 0.484375
124000 4.634615384615385 0.484375
126000 4.211538461538462 0.546875
128000 4.653846153846154 0.515625
130000 4.461538461538462 0.4375
132000 4.884615384615385 0.453125
134000 4.8076923076923075 0.4375
136000 4.673076923076923 0.4375
138000 4.846153846153846 0.609375
140000 4.865384615384615 0.5625
142000 4.769230769230769 0.46875
144000 4.923076923076923 0.4375
146000 4.846153846153846 0.4375
148000 4.865384615384615 0.671875
150000 4.961538461538462 0.5
152000 4.961538461538462 0.453125
154000 4.884615384615385 0.625
156000 4.9423076923076925 0.4375
158000 4.865384615384615 0.5
160000 4.788461538461538 0.421875
162000 4.826923076923077 0.40625
164000 4.903846153846154 0.46875
166000 4.865384615384615 0.515625
168000 4.903846153846154 0.578125
170000 4.884615384615385 0.609375
172000 4.846153846153846 0.453125
174000 4.9423076923076925 0.484375
176000 4.884615384615385 0.5
178000 4.788461538461538 0.4375
180000 4.846153846153846 0.546875
182000 4.846153846153846 0.515625
184000 4.634615384615385 0.484375
186000 4.846153846153846 0.5625
188000 4.846153846153846 0.59375
190000 4.884615384615385 0.640625
192000 4.788461538461538 0.8125
194000 4.884615384615385 0.734375
196000 4.6923076923076925 0.609375
198000 4.826923076923077 0.46875
200000 4.788461538461538 0.5
202000 4.865384615384615 0.71875
204000 4.903846153846154 0.46875
206000 4.903846153846154 0.59375
208000 4.865384615384615 0.46875
210000 4.884615384615385 0.5
212000 4.634615384615385 0.640625
214000 4.903846153846154 0.46875
216000 4.653846153846154 0.5
218000 4.615384615384615 0.578125
220000 4.826923076923077 0.40625
222000 4.5576923076923075 0.578125
224000 4.769230769230769 0.5
226000 4.730769230769231 0.453125
228000 4.788461538461538 0.46875
230000 4.711538461538462 0.515625
232000 4.673076923076923 0.484375
234000 4.826923076923077 0.640625
236000 4.884615384615385 0.4375
238000 4.846153846153846 0.625
240000 4.75 0.4375
242000 4.846153846153846 0.53125
244000 4.711538461538462 0.734375
246000 4.75 0.75
248000 4.75 0.578125
250000 4.6923076923076925 0.46875
252000 4.826923076923077 0.671875
254000 4.788461538461538 0.546875
256000 4.826923076923077 0.65625
258000 4.865384615384615 0.5625
260000 4.923076923076923 0.515625
262000 4.788461538461538 0.515625
264000 4.903846153846154 0.65625
266000 4.826923076923077 0.640625
268000 4.846153846153846 0.4375
270000 4.923076923076923 0.5
272000 4.711538461538462 0.59375
274000 4.788461538461538 0.46875
276000 4.884615384615385 0.65625
278000 4.75 0.5
280000 4.826923076923077 0.53125
282000 4.826923076923077 0.4375
284000 4.788461538461538 0.59375
286000 4.884615384615385 0.546875
288000 4.826923076923077 0.53125
290000 4.769230769230769 0.5
292000 4.865384615384615 0.515625
294000 4.903846153846154 0.546875
296000 4.884615384615385 0.53125
298000 4.846153846153846 0.578125
300000 4.788461538461538 0.609375
302000 4.8076923076923075 0.578125
304000 4.846153846153846 0.5625
306000 4.711538461538462 0.453125
308000 4.730769230769231 0.6875
310000 4.6923076923076925 0.5
312000 4.769230769230769 0.5
314000 4.615384615384615 0.53125
316000 4.788461538461538 0.484375
318000 4.769230769230769 0.453125
320000 4.788461538461538 0.453125
322000 4.75 0.421875
324000 4.75 0.578125
326000 4.961538461538462 0.46875
328000 4.884615384615385 0.515625
330000 4.903846153846154 0.75
332000 4.8076923076923075 0.671875
334000 4.6923076923076925 0.65625
336000 4.730769230769231 0.703125
338000 4.711538461538462 0.53125
340000 4.8076923076923075 0.671875
342000 4.846153846153846 0.640625
344000 4.769230769230769 0.46875
346000 4.826923076923077 0.46875
348000 4.788461538461538 0.5
350000 4.846153846153846 0.5625
352000 4.75 0.5
354000 4.865384615384615 0.5
356000 4.788461538461538 0.546875
358000 4.8076923076923075 0.546875
360000 4.8076923076923075 0.53125
362000 4.903846153846154 0.6875
364000 4.884615384615385 0.4375
366000 4.865384615384615 0.421875
368000 4.865384615384615 0.515625
370000 4.788461538461538 0.640625
372000 4.788461538461538 0.53125
374000 4.769230769230769 0.46875
376000 4.711538461538462 0.5
378000 4.826923076923077 0.5625
380000 4.846153846153846 0.640625
382000 4.846153846153846 0.609375
384000 4.903846153846154 0.53125
386000 4.846153846153846 0.65625
388000 4.884615384615385 0.515625
390000 4.846153846153846 0.5
392000 4.923076923076923 0.59375
394000 4.711538461538462 0.671875
396000 4.711538461538462 0.484375
398000 4.846153846153846 0.515625
400000 4.846153846153846 0.4375
402000 4.865384615384615 0.484375
404000 4.865384615384615 0.609375
406000 4.884615384615385 0.609375
408000 4.826923076923077 0.5
410000 4.75 0.46875
412000 4.884615384615385 0.53125
414000 4.846153846153846 0.5625
416000 4.8076923076923075 0.484375
418000 4.826923076923077 0.5
420000 4.826923076923077 0.484375
422000 4.884615384615385 0.453125
424000 4.846153846153846 0.484375
426000 4.846153846153846 0.546875
428000 4.846153846153846 0.515625
430000 4.865384615384615 0.546875
432000 4.8076923076923075 0.671875
434000 4.846153846153846 0.546875
436000 4.865384615384615 0.5625
438000 4.846153846153846 0.46875
440000 4.865384615384615 0.4375
442000 4.865384615384615 0.46875
444000 4.865384615384615 0.515625
446000 4.865384615384615 0.46875
448000 4.865384615384615 0.46875
450000 4.865384615384615 0.5625
452000 4.865384615384615 0.46875
454000 4.865384615384615 0.515625
456000 4.865384615384615 0.578125
458000 4.865384615384615 0.578125
460000 4.865384615384615 0.515625
462000 4.826923076923077 0.515625
464000 4.826923076923077 0.59375
466000 4.865384615384615 0.5
468000 4.865384615384615 0.625
470000 4.8076923076923075 0.515625
472000 4.826923076923077 0.625
474000 4.826923076923077 0.578125
476000 4.826923076923077 0.484375
478000 4.826923076923077 0.5625
480000 4.865384615384615 0.453125
482000 4.8076923076923075 0.578125
484000 4.865384615384615 0.453125
486000 4.865384615384615 0.453125
488000 4.865384615384615 0.578125
490000 4.865384615384615 0.765625
492000 4.865384615384615 0.546875
494000 4.865384615384615 0.46875
496000 4.865384615384615 0.484375
498000 4.865384615384615 0.5
500000 4.865384615384615 0.578125
