2000 2.769230769230769 0.515625
4000 3.8076923076923075 0.5
6000 4.365384615384615 0.46875
8000 4.519230769230769 0.5
10000 4.519230769230769 0.625
12000 4.5 0.421875
14000 4.519230769230769 0.4375
16000 4.519230769230769 0.546875
18000 4.519230769230769 0.484375
20000 4.576923076923077 0.59375
22000 4.596153846153846 0.4375
24000 4.596153846153846 0.484375
26000 4.576923076923077 0.421875
28000 4.480769230769231 0.421875
30000 4.596153846153846 0.546875
32000 4.576923076923077 0.484375
34000 4.596153846153846 0.484375
36000 4.596153846153846 0.484375
38000 4.576923076923077 0.46875
40000 4.596153846153846 0.4375
42000 4.615384615384615 0.609375
44000 4.576923076923077 0.46875
46000 4.615384615384615 0.5
48000 4.615384615384615 0.5
50000 4.596153846153846 0.484375
52000 4.596153846153846 0.53125
54000 4.576923076923077 0.640625
56000 4.538461538461538 0.515625
58000 4.519230769230769 0.546875
60000 4.3076923076923075 0.671875
62000 4.269230769230769 0.71875
64000 4.326923076923077 0.609375
66000 4.5 0.46875
68000 4.596153846153846 0.46875
70000 4.596153846153846 0.46875
72000 4.596153846153846 0.5
74000 4.596153846153846 0.703125
76000 4.615384615384615 0.5
78000 4.596153846153846 0.484375
80000 4.615384615384615 0.46875
82000 4.576923076923077 0.6875
84000 4.538461538461538 0.40625
86000 4.519230769230769 0.453125
88000 4.634615384615385 0.515625
90000 4.634615384615385 0.484375
92000 4.653846153846154 0.53125
94000 4.673076923076923 0.53125
96000 4.711538461538462 0.4375
98000 4.673076923076923 0.484375
100000 4.596153846153846 0.453125
102000 4.6923076923076925 0.453125
104000 4.711538461538462 0.4375
106000 4.730769230769231 0.65625
108000 4.730769230769231 0.484375
110000 4.634615384615385 0.578125
112000 4.634615384615385 0.46875
114000 4.6923076923076925 0.71875
116000 4.634615384615385 0.5625
118000 4.634615384615385 0.578125
120000 4.711538461538462 0.46875
122000 4.653846153846154 0.703125
124000 4.730769230769231 0.46875
126000 4.711538461538462 0.453125
128000 4.6923076923076925 0.484375
130000 4.8076923076923075 0.53125
132000 4.6923076923076925 0.515625
134000 4.634615384615385 0.46875
136000 4.596153846153846 0.46875
138000 4.75 0.59375
140000 4.6923076923076925 0.515625
142000 4.711538461538462 0.484375
144000 4.6923076923076925 0.59375
146000 4.673076923076923 0.59375
148000 4.846153846153846 0.625
150000 4.769230769230769 0.59375
152000 4.865384615384615 0.484375
154000 4.826923076923077 0.625
156000 4.865384615384615 0.578125
158000 4.8076923076923075 0.640625
160000 4.730769230769231 0.4375
162000 4.634615384615385 0.546875
164000 4.865384615384615 0.5
166000 4.903846153846154 0.46875
168000 4.75 0.46875
170000 4.788461538461538 0.609375
172000 4.769230769230769 0.640625
174000 4.8076923076923075 0.71875
176000 4.865384615384615 0.5625
178000 4.846153846153846 0.46875
180000 4.826923076923077 0.5
182000 4.846153846153846 0.484375
184000 4.826923076923077 0.515625
186000 4.865384615384615 0.46875
188000 4.865384615384615 0.453125
190000 4.846153846153846 0.421875
192000 4.846153846153846 0.53125
194000 4.730769230769231 0.640625
196000 4.769230769230769 0.640625
198000 4.730769230769231 0.671875
200000 4.8076923076923075 0.921875
202000 4.826923076923077 0.765625
204000 4.826923076923077 0.53125
206000 4.846153846153846 0.6875
208000 4.711538461538462 0.515625
210000 4.8076923076923075 0.53125
212000 4.769230769230769 0.546875
214000 4.788461538461538 0.53125
216000 4.788461538461538 0.578125
218000 4.730769230769231 0.546875
220000 4.788461538461538 0.421875
222000 4.788461538461538 0.625
224000 4.711538461538462 0.515625
226000 4.923076923076923 0.640625
228000 4.788461538461538 0.46875
230000 4.769230769230769 0.453125
232000 4.826923076923077 0.625
234000 4.788461538461538 0.578125
236000 4.846153846153846 0.515625
238000 4.846153846153846 0.4375
240000 4.846153846153846 0.453125
242000 4.826923076923077 0.625
244000 4.846153846153846 0.609375
246000 4.846153846153846 0.46875
248000 4.846153846153846 0.453125
250000 4.865384615384615 0.5625
252000 4.865384615384615 0.484375
254000 4.846153846153846 0.5
256000 4.865384615384615 0.65625
258000 4.865384615384615 0.546875
260000 4.865384615384615 0.5
262000 4.865384615384615 0.625
264000 4.903846153846154 0.625
266000 4.884615384615385 0.65625
268000 4.884615384615385 0.453125
270000 4.884615384615385 0.484375
272000 5.038461538461538 0.53125
274000 4.8076923076923075 0.625
276000 4.769230769230769 0.5625
278000 4.865384615384615 0.578125
280000 4.865384615384615 0.4375
282000 4.865384615384615 0.671875
284000 4.865384615384615 0.515625
286000 4.980769230769231 0.5
288000 4.923076923076923 0.484375
290000 4.923076923076923 0.5
292000 4.961538461538462 0.453125
294000 4.8076923076923075 0.4375
296000 4.769230769230769 0.484375
298000 4.980769230769231 0.640625
300000 4.9423076923076925 0.546875
302000 4.9423076923076925 0.515625
304000 4.923076923076923 0.5625
306000 4.9423076923076925 0.4375
308000 4.961538461538462 0.546875
310000 4.980769230769231 0.453125
312000 4.769230769230769 0.40625
314000 4.9423076923076925 0.46875
316000 4.9423076923076925 0.5
318000 4.9423076923076925 0.515625
320000 4.980769230769231 0.671875
322000 4.865384615384615 0.46875
324000 4.846153846153846 0.46875
326000 4.826923076923077 0.546875
328000 4.75 0.515625
330000 4.961538461538462 0.671875
332000 4.961538461538462 0.515625
334000 4.980769230769231 0.515625
336000 4.980769230769231 0.59375
338000 4.865384615384615 0.484375
340000 4.884615384615385 0.625
342000 4.865384615384615 0.453125
344000 4.961538461538462 0.5
346000 5.019230769230769 0.546875
348000 4.788461538461538 0.546875
350000 5.019230769230769 0.453125
352000 4.903846153846154 0.484375
354000 4.865384615384615 0.453125
356000 4.8076923076923075 0.65625
358000 5.0 0.484375
360000 4.961538461538462 0.6875
362000 4.846153846153846 0.75
364000 4.903846153846154 0.53125
366000 5.0 0.5625
368000 4.923076923076923 0.5
370000 4.923076923076923 0.5
372000 4.9423076923076925 0.40625
374000 4.923076923076923 0.375
376000 4.923076923076923 0.328125
378000 4.884615384615385 0.328125
380000 4.923076923076923 0.3125
382000 4.884615384615385 0.390625
384000 4.75 0.296875
386000 4.8076923076923075 0.296875
388000 4.865384615384615 0.328125
390000 4.903846153846154 0.296875
392000 4.884615384615385 0.390625
394000 4.75 0.453125
396000 4.75 0.328125
398000 4.8076923076923075 0.328125
400000 4.75 0.34375
402000 4.75 0.359375
404000 4.788461538461538 0.5
406000 4.769230769230769 0.296875
408000 4.826923076923077 0.328125
410000 4.730769230769231 0.390625
412000 4.711538461538462 0.328125
414000 4.769230769230769 0.375
416000 4.75 0.390625
418000 4.711538461538462 0.40625
420000 4.711538461538462 0.46875
422000 4.576923076923077 0.453125
424000 4.653846153846154 0.359375
426000 4.596153846153846 0.59375
428000 4.711538461538462 0.328125
430000 4.6923076923076925 0.359375
432000 4.615384615384615 0.3125
434000 4.596153846153846 0.265625
436000 4.538461538461538 0.390625
438000 4.596153846153846 0.328125
440000 4.75 0.40625
442000 4.788461538461538 0.375
444000 4.769230769230769 0.296875
446000 4.615384615384615 0.40625
448000 4.615384615384615 0.3125
450000 4.576923076923077 0.359375
452000 4.634615384615385 0.28125
454000 4.6923076923076925 0.390625
456000 4.75 0.5
458000 4.634615384615385 0.59375
460000 4.634615384615385 0.453125
462000 4.769230769230769 0.59375
464000 4.769230769230769 0.546875
466000 4.653846153846154 0.53125
468000 4.6923076923076925 0.578125
470000 4.634615384615385 0.6875
472000 4.576923076923077 0.515625
474000 4.75 0.53125
476000 4.6923076923076925 0.65625
478000 4.6923076923076925 0.515625
480000 4.673076923076923 0.46875
482000 4.673076923076923 0.5625
484000 4.788461538461538 0.484375
486000 4.615384615384615 0.484375
488000 4.634615384615385 0.484375
490000 4.615384615384615 0.625
492000 4.615384615384615 0.515625
494000 4.576923076923077 0.609375
496000 4.634615384615385 0.515625
498000 4.576923076923077 0.515625
500000 4.596153846153846 0.5625
