2000 2.769230769230769 0.15625
4000 3.8076923076923075 0.1875
6000 4.403846153846154 0.203125
8000 4.519230769230769 0.265625
10000 4.6923076923076925 0.34375
12000 4.519230769230769 0.1875
14000 4.519230769230769 0.203125
16000 4.576923076923077 0.15625
18000 4.5576923076923075 0.265625
20000 4.615384615384615 0.34375
22000 4.711538461538462 0.234375
24000 4.769230769230769 0.1875
26000 4.75 0.1875
28000 4.769230769230769 0.21875
30000 4.711538461538462 0.3125
32000 4.596153846153846 0.1875
34000 4.6923076923076925 0.171875
36000 4.6923076923076925 0.265625
38000 4.75 0.171875
40000 4.75 0.28125
42000 4.75 0.375
44000 4.788461538461538 0.171875
46000 4.653846153846154 0.171875
48000 4.615384615384615 0.234375
50000 4.769230769230769 0.25
52000 4.769230769230769 0.359375
54000 4.634615384615385 0.1875
56000 4.75 0.140625
58000 4.769230769230769 0.15625
60000 4.730769230769231 0.25
62000 4.769230769230769 0.3125
64000 4.75 0.203125
66000 4.75 0.21875
68000 4.711538461538462 0.265625
70000 4.730769230769231 0.203125
72000 4.75 0.265625
74000 4.788461538461538 0.375
76000 4.788461538461538 0.1875
78000 4.769230769230769 0.171875
80000 4.75 0.171875
82000 4.75 0.21875
84000 4.730769230769231 0.34375
86000 4.730769230769231 0.21875
88000 4.75 0.3125
90000 4.730769230769231 0.1875
92000 4.730769230769231 0.203125
94000 4.769230769230769 0.3125
96000 4.730769230769231 0.3125
98000 4.769230769230769 0.25
100000 4.769230769230769 0.203125
102000 4.769230769230769 0.203125
104000 4.769230769230769 0.21875
106000 4.769230769230769 0.390625
108000 4.769230769230769 0.25
110000 4.75 0.34375
112000 4.75 0.296875
114000 4.769230769230769 0.25
116000 4.769230769230769 0.34375
118000 4.711538461538462 0.1875
120000 4.75 0.1875
122000 4.75 0.234375
124000 4.769230769230769 0.203125
126000 4.711538461538462 0.265625
128000 4.769230769230769 0.21875
130000 4.75 0.203125
132000 4.6923076923076925 0.21875
134000 4.730769230769231 0.1875
136000 4.788461538461538 0.25
138000 4.769230769230769 0.359375
140000 4.788461538461538 0.203125
142000 4.788461538461538 0.1875
144000 4.788461538461538 0.21875
146000 4.769230769230769 0.234375
148000 4.769230769230769 0.34375
150000 4.75 0.1875
152000 4.75 0.234375
154000 4.788461538461538 0.1875
156000 4.769230769230769 0.1875
158000 4.769230769230769 0.265625
160000 4.923076923076923 0.203125
162000 4.769230769230769 0.203125
164000 4.769230769230769 0.203125
166000 4.769230769230769 0.203125
168000 4.769230769230769 0.265625
170000 4.769230769230769 0.359375
172000 4.75 0.234375
174000 4.769230769230769 0.203125
176000 4.769230769230769 0.203125
178000 4.769230769230769 0.265625
180000 4.769230769230769 0.296875
182000 4.923076923076923 0.203125
184000 4.653846153846154 0.21875
186000 4.730769230769231 0.28125
188000 4.865384615384615 0.234375
190000 4.711538461538462 0.296875
192000 4.923076923076923 0.234375
194000 4.730769230769231 0.265625
196000 4.961538461538462 0.203125
198000 4.865384615384615 0.203125
200000 4.769230769230769 0.28125
202000 4.75 0.375
204000 4.8076923076923075 0.28125
206000 4.75 0.203125
208000 4.75 0.1875
210000 4.75 0.234375
212000 4.730769230769231 0.328125
214000 4.730769230769231 0.21875
216000 4.75 0.203125
218000 4.75 0.1875
220000 4.923076923076923 0.21875
222000 4.884615384615385 0.265625
224000 4.846153846153846 0.1875
226000 4.788461538461538 0.28125
228000 4.826923076923077 0.25
230000 4.865384615384615 0.1875
232000 4.826923076923077 0.28125
234000 4.884615384615385 0.34375
236000 4.826923076923077 0.171875
238000 4.788461538461538 0.265625
240000 4.9423076923076925 0.203125
242000 4.9423076923076925 0.25
244000 4.75 0.328125
246000 4.826923076923077 0.203125
248000 4.846153846153846 0.203125
250000 4.884615384615385 0.234375
252000 4.75 0.234375
254000 4.6923076923076925 0.296875
256000 4.826923076923077 0.1875
258000 4.403846153846154 0.203125
260000 4.826923076923077 0.1875
262000 4.826923076923077 0.28125
264000 4.865384615384615 0.296875
266000 4.673076923076923 0.390625
268000 5.0 0.203125
270000 4.769230769230769 0.21875
272000 4.865384615384615 0.359375
274000 4.826923076923077 0.265625
276000 4.980769230769231 0.265625
278000 4.980769230769231 0.265625
280000 4.884615384615385 0.203125
282000 4.826923076923077 0.1875
284000 4.865384615384615 0.21875
286000 4.884615384615385 0.3125
288000 4.903846153846154 0.1875
290000 4.788461538461538 0.234375
292000 4.75 0.203125
294000 4.8076923076923075 0.203125
296000 4.865384615384615 0.28125
298000 4.730769230769231 0.34375
300000 4.826923076923077 0.21875
302000 4.865384615384615 0.21875
304000 4.826923076923077 0.21875
306000 4.961538461538462 0.28125
308000 4.826923076923077 0.3125
310000 4.730769230769231 0.234375
312000 4.5 0.203125
314000 4.730769230769231 0.1875
316000 4.8076923076923075 0.171875
318000 4.788461538461538 0.3125
320000 4.730769230769231 0.203125
322000 4.8076923076923075 0.203125
324000 4.769230769230769 0.21875
326000 4.75 0.234375
328000 4.730769230769231 0.28125
330000 4.769230769230769 0.28125
332000 4.788461538461538 0.25
334000 4.961538461538462 0.234375
336000 4.884615384615385 0.21875
338000 4.865384615384615 0.234375
340000 4.961538461538462 0.328125
342000 4.8076923076923075 0.1875
344000 4.8076923076923075 0.1875
346000 4.8076923076923075 0.1875
348000 4.730769230769231 0.234375
350000 4.865384615384615 0.3125
352000 4.846153846153846 0.203125
354000 4.711538461538462 0.203125
356000 4.9423076923076925 0.203125
358000 4.884615384615385 0.21875
360000 4.865384615384615 0.25
362000 4.903846153846154 0.3125
364000 4.903846153846154 0.203125
366000 4.961538461538462 0.1875
368000 4.903846153846154 0.21875
370000 4.711538461538462 0.28125
372000 4.903846153846154 0.28125
374000 5.0 0.171875
376000 4.865384615384615 0.109375
378000 4.865384615384615 0.203125
380000 4.884615384615385 0.265625
382000 4.865384615384615 0.296875
384000 4.8076923076923075 0.203125
386000 5.019230769230769 0.21875
388000 4.884615384615385 0.15625
390000 4.788461538461538 0.1875
392000 4.826923076923077 0.28125
394000 4.788461538461538 0.375
396000 4.884615384615385 0.21875
398000 4.826923076923077 0.21875
400000 4.884615384615385 0.15625
402000 4.884615384615385 0.28125
404000 4.884615384615385 0.328125
406000 4.903846153846154 0.171875
408000 4.884615384615385 0.25
410000 4.884615384615385 0.234375
412000 4.884615384615385 0.21875
414000 4.865384615384615 0.328125
416000 4.846153846153846 0.234375
418000 4.9423076923076925 0.234375
420000 5.0 0.203125
422000 4.865384615384615 0.203125
424000 4.8076923076923075 0.265625
426000 4.826923076923077 0.375
428000 4.846153846153846 0.15625
430000 4.923076923076923 0.15625
432000 4.846153846153846 0.203125
434000 4.846153846153846 0.21875
436000 4.846153846153846 0.34375
438000 4.884615384615385 0.171875
440000 4.826923076923077 0.203125
442000 4.8076923076923075 0.21875
444000 4.826923076923077 0.21875
446000 4.884615384615385 0.3125
448000 4.884615384615385 0.265625
450000 4.884615384615385 0.25
452000 4.884615384615385 0.265625
454000 4.884615384615385 0.265625
456000 4.865384615384615 0.265625
458000 4.846153846153846 0.34375
460000 4.865384615384615 0.171875
462000 4.826923076923077 0.15625
464000 4.961538461538462 0.234375
466000 4.980769230769231 0.1875
468000 4.826923076923077 0.359375
470000 4.826923076923077 0.21875
472000 4.961538461538462 0.234375
474000 4.826923076923077 0.1875
476000 4.826923076923077 0.21875
478000 4.8076923076923075 0.296875
480000 4.8076923076923075 0.1875
482000 4.846153846153846 0.21875
484000 4.846153846153846 0.171875
486000 4.846153846153846 0.140625
488000 4.826923076923077 0.28125
490000 4.8076923076923075 0.34375
492000 4.826923076923077 0.203125
494000 4.846153846153846 0.21875
496000 4.846153846153846 0.171875
498000 4.865384615384615 0.234375
500000 4.884615384615385 0.34375
