2000 0.36538461538461536 0.109375
4000 1.0 0.09375
6000 1.1538461538461537 0.09375
8000 1.1153846153846154 0.125
10000 1.1730769230769231 0.109375
12000 1.1923076923076923 0.109375
14000 1.3076923076923077 0.09375
16000 1.5384615384615385 0.109375
18000 1.5 0.109375
20000 1.5192307692307692 0.09375
22000 1.5 0.09375
24000 1.5192307692307692 0.109375
26000 1.5 0.09375
28000 1.6346153846153846 0.140625
30000 1.5769230769230769 0.09375
32000 1.6346153846153846 0.09375
34000 1.6538461538461537 0.109375
36000 1.6730769230769231 0.09375
38000 1.6730769230769231 0.15625
40000 1.6730769230769231 0.09375
42000 1.6730769230769231 0.09375
44000 1.7307692307692308 0.09375
46000 1.7307692307692308 0.109375
48000 1.7307692307692308 0.109375
50000 1.75 0.09375
52000 1.75 0.109375
54000 1.7884615384615385 0.09375
56000 1.7692307692307692 0.140625
58000 1.8076923076923077 0.109375
60000 1.8076923076923077 0.140625
62000 1.8076923076923077 0.125
64000 1.8076923076923077 0.15625
66000 1.8076923076923077 0.125
68000 1.8846153846153846 0.109375
70000 1.8846153846153846 0.140625
72000 1.8461538461538463 0.140625
74000 1.7884615384615385 0.125
76000 1.7884615384615385 0.125
78000 1.7884615384615385 0.15625
80000 1.8461538461538463 0.15625
82000 1.8269230769230769 0.171875
84000 1.8461538461538463 0.25
86000 1.8461538461538463 0.1875
88000 1.8076923076923077 0.203125
90000 1.75 0.109375
92000 1.6923076923076923 0.125
94000 1.6730769230769231 0.15625
96000 1.7307692307692308 0.140625
98000 1.75 0.171875
100000 1.7884615384615385 0.140625
102000 1.7307692307692308 0.125
104000 1.75 0.15625
106000 1.7115384615384615 0.21875
108000 1.7115384615384615 0.15625
110000 1.6730769230769231 0.125
112000 1.6730769230769231 0.140625
114000 1.7115384615384615 0.15625
116000 1.7307692307692308 0.109375
118000 1.7115384615384615 0.09375
120000 1.7115384615384615 0.140625
122000 1.7692307692307692 0.171875
124000 1.7692307692307692 0.140625
126000 1.7884615384615385 0.15625
128000 1.7692307692307692 0.171875
130000 1.7884615384615385 0.140625
132000 1.7692307692307692 0.15625
134000 1.7115384615384615 0.09375
136000 1.7884615384615385 0.125
138000 1.7115384615384615 0.125
140000 1.6923076923076923 0.109375
142000 1.7115384615384615 0.109375
144000 1.7307692307692308 0.09375
146000 1.7884615384615385 0.109375
148000 1.7884615384615385 0.15625
150000 1.7115384615384615 0.09375
152000 1.7115384615384615 0.109375
154000 1.7307692307692308 0.171875
156000 1.75 0.125
158000 1.75 0.125
160000 1.7884615384615385 0.125
162000 1.7884615384615385 0.15625
164000 1.8076923076923077 0.15625
166000 1.8076923076923077 0.171875
168000 1.8076923076923077 0.15625
170000 1.7884615384615385 0.3125
172000 1.7884615384615385 0.125
174000 1.8461538461538463 0.171875
176000 1.8269230769230769 0.15625
178000 1.8461538461538463 0.15625
180000 1.8461538461538463 0.109375
182000 1.7884615384615385 0.109375
184000 1.8461538461538463 0.171875
186000 1.8269230769230769 0.109375
188000 1.8461538461538463 0.140625
190000 1.8653846153846154 0.109375
192000 1.8846153846153846 0.109375
194000 1.9230769230769231 0.15625
196000 1.9230769230769231 0.109375
198000 1.9423076923076923 0.09375
200000 1.9230769230769231 0.125
202000 1.9423076923076923 0.125
204000 1.9423076923076923 0.15625
206000 1.9038461538461537 0.09375
208000 1.8461538461538463 0.125
210000 1.9038461538461537 0.15625
212000 1.8846153846153846 0.109375
214000 1.9038461538461537 0.109375
216000 1.9038461538461537 0.09375
218000 1.8461538461538463 0.09375
220000 1.8846153846153846 0.140625
222000 1.9038461538461537 0.109375
224000 1.9038461538461537 0.140625
226000 1.9038461538461537 0.078125
228000 1.9038461538461537 0.171875
230000 1.9230769230769231 0.109375
232000 1.9038461538461537 0.125
234000 1.9038461538461537 0.171875
236000 1.8269230769230769 0.15625
238000 1.8076923076923077 0.125
240000 1.8269230769230769 0.125
242000 1.8076923076923077 0.140625
244000 1.7884615384615385 0.140625
246000 1.75 0.09375
248000 1.7692307692307692 0.140625
250000 1.8076923076923077 0.140625
252000 1.8846153846153846 0.125
254000 1.8653846153846154 0.203125
256000 1.8653846153846154 0.09375
258000 1.8653846153846154 0.171875
260000 1.8461538461538463 0.109375
262000 1.8461538461538463 0.171875
264000 1.9038461538461537 0.09375
266000 1.9423076923076923 0.125
268000 1.9230769230769231 0.109375
270000 1.9038461538461537 0.15625
272000 1.8653846153846154 0.140625
274000 1.8461538461538463 0.15625
276000 1.8461538461538463 0.109375
278000 1.8653846153846154 0.125
280000 1.8653846153846154 0.109375
282000 1.8269230769230769 0.09375
284000 1.8269230769230769 0.109375
286000 1.7692307692307692 0.109375
288000 1.7884615384615385 0.125
290000 1.8076923076923077 0.171875
292000 1.75 0.125
294000 1.8653846153846154 0.125
296000 1.7884615384615385 0.109375
298000 1.7884615384615385 0.125
300000 1.8269230769230769 0.140625
302000 1.8461538461538463 0.09375
304000 1.9038461538461537 0.140625
306000 1.8846153846153846 0.125
308000 1.8653846153846154 0.203125
310000 1.7884615384615385 0.21875
312000 1.8461538461538463 0.140625
314000 1.9230769230769231 0.109375
316000 1.9423076923076923 0.15625
318000 1.9230769230769231 0.15625
320000 1.9230769230769231 0.125
322000 1.9615384615384615 0.109375
324000 1.8846153846153846 0.140625
326000 1.9423076923076923 0.125
328000 1.9615384615384615 0.125
330000 1.9807692307692308 0.125
332000 1.9423076923076923 0.140625
334000 1.8846153846153846 0.140625
336000 1.8653846153846154 0.140625
338000 1.7884615384615385 0.1875
340000 1.8846153846153846 0.25
342000 1.8846153846153846 0.109375
344000 1.8269230769230769 0.125
346000 1.8269230769230769 0.125
348000 1.8269230769230769 0.125
350000 1.7884615384615385 0.140625
352000 1.8461538461538463 0.125
354000 1.8846153846153846 0.125
356000 1.8653846153846154 0.109375
358000 1.8269230769230769 0.171875
360000 1.8269230769230769 0.109375
362000 1.8076923076923077 0.1875
364000 1.9038461538461537 0.140625
366000 1.9038461538461537 0.109375
368000 1.8653846153846154 0.125
370000 1.8461538461538463 0.15625
372000 1.9230769230769231 0.09375
374000 1.9807692307692308 0.109375
376000 2.019230769230769 0.109375
378000 2.019230769230769 0.109375
380000 2.019230769230769 0.125
382000 1.9423076923076923 0.109375
384000 1.9615384615384615 0.125
386000 2.019230769230769 0.140625
388000 2.0384615384615383 0.140625
390000 2.0384615384615383 0.125
392000 2.0 0.125
394000 2.0 0.125
396000 2.0 0.140625
398000 2.0 0.140625
400000 2.0 0.125
402000 2.0 0.109375
404000 2.019230769230769 0.109375
406000 2.0 0.140625
408000 2.019230769230769 0.140625
410000 2.019230769230769 0.125
412000 2.0 0.171875
414000 2.0 0.140625
416000 1.9423076923076923 0.125
418000 2.0 0.140625
420000 1.9807692307692308 0.125
422000 1.9615384615384615 0.140625
424000 1.9615384615384615 0.203125
426000 1.9807692307692308 0.25
428000 1.9807692307692308 0.09375
430000 1.9807692307692308 0.109375
432000 1.9807692307692308 0.125
434000 1.9615384615384615 0.109375
436000 1.9615384615384615 0.109375
438000 1.9615384615384615 0.109375
440000 1.9615384615384615 0.09375
442000 1.9807692307692308 0.109375
444000 1.9230769230769231 0.09375
446000 1.9038461538461537 0.09375
448000 1.9038461538461537 0.09375
450000 1.8461538461538463 0.09375
452000 1.8461538461538463 0.09375
454000 1.8076923076923077 0.109375
456000 1.9230769230769231 0.125
458000 1.9038461538461537 0.140625
460000 1.8653846153846154 0.109375
462000 1.9230769230769231 0.140625
464000 1.9423076923076923 0.109375
466000 1.9807692307692308 0.140625
468000 2.0384615384615383 0.125
470000 1.9615384615384615 0.109375
472000 2.0384615384615383 0.140625
474000 2.019230769230769 0.125
476000 2.019230769230769 0.1875
478000 2.0384615384615383 0.140625
480000 2.0961538461538463 0.109375
482000 2.076923076923077 0.140625
484000 2.0576923076923075 0.109375
486000 2.076923076923077 0.125
488000 2.076923076923077 0.140625
490000 2.0384615384615383 0.140625
492000 2.076923076923077 0.109375
494000 2.0384615384615383 0.125
496000 2.0384615384615383 0.0625
498000 2.0576923076923075 0.0625
500000 2.0576923076923075 0.078125
