2000 1.0961538461538463 0.109375
4000 1.6346153846153846 0.15625
6000 1.5961538461538463 0.09375
8000 1.6923076923076923 0.21875
10000 1.6346153846153846 0.25
12000 1.6923076923076923 0.109375
14000 1.6538461538461537 0.15625
16000 1.6923076923076923 0.125
18000 1.7115384615384615 0.171875
20000 1.6923076923076923 0.234375
22000 1.6923076923076923 0.109375
24000 1.6923076923076923 0.125
26000 1.6923076923076923 0.125
28000 1.6923076923076923 0.171875
30000 1.6923076923076923 0.1875
32000 1.6538461538461537 0.15625
34000 1.6346153846153846 0.125
36000 1.6538461538461537 0.109375
38000 1.6730769230769231 0.140625
40000 1.6538461538461537 0.21875
42000 1.6730769230769231 0.265625
44000 1.6923076923076923 0.140625
46000 1.6730769230769231 0.140625
48000 1.6538461538461537 0.15625
50000 1.6538461538461537 0.1875
52000 1.6346153846153846 0.25
54000 1.6346153846153846 0.171875
56000 1.6730769230769231 0.109375
58000 1.6923076923076923 0.125
60000 1.6923076923076923 0.109375
62000 1.6730769230769231 0.1875
64000 1.6346153846153846 0.140625
66000 1.6538461538461537 0.1875
68000 1.6923076923076923 0.125
70000 1.6538461538461537 0.140625
72000 1.6538461538461537 0.203125
74000 1.7115384615384615 0.25
76000 1.6730769230769231 0.125
78000 1.6730769230769231 0.140625
80000 1.6730769230769231 0.125
82000 1.6346153846153846 0.171875
84000 1.6538461538461537 0.21875
86000 1.6730769230769231 0.171875
88000 1.6538461538461537 0.109375
90000 1.6923076923076923 0.171875
92000 1.6923076923076923 0.140625
94000 1.6153846153846154 0.21875
96000 1.6346153846153846 0.125
98000 1.6346153846153846 0.109375
100000 1.7115384615384615 0.09375
102000 1.6730769230769231 0.09375
104000 1.5961538461538463 0.21875
106000 1.6730769230769231 0.25
108000 1.7115384615384615 0.140625
110000 1.7115384615384615 0.125
112000 1.7115384615384615 0.140625
114000 1.6923076923076923 0.171875
116000 1.6730769230769231 0.28125
118000 1.6923076923076923 0.171875
120000 1.6538461538461537 0.109375
122000 1.6923076923076923 0.09375
124000 1.6923076923076923 0.171875
126000 1.7115384615384615 0.234375
128000 1.6923076923076923 0.09375
130000 1.6923076923076923 0.125
132000 1.6730769230769231 0.140625
134000 1.6923076923076923 0.109375
136000 1.6538461538461537 0.21875
138000 1.6538461538461537 0.25
140000 1.7115384615384615 0.140625
142000 1.7115384615384615 0.15625
144000 1.7115384615384615 0.140625
146000 1.7115384615384615 0.15625
148000 1.6730769230769231 0.234375
150000 1.6923076923076923 0.09375
152000 1.6730769230769231 0.15625
154000 1.7115384615384615 0.125
156000 1.7115384615384615 0.203125
158000 1.6730769230769231 0.25
160000 1.6923076923076923 0.15625
162000 1.6923076923076923 0.171875
164000 1.7115384615384615 0.1875
166000 1.75 0.1875
168000 1.7115384615384615 0.140625
170000 1.6730769230769231 0.296875
172000 1.6346153846153846 0.171875
174000 1.6923076923076923 0.140625
176000 1.6923076923076923 0.171875
178000 1.7115384615384615 0.125
180000 1.6538461538461537 0.234375
182000 1.5384615384615385 0.171875
184000 1.5961538461538463 0.125
186000 1.7115384615384615 0.125
188000 1.7115384615384615 0.15625
190000 1.7115384615384615 0.234375
192000 1.7115384615384615 0.203125
194000 1.6730769230769231 0.15625
196000 1.7884615384615385 0.109375
198000 1.8076923076923077 0.140625
200000 1.8846153846153846 0.203125
202000 1.8269230769230769 0.234375
204000 1.9423076923076923 0.125
206000 1.8846153846153846 0.09375
208000 1.8269230769230769 0.109375
210000 1.9423076923076923 0.1875
212000 1.7692307692307692 0.15625
214000 1.8269230769230769 0.125
216000 1.9423076923076923 0.109375
218000 1.8846153846153846 0.125
220000 1.9038461538461537 0.140625
222000 1.8269230769230769 0.265625
224000 1.7692307692307692 0.109375
226000 1.75 0.140625
228000 1.6923076923076923 0.109375
230000 1.7692307692307692 0.140625
232000 1.7884615384615385 0.171875
234000 1.8653846153846154 0.28125
236000 1.8076923076923077 0.125
238000 1.8846153846153846 0.15625
240000 1.8076923076923077 0.109375
242000 1.7692307692307692 0.125
244000 1.8076923076923077 0.21875
246000 1.7884615384615385 0.1875
248000 1.8846153846153846 0.15625
250000 1.7884615384615385 0.09375
252000 1.7884615384615385 0.171875
254000 1.6923076923076923 0.21875
256000 1.8076923076923077 0.140625
258000 1.7307692307692308 0.140625
260000 1.7307692307692308 0.15625
262000 1.7884615384615385 0.140625
264000 1.8653846153846154 0.234375
266000 1.8269230769230769 0.28125
268000 1.8846153846153846 0.125
270000 1.9615384615384615 0.109375
272000 1.9230769230769231 0.15625
274000 1.9038461538461537 0.15625
276000 1.8846153846153846 0.265625
278000 1.7884615384615385 0.140625
280000 1.9038461538461537 0.109375
282000 1.9807692307692308 0.109375
284000 1.9423076923076923 0.15625
286000 1.9230769230769231 0.1875
288000 1.9230769230769231 0.140625
290000 1.9230769230769231 0.140625
292000 1.8653846153846154 0.109375
294000 1.75 0.109375
296000 1.8076923076923077 0.21875
298000 1.6923076923076923 0.265625
300000 1.75 0.09375
302000 1.75 0.109375
304000 1.8076923076923077 0.125
306000 1.7692307692307692 0.15625
308000 1.6730769230769231 0.265625
310000 1.6730769230769231 0.15625
312000 1.8269230769230769 0.171875
314000 1.6923076923076923 0.125
316000 1.7307692307692308 0.15625
318000 1.8461538461538463 0.21875
320000 1.9230769230769231 0.125
322000 1.8846153846153846 0.125
324000 1.9230769230769231 0.125
326000 1.9423076923076923 0.171875
328000 2.019230769230769 0.1875
330000 1.9230769230769231 0.265625
332000 1.9615384615384615 0.140625
334000 1.9423076923076923 0.09375
336000 1.8461538461538463 0.125
338000 2.0576923076923075 0.140625
340000 1.9615384615384615 0.25
342000 2.0 0.140625
344000 1.9038461538461537 0.140625
346000 1.9615384615384615 0.15625
348000 1.9038461538461537 0.140625
350000 1.9615384615384615 0.203125
352000 1.8846153846153846 0.140625
354000 1.9807692307692308 0.125
356000 1.9038461538461537 0.109375
358000 1.9230769230769231 0.109375
360000 1.9423076923076923 0.1875
362000 2.0 0.28125
364000 1.9615384615384615 0.140625
366000 1.9038461538461537 0.125
368000 1.8653846153846154 0.140625
370000 1.9230769230769231 0.1875
372000 1.8846153846153846 0.265625
374000 1.8846153846153846 0.140625
376000 1.9230769230769231 0.109375
378000 1.9615384615384615 0.15625
380000 1.9038461538461537 0.15625
382000 1.9230769230769231 0.1875
384000 1.9615384615384615 0.171875
386000 1.9615384615384615 0.171875
388000 1.9615384615384615 0.140625
390000 1.8846153846153846 0.15625
392000 1.9230769230769231 0.1875
394000 1.9615384615384615 0.234375
396000 2.0 0.109375
398000 1.9807692307692308 0.140625
400000 1.9038461538461537 0.140625
402000 1.9038461538461537 0.203125
404000 2.0384615384615383 0.25
406000 2.0576923076923075 0.15625
408000 1.9807692307692308 0.125
410000 1.9423076923076923 0.109375
412000 2.0384615384615383 0.15625
414000 1.9807692307692308 0.25
416000 2.0384615384615383 0.15625
418000 1.9615384615384615 0.140625
420000 1.8846153846153846 0.15625
422000 1.8653846153846154 0.203125
424000 1.9038461538461537 0.21875
426000 1.9230769230769231 0.25
428000 2.0384615384615383 0.140625
430000 2.0576923076923075 0.125
432000 2.0384615384615383 0.140625
434000 2.0384615384615383 0.203125
436000 1.9615384615384615 0.25
438000 2.0 0.109375
440000 1.9615384615384615 0.15625
442000 1.9423076923076923 0.140625
444000 2.019230769230769 0.140625
446000 1.9423076923076923 0.28125
448000 1.9423076923076923 0.125
450000 1.9230769230769231 0.109375
452000 1.9230769230769231 0.15625
454000 1.9038461538461537 0.140625
456000 1.9038461538461537 0.1875
458000 1.9615384615384615 0.296875
460000 1.9423076923076923 0.109375
462000 1.9615384615384615 0.125
464000 1.9807692307692308 0.140625
466000 1.8846153846153846 0.1875
468000 1.8846153846153846 0.28125
470000 1.8846153846153846 0.125
472000 1.8846153846153846 0.140625
474000 1.8846153846153846 0.125
476000 1.8653846153846154 0.140625
478000 1.8846153846153846 0.25
480000 1.8846153846153846 0.109375
482000 1.9038461538461537 0.140625
484000 1.8653846153846154 0.15625
486000 1.9038461538461537 0.140625
488000 1.9230769230769231 0.21875
490000 1.9423076923076923 0.25
492000 1.9615384615384615 0.0625
494000 1.9615384615384615 0.09375
496000 1.9807692307692308 0.140625
498000 2.0 0.15625
500000 1.9423076923076923 0.1875
