2000 0.36538461538461536 0.046875
4000 0.5769230769230769 0.046875
6000 1.0769230769230769 0.125
8000 1.0769230769230769 0.09375
10000 1.0576923076923077 0.125
12000 1.0384615384615385 0.0625
14000 1.0576923076923077 0.078125
16000 1.0769230769230769 0.125
18000 1.0769230769230769 0.09375
20000 1.0769230769230769 0.125
22000 1.0769230769230769 0.0625
24000 1.0769230769230769 0.078125
26000 1.0576923076923077 0.109375
28000 1.0576923076923077 0.109375
30000 1.0769230769230769 0.125
32000 1.0769230769230769 0.0625
34000 1.0576923076923077 0.046875
36000 1.0576923076923077 0.109375
38000 1.0769230769230769 0.125
40000 1.0384615384615385 0.125
42000 1.0576923076923077 0.125
44000 1.0769230769230769 0.078125
46000 1.0769230769230769 0.078125
48000 1.0769230769230769 0.09375
50000 1.0769230769230769 0.0625
52000 1.0769230769230769 0.078125
54000 1.0769230769230769 0.0625
56000 1.0769230769230769 0.0625
58000 1.0769230769230769 0.125
60000 1.0769230769230769 0.078125
62000 1.0769230769230769 0.09375
64000 1.0576923076923077 0.046875
66000 1.0576923076923077 0.046875
68000 1.0576923076923077 0.078125
70000 1.0384615384615385 0.125
72000 1.0576923076923077 0.125
74000 1.0769230769230769 0.125
76000 1.0769230769230769 0.0625
78000 1.0576923076923077 0.0625
80000 1.0576923076923077 0.125
82000 1.0769230769230769 0.125
84000 1.0769230769230769 0.109375
86000 1.0769230769230769 0.046875
88000 1.0769230769230769 0.0625
90000 1.0769230769230769 0.109375
92000 1.0576923076923077 0.09375
94000 1.0769230769230769 0.109375
96000 1.0769230769230769 0.0625
98000 1.0576923076923077 0.078125
100000 1.0576923076923077 0.0625
102000 1.0576923076923077 0.125
104000 1.0576923076923077 0.125
106000 1.0769230769230769 0.125
108000 1.0576923076923077 0.046875
110000 1.0576923076923077 0.078125
112000 1.0576923076923077 0.125
114000 1.0576923076923077 0.125
116000 1.0576923076923077 0.109375
118000 1.0576923076923077 0.046875
120000 1.0 0.0625
122000 1.0576923076923077 0.078125
124000 1.0576923076923077 0.125
126000 1.0576923076923077 0.109375
128000 1.0576923076923077 0.046875
130000 1.0769230769230769 0.0625
132000 1.0576923076923077 0.109375
134000 1.0576923076923077 0.125
136000 1.0576923076923077 0.09375
138000 1.0576923076923077 0.125
140000 1.0576923076923077 0.0625
142000 1.0576923076923077 0.078125
144000 1.0769230769230769 0.15625
146000 1.0576923076923077 0.125
148000 1.0576923076923077 0.09375
150000 1.0769230769230769 0.046875
152000 1.0769230769230769 0.046875
154000 1.0769230769230769 0.109375
156000 1.0769230769230769 0.125
158000 1.0769230769230769 0.125
160000 1.0769230769230769 0.046875
162000 1.0769230769230769 0.0625
164000 1.0769230769230769 0.09375
166000 1.0769230769230769 0.125
168000 1.0769230769230769 0.109375
170000 1.0769230769230769 0.125
172000 1.0769230769230769 0.09375
174000 1.0769230769230769 0.078125
176000 1.0576923076923077 0.125
178000 1.0769230769230769 0.15625
180000 1.0769230769230769 0.125
182000 1.0769230769230769 0.0625
184000 1.0769230769230769 0.0625
186000 1.0769230769230769 0.125
188000 1.0769230769230769 0.09375
190000 1.0769230769230769 0.15625
192000 1.0576923076923077 0.0625
194000 1.0769230769230769 0.0625
196000 1.0769230769230769 0.078125
198000 1.0769230769230769 0.125
200000 1.0769230769230769 0.109375
202000 1.0769230769230769 0.125
204000 1.0769230769230769 0.0625
206000 1.0769230769230769 0.09375
208000 1.0769230769230769 0.125
210000 1.0769230769230769 0.125
212000 1.0576923076923077 0.15625
214000 1.0769230769230769 0.0625
216000 1.0769230769230769 0.0625
218000 1.0769230769230769 0.125
220000 1.0769230769230769 0.125
222000 1.0769230769230769 0.09375
224000 1.0769230769230769 0.0625
226000 1.0576923076923077 0.046875
228000 1.0769230769230769 0.125
230000 1.0769230769230769 0.125
232000 1.0769230769230769 0.125
234000 1.0769230769230769 0.125
236000 1.0769230769230769 0.046875
238000 1.0769230769230769 0.0625
240000 1.0769230769230769 0.109375
242000 1.0769230769230769 0.15625
244000 1.0769230769230769 0.125
246000 1.0769230769230769 0.046875
248000 1.0769230769230769 0.0625
250000 1.0769230769230769 0.0625
252000 1.0769230769230769 0.125
254000 1.0769230769230769 0.09375
256000 1.0769230769230769 0.046875
258000 1.0769230769230769 0.0625
260000 1.0769230769230769 0.078125
262000 1.0769230769230769 0.109375
264000 1.0769230769230769 0.125
266000 1.0769230769230769 0.125
268000 1.0769230769230769 0.0625
270000 1.0769230769230769 0.0625
272000 1.0769230769230769 0.109375
274000 1.0769230769230769 0.078125
276000 1.0769230769230769 0.09375
278000 1.0769230769230769 0.078125
280000 1.0769230769230769 0.046875
282000 1.0769230769230769 0.078125
284000 1.0576923076923077 0.109375
286000 1.0769230769230769 0.125
288000 1.0769230769230769 0.046875
290000 1.0769230769230769 0.046875
292000 1.0769230769230769 0.078125
294000 1.0769230769230769 0.109375
296000 1.0769230769230769 0.125
298000 1.0769230769230769 0.125
300000 1.0769230769230769 0.078125
302000 1.0769230769230769 0.046875
304000 1.0769230769230769 0.109375
306000 1.0769230769230769 0.125
308000 1.0769230769230769 0.109375
310000 1.0769230769230769 0.0625
312000 1.0769230769230769 0.0625
314000 1.0769230769230769 0.109375
316000 1.0769230769230769 0.109375
318000 1.0769230769230769 0.09375
320000 1.0769230769230769 0.046875
322000 1.0769230769230769 0.0625
324000 1.0769230769230769 0.109375
326000 1.0769230769230769 0.109375
328000 1.0769230769230769 0.09375
330000 1.0769230769230769 0.125
332000 1.0769230769230769 0.046875
334000 1.0769230769230769 0.078125
336000 1.0769230769230769 0.125
338000 1.0769230769230769 0.125
340000 1.0769230769230769 0.125
342000 1.0769230769230769 0.046875
344000 1.0769230769230769 0.078125
346000 1.0576923076923077 0.09375
348000 1.0769230769230769 0.125
350000 1.0769230769230769 0.125
352000 1.0769230769230769 0.078125
354000 1.0769230769230769 0.078125
356000 1.0769230769230769 0.125
358000 1.0769230769230769 0.09375
360000 1.0769230769230769 0.125
362000 1.0769230769230769 0.109375
364000 1.0769230769230769 0.0625
366000 1.0769230769230769 0.078125
368000 1.0769230769230769 0.109375
370000 1.0769230769230769 0.125
372000 1.0769230769230769 0.140625
374000 1.0769230769230769 0.0625
376000 1.0769230769230769 0.0625
378000 1.0769230769230769 0.09375
380000 1.0769230769230769 0.125
382000 1.0769230769230769 0.125
384000 1.0769230769230769 0.046875
386000 1.0769230769230769 0.0625
388000 1.0769230769230769 0.109375
390000 1.0769230769230769 0.15625
392000 1.0769230769230769 0.125
394000 1.0769230769230769 0.125
396000 1.0769230769230769 0.046875
398000 1.0769230769230769 0.0625
400000 1.0769230769230769 0.125
402000 1.0769230769230769 0.125
404000 1.0769230769230769 0.15625
406000 1.0769230769230769 0.046875
408000 1.0769230769230769 0.0625
410000 1.0769230769230769 0.09375
412000 1.0769230769230769 0.140625
414000 1.0769230769230769 0.109375
416000 1.0769230769230769 0.046875
418000 1.0769230769230769 0.0625
420000 1.0769230769230769 0.109375
422000 1.0769230769230769 0.09375
424000 1.0769230769230769 0.125
426000 1.0769230769230769 0.125
428000 1.0769230769230769 0.046875
430000 1.0769230769230769 0.09375
432000 1.0769230769230769 0.125
434000 1.0769230769230769 0.15625
436000 1.0769230769230769 0.125
438000 1.0769230769230769 0.046875
440000 1.0769230769230769 0.0625
442000 1.0769230769230769 0.109375
444000 1.0769230769230769 0.125
446000 1.0769230769230769 0.15625
448000 1.0769230769230769 0.046875
450000 1.0769230769230769 0.078125
452000 1.0769230769230769 0.078125
454000 1.0769230769230769 0.078125
456000 1.0769230769230769 0.125
458000 1.0769230769230769 0.09375
460000 1.0769230769230769 0.03125
462000 1.0769230769230769 0.0625
464000 1.0769230769230769 0.140625
466000 1.0769230769230769 0.15625
468000 1.0769230769230769 0.078125
470000 1.0769230769230769 0.0625
472000 1.0769230769230769 0.0625
474000 1.0769230769230769 0.109375
476000 1.0769230769230769 0.15625
478000 1.0769230769230769 0.125
480000 1.0769230769230769 0.0625
482000 1.0769230769230769 0.09375
484000 1.0769230769230769 0.09375
486000 1.0769230769230769 0.09375
488000 1.0769230769230769 0.125
490000 1.0769230769230769 0.0625
492000 1.0769230769230769 0.046875
494000 1.0769230769230769 0.09375
496000 1.0769230769230769 0.0625
498000 1.0769230769230769 0.0625
500000 1.0769230769230769 0.0625
