2000 0.019230769230769232 0.274142466999999
4000 0.019230769230769232 0.17957809900000044
6000 0.019230769230769232 0.17190485199999728
8000 0.019230769230769232 0.18332903199999961
10000 0.038461538461538464 0.17380023599999816
12000 0.0 0.17968583000000393
14000 0.0 0.17315754000000538
16000 0.0 0.18020086699999638
18000 0.0 0.1843489439999999
20000 0.0 0.17876298099999843
22000 0.0 0.19641887399999547
24000 0.019230769230769232 0.18454581299999973
26000 0.0 0.18798874000000865
28000 0.038461538461538464 0.18770617900000275
30000 0.038461538461538464 0.18579093700000726
32000 0.038461538461538464 0.1938600180000094
34000 0.0 0.187443978999994
36000 0.0 0.19081675200000348
38000 0.038461538461538464 0.18688815500000544
40000 0.057692307692307696 0.18228063600000155
42000 0.038461538461538464 0.18140809099999444
44000 0.0 0.18060648600000206
46000 0.038461538461538464 0.18925409099999513
48000 0.0 0.18641123199999754
50000 0.0 0.18064904700000284
52000 0.057692307692307696 0.301122675000002
54000 0.07692307692307693 0.32270835799999986
56000 0.09615384615384616 0.33455012099997816
58000 0.2692307692307692 0.3343596830000024
60000 0.46153846153846156 0.3466078490000086
62000 0.8076923076923077 0.34922493700000246
64000 0.9038461538461539 0.34800701300000014
66000 0.9807692307692307 0.351324333000008
68000 1.0 0.35101506199998767
70000 0.9038461538461539 0.34829701699999305
72000 1.0 0.34473710299999993
74000 1.0 0.34405784899999503
76000 1.0 0.3520156299999826
78000 1.0192307692307692 0.35566803800000457
80000 1.0192307692307692 0.3495294379999905
82000 1.0 0.35468529599998533
84000 0.9230769230769231 0.35460399199999415
86000 0.9807692307692307 0.35929678200000126
88000 1.0384615384615385 0.34302343900000665
90000 1.0 0.3448617669999976
92000 1.0192307692307692 0.35162474700001667
94000 0.9423076923076923 0.3588704310000139
96000 0.9423076923076923 0.35756501600002366
98000 0.9423076923076923 0.3504248469999993
100000 0.9423076923076923 0.35092564499996115
102000 0.8076923076923077 0.3510238579999623
104000 0.8461538461538461 0.3518684659999849
106000 0.9615384615384616 0.3472176539999623
108000 0.7884615384615384 0.3555107020000037
110000 0.75 0.35434434600000486
112000 0.9230769230769231 0.343388884000035
114000 0.8269230769230769 0.35865115100000367
116000 0.7307692307692307 0.3570553810000092
118000 0.9615384615384616 0.3487112029999935
120000 0.8269230769230769 0.3515247089999889
122000 0.9615384615384616 0.3467695420000041
124000 0.75 0.35552131100001816
126000 0.8461538461538461 0.347551669999973
128000 0.9230769230769231 0.35591877600001
130000 0.8653846153846154 0.33600891800000454
132000 0.9230769230769231 0.3519962220000252
134000 0.8653846153846154 0.34981962099999464
136000 0.8653846153846154 0.35280284399999573
138000 0.9423076923076923 0.3502158350000286
140000 0.7692307692307693 0.3584377899999822
142000 0.8846153846153846 0.3487310110000408
144000 0.8269230769230769 0.3470054539999978
146000 0.8653846153846154 0.35275627799995846
148000 0.9038461538461539 0.3516065119999894
150000 0.9615384615384616 0.3536002929999995
152000 0.9230769230769231 0.34227131899996266
154000 0.8269230769230769 0.3551347670000382
156000 0.9615384615384616 0.3473799679999843
158000 0.8461538461538461 0.3415343279999661
160000 0.9230769230769231 0.35921309399998336
162000 0.9807692307692307 0.33958873999995376
164000 0.9807692307692307 0.35002506499995434
166000 0.9807692307692307 0.3563621499999954
168000 0.9423076923076923 0.35485509000000093
170000 0.9615384615384616 0.35993700099993475
172000 1.0384615384615385 0.3544989850000775
174000 1.0384615384615385 0.3533934719999934
176000 1.0384615384615385 0.3528029349999997
178000 1.1153846153846154 0.34956607899994196
180000 1.0961538461538463 0.36034845400001814
182000 0.9615384615384616 0.3559372720000056
184000 0.9615384615384616 0.3445712809999577
186000 1.1153846153846154 0.3623671899999863
188000 1.0769230769230769 0.35351753499992356
190000 0.9807692307692307 0.3558326280000301
192000 1.1346153846153846 0.35607563199994274
194000 0.9038461538461539 0.34425743100007367
196000 1.0769230769230769 0.3546090820000245
198000 1.0384615384615385 0.3596306670000331
200000 1.0576923076923077 0.35615649199996824
202000 1.0 0.3580755499999668
204000 1.0769230769230769 0.35950627399995483
206000 1.0384615384615385 0.34935861799999657
208000 1.0384615384615385 0.36861543600002733
210000 1.0 0.36033463700005086
212000 1.0769230769230769 0.3475523790000352
214000 1.25 0.3545098650000682
216000 1.2115384615384615 0.3672593000000006
218000 1.1923076923076923 0.35563875100001496
220000 1.1730769230769231 0.3560168110000177
222000 1.0961538461538463 0.3505777540000281
224000 1.25 0.3557748780000338
226000 1.1346153846153846 0.354646030999902
228000 1.1730769230769231 0.356196940000018
230000 1.0961538461538463 0.35321355600001425
232000 1.0961538461538463 0.354875070999924
234000 1.2884615384615385 0.35300707800001874
236000 1.0961538461538463 0.3552698710000186
238000 1.1153846153846154 0.35999235600002066
240000 1.1153846153846154 0.35063118400000803
242000 1.1346153846153846 0.36003149999999096
244000 1.1346153846153846 0.35229643699994995
246000 1.25 0.3496162290000484
248000 1.2307692307692308 0.35372134800002186
250000 1.0961538461538463 0.3529799870000261
252000 1.1153846153846154 0.3498998520000214
254000 1.0961538461538463 0.3563033780000069
256000 1.2307692307692308 0.35493674600002123
258000 1.1153846153846154 0.34710308700005044
260000 0.9615384615384616 0.3483616680000523
262000 1.25 0.34033298600002126
264000 1.1346153846153846 0.35085030300001563
266000 1.4038461538461537 0.35381567399997493
268000 1.1923076923076923 0.3570534540000381
270000 1.2307692307692308 0.35817672299992864
272000 1.2692307692307692 0.35010371299995313
274000 1.25 0.35815286799993373
276000 1.1346153846153846 0.3544813339999564
278000 1.2884615384615385 0.35143681199997445
280000 1.3076923076923077 0.3516607239999985
282000 1.2884615384615385 0.3492976830000316
284000 1.0576923076923077 0.35154310100006114
286000 1.1346153846153846 0.3466746259999809
288000 1.2307692307692308 0.36173611499998515
290000 1.1730769230769231 0.3458901640000249
292000 1.2692307692307692 0.3596562159999621
294000 1.2115384615384615 0.35626891200001864
296000 1.1730769230769231 0.3419760150000002
298000 1.3076923076923077 0.35205346800000825
300000 1.2307692307692308 0.35707556599993495
302000 1.2307692307692308 0.3517347530000734
304000 1.3461538461538463 0.35288133299991387
306000 1.1538461538461537 0.35825426799999605
308000 1.3269230769230769 0.3543572089999998
310000 1.2115384615384615 0.35335870800008706
312000 1.2884615384615385 0.35010318400009055
314000 1.2115384615384615 0.3591043599999466
316000 1.2884615384615385 0.3556607040000017
318000 1.1153846153846154 0.35903484900018157
320000 1.4230769230769231 0.35576099200011413
322000 1.2115384615384615 0.3533915079999588
324000 1.1538461538461537 0.35900316100014606
326000 1.2307692307692308 0.3512969690000318
328000 1.1923076923076923 0.35831598400000075
330000 1.1923076923076923 0.3464852990000509
332000 1.2307692307692308 0.35160497899983056
334000 1.0961538461538463 0.35946224099984647
336000 1.2307692307692308 0.35095961799993347
338000 1.1346153846153846 0.3515735000000859
340000 1.1153846153846154 0.34722599999986414
342000 1.2115384615384615 0.3550832600001286
344000 1.2884615384615385 0.3616772850000416
346000 1.1730769230769231 0.3591426729999512
348000 1.1730769230769231 0.35389574400005586
350000 1.25 0.35300416099994436
352000 1.25 0.35402690899991285
354000 1.2692307692307692 0.3609153550000883
356000 1.2307692307692308 0.35207003999994413
358000 1.1346153846153846 0.35264245300004404
360000 1.1346153846153846 0.3535101239999676
362000 1.1730769230769231 0.3565593800001352
364000 1.2884615384615385 0.3594347910000124
366000 1.2307692307692308 0.35280802599982053
368000 1.2692307692307692 0.3559115659998042
370000 1.3269230769230769 0.3569234110000252
372000 1.2884615384615385 0.35341032300016195
374000 1.1346153846153846 0.354679613999906
376000 1.1730769230769231 0.3529653989999133
378000 1.2307692307692308 0.3558051439999872
380000 1.1923076923076923 0.3574541279999721
382000 1.3076923076923077 0.34991998000009517
384000 1.25 0.35324845099989943
386000 1.1730769230769231 0.35026966500004164
388000 1.4038461538461537 0.35905634000005193
390000 1.1538461538461537 0.3544289049998497
392000 1.0769230769230769 0.3541483579999749
394000 1.1538461538461537 0.353226869999844
396000 1.2115384615384615 0.35881587900007617
398000 1.3653846153846154 0.3543452360001993
400000 1.3461538461538463 0.35654805700005454
402000 1.1538461538461537 0.3569359230000373
404000 1.2115384615384615 0.3563603149998471
406000 1.2115384615384615 0.35500540499992894
408000 1.3076923076923077 0.3538201139999728
410000 1.1346153846153846 0.3570886499999233
412000 1.25 0.3530500790000133
414000 1.1153846153846154 0.35811085699992873
416000 1.1153846153846154 0.3581993849998071
418000 1.3461538461538463 0.35571448399991823
420000 1.3461538461538463 0.3584976850002022
422000 1.2884615384615385 0.3492374310001196
424000 1.2115384615384615 0.34123771100007616
426000 1.3461538461538463 0.3524720839998281
428000 1.0769230769230769 0.34967783600018265
430000 1.2692307692307692 0.3532979429999159
432000 1.25 0.3600033560001066
434000 1.2115384615384615 0.3488333819998388
436000 1.4038461538461537 0.3598120750000362
438000 1.1538461538461537 0.35199902899989866
440000 1.25 0.3590907140001036
442000 1.2884615384615385 0.34984372700000677
444000 1.2884615384615385 0.36031030200001624
446000 1.2115384615384615 0.3605660099999568
448000 1.4038461538461537 0.3549201149999135
450000 1.1730769230769231 0.3476884759998029
452000 1.1730769230769231 0.354643157000055
454000 1.2692307692307692 0.35516120600004797
456000 1.1538461538461537 0.3575318509999761
458000 1.2692307692307692 0.3501330589999725
460000 1.2115384615384615 0.34965939099993193
462000 1.2307692307692308 0.3591042410000682
464000 1.1538461538461537 0.3514500990002034
466000 1.3076923076923077 0.3545258770000146
468000 1.1730769230769231 0.3429993639999793
470000 1.3269230769230769 0.3558922159998019
472000 1.2307692307692308 0.3596646010000768
474000 1.3653846153846154 0.3580200649998915
476000 1.1153846153846154 0.3522345190001488
478000 1.1730769230769231 0.35798086399995555
480000 1.2884615384615385 0.35571520500002407
482000 1.2884615384615385 0.361507746000143
484000 1.25 0.35216605000005075
486000 1.3269230769230769 0.3473181320000549
488000 1.1538461538461537 0.35910035299980336
490000 1.2307692307692308 0.35099150899986853
492000 1.3653846153846154 0.3561665729998822
494000 1.2307692307692308 0.3599432449998403
496000 1.4038461538461537 0.34804104799991364
498000 1.3269230769230769 0.3527853830000822
500000 1.1923076923076923 0.34910975200000394
