2000 0.15384615384615385 0.234375
4000 0.1346153846153846 0.1875
6000 0.23076923076923078 0.171875
8000 0.7115384615384616 0.203125
10000 0.9807692307692307 0.3125
12000 1.1153846153846154 0.21875
14000 1.0961538461538463 0.171875
16000 1.1538461538461537 0.171875
18000 1.0769230769230769 0.234375
20000 1.1730769230769231 0.265625
22000 1.2115384615384615 0.203125
24000 1.1923076923076923 0.125
26000 1.1923076923076923 0.125
28000 1.4038461538461537 0.203125
30000 1.3846153846153846 0.21875
32000 1.3846153846153846 0.171875
34000 1.3653846153846154 0.15625
36000 1.6730769230769231 0.171875
38000 1.7307692307692308 0.1875
40000 1.75 0.21875
42000 1.7115384615384615 0.28125
44000 1.8076923076923077 0.171875
46000 1.7692307692307692 0.15625
48000 1.75 0.125
50000 1.8076923076923077 0.140625
52000 1.8076923076923077 0.265625
54000 1.8076923076923077 0.140625
56000 1.8653846153846154 0.140625
58000 1.75 0.171875
60000 1.7307692307692308 0.171875
62000 1.6538461538461537 0.25
64000 1.6923076923076923 0.171875
66000 1.7307692307692308 0.1875
68000 1.8461538461538463 0.15625
70000 1.7307692307692308 0.21875
72000 1.8076923076923077 0.234375
74000 1.7884615384615385 0.328125
76000 1.7884615384615385 0.1875
78000 1.7884615384615385 0.15625
80000 1.7884615384615385 0.171875
82000 1.7884615384615385 0.21875
84000 1.7692307692307692 0.265625
86000 1.7884615384615385 0.15625
88000 1.8269230769230769 0.15625
90000 1.8269230769230769 0.171875
92000 1.8461538461538463 0.171875
94000 1.8846153846153846 0.25
96000 1.7884615384615385 0.15625
98000 1.7884615384615385 0.15625
100000 1.7692307692307692 0.15625
102000 1.8076923076923077 0.171875
104000 1.8461538461538463 0.21875
106000 1.8461538461538463 0.296875
108000 1.8076923076923077 0.171875
110000 1.8076923076923077 0.203125
112000 1.8461538461538463 0.140625
114000 1.8653846153846154 0.1875
116000 1.75 0.296875
118000 1.7307692307692308 0.15625
120000 1.8461538461538463 0.171875
122000 1.75 0.21875
124000 1.7307692307692308 0.171875
126000 1.8269230769230769 0.25
128000 1.7692307692307692 0.140625
130000 1.7307692307692308 0.1875
132000 1.7884615384615385 0.140625
134000 1.8653846153846154 0.203125
136000 1.8076923076923077 0.265625
138000 1.75 0.3125
140000 1.8076923076923077 0.1875
142000 1.8076923076923077 0.171875
144000 1.8076923076923077 0.140625
146000 1.8076923076923077 0.15625
148000 1.8269230769230769 0.25
150000 1.8461538461538463 0.171875
152000 1.7692307692307692 0.15625
154000 1.8461538461538463 0.171875
156000 1.7884615384615385 0.140625
158000 1.9038461538461537 0.265625
160000 1.9038461538461537 0.171875
162000 1.8269230769230769 0.1875
164000 1.8846153846153846 0.203125
166000 1.9038461538461537 0.1875
168000 1.8846153846153846 0.25
170000 1.8269230769230769 0.296875
172000 1.9038461538461537 0.21875
174000 1.8461538461538463 0.21875
176000 1.8461538461538463 0.171875
178000 1.6923076923076923 0.265625
180000 1.8846153846153846 0.21875
182000 1.8653846153846154 0.203125
184000 1.6730769230769231 0.21875
186000 1.6730769230769231 0.234375
188000 1.8653846153846154 0.21875
190000 1.8846153846153846 0.234375
192000 1.8653846153846154 0.1875
194000 1.8461538461538463 0.1875
196000 1.8653846153846154 0.265625
198000 1.8846153846153846 0.234375
200000 1.75 0.21875
202000 1.75 0.296875
204000 1.8076923076923077 0.203125
206000 1.6923076923076923 0.234375
208000 1.75 0.171875
210000 1.8846153846153846 0.15625
212000 1.8846153846153846 0.28125
214000 1.7115384615384615 0.1875
216000 1.5576923076923077 0.171875
218000 1.8269230769230769 0.140625
220000 1.9230769230769231 0.140625
222000 1.8846153846153846 0.25
224000 1.6346153846153846 0.203125
226000 1.6153846153846154 0.140625
228000 1.8076923076923077 0.171875
230000 1.8846153846153846 0.203125
232000 1.8461538461538463 0.203125
234000 1.7115384615384615 0.390625
236000 1.8461538461538463 0.171875
238000 1.8076923076923077 0.203125
240000 1.75 0.1875
242000 1.6346153846153846 0.15625
244000 1.8461538461538463 0.234375
246000 1.6538461538461537 0.203125
248000 1.6538461538461537 0.15625
250000 1.5769230769230769 0.171875
252000 1.7307692307692308 0.1875
254000 1.8269230769230769 0.265625
256000 1.8846153846153846 0.203125
258000 1.75 0.21875
260000 1.8653846153846154 0.21875
262000 1.6730769230769231 0.203125
264000 1.6538461538461537 0.21875
266000 1.7307692307692308 0.1875
268000 1.75 0.171875
270000 1.6730769230769231 0.1875
272000 1.8846153846153846 0.203125
274000 1.8846153846153846 0.1875
276000 1.8076923076923077 0.28125
278000 1.8076923076923077 0.15625
280000 1.8076923076923077 0.21875
282000 1.9038461538461537 0.15625
284000 1.8846153846153846 0.21875
286000 1.7692307692307692 0.25
288000 1.8653846153846154 0.140625
290000 1.8269230769230769 0.1875
292000 1.8461538461538463 0.171875
294000 1.8653846153846154 0.140625
296000 1.9038461538461537 0.328125
298000 1.8846153846153846 0.3125
300000 1.75 0.15625
302000 1.6730769230769231 0.15625
304000 1.6923076923076923 0.15625
306000 1.7307692307692308 0.1875
308000 1.5769230769230769 0.265625
310000 1.8653846153846154 0.171875
312000 1.5961538461538463 0.15625
314000 1.6538461538461537 0.171875
316000 1.8846153846153846 0.15625
318000 1.8846153846153846 0.21875
320000 1.9615384615384615 0.15625
322000 1.8846153846153846 0.140625
324000 1.9230769230769231 0.171875
326000 1.9230769230769231 0.140625
328000 1.9807692307692308 0.21875
330000 1.9807692307692308 0.296875
332000 1.7884615384615385 0.203125
334000 1.7692307692307692 0.203125
336000 1.7115384615384615 0.15625
338000 1.9038461538461537 0.1875
340000 1.6730769230769231 0.28125
342000 1.7884615384615385 0.15625
344000 1.9038461538461537 0.15625
346000 1.9230769230769231 0.1875
348000 1.9038461538461537 0.1875
350000 1.9615384615384615 0.203125
352000 1.9615384615384615 0.15625
354000 1.9230769230769231 0.171875
356000 1.9615384615384615 0.15625
358000 1.9230769230769231 0.21875
360000 1.9230769230769231 0.203125
362000 1.9038461538461537 0.296875
364000 1.8653846153846154 0.15625
366000 1.9230769230769231 0.171875
368000 1.8846153846153846 0.21875
370000 1.75 0.1875
372000 1.8076923076923077 0.265625
374000 1.75 0.1875
376000 1.7307692307692308 0.1875
378000 1.8653846153846154 0.234375
380000 1.9038461538461537 0.171875
382000 1.8461538461538463 0.234375
384000 1.9230769230769231 0.25
386000 1.7884615384615385 0.1875
388000 1.8269230769230769 0.25
390000 1.7692307692307692 0.1875
392000 1.7692307692307692 0.203125
394000 1.8269230769230769 0.3125
396000 1.8653846153846154 0.125
398000 1.7115384615384615 0.1875
400000 1.75 0.171875
402000 1.8653846153846154 0.171875
404000 1.8461538461538463 0.296875
406000 1.8653846153846154 0.140625
408000 1.9230769230769231 0.203125
410000 1.8846153846153846 0.1875
412000 1.9038461538461537 0.15625
414000 1.9038461538461537 0.234375
416000 1.9423076923076923 0.140625
418000 1.8653846153846154 0.265625
420000 1.8653846153846154 0.1875
422000 1.8653846153846154 0.15625
424000 1.8846153846153846 0.21875
426000 1.8653846153846154 0.328125
428000 1.8461538461538463 0.171875
430000 1.7692307692307692 0.21875
432000 1.7692307692307692 0.125
434000 1.8653846153846154 0.15625
436000 1.8269230769230769 0.203125
438000 1.8269230769230769 0.1875
440000 1.8269230769230769 0.171875
442000 1.8076923076923077 0.125
444000 1.8076923076923077 0.125
446000 1.8461538461538463 0.25
448000 1.8269230769230769 0.171875
450000 1.8076923076923077 0.25
452000 1.7692307692307692 0.140625
454000 1.7692307692307692 0.203125
456000 1.7115384615384615 0.21875
458000 1.7692307692307692 0.328125
460000 1.8076923076923077 0.1875
462000 1.7884615384615385 0.203125
464000 1.8269230769230769 0.140625
466000 1.7692307692307692 0.203125
468000 1.75 0.28125
470000 1.7884615384615385 0.15625
472000 1.7692307692307692 0.15625
474000 1.8076923076923077 0.15625
476000 1.8269230769230769 0.203125
478000 1.8076923076923077 0.234375
480000 1.8076923076923077 0.203125
482000 1.7884615384615385 0.140625
484000 1.8076923076923077 0.203125
486000 1.75 0.203125
488000 1.75 0.21875
490000 1.7692307692307692 0.3125
492000 1.7884615384615385 0.15625
494000 1.7884615384615385 0.140625
496000 1.7692307692307692 0.25
498000 1.7307692307692308 0.1875
500000 1.75 0.28125
