2000 0.40384615384615385 0.296875
4000 0.36538461538461536 0.390625
6000 0.5192307692307693 0.34375
8000 0.28846153846153844 0.28125
10000 0.28846153846153844 0.4375
12000 0.75 0.375
14000 1.0576923076923077 0.40625
16000 1.0961538461538463 0.375
18000 1.0769230769230769 0.34375
20000 1.1153846153846154 0.375
22000 1.1346153846153846 0.421875
24000 1.2884615384615385 0.421875
26000 1.2884615384615385 0.375
28000 1.1538461538461537 0.4375
30000 1.1730769230769231 0.3125
32000 1.1538461538461537 0.28125
34000 1.3076923076923077 0.3125
36000 1.6346153846153846 0.328125
38000 1.75 0.328125
40000 1.7692307692307692 0.40625
42000 1.75 0.390625
44000 1.75 0.390625
46000 1.7115384615384615 0.34375
48000 1.6153846153846154 0.40625
50000 1.75 0.296875
52000 1.7115384615384615 0.390625
54000 1.7115384615384615 0.4375
56000 1.7884615384615385 0.34375
58000 1.8461538461538463 0.328125
60000 1.75 0.3125
62000 1.7692307692307692 0.3125
64000 1.7692307692307692 0.40625
66000 1.7692307692307692 0.3125
68000 1.75 0.34375
70000 1.7692307692307692 0.328125
72000 1.7692307692307692 0.28125
74000 1.8653846153846154 0.5
76000 1.8076923076923077 0.3125
78000 1.7884615384615385 0.484375
80000 1.8269230769230769 0.375
82000 1.8461538461538463 0.3125
84000 1.8269230769230769 0.359375
86000 1.7307692307692308 0.421875
88000 1.7884615384615385 0.34375
90000 1.8076923076923077 0.359375
92000 1.8653846153846154 0.375
94000 1.8269230769230769 0.359375
96000 1.8076923076923077 0.390625
98000 1.9038461538461537 0.4375
100000 1.8653846153846154 0.375
102000 1.8653846153846154 0.328125
104000 1.8846153846153846 0.3125
106000 1.8461538461538463 0.421875
108000 1.8846153846153846 0.40625
110000 1.8653846153846154 0.28125
112000 1.8269230769230769 0.3125
114000 1.8269230769230769 0.359375
116000 1.8653846153846154 0.359375
118000 1.9038461538461537 0.40625
120000 1.9230769230769231 0.390625
122000 1.7884615384615385 0.328125
124000 1.9038461538461537 0.4375
126000 1.9038461538461537 0.28125
128000 1.9230769230769231 0.46875
130000 1.8076923076923077 0.359375
132000 1.7884615384615385 0.421875
134000 1.9038461538461537 0.28125
136000 1.9230769230769231 0.296875
138000 1.8461538461538463 0.5625
140000 1.9230769230769231 0.4375
142000 1.8461538461538463 0.359375
144000 1.7692307692307692 0.359375
146000 1.7692307692307692 0.34375
148000 1.9230769230769231 0.4375
150000 1.9038461538461537 0.296875
152000 1.9230769230769231 0.421875
154000 1.8461538461538463 0.40625
156000 1.8269230769230769 0.375
158000 1.9230769230769231 0.390625
160000 1.9423076923076923 0.328125
162000 1.9230769230769231 0.40625
164000 1.9230769230769231 0.40625
166000 1.7692307692307692 0.296875
168000 1.7884615384615385 0.3125
170000 1.7884615384615385 0.546875
172000 1.9423076923076923 0.390625
174000 1.9230769230769231 0.40625
176000 1.9423076923076923 0.421875
178000 1.8846153846153846 0.40625
180000 1.8846153846153846 0.4375
182000 1.9230769230769231 0.328125
184000 1.9230769230769231 0.40625
186000 1.9423076923076923 0.375
188000 1.9038461538461537 0.421875
190000 1.8461538461538463 0.3125
192000 1.8846153846153846 0.390625
194000 1.9230769230769231 0.4375
196000 1.9230769230769231 0.390625
198000 1.7884615384615385 0.390625
200000 1.8846153846153846 0.34375
202000 1.8653846153846154 0.515625
204000 1.8846153846153846 0.3125
206000 1.8846153846153846 0.40625
208000 1.8846153846153846 0.453125
210000 1.9038461538461537 0.453125
212000 1.8653846153846154 0.34375
214000 1.9230769230769231 0.375
216000 1.8653846153846154 0.453125
218000 1.8653846153846154 0.390625
220000 1.9423076923076923 0.3125
222000 1.8846153846153846 0.296875
224000 1.9423076923076923 0.34375
226000 1.9038461538461537 0.3125
228000 1.9230769230769231 0.421875
230000 1.9230769230769231 0.390625
232000 1.9423076923076923 0.4375
234000 1.7692307692307692 0.484375
236000 1.8653846153846154 0.390625
238000 1.7884615384615385 0.359375
240000 1.8461538461538463 0.40625
242000 1.9423076923076923 0.421875
244000 1.9423076923076923 0.390625
246000 1.9615384615384615 0.421875
248000 1.8846153846153846 0.359375
250000 1.9038461538461537 0.359375
252000 1.9423076923076923 0.328125
254000 1.9423076923076923 0.375
256000 1.9038461538461537 0.40625
258000 1.9038461538461537 0.359375
260000 1.9038461538461537 0.390625
262000 1.8846153846153846 0.328125
264000 1.9038461538461537 0.390625
266000 1.8653846153846154 0.453125
268000 1.9038461538461537 0.453125
270000 1.9423076923076923 0.359375
272000 1.9423076923076923 0.296875
274000 1.9615384615384615 0.421875
276000 1.7884615384615385 0.5
278000 1.7692307692307692 0.375
280000 1.8461538461538463 0.484375
282000 1.7884615384615385 0.484375
284000 1.9423076923076923 0.328125
286000 1.9230769230769231 0.40625
288000 1.8846153846153846 0.296875
290000 1.9423076923076923 0.328125
292000 1.9230769230769231 0.34375
294000 1.8846153846153846 0.3125
296000 1.9230769230769231 0.3125
298000 1.9038461538461537 0.46875
300000 1.9038461538461537 0.359375
302000 1.9230769230769231 0.296875
304000 1.8846153846153846 0.296875
306000 1.8653846153846154 0.359375
308000 1.9230769230769231 0.40625
310000 1.9230769230769231 0.265625
312000 1.8846153846153846 0.3125
314000 1.9230769230769231 0.40625
316000 1.9230769230769231 0.3125
318000 1.9423076923076923 0.3125
320000 1.9230769230769231 0.296875
322000 1.9423076923076923 0.3125
324000 1.9038461538461537 0.28125
326000 1.8653846153846154 0.328125
328000 1.9230769230769231 0.40625
330000 1.9230769230769231 0.40625
332000 1.9230769230769231 0.3125
334000 1.8846153846153846 0.296875
336000 1.8846153846153846 0.296875
338000 1.9038461538461537 0.328125
340000 1.9423076923076923 0.4375
342000 1.9230769230769231 0.375
344000 1.9423076923076923 0.4375
346000 1.9423076923076923 0.296875
348000 1.9423076923076923 0.375
350000 1.9230769230769231 0.3125
352000 1.9230769230769231 0.3125
354000 1.8653846153846154 0.296875
356000 1.8269230769230769 0.265625
358000 1.8461538461538463 0.359375
360000 1.9230769230769231 0.34375
362000 1.8653846153846154 0.515625
364000 1.8269230769230769 0.3125
366000 1.8846153846153846 0.296875
368000 1.8846153846153846 0.34375
370000 1.8653846153846154 0.40625
372000 1.8846153846153846 0.359375
374000 1.9230769230769231 0.34375
376000 1.9038461538461537 0.3125
378000 1.9230769230769231 0.28125
380000 1.9230769230769231 0.296875
382000 1.9230769230769231 0.40625
384000 1.9230769230769231 0.4375
386000 1.9230769230769231 0.328125
388000 1.8461538461538463 0.375
390000 1.9038461538461537 0.296875
392000 1.8846153846153846 0.3125
394000 1.9038461538461537 0.4375
396000 1.9230769230769231 0.328125
398000 1.8461538461538463 0.28125
400000 1.7884615384615385 0.296875
402000 1.8846153846153846 0.328125
404000 1.8846153846153846 0.359375
406000 1.8846153846153846 0.34375
408000 1.9230769230769231 0.40625
410000 1.9038461538461537 0.453125
412000 1.9230769230769231 0.296875
414000 1.7884615384615385 0.34375
416000 1.8461538461538463 0.3125
418000 1.8846153846153846 0.34375
420000 1.8846153846153846 0.34375
422000 1.8846153846153846 0.40625
424000 1.8653846153846154 0.3125
426000 1.9038461538461537 0.4375
428000 1.9038461538461537 0.359375
430000 1.9038461538461537 0.3125
432000 1.9038461538461537 0.3125
434000 1.9423076923076923 0.3125
436000 1.9230769230769231 0.390625
438000 1.9230769230769231 0.28125
440000 1.9038461538461537 0.453125
442000 1.9615384615384615 0.4375
444000 1.9038461538461537 0.34375
446000 1.8846153846153846 0.390625
448000 1.8846153846153846 0.3125
450000 1.8846153846153846 0.265625
452000 1.8846153846153846 0.296875
454000 1.9423076923076923 0.328125
456000 1.9038461538461537 0.328125
458000 1.9038461538461537 0.484375
460000 1.9038461538461537 0.296875
462000 1.9230769230769231 0.359375
464000 1.9038461538461537 0.296875
466000 1.9038461538461537 0.3125
468000 1.8653846153846154 0.40625
470000 1.8653846153846154 0.296875
472000 1.9038461538461537 0.296875
474000 1.9423076923076923 0.34375
476000 1.9423076923076923 0.4375
478000 1.9230769230769231 0.375
480000 1.9230769230769231 0.296875
482000 1.9230769230769231 0.421875
484000 1.9423076923076923 0.28125
486000 1.9230769230769231 0.34375
488000 1.9230769230769231 0.34375
490000 1.9423076923076923 0.453125
492000 1.9038461538461537 0.28125
494000 1.9038461538461537 0.40625
496000 1.9038461538461537 0.21875
498000 1.9230769230769231 0.21875
500000 1.9230769230769231 0.390625
