2000 0.40384615384615385 0.125
4000 0.4423076923076923 0.15625
6000 0.8269230769230769 0.140625
8000 0.9038461538461539 0.234375
10000 0.7115384615384616 0.25
12000 0.9423076923076923 0.125
14000 0.9230769230769231 0.140625
16000 1.0192307692307692 0.140625
18000 1.0769230769230769 0.171875
20000 1.0961538461538463 0.28125
22000 1.1730769230769231 0.109375
24000 1.1730769230769231 0.125
26000 1.2115384615384615 0.109375
28000 1.25 0.125
30000 1.3076923076923077 0.265625
32000 1.3076923076923077 0.125
34000 1.3076923076923077 0.15625
36000 1.3846153846153846 0.140625
38000 1.4038461538461537 0.171875
40000 1.4423076923076923 0.28125
42000 1.4230769230769231 0.296875
44000 1.4423076923076923 0.140625
46000 1.4423076923076923 0.15625
48000 1.5192307692307692 0.125
50000 1.5961538461538463 0.1875
52000 1.6346153846153846 0.25
54000 1.6730769230769231 0.125
56000 1.8076923076923077 0.15625
58000 1.8846153846153846 0.140625
60000 1.7884615384615385 0.15625
62000 1.7692307692307692 0.21875
64000 1.8269230769230769 0.109375
66000 1.7884615384615385 0.234375
68000 1.9038461538461537 0.1875
70000 1.6538461538461537 0.15625
72000 1.6538461538461537 0.15625
74000 1.6923076923076923 0.265625
76000 1.5961538461538463 0.140625
78000 1.5961538461538463 0.109375
80000 1.6346153846153846 0.109375
82000 1.5961538461538463 0.15625
84000 1.5769230769230769 0.265625
86000 1.5769230769230769 0.15625
88000 1.6730769230769231 0.109375
90000 1.6730769230769231 0.109375
92000 1.6730769230769231 0.15625
94000 1.6923076923076923 0.234375
96000 1.6346153846153846 0.125
98000 1.6923076923076923 0.140625
100000 1.6730769230769231 0.109375
102000 1.6346153846153846 0.109375
104000 1.6923076923076923 0.203125
106000 1.6923076923076923 0.28125
108000 1.8269230769230769 0.125
110000 1.75 0.140625
112000 1.8269230769230769 0.171875
114000 1.6730769230769231 0.15625
116000 1.8269230769230769 0.265625
118000 1.8076923076923077 0.109375
120000 1.8461538461538463 0.109375
122000 1.8846153846153846 0.125
124000 1.8269230769230769 0.140625
126000 1.6538461538461537 0.25
128000 1.5961538461538463 0.109375
130000 1.8461538461538463 0.109375
132000 1.8461538461538463 0.109375
134000 1.75 0.125
136000 1.75 0.203125
138000 1.8269230769230769 0.28125
140000 1.8269230769230769 0.125
142000 1.75 0.140625
144000 1.8653846153846154 0.140625
146000 1.8846153846153846 0.203125
148000 1.8076923076923077 0.296875
150000 1.75 0.140625
152000 1.8269230769230769 0.140625
154000 1.75 0.140625
156000 1.8461538461538463 0.125
158000 1.6923076923076923 0.234375
160000 1.6153846153846154 0.125
162000 1.8269230769230769 0.125
164000 1.7115384615384615 0.125
166000 1.7884615384615385 0.109375
168000 1.7884615384615385 0.21875
170000 1.7692307692307692 0.28125
172000 1.8846153846153846 0.109375
174000 1.8269230769230769 0.140625
176000 1.8461538461538463 0.109375
178000 1.8269230769230769 0.140625
180000 1.8076923076923077 0.234375
182000 1.8846153846153846 0.125
184000 2.0 0.109375
186000 1.8076923076923077 0.109375
188000 1.9038461538461537 0.15625
190000 1.8461538461538463 0.1875
192000 1.9038461538461537 0.140625
194000 1.9038461538461537 0.109375
196000 1.8269230769230769 0.109375
198000 1.9038461538461537 0.125
200000 1.8846153846153846 0.21875
202000 1.8076923076923077 0.28125
204000 1.7692307692307692 0.15625
206000 1.8846153846153846 0.125
208000 1.8461538461538463 0.140625
210000 1.8653846153846154 0.171875
212000 1.7884615384615385 0.265625
214000 1.7307692307692308 0.140625
216000 1.9230769230769231 0.109375
218000 1.9423076923076923 0.1875
220000 1.8461538461538463 0.453125
222000 1.9230769230769231 0.421875
224000 1.8269230769230769 0.421875
226000 1.75 0.109375
228000 1.6346153846153846 0.359375
230000 1.7115384615384615 0.390625
232000 1.7692307692307692 0.390625
234000 1.8653846153846154 0.34375
236000 1.75 0.34375
238000 1.7884615384615385 0.359375
240000 1.6923076923076923 0.390625
242000 1.6923076923076923 0.34375
244000 1.6730769230769231 0.46875
246000 1.6538461538461537 0.40625
248000 1.7884615384615385 0.4375
250000 1.8653846153846154 0.4375
252000 1.8269230769230769 0.4375
254000 1.8269230769230769 0.4375
256000 1.8269230769230769 0.453125
258000 1.8269230769230769 0.46875
260000 1.7884615384615385 0.4375
262000 1.8269230769230769 0.328125
264000 1.8269230769230769 0.421875
266000 1.8269230769230769 0.53125
268000 1.8653846153846154 0.421875
270000 1.8653846153846154 0.46875
272000 1.8653846153846154 0.40625
274000 1.75 0.375
276000 1.8076923076923077 0.453125
278000 1.8653846153846154 0.453125
280000 1.8653846153846154 0.453125
282000 1.8653846153846154 0.46875
284000 1.7884615384615385 0.421875
286000 1.8461538461538463 0.453125
288000 1.8461538461538463 0.4375
290000 1.8269230769230769 0.4375
292000 1.8076923076923077 0.421875
294000 1.8269230769230769 0.4375
296000 1.8461538461538463 0.390625
298000 1.8653846153846154 0.46875
300000 1.9038461538461537 0.421875
302000 1.75 0.453125
304000 1.7692307692307692 0.40625
306000 1.7307692307692308 0.421875
308000 1.8461538461538463 0.40625
310000 1.8461538461538463 0.421875
312000 1.8461538461538463 0.40625
314000 1.9038461538461537 0.40625
316000 1.8653846153846154 0.453125
318000 1.8076923076923077 0.484375
320000 1.8846153846153846 0.421875
322000 1.75 0.421875
324000 1.75 0.46875
326000 1.8846153846153846 0.40625
328000 1.7884615384615385 0.421875
330000 1.7692307692307692 0.515625
332000 1.7884615384615385 0.4375
334000 1.9038461538461537 0.46875
336000 1.8653846153846154 0.40625
338000 1.7884615384615385 0.421875
340000 1.8846153846153846 0.4375
342000 1.9807692307692308 0.46875
344000 1.9038461538461537 0.4375
346000 1.9038461538461537 0.4375
348000 1.9423076923076923 0.421875
350000 1.8076923076923077 0.453125
352000 1.8461538461538463 0.421875
354000 1.8461538461538463 0.421875
356000 2.0384615384615383 0.4375
358000 1.9230769230769231 0.4375
360000 1.8846153846153846 0.453125
362000 1.9038461538461537 0.484375
364000 1.9230769230769231 0.40625
366000 1.8461538461538463 0.46875
368000 1.8269230769230769 0.46875
370000 1.8461538461538463 0.34375
372000 1.8076923076923077 0.390625
374000 1.8076923076923077 0.34375
376000 1.8846153846153846 0.40625
378000 1.8269230769230769 0.375
380000 1.8269230769230769 0.421875
382000 1.8846153846153846 0.453125
384000 1.9038461538461537 0.421875
386000 1.8269230769230769 0.40625
388000 1.8269230769230769 0.453125
390000 1.8461538461538463 0.421875
392000 1.8269230769230769 0.421875
394000 1.8461538461538463 0.46875
396000 1.8269230769230769 0.390625
398000 1.8269230769230769 0.390625
400000 1.7884615384615385 0.375
402000 1.8076923076923077 0.4375
404000 1.7884615384615385 0.46875
406000 1.8653846153846154 0.40625
408000 1.8653846153846154 0.390625
410000 1.7692307692307692 0.34375
412000 1.8269230769230769 0.421875
414000 1.7884615384615385 0.359375
416000 1.8269230769230769 0.453125
418000 1.8269230769230769 0.40625
420000 1.8269230769230769 0.4375
422000 1.8461538461538463 0.4375
424000 1.7884615384615385 0.4375
426000 1.75 0.546875
428000 1.7692307692307692 0.4375
430000 1.7884615384615385 0.421875
432000 1.7884615384615385 0.421875
434000 1.8269230769230769 0.4375
436000 1.8269230769230769 0.421875
438000 1.8076923076923077 0.4375
440000 1.8076923076923077 0.453125
442000 1.7692307692307692 0.390625
444000 1.7884615384615385 0.453125
446000 1.7884615384615385 0.4375
448000 1.7884615384615385 0.375
450000 1.75 0.453125
452000 1.7884615384615385 0.40625
454000 1.7884615384615385 0.4375
456000 1.7692307692307692 0.484375
458000 1.7307692307692308 0.46875
460000 1.7307692307692308 0.421875
462000 1.7884615384615385 0.4375
464000 1.75 0.421875
466000 1.8076923076923077 0.4375
468000 1.8076923076923077 0.4375
470000 1.8461538461538463 0.421875
472000 1.8076923076923077 0.4375
474000 1.8461538461538463 0.421875
476000 1.8076923076923077 0.4375
478000 1.8076923076923077 0.421875
480000 1.8076923076923077 0.3125
482000 1.8076923076923077 0.34375
484000 1.8076923076923077 0.40625
486000 1.8076923076923077 0.40625
488000 1.7884615384615385 0.453125
490000 1.7884615384615385 0.46875
492000 1.8653846153846154 0.375
494000 1.8653846153846154 0.34375
496000 1.8653846153846154 0.328125
498000 1.8653846153846154 0.3125
500000 1.8461538461538463 0.359375
