2000 1.0961538461538463 0.171875
4000 1.1153846153846154 0.171875
6000 1.1346153846153846 0.140625
8000 1.6346153846153846 0.1875
10000 1.6346153846153846 0.28125
12000 1.6346153846153846 0.140625
14000 1.6346153846153846 0.15625
16000 1.6346153846153846 0.15625
18000 1.6923076923076923 0.15625
20000 1.6923076923076923 0.25
22000 1.6923076923076923 0.109375
24000 1.6153846153846154 0.125
26000 1.6923076923076923 0.109375
28000 1.6538461538461537 0.171875
30000 1.6346153846153846 0.1875
32000 1.6538461538461537 0.15625
34000 1.7115384615384615 0.171875
36000 1.6346153846153846 0.140625
38000 1.6153846153846154 0.140625
40000 1.6346153846153846 0.21875
42000 1.6538461538461537 0.25
44000 1.6730769230769231 0.125
46000 1.6730769230769231 0.109375
48000 1.6923076923076923 0.109375
50000 1.6923076923076923 0.15625
52000 1.7115384615384615 0.28125
54000 1.7115384615384615 0.140625
56000 1.6923076923076923 0.125
58000 1.7115384615384615 0.09375
60000 1.6923076923076923 0.15625
62000 1.7115384615384615 0.25
64000 1.6730769230769231 0.125
66000 1.6923076923076923 0.140625
68000 1.6923076923076923 0.125
70000 1.6923076923076923 0.109375
72000 1.6923076923076923 0.21875
74000 1.6923076923076923 0.25
76000 1.6923076923076923 0.140625
78000 1.6923076923076923 0.140625
80000 1.6538461538461537 0.140625
82000 1.6538461538461537 0.171875
84000 1.6730769230769231 0.28125
86000 1.6730769230769231 0.125
88000 1.6923076923076923 0.140625
90000 1.6923076923076923 0.140625
92000 1.6730769230769231 0.15625
94000 1.6923076923076923 0.1875
96000 1.6923076923076923 0.109375
98000 1.6923076923076923 0.109375
100000 1.6923076923076923 0.125
102000 1.6923076923076923 0.109375
104000 1.6730769230769231 0.15625
106000 1.6923076923076923 0.25
108000 1.6923076923076923 0.125
110000 1.6923076923076923 0.125
112000 1.6923076923076923 0.140625
114000 1.6923076923076923 0.1875
116000 1.6923076923076923 0.203125
118000 1.6923076923076923 0.171875
120000 1.7307692307692308 0.140625
122000 1.6923076923076923 0.109375
124000 1.6923076923076923 0.15625
126000 1.6153846153846154 0.265625
128000 1.6153846153846154 0.109375
130000 1.7692307692307692 0.09375
132000 1.6923076923076923 0.125
134000 1.4423076923076923 0.125
136000 1.6538461538461537 0.234375
138000 1.6538461538461537 0.234375
140000 1.3846153846153846 0.15625
142000 1.75 0.109375
144000 1.7115384615384615 0.1875
146000 1.8076923076923077 0.1875
148000 1.7692307692307692 0.25
150000 1.6730769230769231 0.109375
152000 1.8076923076923077 0.109375
154000 1.8846153846153846 0.109375
156000 1.9230769230769231 0.125
158000 1.9615384615384615 0.1875
160000 1.8846153846153846 0.1875
162000 1.8269230769230769 0.109375
164000 1.9615384615384615 0.125
166000 1.9615384615384615 0.125
168000 1.7115384615384615 0.21875
170000 1.8076923076923077 0.25
172000 1.8269230769230769 0.140625
174000 1.8846153846153846 0.125
176000 1.8653846153846154 0.125
178000 1.6153846153846154 0.171875
180000 1.7307692307692308 0.234375
182000 1.7307692307692308 0.109375
184000 1.8461538461538463 0.125
186000 1.8076923076923077 0.15625
188000 1.8846153846153846 0.140625
190000 1.8846153846153846 0.234375
192000 1.8076923076923077 0.140625
194000 1.8269230769230769 0.125
196000 1.8846153846153846 0.125
198000 1.8846153846153846 0.171875
200000 1.9230769230769231 0.203125
202000 1.8653846153846154 0.3125
204000 1.8269230769230769 0.140625
206000 1.8846153846153846 0.109375
208000 1.9038461538461537 0.125
210000 1.8846153846153846 0.234375
212000 1.8461538461538463 0.21875
214000 1.8653846153846154 0.140625
216000 1.7115384615384615 0.125
218000 1.7884615384615385 0.109375
220000 1.8076923076923077 0.1875
222000 1.9230769230769231 0.265625
224000 1.8846153846153846 0.140625
226000 1.7115384615384615 0.171875
228000 1.8653846153846154 0.109375
230000 1.9423076923076923 0.125
232000 1.9807692307692308 0.25
234000 1.9615384615384615 0.25
236000 1.9423076923076923 0.125
238000 1.9423076923076923 0.125
240000 1.9038461538461537 0.171875
242000 1.8461538461538463 0.171875
244000 1.8653846153846154 0.25
246000 1.9615384615384615 0.125
248000 1.9615384615384615 0.109375
250000 1.9423076923076923 0.109375
252000 1.9423076923076923 0.171875
254000 1.9230769230769231 0.1875
256000 1.9230769230769231 0.109375
258000 1.9423076923076923 0.109375
260000 1.9423076923076923 0.109375
262000 1.9038461538461537 0.140625
264000 1.9615384615384615 0.21875
266000 1.9038461538461537 0.265625
268000 1.9423076923076923 0.125
270000 1.9615384615384615 0.125
272000 1.9038461538461537 0.125
274000 1.9230769230769231 0.203125
276000 1.8846153846153846 0.28125
278000 1.9423076923076923 0.109375
280000 1.9230769230769231 0.109375
282000 1.9038461538461537 0.109375
284000 1.9615384615384615 0.203125
286000 1.9423076923076923 0.234375
288000 1.9423076923076923 0.109375
290000 1.9423076923076923 0.140625
292000 1.9807692307692308 0.109375
294000 1.8846153846153846 0.125
296000 1.9038461538461537 0.171875
298000 1.8846153846153846 0.296875
300000 1.9038461538461537 0.125
302000 1.9615384615384615 0.109375
304000 1.9615384615384615 0.125
306000 1.9230769230769231 0.203125
308000 1.8846153846153846 0.265625
310000 1.9807692307692308 0.140625
312000 1.9038461538461537 0.140625
314000 1.9038461538461537 0.125
316000 1.9230769230769231 0.15625
318000 1.8846153846153846 0.234375
320000 1.8653846153846154 0.109375
322000 1.8846153846153846 0.125
324000 1.9423076923076923 0.125
326000 1.9038461538461537 0.125
328000 1.9230769230769231 0.203125
330000 1.9807692307692308 0.296875
332000 1.9230769230769231 0.109375
334000 1.8653846153846154 0.109375
336000 1.8846153846153846 0.140625
338000 1.8653846153846154 0.171875
340000 1.8653846153846154 0.234375
342000 1.9038461538461537 0.125
344000 1.8269230769230769 0.109375
346000 1.9038461538461537 0.125
348000 1.9807692307692308 0.15625
350000 2.0 0.25
352000 1.9615384615384615 0.125
354000 1.9038461538461537 0.125
356000 1.8076923076923077 0.125
358000 1.8846153846153846 0.109375
360000 1.9038461538461537 0.21875
362000 1.8461538461538463 0.28125
364000 1.8653846153846154 0.140625
366000 1.9230769230769231 0.171875
368000 1.9038461538461537 0.109375
370000 1.8076923076923077 0.1875
372000 1.8269230769230769 0.21875
374000 1.8846153846153846 0.140625
376000 1.7115384615384615 0.140625
378000 1.75 0.125
380000 1.8653846153846154 0.171875
382000 1.8269230769230769 0.234375
384000 1.8653846153846154 0.140625
386000 1.9038461538461537 0.09375
388000 1.9615384615384615 0.125
390000 1.9615384615384615 0.140625
392000 1.9807692307692308 0.21875
394000 1.9615384615384615 0.28125
396000 1.8846153846153846 0.09375
398000 1.9038461538461537 0.109375
400000 1.9230769230769231 0.09375
402000 2.0 0.171875
404000 1.9423076923076923 0.25
406000 1.9230769230769231 0.15625
408000 1.9423076923076923 0.125
410000 1.9615384615384615 0.09375
412000 2.0 0.125
414000 1.9615384615384615 0.25
416000 1.9230769230769231 0.09375
418000 1.9423076923076923 0.125
420000 1.9423076923076923 0.125
422000 1.9423076923076923 0.125
424000 1.9615384615384615 0.21875
426000 1.9423076923076923 0.28125
428000 1.9615384615384615 0.125
430000 1.9230769230769231 0.125
432000 1.9423076923076923 0.125
434000 1.9615384615384615 0.203125
436000 1.9230769230769231 0.28125
438000 1.9615384615384615 0.125
440000 1.9230769230769231 0.125
442000 1.9423076923076923 0.140625
444000 1.9423076923076923 0.15625
446000 1.9615384615384615 0.234375
448000 1.9615384615384615 0.125
450000 1.9615384615384615 0.140625
452000 1.9230769230769231 0.109375
454000 1.9230769230769231 0.109375
456000 1.9230769230769231 0.234375
458000 1.9615384615384615 0.296875
460000 1.9423076923076923 0.09375
462000 1.9423076923076923 0.078125
464000 1.9423076923076923 0.140625
466000 1.9423076923076923 0.1875
468000 1.9230769230769231 0.21875
470000 1.9423076923076923 0.078125
472000 1.9615384615384615 0.109375
474000 1.9615384615384615 0.109375
476000 1.9615384615384615 0.1875
478000 1.9423076923076923 0.25
480000 1.9615384615384615 0.125
482000 1.9615384615384615 0.09375
484000 1.9615384615384615 0.140625
486000 2.0 0.109375
488000 2.0 0.15625
490000 1.9807692307692308 0.28125
492000 1.9807692307692308 0.09375
494000 1.9807692307692308 0.109375
496000 1.9807692307692308 0.15625
498000 1.9615384615384615 0.171875
500000 1.9423076923076923 0.28125
