2000 1.0961538461538463 0.34375
4000 1.0961538461538463 0.40625
6000 1.6346153846153846 0.328125
8000 1.6346153846153846 0.28125
10000 1.6923076923076923 0.4375
12000 1.7115384615384615 0.359375
14000 1.7115384615384615 0.34375
16000 1.6923076923076923 0.3125
18000 1.6923076923076923 0.296875
20000 1.6923076923076923 0.359375
22000 1.6923076923076923 0.34375
24000 1.6730769230769231 0.375
26000 1.6730769230769231 0.3125
28000 1.5961538461538463 0.34375
30000 1.6923076923076923 0.390625
32000 1.6923076923076923 0.328125
34000 1.6346153846153846 0.34375
36000 1.6730769230769231 0.328125
38000 1.6153846153846154 0.375
40000 1.6538461538461537 0.328125
42000 1.6923076923076923 0.453125
44000 1.6923076923076923 0.34375
46000 1.6730769230769231 0.296875
48000 1.6730769230769231 0.40625
50000 1.6346153846153846 0.328125
52000 1.6538461538461537 0.4375
54000 1.6730769230769231 0.296875
56000 1.6730769230769231 0.3125
58000 1.7115384615384615 0.375
60000 1.6923076923076923 0.3125
62000 1.7692307692307692 0.34375
64000 1.8846153846153846 0.421875
66000 1.8846153846153846 0.359375
68000 1.8653846153846154 0.4375
70000 1.9038461538461537 0.328125
72000 1.8653846153846154 0.359375
74000 1.7884615384615385 0.484375
76000 1.6730769230769231 0.390625
78000 1.7307692307692308 0.40625
80000 1.6346153846153846 0.359375
82000 1.75 0.3125
84000 1.9615384615384615 0.421875
86000 1.8653846153846154 0.4375
88000 1.8653846153846154 0.359375
90000 1.6923076923076923 0.375
92000 1.6923076923076923 0.359375
94000 1.5192307692307692 0.34375
96000 1.6730769230769231 0.328125
98000 1.7692307692307692 0.390625
100000 1.8269230769230769 0.375
102000 1.9038461538461537 0.421875
104000 1.9038461538461537 0.359375
106000 1.8269230769230769 0.515625
108000 1.9230769230769231 0.453125
110000 1.7884615384615385 0.359375
112000 1.8269230769230769 0.34375
114000 1.8846153846153846 0.4375
116000 1.7884615384615385 0.515625
118000 1.8461538461538463 0.40625
120000 1.8846153846153846 0.34375
122000 1.9423076923076923 0.390625
124000 1.7884615384615385 0.296875
126000 1.8076923076923077 0.453125
128000 1.8846153846153846 0.3125
130000 1.8846153846153846 0.34375
132000 1.7692307692307692 0.4375
134000 1.7692307692307692 0.421875
136000 1.8846153846153846 0.46875
138000 1.8269230769230769 0.46875
140000 1.8846153846153846 0.3125
142000 1.8846153846153846 0.359375
144000 1.7884615384615385 0.421875
146000 1.7115384615384615 0.375
148000 1.6730769230769231 0.359375
150000 1.6730769230769231 0.40625
152000 1.6730769230769231 0.375
154000 1.6730769230769231 0.453125
156000 1.8461538461538463 0.34375
158000 1.7115384615384615 0.34375
160000 1.8076923076923077 0.28125
162000 1.9038461538461537 0.328125
164000 1.8846153846153846 0.3125
166000 1.8461538461538463 0.34375
168000 1.9615384615384615 0.28125
170000 1.9423076923076923 0.4375
172000 1.9615384615384615 0.421875
174000 1.8461538461538463 0.34375
176000 1.8269230769230769 0.34375
178000 1.9423076923076923 0.421875
180000 1.9038461538461537 0.421875
182000 1.9038461538461537 0.484375
184000 1.9807692307692308 0.296875
186000 1.9423076923076923 0.3125
188000 1.9423076923076923 0.328125
190000 1.8269230769230769 0.28125
192000 1.8269230769230769 0.328125
194000 1.8461538461538463 0.3125
196000 1.8076923076923077 0.375
198000 1.9230769230769231 0.3125
200000 1.8846153846153846 0.390625
202000 1.9423076923076923 0.453125
204000 1.8653846153846154 0.328125
206000 1.9038461538461537 0.4375
208000 1.9038461538461537 0.34375
210000 1.9038461538461537 0.296875
212000 1.9230769230769231 0.390625
214000 1.9615384615384615 0.359375
216000 1.9038461538461537 0.296875
218000 1.9423076923076923 0.328125
220000 1.9230769230769231 0.40625
222000 1.8846153846153846 0.3125
224000 1.8269230769230769 0.28125
226000 1.8461538461538463 0.328125
228000 1.9230769230769231 0.3125
230000 1.9423076923076923 0.296875
232000 1.9038461538461537 0.3125
234000 1.8846153846153846 0.46875
236000 1.9230769230769231 0.28125
238000 1.8076923076923077 0.296875
240000 1.75 0.265625
242000 1.9423076923076923 0.390625
244000 1.8846153846153846 0.359375
246000 1.9230769230769231 0.3125
248000 1.9230769230769231 0.3125
250000 1.9230769230769231 0.28125
252000 1.8846153846153846 0.296875
254000 1.8461538461538463 0.4375
256000 1.8846153846153846 0.28125
258000 1.8846153846153846 0.296875
260000 1.8846153846153846 0.3125
262000 1.9038461538461537 0.359375
264000 1.7884615384615385 0.359375
266000 1.8269230769230769 0.453125
268000 1.9230769230769231 0.28125
270000 1.9423076923076923 0.296875
272000 2.1538461538461537 0.296875
274000 1.8461538461538463 0.328125
276000 1.9807692307692308 0.40625
278000 1.9423076923076923 0.296875
280000 1.9807692307692308 0.296875
282000 2.0 0.28125
284000 1.9615384615384615 0.265625
286000 1.9807692307692308 0.328125
288000 1.9230769230769231 0.28125
290000 2.1923076923076925 0.421875
292000 2.0576923076923075 0.296875
294000 1.9230769230769231 0.328125
296000 1.9615384615384615 0.328125
298000 1.9038461538461537 0.453125
300000 1.9038461538461537 0.4375
302000 1.9615384615384615 0.4375
304000 1.8653846153846154 0.34375
306000 1.9230769230769231 0.3125
308000 2.0 0.46875
310000 1.9615384615384615 0.328125
312000 1.9615384615384615 0.359375
314000 1.9615384615384615 0.34375
316000 1.9423076923076923 0.359375
318000 1.9423076923076923 0.40625
320000 1.9038461538461537 0.390625
322000 1.9038461538461537 0.328125
324000 1.9615384615384615 0.296875
326000 1.9423076923076923 0.296875
328000 1.9423076923076923 0.375
330000 1.6923076923076923 0.484375
332000 1.8846153846153846 0.34375
334000 1.9038461538461537 0.453125
336000 1.9038461538461537 0.28125
338000 1.9230769230769231 0.375
340000 2.0 0.515625
342000 1.9807692307692308 0.421875
344000 1.9423076923076923 0.328125
346000 1.8461538461538463 0.390625
348000 1.9230769230769231 0.546875
350000 2.019230769230769 0.484375
352000 1.9230769230769231 0.3125
354000 2.0 0.4375
356000 1.9807692307692308 0.3125
358000 1.9615384615384615 0.359375
360000 1.9423076923076923 0.421875
362000 1.9423076923076923 0.53125
364000 1.9615384615384615 0.34375
366000 2.019230769230769 0.265625
368000 2.0961538461538463 0.328125
370000 2.0961538461538463 0.3125
372000 2.0576923076923075 0.375
374000 2.1153846153846154 0.40625
376000 2.1153846153846154 0.359375
378000 1.9615384615384615 0.28125
380000 1.9615384615384615 0.34375
382000 2.1153846153846154 0.328125
384000 2.1153846153846154 0.40625
386000 2.1153846153846154 0.390625
388000 2.1346153846153846 0.359375
390000 2.0961538461538463 0.375
392000 2.1346153846153846 0.453125
394000 2.0961538461538463 0.453125
396000 2.0961538461538463 0.328125
398000 2.1346153846153846 0.421875
400000 2.0576923076923075 0.34375
402000 2.0961538461538463 0.3125
404000 2.0576923076923075 0.453125
406000 2.1153846153846154 0.34375
408000 2.019230769230769 0.34375
410000 1.9807692307692308 0.296875
412000 2.076923076923077 0.40625
414000 2.0 0.359375
416000 2.1153846153846154 0.34375
418000 2.0384615384615383 0.328125
420000 2.1346153846153846 0.40625
422000 2.0961538461538463 0.296875
424000 1.9423076923076923 0.34375
426000 1.9230769230769231 0.5
428000 2.0384615384615383 0.375
430000 2.076923076923077 0.40625
432000 2.076923076923077 0.3125
434000 2.076923076923077 0.4375
436000 2.0961538461538463 0.5
438000 2.1153846153846154 0.328125
440000 2.1538461538461537 0.40625
442000 2.0961538461538463 0.359375
444000 2.1346153846153846 0.296875
446000 1.9807692307692308 0.359375
448000 2.0576923076923075 0.3125
450000 2.0961538461538463 0.359375
452000 1.9038461538461537 0.296875
454000 2.076923076923077 0.296875
456000 2.0961538461538463 0.375
458000 2.076923076923077 0.453125
460000 2.173076923076923 0.359375
462000 1.9615384615384615 0.3125
464000 1.9615384615384615 0.296875
466000 2.1346153846153846 0.296875
468000 2.0961538461538463 0.40625
470000 2.1153846153846154 0.34375
472000 2.1153846153846154 0.3125
474000 2.1153846153846154 0.3125
476000 2.076923076923077 0.453125
478000 2.1153846153846154 0.296875
480000 2.1538461538461537 0.34375
482000 2.1153846153846154 0.34375
484000 2.0961538461538463 0.4375
486000 2.1538461538461537 0.265625
488000 2.1538461538461537 0.234375
490000 2.1346153846153846 0.375
492000 2.1153846153846154 0.21875
494000 2.1346153846153846 0.203125
496000 2.1153846153846154 0.203125
498000 2.1153846153846154 0.3125
500000 2.1346153846153846 0.328125
